100.00	0.00	7.23	30.00	150.00	2.70	97.30	2.70	

25.01	25.50	0.000000	34.136
25.01	25.50	0.000017	34.236
24.96	25.50	0.000033	34.335
24.91	25.50	0.000050	34.435
24.91	25.50	0.000067	34.536
24.96	25.50	0.000083	34.664
25.06	25.50	0.000100	34.759
25.14	25.50	0.000117	34.835
25.29	25.50	0.000133	34.963
25.45	25.50	0.000150	35.058
25.50	25.50	0.000167	35.136
25.63	25.50	0.000183	35.262
25.68	25.50	0.000200	35.357
25.68	25.50	0.000217	35.435
25.68	25.50	0.000233	35.561
25.68	25.50	0.000250	35.655
25.68	25.50	0.000267	35.735
25.60	25.50	0.000283	35.860
25.55	25.50	0.000300	35.954
25.50	25.50	0.000317	36.059
25.47	25.50	0.000333	36.158
25.45	25.50	0.000350	36.253
25.45	25.50	0.000367	36.357
25.45	25.50	0.000383	36.457
25.45	25.50	0.000400	36.552
25.45	25.50	0.000416	36.656
25.45	25.50	0.000433	36.756
25.45	25.50	0.000450	36.850
25.45	25.50	0.000466	36.955
25.45	25.50	0.000483	37.049
25.47	25.50	0.000500	37.150
25.47	25.50	0.000516	37.254
25.53	25.50	0.000533	37.349
25.53	25.50	0.000550	37.449
25.55	25.50	0.000566	37.553
25.55	25.50	0.000583	37.648
25.58	25.50	0.000600	37.747
25.58	25.50	0.000616	37.852
25.58	25.50	0.000633	37.946
25.58	25.50	0.000650	38.046
25.60	25.50	0.000666	38.150
25.60	25.50	0.000683	38.245
25.60	25.50	0.000700	38.345
25.60	25.50	0.000716	38.449
25.60	25.50	0.000733	38.544
25.60	25.50	0.000750	38.643
25.60	25.50	0.000766	38.748
25.60	25.50	0.000783	38.842
25.60	25.50	0.000800	38.942
25.60	25.50	0.000816	39.048
25.58	25.50	0.000833	39.141
25.58	25.50	0.000850	39.242
25.58	25.50	0.000866	39.346
25.58	25.50	0.000883	39.441
25.55	25.50	0.000900	39.540
25.55	25.50	0.000916	39.645
25.55	25.50	0.000933	39.739
25.55	25.50	0.000950	39.839
25.55	25.50	0.000966	39.944
25.53	25.50	0.000983	40.038
25.53	25.50	0.001000	40.139
25.53	25.50	0.001016	40.242
25.53	25.50	0.001033	40.337
25.53	25.50	0.001050	40.438
25.53	25.50	0.001066	40.541
25.53	25.50	0.001083	40.636
25.53	25.50	0.001100	40.739
25.53	25.50	0.001116	40.840
25.50	25.50	0.001133	40.935
25.50	25.50	0.001150	41.039
25.50	25.50	0.001166	41.138
25.50	25.50	0.001183	41.235
25.50	25.50	0.001200	41.337
25.50	25.50	0.001216	41.437
25.50	25.50	0.001233	41.536
25.50	25.50	0.001250	41.636
25.50	25.50	0.001266	41.736
25.50	25.50	0.001283	41.835
25.50	25.50	0.001299	41.935
25.53	25.50	0.001316	42.035
25.53	25.50	0.001333	42.135
25.53	25.50	0.001349	42.235
25.53	25.50	0.001366	42.336
25.53	25.50	0.001383	42.436
25.53	25.50	0.001399	42.535
25.53	25.50	0.001416	42.635
25.53	25.50	0.001433	42.735
25.53	25.50	0.001449	42.835
25.53	25.50	0.001466	42.935
25.53	25.50	0.001483	43.035
25.53	25.50	0.001499	43.136
25.53	25.50	0.001516	43.235
25.50	25.50	0.001533	43.336
25.50	25.50	0.001549	43.435
25.50	25.50	0.001566	43.535
25.50	25.50	0.001583	43.635
25.50	25.50	0.001599	43.735
25.50	25.50	0.001616	43.835
25.50	25.50	0.001633	43.935
25.50	25.50	0.001649	44.036
25.50	25.50	0.001666	44.135
25.50	25.50	0.001683	44.235
25.50	25.50	0.001699	44.335
25.50	25.50	0.001716	44.435
25.50	25.50	0.001733	44.535
25.50	25.50	0.001749	44.635
25.50	25.50	0.001766	44.735
25.50	25.50	0.001783	44.836
25.50	25.50	0.001799	44.935
25.50	25.50	0.001816	45.035
25.50	25.50	0.001833	45.135
25.50	25.50	0.001849	45.235
25.50	25.50	0.001866	45.335
25.50	25.50	0.001883	45.435
25.50	25.50	0.001899	45.535
25.50	25.50	0.001916	45.636
25.50	25.50	0.001933	45.735
25.50	25.50	0.001949	45.835
25.50	25.50	0.001966	45.935
25.50	25.50	0.001983	46.035
25.50	25.50	0.001999	46.135
25.53	25.50	0.002016	46.235
25.53	25.50	0.002033	46.335
25.53	25.50	0.002049	46.435
25.53	25.50	0.002066	46.536
25.53	25.50	0.002082	46.635
25.53	25.50	0.002099	46.735
25.53	25.50	0.002116	46.835
25.50	25.50	0.002132	46.935
25.50	25.50	0.002149	47.035
25.50	25.50	0.002166	47.135
25.50	25.50	0.002182	47.235
25.50	25.50	0.002199	47.359
25.50	25.50	0.002216	47.459
25.50	25.50	0.002232	47.564
25.50	25.50	0.002249	47.658
25.50	25.50	0.002266	47.758
25.50	25.50	0.002282	47.862
25.50	25.50	0.002299	47.957
25.50	25.50	0.002316	48.057
25.50	25.50	0.002332	48.161
25.50	25.50	0.002349	48.255
25.50	25.50	0.002366	48.357
25.50	25.50	0.002382	48.460
25.50	25.50	0.002399	48.554
25.50	25.50	0.002416	48.657
25.50	25.50	0.002432	48.758
25.50	25.50	0.002449	48.853
25.50	25.50	0.002466	48.956
25.50	25.50	0.002482	49.057
25.50	25.50	0.002499	49.152
25.50	25.50	0.002516	49.256
25.50	25.50	0.002532	49.357
25.50	25.50	0.002549	49.451
25.50	25.50	0.002566	49.556
25.50	25.50	0.002582	49.655
25.50	25.50	0.002599	49.750
25.50	25.50	0.002616	49.854
25.50	25.50	0.002632	49.954
25.50	25.50	0.002649	50.049
25.50	25.50	0.002666	50.153
25.50	25.50	0.002682	50.253
25.50	25.50	0.002699	50.347
25.50	25.50	0.002716	50.452
25.50	25.50	0.002732	50.546
25.50	25.50	0.002749	50.646
25.50	25.50	0.002766	50.751
25.50	25.50	0.002782	50.845
25.50	25.50	0.002799	50.945
25.50	25.50	0.002816	51.049
25.50	25.50	0.002832	51.144
25.50	25.50	0.002849	51.243
25.50	25.50	0.002866	51.348
25.50	25.50	0.002882	51.442
25.50	25.50	0.002899	51.542
25.50	25.50	0.002915	51.648
25.50	25.50	0.002932	51.742
25.50	25.50	0.002949	51.842
25.50	25.50	0.002965	51.946
25.50	25.50	0.002982	52.041
25.50	25.50	0.002999	52.140
25.50	25.50	0.003015	52.245
25.50	25.50	0.003032	52.340
25.50	25.50	0.003049	52.439
25.50	25.50	0.003065	52.544
25.50	25.50	0.003082	52.638
25.50	25.50	0.003099	52.738
25.50	25.50	0.003115	52.842
25.50	25.50	0.003132	52.937
25.50	25.50	0.003149	53.036
25.50	25.50	0.003165	53.141
25.50	25.50	0.003182	53.236
25.50	25.50	0.003199	53.336
25.50	25.50	0.003215	53.440
25.50	25.50	0.003232	53.535
25.50	25.50	0.003249	53.636
25.50	25.50	0.003265	53.739
25.50	25.50	0.003282	53.836
25.50	25.50	0.003299	53.936
25.50	25.50	0.003315	54.037
25.50	25.50	0.003332	54.137
25.50	25.50	0.003349	54.236
25.50	25.50	0.003365	54.336
25.50	25.50	0.003382	54.436
25.50	25.50	0.003399	54.536
25.50	25.50	0.003415	54.636
25.50	25.50	0.003432	54.736
25.50	25.50	0.003449	54.837
25.50	25.50	0.003465	54.936
25.50	25.50	0.003482	55.036
25.50	25.50	0.003499	55.136
25.50	25.50	0.003515	55.236
25.50	25.50	0.003532	55.336
25.50	25.50	0.003549	55.436
25.50	25.50	0.003565	55.536
25.50	25.50	0.003582	55.637
25.50	25.50	0.003599	55.736
25.50	25.50	0.003615	55.836
25.50	25.50	0.003632	55.936
25.50	25.50	0.003649	56.036
25.50	25.50	0.003665	56.136
25.50	25.50	0.003682	56.236
25.50	25.50	0.003699	56.336
25.50	25.50	0.003715	56.436
25.50	25.50	0.003732	56.536
25.50	25.50	0.003748	56.636
25.50	25.50	0.003765	56.736
25.50	25.50	0.003782	56.836
25.50	25.50	0.003798	56.936
25.50	25.50	0.003815	57.036
25.50	25.50	0.003832	57.136
25.50	25.50	0.003848	57.236
25.50	25.50	0.003865	57.337
25.50	25.50	0.003882	57.436
25.50	25.50	0.003898	57.536
25.50	25.50	0.003915	57.636
25.50	25.50	0.003932	57.736
25.50	25.50	0.003948	57.836
25.50	25.50	0.003965	57.936
25.50	25.50	0.003982	58.036
25.50	25.50	0.003998	58.136
25.50	25.50	0.004015	58.236
25.50	25.50	0.004032	58.336
25.50	25.50	0.004048	58.436
25.50	25.50	0.004065	58.536
25.50	25.50	0.004082	58.636
25.50	25.50	0.004098	58.737
25.50	25.50	0.004115	58.836
25.50	25.50	0.004132	58.937
25.50	25.50	0.004148	59.036
25.50	25.50	0.004165	59.136
25.50	25.50	0.004182	59.237
25.50	25.50	0.004198	59.336
25.50	25.50	0.004215	59.437
25.50	25.50	0.004232	59.566
25.50	25.50	0.004248	59.661
25.50	25.50	0.004265	59.761
25.50	25.50	0.004282	59.865
25.50	25.50	0.004298	59.960
25.50	25.50	0.004315	00.059
25.50	25.50	0.004332	00.164
25.50	25.50	0.004348	00.258
25.50	25.50	0.004365	00.358
25.50	25.50	0.004382	00.462
25.50	25.50	0.004398	00.557
25.50	25.50	0.004415	00.657
25.50	25.50	0.004432	00.761
25.50	25.50	0.004448	00.856
25.50	25.50	0.004465	00.955
25.50	25.50	0.004482	01.060
25.50	25.50	0.004498	01.154
25.50	25.50	0.004515	01.254
25.50	25.50	0.004532	01.358
25.50	25.50	0.004548	01.453
25.50	25.50	0.004565	01.554
25.50	25.50	0.004581	01.657
25.50	25.50	0.004598	01.752
25.50	25.50	0.004615	01.853
25.50	25.50	0.004631	01.957
25.50	25.50	0.004648	02.051
25.50	25.50	0.004665	02.154
25.50	25.50	0.004681	02.256
25.50	25.50	0.004698	02.350
25.50	25.50	0.004715	02.454
25.50	25.50	0.004731	02.554
25.50	25.50	0.004748	02.649
25.50	25.50	0.004765	02.753
25.50	25.50	0.004781	02.853
25.50	25.50	0.004798	02.947
25.50	25.50	0.004815	03.052
25.50	25.50	0.004831	03.152
25.50	25.50	0.004848	03.246
25.50	25.50	0.004865	03.351
25.50	25.50	0.004881	03.450
25.50	25.50	0.004898	03.545
25.50	25.50	0.004915	03.649
25.50	25.50	0.004931	03.749
25.50	25.50	0.004948	03.844
25.50	25.50	0.004965	03.948
25.50	25.50	0.004981	04.043
25.50	25.50	0.004998	04.142
25.50	25.50	0.005015	04.248
25.50	25.50	0.005031	04.342
25.50	25.50	0.005048	04.442
25.50	25.50	0.005065	04.546
25.50	25.50	0.005081	04.641
25.50	25.50	0.005098	04.741
25.50	25.50	0.005115	04.845
25.50	25.50	0.005131	04.940
25.50	25.50	0.005148	05.039
25.50	25.50	0.005165	05.144
25.50	25.50	0.005181	05.239
25.50	25.50	0.005198	05.339
25.50	25.50	0.005215	05.442
25.50	25.50	0.005231	05.539
25.50	25.50	0.005248	05.640
25.50	25.50	0.005265	05.741
25.50	25.50	0.005281	05.839
25.50	25.50	0.005298	05.939
25.50	25.50	0.005315	06.040
25.50	25.50	0.005331	06.139
25.50	25.50	0.005348	06.239
25.50	25.50	0.005365	06.340
25.50	25.50	0.005381	06.439
25.50	25.50	0.005398	06.540
25.50	25.50	0.005414	06.639
25.50	25.50	0.005431	06.739
25.50	25.50	0.005448	06.839
25.50	25.50	0.005464	06.939
25.50	25.50	0.005481	07.039
25.50	25.50	0.005498	07.139
25.50	25.50	0.005514	07.240
25.50	25.50	0.005531	07.339
25.50	25.50	0.005548	07.439
25.50	25.50	0.005564	07.539
25.50	25.50	0.005581	07.639
25.50	25.50	0.005598	07.739
25.50	25.50	0.005614	07.839
25.50	25.50	0.005631	07.939
25.50	25.50	0.005648	08.039
25.50	25.50	0.005664	08.140
25.50	25.50	0.005681	08.239
25.50	25.50	0.005698	08.339
25.50	25.50	0.005714	08.439
25.50	25.50	0.005731	08.539
25.50	25.50	0.005748	08.639
25.50	25.50	0.005764	08.739
25.50	25.50	0.005781	08.840
25.50	25.50	0.005798	08.939
25.50	25.50	0.005814	09.040
25.50	25.50	0.005831	09.139
25.50	25.50	0.005848	09.239
25.50	25.50	0.005864	09.339
25.50	25.50	0.005881	09.439
25.50	25.50	0.005898	09.539
25.50	25.50	0.005914	09.639
25.50	25.50	0.005931	09.740
25.50	25.50	0.005948	09.839
25.50	25.50	0.005964	09.939
25.50	25.50	0.005981	10.039
25.50	25.50	0.005998	10.139
25.50	25.50	0.006014	10.239
25.50	25.50	0.006031	10.339
25.50	25.50	0.006048	10.439
25.50	25.50	0.006064	10.539
25.50	25.50	0.006081	10.640
25.50	25.50	0.006098	10.739
25.50	25.50	0.006114	10.839
25.50	25.50	0.006131	10.939
25.50	25.50	0.006148	11.039
25.50	25.50	0.006164	11.139
25.50	25.50	0.006181	11.239
25.50	25.50	0.006198	11.369
25.50	25.50	0.006214	11.464
25.50	25.50	0.006231	11.568
25.50	25.50	0.006247	11.668
25.50	25.50	0.006264	11.763
25.50	25.50	0.006281	11.867
25.50	25.50	0.006297	11.967
25.50	25.50	0.006314	12.061
25.50	25.50	0.006331	12.166
25.50	25.50	0.006347	12.261
25.50	25.50	0.006364	12.361
25.50	25.50	0.006381	12.465
25.50	25.50	0.006397	12.560
25.50	25.50	0.006414	12.659
25.50	25.50	0.006431	12.764
25.50	25.50	0.006447	12.858
25.50	25.50	0.006464	12.958
25.50	25.50	0.006481	13.062
25.50	25.50	0.006497	13.157
25.50	25.50	0.006514	13.257
25.50	25.50	0.006531	13.361
25.50	25.50	0.006547	13.456
25.50	25.50	0.006564	13.555
25.50	25.50	0.006581	13.660
25.50	25.50	0.006597	13.754
25.50	25.50	0.006614	13.854
25.50	25.50	0.006631	13.958
25.50	25.50	0.006647	14.053
25.50	25.50	0.006664	14.153
25.50	25.50	0.006681	14.258
25.50	25.50	0.006697	14.353
25.50	25.50	0.006714	14.452
25.50	25.50	0.006731	14.557
25.50	25.50	0.006747	14.651
25.50	25.50	0.006764	14.751
25.50	25.50	0.006781	14.856
25.50	25.50	0.006797	14.950
25.50	25.50	0.006814	15.051
25.50	25.50	0.006831	15.154
25.50	25.50	0.006847	15.249
25.50	25.50	0.006864	15.350
25.50	25.50	0.006881	15.453
25.50	25.50	0.006897	15.547
25.50	25.50	0.006914	15.650
25.50	25.50	0.006931	15.752
25.50	25.50	0.006947	15.846
25.50	25.50	0.006964	15.951
25.50	25.50	0.006981	16.050
25.50	25.50	0.006997	16.145
25.50	25.50	0.007014	16.249
25.50	25.50	0.007031	16.349
25.50	25.50	0.007047	16.444
25.50	25.50	0.007064	16.549
25.50	25.50	0.007080	16.649
25.50	25.50	0.007097	16.743
25.50	25.50	0.007114	16.848
25.50	25.50	0.007130	16.947
25.50	25.50	0.007147	17.042
25.50	25.50	0.007164	17.146
25.50	25.50	0.007180	17.246
25.50	25.50	0.007197	17.342
25.50	25.50	0.007214	17.445
25.50	25.50	0.007230	17.541
25.50	25.50	0.007247	17.641
25.50	25.50	0.007264	17.744
25.50	25.50	0.007280	17.845
25.50	25.50	0.007297	17.941
25.50	25.50	0.007314	18.042
25.50	25.50	0.007330	18.145
25.50	25.50	0.007347	18.242
25.50	25.50	0.007364	18.341
25.50	25.50	0.007380	18.446
25.50	25.50	0.007397	18.541
25.50	25.50	0.007414	18.641
25.50	25.50	0.007430	18.745
25.50	25.50	0.007447	18.841
25.50	25.50	0.007464	18.942
25.50	25.50	0.007480	19.045
25.50	25.50	0.007497	19.142
25.50	25.50	0.007514	19.241
25.50	25.50	0.007530	19.345
25.50	25.50	0.007547	19.441
25.50	25.50	0.007564	19.541
25.50	25.50	0.007580	19.645
25.50	25.50	0.007597	19.741
25.50	25.50	0.007614	19.842
25.50	25.50	0.007630	19.945
25.50	25.50	0.007647	20.041
25.50	25.50	0.007664	20.141
25.50	25.50	0.007680	20.245
25.50	25.50	0.007697	20.341
25.50	25.50	0.007714	20.441
25.50	25.50	0.007730	20.544
25.50	25.50	0.007747	20.641
25.50	25.50	0.007764	20.742
25.50	25.50	0.007780	20.845
25.50	25.50	0.007797	20.941
25.50	25.50	0.007814	21.041
25.50	25.50	0.007830	21.144
25.50	25.50	0.007847	21.241
25.50	25.50	0.007864	21.341
25.50	25.50	0.007880	21.445
25.50	25.50	0.007897	21.542
25.50	25.50	0.007913	21.641
25.50	25.50	0.007930	21.745
25.50	25.50	0.007947	21.841
25.50	25.50	0.007963	21.941
25.50	25.50	0.007980	22.044
25.50	25.50	0.007997	22.141
25.50	25.50	0.008013	22.241
25.50	25.50	0.008030	22.345
25.50	25.50	0.008047	22.442
25.50	25.50	0.008063	22.541
25.50	25.50	0.008080	22.645
25.50	25.50	0.008097	22.742
25.50	25.50	0.008113	22.842
25.50	25.50	0.008130	22.944
25.50	25.50	0.008147	23.042
25.50	25.50	0.008163	23.143
25.50	25.50	0.008180	23.244
25.50	25.50	0.008197	23.372
25.50	25.50	0.008213	23.466
25.50	25.50	0.008230	23.545
25.50	25.50	0.008247	23.670
25.50	25.50	0.008263	23.765
25.50	25.50	0.008280	23.844
25.50	25.50	0.008297	23.970
25.50	25.50	0.008313	24.064
25.50	25.50	0.008330	24.144
25.50	25.50	0.008347	24.269
25.50	25.50	0.008363	24.363
25.50	25.50	0.008380	24.468
25.53	25.50	0.008397	24.567
25.53	25.50	0.008413	24.662
25.53	25.50	0.008430	24.766
25.53	25.50	0.008447	24.866
25.53	25.50	0.008463	24.961
25.53	25.50	0.008480	25.065
25.50	25.50	0.008497	25.165
25.50	25.50	0.008513	25.259
25.50	25.50	0.008530	25.364
25.50	25.50	0.008547	25.458
25.50	25.50	0.008563	25.558
25.50	25.50	0.008580	25.662
25.50	25.50	0.008597	25.757
25.50	25.50	0.008613	25.857
25.50	25.50	0.008630	25.961
25.50	25.50	0.008647	26.056
25.50	25.50	0.008663	26.156
25.50	25.50	0.008680	26.260
25.50	25.50	0.008697	26.355
25.50	25.50	0.008713	26.454
25.50	25.50	0.008730	26.559
25.50	25.50	0.008746	26.654
25.50	25.50	0.008763	26.753
25.50	25.50	0.008780	26.858
25.50	25.50	0.008796	26.952
25.50	25.50	0.008813	27.052
25.50	25.50	0.008830	27.156
25.50	25.50	0.008846	27.251
25.50	25.50	0.008863	27.350
25.50	25.50	0.008880	27.456
25.50	25.50	0.008896	27.550
25.47	25.50	0.008913	27.650
25.47	25.50	0.008930	27.754
25.47	25.50	0.008946	27.849
25.47	25.50	0.008963	27.949
25.47	25.50	0.008980	28.053
25.50	25.50	0.008996	28.148
25.50	25.50	0.009013	28.248
25.50	25.50	0.009030	28.352
25.50	25.50	0.009046	28.447
25.50	25.50	0.009063	28.547
25.50	25.50	0.009080	28.651
25.50	25.50	0.009096	28.745
25.50	25.50	0.009113	28.848
25.50	25.50	0.009130	28.950
25.50	25.50	0.009146	29.045
25.50	25.50	0.009163	29.147
25.50	25.50	0.009180	29.249
25.50	25.50	0.009196	29.344
25.50	25.50	0.009213	29.447
25.50	25.50	0.009230	29.547
25.50	25.50	0.009246	29.644
25.50	25.50	0.009263	29.746
25.50	25.50	0.009280	29.846
25.50	25.50	0.009296	29.945
25.50	25.50	0.009313	30.045
25.50	25.50	0.009330	30.145
25.50	25.50	0.009346	30.244
25.50	25.50	0.009363	30.344
25.53	25.50	0.009380	30.444
25.53	25.50	0.009396	30.544
25.53	25.50	0.009413	30.645
25.53	25.50	0.009430	30.745
25.50	25.50	0.009446	30.846
25.50	25.50	0.009463	30.945
25.50	25.50	0.009480	31.045
25.50	25.50	0.009496	31.145
25.50	25.50	0.009513	31.245
25.50	25.50	0.009530	31.345
25.50	25.50	0.009546	31.445
25.50	25.50	0.009563	31.545
25.50	25.50	0.009579	31.646
25.50	25.50	0.009596	31.745
25.50	25.50	0.009613	31.845
25.50	25.50	0.009629	31.945
25.50	25.50	0.009646	32.045
25.50	25.50	0.009663	32.145
25.50	25.50	0.009679	32.245
25.50	25.50	0.009696	32.346
25.50	25.50	0.009713	32.445
25.50	25.50	0.009729	32.546
25.50	25.50	0.009746	32.645
25.50	25.50	0.009763	32.745
25.50	25.50	0.009779	32.845
25.50	25.50	0.009796	32.945
25.50	25.50	0.009813	33.045
25.50	25.50	0.009829	33.146
25.50	25.50	0.009846	33.245
25.50	25.50	0.009863	33.346
25.50	25.50	0.009879	33.445
25.50	25.50	0.009896	33.545
25.50	25.50	0.009913	33.645
25.50	25.50	0.009929	33.745
25.50	25.50	0.009946	33.845
25.50	25.50	0.009963	33.945
25.50	25.50	0.009979	34.046
25.50	25.50	0.009996	34.145
25.50	25.50	0.010013	34.245
25.50	25.50	0.010029	34.345
25.50	25.50	0.010046	34.445
25.50	25.50	0.010063	34.545
25.50	25.50	0.010079	34.645
25.50	25.50	0.010096	34.745
25.50	25.50	0.010113	34.845
25.50	25.50	0.010129	34.946
25.50	25.50	0.010146	35.045
25.50	25.50	0.010163	35.145
25.50	25.50	0.010179	35.245
25.50	25.50	0.010196	35.345
25.50	25.50	0.010213	35.469
25.50	25.50	0.010229	35.569
25.50	25.50	0.010246	35.673
25.50	25.50	0.010263	35.768
25.50	25.50	0.010279	35.868
25.50	25.50	0.010296	35.972
25.50	25.50	0.010313	36.067
25.50	25.50	0.010329	36.166
25.50	25.50	0.010346	36.271
25.50	25.50	0.010363	36.365
25.50	25.50	0.010379	36.466
25.50	25.50	0.010396	36.569
25.50	25.50	0.010412	36.664
25.50	25.50	0.010429	36.766
25.50	25.50	0.010446	36.868
25.50	25.50	0.010462	36.963
25.50	25.50	0.010479	37.065
25.50	25.50	0.010496	37.167
25.50	25.50	0.010512	37.261
25.50	25.50	0.010529	37.365
25.50	25.50	0.010546	37.466
25.50	25.50	0.010562	37.560
25.50	25.50	0.010579	37.666
25.50	25.50	0.010596	37.765
25.50	25.50	0.010612	37.860
25.50	25.50	0.010629	37.964
25.50	25.50	0.010646	38.064
25.50	25.50	0.010662	38.159
25.50	25.50	0.010679	38.263
25.50	25.50	0.010696	38.363
25.50	25.50	0.010712	38.457
25.50	25.50	0.010729	38.562
25.50	25.50	0.010746	38.661
25.50	25.50	0.010762	38.756
25.50	25.50	0.010779	38.860
25.50	25.50	0.010796	38.955
25.50	25.50	0.010812	39.055
25.50	25.50	0.010829	39.159
25.50	25.50	0.010846	39.254
25.50	25.50	0.010862	39.353
25.50	25.50	0.010879	39.458
25.50	25.50	0.010896	39.552
25.50	25.50	0.010912	39.652
25.50	25.50	0.010929	39.756
25.50	25.50	0.010946	39.851
25.50	25.50	0.010962	39.951
25.50	25.50	0.010979	40.056
25.50	25.50	0.010996	40.150
25.50	25.50	0.011012	40.250
25.50	25.50	0.011029	40.354
25.50	25.50	0.011046	40.449
25.50	25.50	0.011062	40.548
25.50	25.50	0.011079	40.653
25.50	25.50	0.011096	40.748
25.50	25.50	0.011112	40.847
25.50	25.50	0.011129	40.952
25.50	25.50	0.011146	41.047
25.50	25.50	0.011162	41.147
25.50	25.50	0.011179	41.251
25.50	25.50	0.011196	41.347
25.50	25.50	0.011212	41.448
25.50	25.50	0.011229	41.550
25.50	25.50	0.011245	41.647
25.50	25.50	0.011262	41.747
25.50	25.50	0.011279	41.849
25.50	25.50	0.011295	41.947
25.50	25.50	0.011312	42.047
25.50	25.50	0.011329	42.147
25.50	25.50	0.011345	42.247
25.50	25.50	0.011362	42.348
25.50	25.50	0.011379	42.447
25.50	25.50	0.011395	42.547
25.50	25.50	0.011412	42.647
25.50	25.50	0.011429	42.747
25.50	25.50	0.011445	42.847
25.50	25.50	0.011462	42.947
25.50	25.50	0.011479	43.048
25.50	25.50	0.011495	43.147
25.50	25.50	0.011512	43.247
25.50	25.50	0.011529	43.347
25.50	25.50	0.011545	43.447
25.50	25.50	0.011562	43.547
25.50	25.50	0.011579	43.647
25.50	25.50	0.011595	43.747
25.50	25.50	0.011612	43.847
25.50	25.50	0.011629	43.948
25.50	25.50	0.011645	44.047
25.50	25.50	0.011662	44.147
25.50	25.50	0.011679	44.247
25.50	25.50	0.011695	44.347
25.50	25.50	0.011712	44.447
25.50	25.50	0.011729	44.547
25.50	25.50	0.011745	44.648
25.50	25.50	0.011762	44.747
25.50	25.50	0.011779	44.848
25.50	25.50	0.011795	44.947
25.50	25.50	0.011812	45.047
25.50	25.50	0.011829	45.147
25.50	25.50	0.011845	45.247
25.50	25.50	0.011862	45.347
25.50	25.50	0.011879	45.447
25.50	25.50	0.011895	45.548
25.50	25.50	0.011912	45.647
25.50	25.50	0.011929	45.747
25.50	25.50	0.011945	45.847
25.50	25.50	0.011962	45.947
25.50	25.50	0.011979	46.047
25.50	25.50	0.011995	46.147
25.50	25.50	0.012012	46.247
25.50	25.50	0.012029	46.347
25.50	25.50	0.012045	46.448
25.50	25.50	0.012062	46.547
25.50	25.50	0.012078	46.647
25.50	25.50	0.012095	46.747
25.50	25.50	0.012112	46.847
25.50	25.50	0.012128	46.947
25.50	25.50	0.012145	47.047
25.50	25.50	0.012162	47.148
25.50	25.50	0.012178	47.247
25.50	25.50	0.012195	47.348
25.50	25.50	0.012212	47.446
25.50	25.50	0.012228	47.547
25.50	25.50	0.012245	47.676
25.50	25.50	0.012262	47.770
25.50	25.50	0.012278	47.870
25.50	25.50	0.012295	47.975
25.50	25.50	0.012312	48.069
25.50	25.50	0.012328	48.169
25.50	25.50	0.012345	48.274
25.50	25.50	0.012362	48.368
25.50	25.50	0.012378	48.468
25.50	25.50	0.012395	48.572
25.50	25.50	0.012412	48.667
25.50	25.50	0.012428	48.766
25.50	25.50	0.012445	48.871
25.50	25.50	0.012462	48.966
25.50	25.50	0.012478	49.065
25.50	25.50	0.012495	49.170
25.50	25.50	0.012512	49.264
25.50	25.50	0.012528	49.364
25.50	25.50	0.012545	49.468
25.50	25.50	0.012562	49.563
25.50	25.50	0.012578	49.662
25.50	25.50	0.012595	49.767
25.50	25.50	0.012612	49.862
25.50	25.50	0.012628	49.963
25.50	25.50	0.012645	50.066
25.50	25.50	0.012662	50.160
25.50	25.50	0.012678	50.263
25.50	25.50	0.012695	50.365
25.50	25.50	0.012712	50.460
25.50	25.50	0.012728	50.562
25.50	25.50	0.012745	50.664
25.50	25.50	0.012762	50.759
25.50	25.50	0.012778	50.863
25.50	25.50	0.012795	50.963
25.50	25.50	0.012812	51.057
25.50	25.50	0.012828	51.162
25.50	25.50	0.012845	51.261
25.50	25.50	0.012862	51.356
25.50	25.50	0.012878	51.461
25.50	25.50	0.012895	51.560
25.50	25.50	0.012911	51.655
25.50	25.50	0.012928	51.759
25.50	25.50	0.012945	51.859
25.50	25.50	0.012961	51.953
25.50	25.50	0.012978	52.058
25.50	25.50	0.012995	52.157
25.50	25.50	0.013011	52.252
25.50	25.50	0.013028	52.357
25.50	25.50	0.013045	52.451
25.50	25.50	0.013061	52.552
25.50	25.50	0.013078	52.656
25.50	25.50	0.013095	52.751
25.50	25.50	0.013111	52.850
25.50	25.50	0.013128	52.955
25.50	25.50	0.013145	53.050
25.50	25.50	0.013161	53.149
25.50	25.50	0.013178	53.254
25.50	25.50	0.013195	53.348
25.50	25.50	0.013211	53.448
25.50	25.50	0.013228	53.552
25.50	25.50	0.013245	53.647
25.50	25.50	0.013261	53.747
25.50	25.50	0.013278	53.851
25.50	25.50	0.013295	53.948
25.50	25.50	0.013311	54.047
25.50	25.50	0.013328	54.150
25.50	25.50	0.013345	54.247
25.50	25.50	0.013361	54.347
25.50	25.50	0.013378	54.448
25.50	25.50	0.013395	54.547
25.50	25.50	0.013411	54.648
25.50	25.50	0.013428	54.747
25.50	25.50	0.013445	54.848
25.50	25.50	0.013461	54.947
25.50	25.50	0.013478	55.047
25.50	25.50	0.013495	55.147
25.50	25.50	0.013511	55.247
25.50	25.50	0.013528	55.347
25.50	25.50	0.013545	55.447
25.50	25.50	0.013561	55.548
25.50	25.50	0.013578	55.647
25.50	25.50	0.013595	55.747
25.50	25.50	0.013611	55.847
25.50	25.50	0.013628	55.947
25.50	25.50	0.013645	56.047
25.50	25.50	0.013661	56.147
25.50	25.50	0.013678	56.248
25.50	25.50	0.013695	56.347
25.50	25.50	0.013711	56.448
25.50	25.50	0.013728	56.547
25.50	25.50	0.013744	56.647
25.50	25.50	0.013761	56.747
25.50	25.50	0.013778	56.847
25.50	25.50	0.013794	56.947
25.50	25.50	0.013811	57.047
25.50	25.50	0.013828	57.148
25.50	25.50	0.013844	57.247
25.50	25.50	0.013861	57.347
25.50	25.50	0.013878	57.447
25.50	25.50	0.013894	57.547
25.50	25.50	0.013911	57.647
25.50	25.50	0.013928	57.747
25.50	25.50	0.013944	57.847
25.50	25.50	0.013961	57.947
25.50	25.50	0.013978	58.048
25.50	25.50	0.013994	58.147
25.50	25.50	0.014011	58.247
25.50	25.50	0.014028	58.347
25.50	25.50	0.014044	58.447
25.50	25.50	0.014061	58.547
25.50	25.50	0.014078	58.647
25.50	25.50	0.014094	58.748
25.50	25.50	0.014111	58.847
25.50	25.50	0.014128	58.947
25.50	25.50	0.014144	59.047
25.50	25.50	0.014161	59.147
25.50	25.50	0.014178	59.247
25.50	25.50	0.014194	59.347
25.50	25.50	0.014211	59.447
25.50	25.50	0.014228	59.547
25.50	25.50	0.014244	59.648
25.50	25.50	0.014261	59.747
25.50	25.50	0.014278	59.847
25.50	25.50	0.014294	59.947
25.50	25.50	0.014311	00.047
25.50	25.50	0.014328	00.171
25.50	25.50	0.014344	00.276
25.50	25.50	0.014361	00.370
25.50	25.50	0.014378	00.470
25.50	25.50	0.014394	00.575
25.50	25.50	0.014411	00.669
25.50	25.50	0.014428	00.769
25.50	25.50	0.014444	00.873
25.50	25.50	0.014461	00.968
25.50	25.50	0.014478	01.067
25.50	25.50	0.014494	01.172
25.50	25.50	0.014511	01.267
25.50	25.50	0.014528	01.366
25.50	25.50	0.014544	01.472
25.50	25.50	0.014561	01.566
25.50	25.50	0.014577	01.666
25.50	25.50	0.014594	01.770
25.50	25.50	0.014611	01.865
25.50	25.50	0.014627	01.964
25.50	25.50	0.014644	02.069
25.50	25.50	0.014661	02.164
25.50	25.50	0.014677	02.263
25.50	25.50	0.014694	02.368
25.50	25.50	0.014711	02.462
25.50	25.50	0.014727	02.562
25.50	25.50	0.014744	02.666
25.50	25.50	0.014761	02.761
25.50	25.50	0.014777	02.861
25.50	25.50	0.014794	02.965
25.50	25.50	0.014811	03.060
25.50	25.50	0.014827	03.160
25.50	25.50	0.014844	03.264
25.50	25.50	0.014861	03.358
25.50	25.50	0.014877	03.460
25.50	25.50	0.014894	03.562
25.50	25.50	0.014911	03.657
25.50	25.50	0.014927	03.760
25.50	25.50	0.014944	03.862
25.50	25.50	0.014961	03.957
25.50	25.50	0.014977	04.060
25.50	25.50	0.014994	04.161
25.50	25.50	0.015011	04.255
25.50	25.50	0.015027	04.360
25.50	25.50	0.015044	04.459
25.50	25.50	0.015061	04.554
25.50	25.50	0.015077	04.659
25.50	25.50	0.015094	04.758
25.50	25.50	0.015111	04.853
25.50	25.50	0.015127	04.957
25.50	25.50	0.015144	05.057
25.50	25.50	0.015161	05.151
25.50	25.50	0.015177	05.256
25.50	25.50	0.015194	05.356
25.50	25.50	0.015211	05.451
25.50	25.50	0.015227	05.555
25.50	25.50	0.015244	05.649
25.50	25.50	0.015261	05.749
25.50	25.50	0.015277	05.853
25.50	25.50	0.015294	05.948
25.50	25.50	0.015311	06.048
25.50	25.50	0.015327	06.152
25.50	25.50	0.015344	06.248
25.50	25.50	0.015361	06.347
25.50	25.50	0.015377	06.452
25.50	25.50	0.015394	06.547
25.50	25.50	0.015410	06.647
25.50	25.50	0.015427	06.750
25.50	25.50	0.015444	06.847
25.50	25.50	0.015460	06.948
25.50	25.50	0.015477	07.049
25.50	25.50	0.015494	07.147
25.50	25.50	0.015510	07.247
25.50	25.50	0.015527	07.348
25.50	25.50	0.015544	07.447
25.50	25.50	0.015560	07.547
25.50	25.50	0.015577	07.647
25.50	25.50	0.015594	07.747
25.50	25.50	0.015610	07.848
25.50	25.50	0.015627	07.947
25.50	25.50	0.015644	08.047
25.50	25.50	0.015660	08.148
25.50	25.50	0.015677	08.248
25.50	25.50	0.015694	08.348
25.50	25.50	0.015710	08.448
25.50	25.50	0.015727	08.549
25.50	25.50	0.015744	08.648
25.50	25.50	0.015760	08.748
25.50	25.50	0.015777	08.848
25.50	25.50	0.015794	08.948
25.50	25.50	0.015810	09.048
25.50	25.50	0.015827	09.148
25.50	25.50	0.015844	09.249
25.50	25.50	0.015860	09.348
25.50	25.50	0.015877	09.449
25.50	25.50	0.015894	09.548
25.50	25.50	0.015910	09.648
25.50	25.50	0.015927	09.748
25.50	25.50	0.015944	09.848
25.50	25.50	0.015960	09.948
25.50	25.50	0.015977	10.048
25.50	25.50	0.015994	10.149
25.50	25.50	0.016010	10.248
25.50	25.50	0.016027	10.348
25.50	25.50	0.016044	10.448
25.50	25.50	0.016060	10.548
25.50	25.50	0.016077	10.648
25.50	25.50	0.016094	10.748
25.50	25.50	0.016110	10.848
25.50	25.50	0.016127	10.948
25.50	25.50	0.016144	11.049
25.50	25.50	0.016160	11.149
25.50	25.50	0.016177	11.248
25.50	25.50	0.016194	11.348
25.50	25.50	0.016210	11.448
25.50	25.50	0.016227	11.548
25.50	25.50	0.016244	11.648
25.50	25.50	0.016260	11.748
25.50	25.50	0.016277	11.849
25.50	25.50	0.016293	11.948
25.50	25.50	0.016310	12.048
25.50	25.50	0.016327	12.148
25.50	25.50	0.016343	12.248
25.50	25.50	0.016360	12.348
25.50	25.50	0.016377	12.472
25.50	25.50	0.016393	12.548
25.50	25.50	0.016410	12.677
25.50	25.50	0.016427	12.772
25.50	25.50	0.016443	12.876
25.50	25.50	0.016460	12.976
25.50	25.50	0.016477	13.071
25.50	25.50	0.016493	13.175
25.50	25.50	0.016510	13.274
25.50	25.50	0.016527	13.369
25.50	25.50	0.016543	13.473
25.50	25.50	0.016560	13.573
25.50	25.50	0.016577	13.668
25.50	25.50	0.016593	13.772
25.50	25.50	0.016610	13.867
25.50	25.50	0.016627	13.966
25.50	25.50	0.016643	14.072
25.50	25.50	0.016660	14.166
25.50	25.50	0.016677	14.266
25.50	25.50	0.016693	14.370
25.50	25.50	0.016710	14.465
25.50	25.50	0.016727	14.565
25.50	25.50	0.016743	14.669
25.50	25.50	0.016760	14.764
25.50	25.50	0.016777	14.863
25.50	25.50	0.016793	14.968
25.50	25.50	0.016810	15.062
25.50	25.50	0.016827	15.162
25.50	25.50	0.016843	15.267
25.50	25.50	0.016860	15.361
25.50	25.50	0.016877	15.461
25.50	25.50	0.016893	15.565
25.50	25.50	0.016910	15.660
25.50	25.50	0.016927	15.759
25.50	25.50	0.016943	15.864
25.50	25.50	0.016960	15.958
25.50	25.50	0.016977	16.058
25.50	25.50	0.016993	16.163
25.50	25.50	0.017010	16.257
25.50	25.50	0.017027	16.357
25.50	25.50	0.017043	16.461
25.50	25.50	0.017060	16.556
25.50	25.50	0.017077	16.658
25.50	25.50	0.017093	16.761
25.50	25.50	0.017110	16.856
25.50	25.50	0.017126	16.957
25.50	25.50	0.017143	17.060
25.50	25.50	0.017160	17.154
25.50	25.50	0.017176	17.257
25.50	25.50	0.017193	17.358
25.50	25.50	0.017210	17.453
25.50	25.50	0.017226	17.557
25.50	25.50	0.017243	17.657
25.50	25.50	0.017260	17.752
25.50	25.50	0.017276	17.856
25.50	25.50	0.017293	17.956
25.50	25.50	0.017310	18.051
25.50	25.50	0.017326	18.155
25.50	25.50	0.017343	18.255
25.50	25.50	0.017360	18.350
25.50	25.50	0.017376	18.454
25.50	25.50	0.017393	18.554
25.50	25.50	0.017410	18.649
25.50	25.50	0.017426	18.753
25.50	25.50	0.017443	18.852
25.50	25.50	0.017460	18.949
25.50	25.50	0.017476	19.052
25.50	25.50	0.017493	19.152
25.50	25.50	0.017510	19.250
25.50	25.50	0.017526	19.350
25.50	25.50	0.017543	19.452
25.50	25.50	0.017560	19.549
25.50	25.50	0.017576	19.649
25.50	25.50	0.017593	19.752
25.50	25.50	0.017610	19.849
25.50	25.50	0.017626	19.950
25.50	25.50	0.017643	20.052
25.50	25.50	0.017660	20.149
25.50	25.50	0.017676	20.249
25.50	25.50	0.017693	20.352
25.50	25.50	0.017710	20.449
25.50	25.50	0.017726	20.549
25.50	25.50	0.017743	20.651
25.50	25.50	0.017760	20.749
25.50	25.50	0.017776	20.850
25.50	25.50	0.017793	20.952
25.50	25.50	0.017810	21.049
25.50	25.50	0.017826	21.149
25.50	25.50	0.017843	21.252
25.50	25.50	0.017860	21.349
25.50	25.50	0.017876	21.449
25.50	25.50	0.017893	21.552
25.50	25.50	0.017910	21.649
25.50	25.50	0.017926	21.750
25.50	25.50	0.017943	21.851
25.50	25.50	0.017959	21.949
25.50	25.50	0.017976	22.049
25.50	25.50	0.017993	22.152
25.50	25.50	0.018009	22.249
25.50	25.50	0.018026	22.349
25.50	25.50	0.018043	22.452
25.50	25.50	0.018059	22.549
25.50	25.50	0.018076	22.649
25.50	25.50	0.018093	22.751
25.50	25.50	0.018109	22.849
25.50	25.50	0.018126	22.949
25.50	25.50	0.018143	23.051
25.50	25.50	0.018159	23.150
25.53	25.50	0.018176	23.249
25.53	25.50	0.018193	23.352
25.53	25.50	0.018209	23.449
25.53	25.50	0.018226	23.549
25.53	25.50	0.018243	23.651
25.53	25.50	0.018259	23.749
25.50	25.50	0.018276	23.849
25.50	25.50	0.018293	23.951
25.50	25.50	0.018309	24.050
25.50	25.50	0.018326	24.149
25.50	25.50	0.018343	24.252
25.50	25.50	0.018359	24.349
25.50	25.50	0.018376	24.449
25.50	25.50	0.018393	24.551
25.50	25.50	0.018409	24.649
25.50	25.50	0.018426	24.749
25.50	25.50	0.018443	24.851
25.50	25.50	0.018459	24.948
25.50	25.50	0.018476	25.048
25.50	25.50	0.018493	25.151
25.50	25.50	0.018509	25.277
25.50	25.50	0.018526	25.371
25.50	25.50	0.018543	25.451
25.50	25.50	0.018559	25.576
25.50	25.50	0.018576	25.671
25.47	25.50	0.018593	25.775
25.47	25.50	0.018609	25.875
25.47	25.50	0.018626	25.970
25.47	25.50	0.018643	26.074
25.47	25.50	0.018659	26.174
25.50	25.50	0.018676	26.268
25.50	25.50	0.018693	26.373
25.50	25.50	0.018709	26.472
25.50	25.50	0.018726	26.567
25.50	25.50	0.018743	26.672
25.50	25.50	0.018759	26.771
25.50	25.50	0.018776	26.866
25.50	25.50	0.018792	26.970
25.50	25.50	0.018809	27.065
25.50	25.50	0.018826	27.164
25.50	25.50	0.018842	27.269
25.50	25.50	0.018859	27.363
25.50	25.50	0.018876	27.463
25.50	25.50	0.018892	27.568
25.50	25.50	0.018909	27.662
25.50	25.50	0.018926	27.762
25.50	25.50	0.018942	27.867
25.50	25.50	0.018959	27.962
25.50	25.50	0.018976	28.061
25.50	25.50	0.018992	28.166
25.50	25.50	0.019009	28.261
25.50	25.50	0.019026	28.360
25.50	25.50	0.019042	28.465
25.50	25.50	0.019059	28.559
25.50	25.50	0.019076	28.659
25.50	25.50	0.019092	28.763
25.50	25.50	0.019109	28.858
25.50	25.50	0.019126	28.957
25.50	25.50	0.019142	29.062
25.50	25.50	0.019159	29.157
25.50	25.50	0.019176	29.256
25.50	25.50	0.019192	29.361
25.50	25.50	0.019209	29.455
25.50	25.50	0.019226	29.555
25.50	25.50	0.019242	29.659
25.50	25.50	0.019259	29.754
25.50	25.50	0.019276	29.854
25.50	25.50	0.019292	29.959
25.50	25.50	0.019309	30.053
25.50	25.50	0.019326	30.154
25.50	25.50	0.019342	30.257
25.50	25.50	0.019359	30.352
25.50	25.50	0.019376	30.454
25.50	25.50	0.019392	30.556
25.50	25.50	0.019409	30.651
25.50	25.50	0.019426	30.754
25.50	25.50	0.019442	30.855
25.50	25.50	0.019459	30.950
25.50	25.50	0.019476	31.054
25.50	25.50	0.019492	31.154
25.50	25.50	0.019509	31.249
25.50	25.50	0.019526	31.353
25.50	25.50	0.019542	31.452
25.50	25.50	0.019559	31.549
25.50	25.50	0.019576	31.651
25.50	25.50	0.019592	31.751
25.50	25.50	0.019609	31.849
25.50	25.50	0.019625	31.950
25.53	25.50	0.019642	32.051
25.53	25.50	0.019659	32.149
25.53	25.50	0.019675	32.250
25.53	25.50	0.019692	32.349
25.53	25.50	0.019709	32.449
25.50	25.50	0.019725	32.549
25.50	25.50	0.019742	32.649
25.50	25.50	0.019759	32.749
25.50	25.50	0.019775	32.849
25.50	25.50	0.019792	32.950
25.50	25.50	0.019809	33.049
25.50	25.50	0.019825	33.149
25.50	25.50	0.019842	33.249
25.50	25.50	0.019859	33.349
25.50	25.50	0.019875	33.449
25.50	25.50	0.019892	33.549
25.50	25.50	0.019909	33.650
25.50	25.50	0.019925	33.749
25.50	25.50	0.019942	33.850
25.50	25.50	0.019959	33.949
25.50	25.50	0.019975	34.049
25.50	25.50	0.019992	34.149
25.50	25.50	0.020009	34.249
25.50	25.50	0.020025	34.349
25.50	25.50	0.020042	34.449
25.50	25.50	0.020059	34.550
25.50	25.50	0.020075	34.649
25.50	25.50	0.020092	34.749
25.50	25.50	0.020109	34.849
25.50	25.50	0.020125	34.949
25.50	25.50	0.020142	35.049
25.50	25.50	0.020159	35.149
25.50	25.50	0.020175	35.250
25.50	25.50	0.020192	35.350
25.50	25.50	0.020209	35.451
25.50	25.50	0.020225	35.550
25.50	25.50	0.020242	35.650
25.50	25.50	0.020259	35.750
25.50	25.50	0.020275	35.850
25.50	25.50	0.020292	35.950
25.50	25.50	0.020309	36.050
25.50	25.50	0.020325	36.151
25.50	25.50	0.020342	36.250
25.50	25.50	0.020359	36.350
25.50	25.50	0.020375	36.450
25.50	25.50	0.020392	36.550
25.50	25.50	0.020409	36.650
25.50	25.50	0.020425	36.750
25.50	25.50	0.020442	36.850
25.50	25.50	0.020458	36.950
25.50	25.50	0.020475	37.051
25.50	25.50	0.020492	37.150
25.50	25.50	0.020508	37.250
25.50	25.50	0.020525	37.349
25.50	25.50	0.020542	37.449
25.50	25.50	0.020558	37.578
25.50	25.50	0.020575	37.673
25.50	25.50	0.020592	37.772
25.50	25.50	0.020608	37.877
25.50	25.50	0.020625	37.972
25.50	25.50	0.020642	38.073
25.50	25.50	0.020658	38.176
25.50	25.50	0.020675	38.270
25.50	25.50	0.020692	38.373
25.50	25.50	0.020708	38.475
25.50	25.50	0.020725	38.570
25.50	25.50	0.020742	38.672
25.50	25.50	0.020758	38.774
25.50	25.50	0.020775	38.869
25.50	25.50	0.020792	38.972
25.50	25.50	0.020808	39.073
25.50	25.50	0.020825	39.167
25.50	25.50	0.020842	39.272
25.50	25.50	0.020858	39.371
25.50	25.50	0.020875	39.466
25.50	25.50	0.020892	39.571
25.50	25.50	0.020908	39.670
25.50	25.50	0.020925	39.765
25.50	25.50	0.020942	39.869
25.50	25.50	0.020958	39.969
25.50	25.50	0.020975	40.063
25.50	25.50	0.020992	40.168
25.50	25.50	0.021008	40.267
25.50	25.50	0.021025	40.362
25.50	25.50	0.021042	40.467
25.50	25.50	0.021058	40.561
25.50	25.50	0.021075	40.662
25.50	25.50	0.021092	40.766
25.50	25.50	0.021108	40.860
25.50	25.50	0.021125	40.960
25.50	25.50	0.021142	41.065
25.50	25.50	0.021158	41.160
25.50	25.50	0.021175	41.259
25.50	25.50	0.021192	41.364
25.50	25.50	0.021208	41.458
25.50	25.50	0.021225	41.558
25.50	25.50	0.021242	41.662
25.50	25.50	0.021258	41.757
25.50	25.50	0.021275	41.856
25.50	25.50	0.021291	41.961
25.50	25.50	0.021308	42.056
25.50	25.50	0.021325	42.155
25.50	25.50	0.021341	42.260
25.50	25.50	0.021358	42.355
25.50	25.50	0.021375	42.454
25.50	25.50	0.021391	42.559
25.50	25.50	0.021408	42.653
25.50	25.50	0.021425	42.753
25.50	25.50	0.021441	42.858
25.50	25.50	0.021458	42.953
25.50	25.50	0.021475	43.053
25.50	25.50	0.021491	43.156
25.50	25.50	0.021508	43.253
25.50	25.50	0.021525	43.353
25.50	25.50	0.021541	43.455
25.50	25.50	0.021558	43.553
25.50	25.50	0.021575	43.654
25.50	25.50	0.021591	43.754
25.50	25.50	0.021608	43.853
25.50	25.50	0.021625	43.953
25.50	25.50	0.021641	44.053
25.50	25.50	0.021658	44.153
25.50	25.50	0.021675	44.253
25.50	25.50	0.021691	44.354
25.50	25.50	0.021708	44.453
25.50	25.50	0.021725	44.553
25.50	25.50	0.021741	44.653
25.50	25.50	0.021758	44.753
25.50	25.50	0.021775	44.853
25.50	25.50	0.021791	44.953
25.50	25.50	0.021808	45.053
25.50	25.50	0.021825	45.153
25.50	25.50	0.021841	45.254
25.50	25.50	0.021858	45.353
25.50	25.50	0.021875	45.453
25.50	25.50	0.021891	45.553
25.50	25.50	0.021908	45.653
25.50	25.50	0.021925	45.753
25.50	25.50	0.021941	45.853
25.50	25.50	0.021958	45.954
25.50	25.50	0.021975	46.053
25.50	25.50	0.021991	46.154
25.50	25.50	0.022008	46.253
25.50	25.50	0.022025	46.353
25.50	25.50	0.022041	46.453
25.50	25.50	0.022058	46.553
25.50	25.50	0.022075	46.653
25.50	25.50	0.022091	46.753
25.50	25.50	0.022108	46.854
25.50	25.50	0.022124	46.953
25.50	25.50	0.022141	47.053
25.50	25.50	0.022158	47.153
25.50	25.50	0.022174	47.253
25.50	25.50	0.022191	47.353
25.50	25.50	0.022208	47.453
25.50	25.50	0.022224	47.554
25.50	25.50	0.022241	47.653
25.50	25.50	0.022258	47.754
25.50	25.50	0.022274	47.853
25.50	25.50	0.022291	47.953
25.50	25.50	0.022308	48.053
25.50	25.50	0.022324	48.153
25.50	25.50	0.022341	48.253
25.50	25.50	0.022358	48.353
25.50	25.50	0.022374	48.454
25.50	25.50	0.022391	48.553
25.50	25.50	0.022408	48.653
25.50	25.50	0.022424	48.753
25.50	25.50	0.022441	48.853
25.50	25.50	0.022458	48.953
25.50	25.50	0.022474	49.053
25.50	25.50	0.022491	49.177
25.50	25.50	0.022508	49.282
25.50	25.50	0.022524	49.377
25.50	25.50	0.022541	49.476
25.50	25.50	0.022558	49.582
25.50	25.50	0.022574	49.675
25.53	25.50	0.022591	49.776
25.53	25.50	0.022608	49.880
25.53	25.50	0.022624	49.975
25.53	25.50	0.022641	50.074
25.53	25.50	0.022658	50.179
25.50	25.50	0.022674	50.274
25.50	25.50	0.022691	50.373
25.50	25.50	0.022708	50.478
25.50	25.50	0.022724	50.572
25.50	25.50	0.022741	50.672
25.50	25.50	0.022758	50.776
25.50	25.50	0.022774	50.871
25.50	25.50	0.022791	50.971
25.50	25.50	0.022808	51.075
25.50	25.50	0.022824	51.170
25.50	25.50	0.022841	51.270
25.50	25.50	0.022858	51.374
25.50	25.50	0.022874	51.468
25.47	25.50	0.022891	51.570
25.47	25.50	0.022908	51.672
25.47	25.50	0.022924	51.767
25.47	25.50	0.022941	51.870
25.47	25.50	0.022957	51.971
25.47	25.50	0.022974	52.066
25.50	25.50	0.022991	52.169
25.50	25.50	0.023007	52.271
25.50	25.50	0.023024	52.365
25.50	25.50	0.023041	52.470
25.50	25.50	0.023057	52.570
25.50	25.50	0.023074	52.664
25.50	25.50	0.023091	52.769
25.50	25.50	0.023107	52.868
25.50	25.50	0.023124	52.963
25.50	25.50	0.023141	53.067
25.50	25.50	0.023157	53.167
25.50	25.50	0.023174	53.261
25.50	25.50	0.023191	53.366
25.50	25.50	0.023207	53.466
25.50	25.50	0.023224	53.560
25.50	25.50	0.023241	53.665
25.50	25.50	0.023257	53.759
25.50	25.50	0.023274	53.859
25.50	25.50	0.023291	53.963
25.50	25.50	0.023307	54.058
25.50	25.50	0.023324	54.158
25.50	25.50	0.023341	54.262
25.50	25.50	0.023357	54.357
25.50	25.50	0.023374	54.456
25.50	25.50	0.023391	54.562
25.50	25.50	0.023407	54.655
25.50	25.50	0.023424	54.755
25.50	25.50	0.023441	54.859
25.50	25.50	0.023457	54.955
25.53	25.50	0.023474	55.055
25.53	25.50	0.023491	55.159
25.53	25.50	0.023507	55.254
25.53	25.50	0.023524	55.353
25.53	25.50	0.023541	55.458
25.53	25.50	0.023557	55.553
25.50	25.50	0.023574	55.653
25.50	25.50	0.023591	55.757
25.50	25.50	0.023607	55.853
25.50	25.50	0.023624	55.954
25.50	25.50	0.023641	56.055
25.50	25.50	0.023657	56.153
25.50	25.50	0.023674	56.253
25.50	25.50	0.023691	56.354
25.50	25.50	0.023707	56.453
25.50	25.50	0.023724	56.554
25.50	25.50	0.023741	56.653
25.50	25.50	0.023757	56.753
25.50	25.50	0.023774	56.853
25.50	25.50	0.023790	56.953
25.50	25.50	0.023807	57.053
25.47	25.50	0.023824	57.153
25.47	25.50	0.023840	57.254
25.47	25.50	0.023857	57.353
25.47	25.50	0.023874	57.454
25.47	25.50	0.023890	57.553
25.47	25.50	0.023907	57.653
25.50	25.50	0.023924	57.753
25.50	25.50	0.023940	57.853
25.50	25.50	0.023957	57.953
25.50	25.50	0.023974	58.053
25.50	25.50	0.023990	58.154
25.50	25.50	0.024007	58.253
25.50	25.50	0.024024	58.353
25.50	25.50	0.024040	58.453
25.50	25.50	0.024057	58.553
25.50	25.50	0.024074	58.653
25.50	25.50	0.024090	58.753
25.50	25.50	0.024107	58.853
25.50	25.50	0.024124	58.953
25.50	25.50	0.024140	59.054
25.50	25.50	0.024157	59.153
25.50	25.50	0.024174	59.253
25.50	25.50	0.024190	59.353
25.50	25.50	0.024207	59.453
25.50	25.50	0.024224	59.553
25.50	25.50	0.024240	59.653
25.50	25.50	0.024257	59.754
25.50	25.50	0.024274	59.854
25.50	25.50	0.024290	59.955
25.50	25.50	0.024307	00.054
25.50	25.50	0.024324	00.154
25.50	25.50	0.024340	00.254
25.50	25.50	0.024357	00.354
25.50	25.50	0.024374	00.454
25.50	25.50	0.024390	00.555
25.50	25.50	0.024407	00.654
25.50	25.50	0.024424	00.754
25.50	25.50	0.024440	00.854
25.50	25.50	0.024457	00.954
25.50	25.50	0.024474	01.054
25.50	25.50	0.024490	01.154
25.50	25.50	0.024507	01.284
25.50	25.50	0.024524	01.384
25.50	25.50	0.024540	01.479
25.50	25.50	0.024557	01.583
25.50	25.50	0.024574	01.683
25.50	25.50	0.024590	01.778
25.50	25.50	0.024607	01.883
25.50	25.50	0.024623	01.977
25.50	25.50	0.024640	02.077
25.50	25.50	0.024657	02.182
25.50	25.50	0.024673	02.276
25.50	25.50	0.024690	02.376
25.50	25.50	0.024707	02.480
25.53	25.50	0.024723	02.575
25.53	25.50	0.024740	02.674
25.53	25.50	0.024757	02.779
25.53	25.50	0.024773	02.874
25.53	25.50	0.024790	02.973
25.53	25.50	0.024807	03.078
25.50	25.50	0.024823	03.172
25.50	25.50	0.024840	03.272
25.50	25.50	0.024857	03.376
25.50	25.50	0.024873	03.471
25.50	25.50	0.024890	03.570
25.50	25.50	0.024907	03.675
25.50	25.50	0.024923	03.770
25.50	25.50	0.024940	03.869
25.50	25.50	0.024957	03.975
25.50	25.50	0.024973	04.068
25.50	25.50	0.024990	04.169
25.50	25.50	0.025007	04.273
25.50	25.50	0.025023	04.368
25.50	25.50	0.025040	04.467
25.50	25.50	0.025057	04.572
25.50	25.50	0.025073	04.667
25.50	25.50	0.025090	04.767
25.50	25.50	0.025107	04.871
25.47	25.50	0.025123	04.965
25.47	25.50	0.025140	05.067
25.47	25.50	0.025157	05.169
25.47	25.50	0.025173	05.264
25.47	25.50	0.025190	05.367
25.50	25.50	0.025207	05.468
25.50	25.50	0.025223	05.563
25.50	25.50	0.025240	05.667
25.50	25.50	0.025257	05.767
25.50	25.50	0.025273	05.861
25.50	25.50	0.025290	05.966
25.50	25.50	0.025307	06.065
25.50	25.50	0.025323	06.160
25.50	25.50	0.025340	06.265
25.50	25.50	0.025357	06.365
25.50	25.50	0.025373	06.459
25.50	25.50	0.025390	06.564
25.50	25.50	0.025407	06.663
25.50	25.50	0.025423	06.758
25.50	25.50	0.025440	06.862
25.50	25.50	0.025456	06.962
25.50	25.50	0.025473	07.058
25.50	25.50	0.025490	07.161
25.50	25.50	0.025506	07.257
25.50	25.50	0.025523	07.357
25.50	25.50	0.025540	07.460
25.50	25.50	0.025556	07.561
25.50	25.50	0.025573	07.657
25.53	25.50	0.025590	07.760
25.53	25.50	0.025606	07.862
25.53	25.50	0.025623	07.958
25.53	25.50	0.025640	08.058
25.50	25.50	0.025656	08.157
25.50	25.50	0.025673	08.257
25.50	25.50	0.025690	08.357
25.50	25.50	0.025706	08.461
25.50	25.50	0.025723	08.557
25.50	25.50	0.025740	08.658
25.50	25.50	0.025756	08.762
25.50	25.50	0.025773	08.857
25.50	25.50	0.025790	08.957
25.50	25.50	0.025806	09.057
25.50	25.50	0.025823	09.157
25.50	25.50	0.025840	09.257
25.50	25.50	0.025856	09.361
25.50	25.50	0.025873	09.457
25.50	25.50	0.025890	09.558
25.50	25.50	0.025906	09.661
25.50	25.50	0.025923	09.757
25.50	25.50	0.025940	09.857
25.50	25.50	0.025956	09.961
25.50	25.50	0.025973	10.057
25.50	25.50	0.025990	10.157
25.50	25.50	0.026006	10.262
25.50	25.50	0.026023	10.357
25.50	25.50	0.026040	10.458
25.50	25.50	0.026056	10.561
25.50	25.50	0.026073	10.657
25.50	25.50	0.026090	10.757
25.50	25.50	0.026106	10.861
25.50	25.50	0.026123	10.957
25.50	25.50	0.026140	11.057
25.50	25.50	0.026156	11.162
25.50	25.50	0.026173	11.257
25.50	25.50	0.026190	11.357
25.50	25.50	0.026206	11.461
25.50	25.50	0.026223	11.557
25.50	25.50	0.026240	11.657
25.50	25.50	0.026256	11.761
25.50	25.50	0.026273	11.857
25.50	25.50	0.026289	11.957
25.50	25.50	0.026306	12.061
25.50	25.50	0.026323	12.158
25.50	25.50	0.026339	12.257
25.50	25.50	0.026356	12.361
25.50	25.50	0.026373	12.458
25.50	25.50	0.026389	12.558
25.50	25.50	0.026406	12.660
25.50	25.50	0.026423	12.758
25.50	25.50	0.026439	12.859
25.50	25.50	0.026456	12.961
25.50	25.50	0.026473	13.058
25.50	25.50	0.026489	13.158
25.50	25.50	0.026506	13.261
25.50	25.50	0.026523	13.387
25.50	25.50	0.026539	13.482
25.50	25.50	0.026556	13.560
25.50	25.50	0.026573	13.686
25.50	25.50	0.026589	13.780
25.50	25.50	0.026606	13.885
25.50	25.50	0.026623	13.985
25.50	25.50	0.026639	14.079
25.50	25.50	0.026656	14.184
25.50	25.50	0.026673	14.283
25.50	25.50	0.026689	14.378
25.50	25.50	0.026706	14.482
25.50	25.50	0.026723	14.582
25.50	25.50	0.026739	14.677
25.50	25.50	0.026756	14.781
25.50	25.50	0.026773	14.881
25.50	25.50	0.026789	14.975
25.50	25.50	0.026806	15.080
25.50	25.50	0.026823	15.174
25.50	25.50	0.026839	15.274
25.50	25.50	0.026856	15.379
25.50	25.50	0.026873	15.474
25.50	25.50	0.026889	15.574
25.50	25.50	0.026906	15.678
25.50	25.50	0.026923	15.773
25.50	25.50	0.026939	15.872
25.50	25.50	0.026956	15.977
25.50	25.50	0.026973	16.071
25.50	25.50	0.026989	16.171
25.50	25.50	0.027006	16.276
25.50	25.50	0.027023	16.370
25.50	25.50	0.027039	16.470
25.50	25.50	0.027056	16.574
25.50	25.50	0.027073	16.669
25.50	25.50	0.027089	16.768
25.50	25.50	0.027106	16.873
25.50	25.50	0.027122	16.968
25.50	25.50	0.027139	17.067
25.50	25.50	0.027156	17.172
25.50	25.50	0.027172	17.266
25.50	25.50	0.027189	17.366
25.50	25.50	0.027206	17.470
25.50	25.50	0.027222	17.565
25.50	25.50	0.027239	17.664
25.50	25.50	0.027256	17.770
25.50	25.50	0.027272	17.865
25.50	25.50	0.027289	17.964
25.50	25.50	0.027306	18.069
25.50	25.50	0.027322	18.163
25.50	25.50	0.027339	18.264
25.50	25.50	0.027356	18.367
25.50	25.50	0.027372	18.462
25.50	25.50	0.027389	18.563
25.50	25.50	0.027406	18.666
25.50	25.50	0.027422	18.761
25.50	25.50	0.027439	18.864
25.50	25.50	0.027456	18.965
25.50	25.50	0.027472	19.059
25.50	25.50	0.027489	19.164
25.50	25.50	0.027506	19.263
25.50	25.50	0.027522	19.358
25.50	25.50	0.027539	19.463
25.50	25.50	0.027556	19.562
25.50	25.50	0.027572	19.658
25.50	25.50	0.027589	19.761
25.50	25.50	0.027606	19.861
25.50	25.50	0.027622	19.958
25.50	25.50	0.027639	20.060
25.50	25.50	0.027656	20.159
25.50	25.50	0.027672	20.258
25.50	25.50	0.027689	20.359
25.50	25.50	0.027706	20.459
25.50	25.50	0.027722	20.558
25.50	25.50	0.027739	20.658
25.50	25.50	0.027756	20.759
25.50	25.50	0.027772	20.858
25.50	25.50	0.027789	20.958
25.50	25.50	0.027806	21.059
25.50	25.50	0.027822	21.159
25.53	25.50	0.027839	21.260
25.53	25.50	0.027856	21.359
25.53	25.50	0.027872	21.459
25.53	25.50	0.027889	21.559
25.53	25.50	0.027906	21.659
25.53	25.50	0.027922	21.759
25.50	25.50	0.027939	21.859
25.50	25.50	0.027955	21.960
25.50	25.50	0.027972	22.059
25.50	25.50	0.027989	22.159
25.50	25.50	0.028005	22.259
25.50	25.50	0.028022	22.359
25.50	25.50	0.028039	22.459
25.50	25.50	0.028055	22.559
25.50	25.50	0.028072	22.659
25.50	25.50	0.028089	22.759
25.50	25.50	0.028105	22.859
25.50	25.50	0.028122	22.960
25.50	25.50	0.028139	23.059
25.50	25.50	0.028155	23.159
25.50	25.50	0.028172	23.259
25.47	25.50	0.028189	23.359
25.47	25.50	0.028205	23.459
25.47	25.50	0.028222	23.559
25.47	25.50	0.028239	23.659
25.47	25.50	0.028255	23.759
25.47	25.50	0.028272	23.860
25.50	25.50	0.028289	23.959
25.50	25.50	0.028305	24.059
25.50	25.50	0.028322	24.159
25.50	25.50	0.028339	24.259
25.50	25.50	0.028355	24.359
25.50	25.50	0.028372	24.459
25.50	25.50	0.028389	24.559
25.50	25.50	0.028405	24.659
25.50	25.50	0.028422	24.760
25.50	25.50	0.028439	24.859
25.50	25.50	0.028455	24.959
25.50	25.50	0.028472	25.060
25.50	25.50	0.028489	25.160
25.50	25.50	0.028505	25.260
25.50	25.50	0.028522	25.360
25.50	25.50	0.028539	25.484
25.50	25.50	0.028555	25.584
25.50	25.50	0.028572	25.689
25.50	25.50	0.028589	25.783
25.50	25.50	0.028605	25.883
25.50	25.50	0.028622	25.987
25.50	25.50	0.028639	26.082
25.50	25.50	0.028655	26.182
25.50	25.50	0.028672	26.286
25.50	25.50	0.028689	26.381
25.53	25.50	0.028705	26.482
25.53	25.50	0.028722	26.585
25.53	25.50	0.028739	26.679
25.53	25.50	0.028755	26.783
25.50	25.50	0.028772	26.883
25.50	25.50	0.028788	26.978
25.50	25.50	0.028805	27.082
25.50	25.50	0.028822	27.182
25.50	25.50	0.028838	27.277
25.50	25.50	0.028855	27.381
25.50	25.50	0.028872	27.481
25.50	25.50	0.028888	27.575
25.50	25.50	0.028905	27.681
25.50	25.50	0.028922	27.780
25.50	25.50	0.028938	27.875
25.50	25.50	0.028955	27.980
25.50	25.50	0.028972	28.079
25.50	25.50	0.028988	28.174
25.50	25.50	0.029005	28.278
25.50	25.50	0.029022	28.378
25.50	25.50	0.029038	28.472
25.50	25.50	0.029055	28.577
25.50	25.50	0.029072	28.672
25.50	25.50	0.029088	28.771
25.50	25.50	0.029105	28.876
25.50	25.50	0.029122	28.970
25.47	25.50	0.029138	29.070
25.47	25.50	0.029155	29.174
25.47	25.50	0.029172	29.269
25.47	25.50	0.029188	29.368
25.47	25.50	0.029205	29.473
25.50	25.50	0.029222	29.568
25.50	25.50	0.029238	29.667
25.50	25.50	0.029255	29.772
25.50	25.50	0.029272	29.866
25.50	25.50	0.029288	29.966
25.50	25.50	0.029305	30.071
25.50	25.50	0.029322	30.166
25.50	25.50	0.029338	30.266
25.50	25.50	0.029355	30.370
25.50	25.50	0.029372	30.465
25.50	25.50	0.029388	30.564
25.50	25.50	0.029405	30.669
25.50	25.50	0.029422	30.763
25.50	25.50	0.029438	30.863
25.50	25.50	0.029455	30.967
25.50	25.50	0.029472	31.062
25.50	25.50	0.029488	31.162
25.50	25.50	0.029505	31.266
25.53	25.50	0.029522	31.361
25.53	25.50	0.029538	31.461
25.53	25.50	0.029555	31.565
25.53	25.50	0.029572	31.661
25.53	25.50	0.029588	31.761
25.53	25.50	0.029605	31.864
25.50	25.50	0.029621	31.961
25.50	25.50	0.029638	32.062
25.50	25.50	0.029655	32.162
25.50	25.50	0.029671	32.261
25.50	25.50	0.029688	32.361
25.50	25.50	0.029705	32.461
25.50	25.50	0.029721	32.561
25.50	25.50	0.029738	32.661
25.50	25.50	0.029755	32.762
25.50	25.50	0.029771	32.861
25.50	25.50	0.029788	32.961
25.50	25.50	0.029805	33.061
25.50	25.50	0.029821	33.161
25.50	25.50	0.029838	33.261
25.50	25.50	0.029855	33.361
25.50	25.50	0.029871	33.461
25.50	25.50	0.029888	33.561
25.50	25.50	0.029905	33.662
25.50	25.50	0.029921	33.761
25.50	25.50	0.029938	33.861
25.50	25.50	0.029955	33.961
25.50	25.50	0.029971	34.061
25.50	25.50	0.029988	34.161
25.50	25.50	0.030005	34.261
25.50	25.50	0.030021	34.362
25.50	25.50	0.030038	34.461
25.50	25.50	0.030055	34.562
25.50	25.50	0.030071	34.661
25.50	25.50	0.030088	34.761
25.50	25.51	0.030105	34.861
25.50	25.51	0.030121	34.961
25.50	25.51	0.030138	35.061
25.50	25.51	0.030155	35.161
25.50	25.51	0.030171	35.262
25.50	25.51	0.030188	35.361
25.50	25.51	0.030205	35.461
25.50	25.51	0.030221	35.561
25.50	25.51	0.030238	35.661
25.50	25.51	0.030255	35.761
25.50	25.51	0.030271	35.861
25.50	25.51	0.030288	35.961
25.50	25.51	0.030305	36.061
25.50	25.52	0.030321	36.162
25.50	25.52	0.030338	36.261
25.50	25.52	0.030355	36.361
25.50	25.52	0.030371	36.461
25.50	25.52	0.030388	36.561
25.50	25.52	0.030405	36.661
25.50	25.52	0.030421	36.761
25.50	25.52	0.030438	36.862
25.50	25.52	0.030454	36.961
25.53	25.52	0.030471	37.062
25.53	25.52	0.030488	37.161
25.53	25.52	0.030504	37.261
25.53	25.52	0.030521	37.361
25.53	25.53	0.030538	37.461
25.53	25.53	0.030554	37.561
25.53	25.53	0.030571	37.661
25.53	25.53	0.030588	37.785
25.53	25.53	0.030604	37.885
25.53	25.53	0.030621	37.990
25.53	25.53	0.030638	38.084
25.53	25.53	0.030654	38.184
25.53	25.53	0.030671	38.288
25.53	25.53	0.030688	38.383
25.53	25.53	0.030704	38.482
25.53	25.53	0.030721	38.587
25.53	25.53	0.030738	38.681
25.53	25.54	0.030754	38.781
25.53	25.54	0.030771	38.887
25.53	25.54	0.030788	38.981
25.53	25.54	0.030804	39.081
25.53	25.54	0.030821	39.185
25.53	25.54	0.030838	39.280
25.55	25.54	0.030854	39.379
25.55	25.54	0.030871	39.484
25.55	25.54	0.030888	39.579
25.55	25.54	0.030904	39.680
25.55	25.54	0.030921	39.783
25.55	25.54	0.030938	39.877
25.55	25.54	0.030954	39.980
25.55	25.55	0.030971	40.081
25.55	25.55	0.030988	40.176
25.55	25.55	0.031004	40.280
25.55	25.55	0.031021	40.380
25.55	25.55	0.031038	40.475
25.55	25.55	0.031054	40.579
25.55	25.55	0.031071	40.679
25.55	25.55	0.031088	40.773
25.55	25.55	0.031104	40.878
25.55	25.55	0.031121	40.977
25.55	25.55	0.031138	41.072
25.55	25.55	0.031154	41.177
25.55	25.55	0.031171	41.277
25.55	25.56	0.031188	41.372
25.55	25.56	0.031204	41.476
25.55	25.56	0.031221	41.576
25.55	25.56	0.031238	41.670
25.55	25.56	0.031254	41.775
25.55	25.56	0.031271	41.869
25.55	25.56	0.031287	41.969
25.55	25.56	0.031304	42.073
25.55	25.56	0.031321	42.168
25.55	25.56	0.031337	42.267
25.55	25.56	0.031354	42.372
25.55	25.56	0.031371	42.466
25.58	25.56	0.031387	42.567
25.58	25.57	0.031404	42.672
25.58	25.57	0.031421	42.766
25.58	25.57	0.031437	42.866
25.58	25.57	0.031454	42.970
25.58	25.57	0.031471	43.065
25.58	25.57	0.031487	43.164
25.58	25.57	0.031504	43.269
25.58	25.57	0.031521	43.363
25.58	25.57	0.031537	43.463
25.58	25.57	0.031554	43.568
25.58	25.57	0.031571	43.662
25.58	25.57	0.031587	43.762
25.58	25.57	0.031604	43.866
25.58	25.58	0.031621	43.961
25.58	25.58	0.031637	44.061
25.58	25.58	0.031654	44.165
25.58	25.58	0.031671	44.261
25.58	25.58	0.031687	44.361
25.58	25.58	0.031704	44.464
25.58	25.58	0.031721	44.561
25.58	25.58	0.031737	44.661
25.58	25.58	0.031754	44.762
25.58	25.58	0.031771	44.861
25.58	25.58	0.031787	44.961
25.58	25.58	0.031804	45.062
25.58	25.58	0.031821	45.162
25.58	25.59	0.031837	45.261
25.58	25.59	0.031854	45.361
25.58	25.59	0.031871	45.461
25.58	25.59	0.031887	45.561
25.58	25.59	0.031904	45.661
25.58	25.59	0.031921	45.761
25.58	25.59	0.031937	45.861
25.58	25.59	0.031954	45.961
25.58	25.59	0.031971	46.062
25.58	25.59	0.031987	46.161
25.58	25.59	0.032004	46.261
25.58	25.59	0.032021	46.361
25.58	25.59	0.032037	46.461
25.58	25.60	0.032054	46.561
25.58	25.60	0.032071	46.661
25.58	25.60	0.032087	46.762
25.58	25.60	0.032104	46.862
25.60	25.60	0.032120	46.963
25.60	25.60	0.032137	47.062
25.60	25.60	0.032154	47.162
25.60	25.60	0.032170	47.262
25.60	25.60	0.032187	47.362
25.60	25.60	0.032204	47.462
25.60	25.60	0.032220	47.562
25.60	25.60	0.032237	47.663
25.60	25.60	0.032254	47.762
25.60	25.61	0.032270	47.863
25.60	25.61	0.032287	47.962
25.60	25.61	0.032304	48.062
25.60	25.61	0.032320	48.162
25.60	25.61	0.032337	48.262
25.60	25.61	0.032354	48.362
25.63	25.61	0.032370	48.462
25.63	25.61	0.032387	48.563
25.63	25.61	0.032404	48.662
25.63	25.61	0.032420	48.762
25.63	25.61	0.032437	48.862
25.63	25.61	0.032454	48.962
25.63	25.61	0.032470	49.062
25.63	25.62	0.032487	49.162
25.63	25.62	0.032504	49.262
25.63	25.62	0.032520	49.362
25.63	25.62	0.032537	49.463
25.63	25.62	0.032554	49.562
25.63	25.62	0.032570	49.662
25.63	25.62	0.032587	49.762
25.60	25.62	0.032604	49.862
25.60	25.62	0.032620	49.962
25.60	25.62	0.032637	50.062
25.60	25.62	0.032654	50.186
25.60	25.62	0.032670	50.291
25.60	25.62	0.032687	50.386
25.60	25.62	0.032704	50.485
25.60	25.63	0.032720	50.590
25.63	25.63	0.032737	50.684
25.63	25.63	0.032754	50.784
25.63	25.63	0.032770	50.888
25.63	25.63	0.032787	50.983
25.63	25.63	0.032804	51.082
25.63	25.63	0.032820	51.188
25.63	25.63	0.032837	51.283
25.63	25.63	0.032854	51.382
25.63	25.63	0.032870	51.486
25.63	25.63	0.032887	51.581
25.63	25.63	0.032904	51.680
25.63	25.63	0.032920	51.785
25.63	25.64	0.032937	51.879
25.63	25.64	0.032953	51.979
25.63	25.64	0.032970	52.084
25.65	25.64	0.032987	52.178
25.65	25.64	0.033003	52.279
25.65	25.64	0.033020	52.383
25.65	25.64	0.033037	52.478
25.65	25.64	0.033053	52.577
25.65	25.64	0.033070	52.682
25.65	25.64	0.033087	52.777
25.65	25.64	0.033103	52.877
25.65	25.64	0.033120	52.981
25.65	25.64	0.033137	53.075
25.65	25.65	0.033153	53.177
25.65	25.65	0.033170	53.279
25.65	25.65	0.033187	53.374
25.65	25.65	0.033203	53.476
25.65	25.65	0.033220	53.578
25.65	25.65	0.033237	53.673
25.65	25.65	0.033253	53.777
25.65	25.65	0.033270	53.877
25.65	25.65	0.033287	53.971
25.65	25.65	0.033303	54.076
25.65	25.65	0.033320	54.175
25.65	25.65	0.033337	54.270
25.65	25.65	0.033353	54.375
25.65	25.66	0.033370	54.474
25.65	25.66	0.033387	54.569
25.65	25.66	0.033403	54.673
25.65	25.66	0.033420	54.773
25.65	25.66	0.033437	54.867
25.65	25.66	0.033453	54.972
25.65	25.66	0.033470	55.072
25.65	25.66	0.033487	55.167
25.65	25.66	0.033503	55.272
25.65	25.66	0.033520	55.366
25.65	25.66	0.033537	55.466
25.68	25.66	0.033553	55.570
25.68	25.66	0.033570	55.665
25.68	25.67	0.033587	55.764
25.68	25.67	0.033603	55.869
25.68	25.67	0.033620	55.964
25.68	25.67	0.033637	56.063
25.68	25.67	0.033653	56.168
25.68	25.67	0.033670	56.263
25.68	25.67	0.033687	56.363
25.68	25.67	0.033703	56.466
25.68	25.67	0.033720	56.563
25.68	25.67	0.033737	56.663
25.68	25.67	0.033753	56.765
25.68	25.67	0.033770	56.864
25.68	25.67	0.033786	56.963
25.68	25.68	0.033803	57.064
25.68	25.68	0.033820	57.163
25.65	25.68	0.033836	57.263
25.65	25.68	0.033853	57.363
25.65	25.68	0.033870	57.463
25.65	25.68	0.033886	57.564
25.65	25.68	0.033903	57.663
25.65	25.68	0.033920	57.764
25.65	25.68	0.033936	57.863
25.68	25.68	0.033953	57.963
25.68	25.68	0.033970	58.063
25.68	25.68	0.033986	58.163
25.68	25.68	0.034003	58.263
25.68	25.69	0.034020	58.363
25.68	25.69	0.034036	58.464
25.68	25.69	0.034053	58.563
25.68	25.69	0.034070	58.663
25.68	25.69	0.034086	58.763
25.70	25.69	0.034103	58.863
25.70	25.69	0.034120	58.963
25.70	25.69	0.034136	59.063
25.70	25.69	0.034153	59.163
25.70	25.69	0.034170	59.263
25.70	25.69	0.034186	59.364
25.70	25.69	0.034203	59.463
25.70	25.69	0.034220	59.563
25.70	25.70	0.034236	59.663
25.70	25.70	0.034253	59.763
25.70	25.70	0.034270	59.863
25.70	25.70	0.034286	59.963
25.70	25.70	0.034303	00.064
25.70	25.70	0.034320	00.163
25.70	25.70	0.034336	00.264
25.70	25.70	0.034353	00.363
25.70	25.70	0.034370	00.463
25.70	25.70	0.034386	00.563
25.70	25.70	0.034403	00.663
25.70	25.70	0.034420	00.763
25.70	25.70	0.034436	00.863
25.70	25.71	0.034453	00.964
25.70	25.71	0.034470	01.063
25.70	25.71	0.034486	01.163
25.70	25.71	0.034503	01.263
25.70	25.71	0.034520	01.363
25.70	25.71	0.034536	01.463
25.70	25.71	0.034553	01.563
25.70	25.71	0.034570	01.663
25.70	25.71	0.034586	01.763
25.70	25.71	0.034603	01.864
25.70	25.71	0.034619	01.963
25.70	25.71	0.034636	02.063
25.73	25.71	0.034653	02.163
25.73	25.72	0.034669	02.263
25.73	25.72	0.034686	02.363
25.73	25.72	0.034703	02.488
25.73	25.72	0.034719	02.592
25.73	25.72	0.034736	02.692
25.73	25.72	0.034753	02.787
25.73	25.72	0.034769	02.891
25.73	25.72	0.034786	02.991
25.73	25.72	0.034803	03.085
25.73	25.72	0.034819	03.190
25.73	25.72	0.034836	03.284
25.73	25.72	0.034853	03.384
25.73	25.72	0.034869	03.489
25.73	25.73	0.034886	03.583
25.73	25.73	0.034903	03.684
25.73	25.73	0.034919	03.788
25.73	25.73	0.034936	03.883
25.73	25.73	0.034953	03.982
25.73	25.73	0.034969	04.087
25.73	25.73	0.034986	04.181
25.73	25.73	0.035003	04.281
25.73	25.73	0.035019	04.385
25.73	25.73	0.035036	04.480
25.73	25.73	0.035053	04.580
25.73	25.73	0.035069	04.684
25.73	25.73	0.035086	04.779
25.73	25.74	0.035103	04.878
25.73	25.74	0.035119	04.983
25.73	25.74	0.035136	05.077
25.73	25.74	0.035153	05.177
25.73	25.74	0.035169	05.282
25.73	25.74	0.035186	05.376
25.73	25.74	0.035203	05.476
25.73	25.74	0.035219	05.580
25.73	25.74	0.035236	05.675
25.73	25.74	0.035253	05.774
25.73	25.74	0.035269	05.880
25.73	25.74	0.035286	05.973
25.73	25.74	0.035303	06.074
25.73	25.75	0.035319	06.179
25.73	25.75	0.035336	06.273
25.73	25.75	0.035353	06.374
25.73	25.75	0.035369	06.477
25.76	25.75	0.035386	06.572
25.76	25.75	0.035403	06.674
25.76	25.75	0.035419	06.776
25.76	25.75	0.035436	06.871
25.76	25.75	0.035452	06.974
25.76	25.75	0.035469	07.075
25.76	25.75	0.035486	07.169
25.76	25.75	0.035502	07.274
25.76	25.75	0.035519	07.373
25.76	25.76	0.035536	07.468
25.76	25.76	0.035552	07.572
25.76	25.76	0.035569	07.672
25.76	25.76	0.035586	07.767
25.76	25.76	0.035602	07.871
25.76	25.76	0.035619	07.971
25.76	25.76	0.035636	08.065
25.76	25.76	0.035652	08.170
25.76	25.76	0.035669	08.270
25.76	25.76	0.035686	08.365
25.76	25.76	0.035702	08.469
25.76	25.76	0.035719	08.564
25.76	25.76	0.035736	08.665
25.76	25.77	0.035752	08.768
25.76	25.77	0.035769	08.864
25.76	25.77	0.035786	08.964
25.76	25.77	0.035802	09.067
25.76	25.77	0.035819	09.168
25.76	25.77	0.035836	09.264
25.76	25.77	0.035852	09.366
25.76	25.77	0.035869	09.464
25.76	25.77	0.035886	09.565
25.76	25.77	0.035902	09.664
25.76	25.77	0.035919	09.764
25.76	25.77	0.035936	09.864
25.76	25.77	0.035952	09.964
25.78	25.78	0.035969	10.068
25.78	25.78	0.035986	10.164
25.78	25.78	0.036002	10.265
25.78	25.78	0.036019	10.369
25.78	25.78	0.036036	10.464
25.78	25.78	0.036052	10.564
25.78	25.78	0.036069	10.664
25.78	25.78	0.036086	10.764
25.78	25.78	0.036102	10.864
25.78	25.78	0.036119	10.968
25.78	25.78	0.036136	11.064
25.78	25.78	0.036152	11.165
25.78	25.78	0.036169	11.268
25.78	25.79	0.036186	11.364
25.78	25.79	0.036202	11.464
25.78	25.79	0.036219	11.569
25.78	25.79	0.036236	11.664
25.78	25.79	0.036252	11.764
25.78	25.79	0.036269	11.868
25.78	25.79	0.036285	11.964
25.78	25.79	0.036302	12.065
25.81	25.79	0.036319	12.168
25.81	25.79	0.036335	12.264
25.81	25.79	0.036352	12.364
25.81	25.79	0.036369	12.468
25.81	25.79	0.036385	12.564
25.81	25.80	0.036402	12.664
25.81	25.80	0.036419	12.769
25.81	25.80	0.036435	12.864
25.81	25.80	0.036452	12.964
25.81	25.80	0.036469	13.068
25.81	25.80	0.036485	13.164
25.81	25.80	0.036502	13.264
25.81	25.80	0.036519	13.368
25.81	25.80	0.036535	13.464
25.81	25.80	0.036552	13.564
25.81	25.80	0.036569	13.669
25.78	25.80	0.036585	13.764
25.78	25.80	0.036602	13.864
25.78	25.81	0.036619	13.968
25.78	25.81	0.036635	14.064
25.78	25.81	0.036652	14.164
25.78	25.81	0.036669	14.268
25.78	25.81	0.036685	14.364
25.81	25.81	0.036702	14.464
25.81	25.81	0.036719	14.568
25.81	25.81	0.036735	14.664
25.81	25.81	0.036752	14.764
25.81	25.81	0.036769	14.867
25.81	25.81	0.036785	14.964
25.81	25.81	0.036802	15.088
25.81	25.81	0.036819	15.168
25.81	25.82	0.036835	15.292
25.81	25.82	0.036852	15.387
25.81	25.82	0.036869	15.492
25.81	25.82	0.036885	15.591
25.83	25.82	0.036902	15.686
25.83	25.82	0.036919	15.790
25.83	25.82	0.036935	15.890
25.83	25.82	0.036952	15.984
25.83	25.82	0.036969	16.089
25.83	25.82	0.036985	16.188
25.83	25.82	0.037002	16.283
25.83	25.82	0.037019	16.388
25.83	25.82	0.037035	16.488
25.83	25.83	0.037052	16.582
25.83	25.83	0.037069	16.686
25.83	25.83	0.037085	16.781
25.83	25.83	0.037102	16.880
25.83	25.83	0.037118	16.986
25.83	25.83	0.037135	17.081
25.83	25.83	0.037152	17.180
25.83	25.83	0.037168	17.285
25.83	25.83	0.037185	17.379
25.83	25.83	0.037202	17.479
25.83	25.83	0.037218	17.583
25.83	25.83	0.037235	17.678
25.83	25.83	0.037252	17.777
25.83	25.84	0.037268	17.882
25.83	25.84	0.037285	17.977
25.83	25.84	0.037302	18.076
25.83	25.84	0.037318	18.181
25.83	25.84	0.037335	18.275
25.83	25.84	0.037352	18.375
25.83	25.84	0.037368	18.479
25.83	25.84	0.037385	18.574
25.83	25.84	0.037402	18.674
25.83	25.84	0.037418	18.778
25.83	25.84	0.037435	18.873
25.83	25.84	0.037452	18.972
25.86	25.84	0.037468	19.078
25.86	25.84	0.037485	19.172
25.86	25.85	0.037502	19.272
25.86	25.85	0.037518	19.376
25.86	25.85	0.037535	19.471
25.86	25.85	0.037552	19.572
25.86	25.85	0.037568	19.675
25.86	25.85	0.037585	19.770
25.86	25.85	0.037602	19.871
25.86	25.85	0.037618	19.974
25.86	25.85	0.037635	20.068
25.86	25.85	0.037652	20.171
25.86	25.85	0.037668	20.272
25.86	25.85	0.037685	20.367
25.86	25.85	0.037702	20.471
25.86	25.86	0.037718	20.571
25.86	25.86	0.037735	20.666
25.86	25.86	0.037752	20.770
25.86	25.86	0.037768	20.870
25.86	25.86	0.037785	20.965
25.86	25.86	0.037802	21.069
25.86	25.86	0.037818	21.169
25.86	25.86	0.037835	21.265
25.86	25.86	0.037852	21.368
25.86	25.86	0.037868	21.467
25.86	25.86	0.037885	21.565
25.86	25.86	0.037902	21.667
25.86	25.86	0.037918	21.767
25.86	25.87	0.037935	21.865
25.86	25.87	0.037951	21.966
25.86	25.87	0.037968	22.067
25.86	25.87	0.037985	22.165
25.86	25.87	0.038001	22.265
25.86	25.87	0.038018	22.366
25.86	25.87	0.038035	22.465
25.86	25.87	0.038051	22.565
25.86	25.87	0.038068	22.666
25.86	25.87	0.038085	22.765
25.86	25.87	0.038101	22.865
25.86	25.87	0.038118	22.966
25.86	25.87	0.038135	23.065
25.86	25.88	0.038151	23.165
25.86	25.88	0.038168	23.266
25.86	25.88	0.038185	23.365
25.88	25.88	0.038201	23.465
25.88	25.88	0.038218	23.566
25.88	25.88	0.038235	23.666
25.88	25.88	0.038251	23.765
25.88	25.88	0.038268	23.866
25.88	25.88	0.038285	23.965
25.88	25.88	0.038301	24.065
25.88	25.88	0.038318	24.166
25.88	25.88	0.038335	24.265
25.88	25.88	0.038351	24.365
25.88	25.89	0.038368	24.466
25.88	25.89	0.038385	24.566
25.88	25.89	0.038401	24.665
25.91	25.89	0.038418	24.766
25.91	25.89	0.038435	24.865
25.91	25.89	0.038451	24.965
25.91	25.89	0.038468	25.065
25.91	25.89	0.038485	25.165
25.91	25.89	0.038501	25.265
25.91	25.89	0.038518	25.366
25.91	25.89	0.038535	25.466
25.91	25.89	0.038551	25.565
25.91	25.89	0.038568	25.666
25.91	25.90	0.038585	25.765
25.91	25.90	0.038601	25.865
25.88	25.90	0.038618	25.965
25.88	25.90	0.038635	26.065
25.88	25.90	0.038651	26.166
25.88	25.90	0.038668	26.266
25.88	25.90	0.038685	26.367
25.88	25.90	0.038701	26.466
25.88	25.90	0.038718	26.566
25.88	25.90	0.038735	26.666
25.88	25.90	0.038751	26.766
25.91	25.90	0.038768	26.866
25.91	25.90	0.038784	26.966
25.91	25.91	0.038801	27.090
25.91	25.91	0.038818	27.190
25.91	25.91	0.038834	27.295
25.91	25.91	0.038851	27.389
25.91	25.91	0.038868	27.465
25.91	25.91	0.038884	27.594
25.91	25.91	0.038901	27.689
25.91	25.91	0.038918	27.789
25.91	25.91	0.038934	27.893
25.91	25.91	0.038951	27.987
25.91	25.91	0.038968	28.090
25.91	25.91	0.038984	28.192
25.91	25.91	0.039001	28.286
25.91	25.92	0.039018	28.390
25.91	25.92	0.039034	28.490
25.91	25.92	0.039051	28.585
25.94	25.92	0.039068	28.689
25.94	25.92	0.039084	28.789
25.94	25.92	0.039101	28.884
25.94	25.92	0.039118	28.988
25.94	25.92	0.039134	29.088
25.94	25.92	0.039151	29.182
25.94	25.92	0.039168	29.287
25.94	25.92	0.039184	29.386
25.94	25.92	0.039201	29.481
25.94	25.92	0.039218	29.585
25.94	25.93	0.039234	29.686
25.94	25.93	0.039251	29.780
25.94	25.93	0.039268	29.885
25.91	25.93	0.039284	29.979
25.91	25.93	0.039301	30.079
25.91	25.93	0.039318	30.184
25.91	25.93	0.039334	30.278
25.91	25.93	0.039351	30.378
25.91	25.93	0.039368	30.482
25.91	25.93	0.039384	30.577
25.91	25.93	0.039401	30.677
25.91	25.93	0.039418	30.781
25.91	25.93	0.039434	30.876
25.94	25.94	0.039451	30.975
25.94	25.94	0.039468	31.080
25.94	25.94	0.039484	31.174
25.94	25.94	0.039501	31.274
25.94	25.94	0.039518	31.379
25.94	25.94	0.039534	31.473
25.94	25.94	0.039551	31.573
25.94	25.94	0.039568	31.677
25.94	25.94	0.039584	31.772
25.94	25.94	0.039601	31.871
25.94	25.94	0.039617	31.976
25.94	25.94	0.039634	32.071
25.94	25.94	0.039651	32.171
25.94	25.95	0.039667	32.275
25.94	25.95	0.039684	32.369
25.94	25.95	0.039701	32.470
25.94	25.95	0.039717	32.574
25.94	25.95	0.039734	32.669
25.96	25.95	0.039751	32.768
25.96	25.95	0.039767	32.873
25.96	25.95	0.039784	32.968
25.96	25.95	0.039801	33.068
25.96	25.95	0.039817	33.172
25.96	25.95	0.039834	33.266
25.96	25.95	0.039851	33.369
25.96	25.95	0.039867	33.470
25.96	25.96	0.039884	33.566
25.96	25.96	0.039901	33.668
25.96	25.96	0.039917	33.769
25.96	25.96	0.039934	33.867
25.96	25.96	0.039951	33.968
25.96	25.96	0.039967	34.068
25.96	25.96	0.039984	34.167
25.96	25.96	0.040001	34.267
25.96	25.96	0.040017	34.367
25.96	25.96	0.040034	34.467
25.96	25.96	0.040051	34.568
25.96	25.96	0.040067	34.667
25.96	25.96	0.040084	34.768
25.96	25.97	0.040101	34.867
25.96	25.97	0.040117	34.967
25.96	25.97	0.040134	35.067
25.96	25.97	0.040151	35.167
25.96	25.97	0.040167	35.267
25.96	25.97	0.040184	35.367
25.96	25.97	0.040201	35.468
25.96	25.97	0.040217	35.567
25.96	25.97	0.040234	35.667
25.96	25.97	0.040251	35.767
25.96	25.97	0.040267	35.867
25.96	25.97	0.040284	35.967
25.96	25.97	0.040301	36.067
25.96	25.98	0.040317	36.167
25.96	25.98	0.040334	36.267
25.96	25.98	0.040351	36.368
25.96	25.98	0.040367	36.467
25.96	25.98	0.040384	36.567
25.99	25.98	0.040401	36.667
25.99	25.98	0.040417	36.767
25.99	25.98	0.040434	36.867
25.99	25.98	0.040450	36.967
25.99	25.98	0.040467	37.068
25.99	25.98	0.040484	37.167
25.99	25.98	0.040500	37.268
25.99	25.98	0.040517	37.367
25.99	25.99	0.040534	37.467
25.99	25.99	0.040550	37.567
25.99	25.99	0.040567	37.667
25.99	25.99	0.040584	37.767
25.99	25.99	0.040600	37.867
25.99	25.99	0.040617	37.968
25.99	25.99	0.040634	38.067
25.99	25.99	0.040650	38.167
25.99	25.99	0.040667	38.267
25.99	25.99	0.040684	38.367
25.99	25.99	0.040700	38.467
25.99	25.99	0.040717	38.567
25.99	25.99	0.040734	38.668
25.99	26.00	0.040750	38.767
25.99	26.00	0.040767	38.868
25.99	26.00	0.040784	38.967
25.99	26.00	0.040800	39.067
25.99	26.00	0.040817	39.167
25.99	26.00	0.040834	39.267
25.99	26.00	0.040850	39.367
26.01	26.00	0.040867	39.467
26.01	26.00	0.040884	39.596
26.01	26.00	0.040900	39.691
26.01	26.00	0.040917	39.791
26.01	26.00	0.040934	39.895
26.01	26.00	0.040950	39.990
26.01	26.01	0.040967	40.090
26.01	26.01	0.040984	40.194
26.01	26.01	0.041000	40.289
26.01	26.01	0.041017	40.388
26.01	26.01	0.041034	40.493
26.01	26.01	0.041050	40.588
26.01	26.01	0.041067	40.687
26.01	26.01	0.041084	40.792
26.01	26.01	0.041100	40.886
26.01	26.01	0.041117	40.987
26.01	26.01	0.041134	41.090
26.01	26.01	0.041150	41.185
26.01	26.01	0.041167	41.286
26.01	26.02	0.041184	41.389
26.01	26.02	0.041200	41.484
26.01	26.02	0.041217	41.587
26.01	26.02	0.041234	41.688
26.01	26.02	0.041250	41.782
26.01	26.02	0.041267	41.887
26.01	26.02	0.041283	41.986
26.01	26.02	0.041300	42.081
26.01	26.02	0.041317	42.186
26.01	26.02	0.041333	42.285
26.01	26.02	0.041350	42.380
26.01	26.02	0.041367	42.485
26.01	26.02	0.041383	42.585
26.01	26.03	0.041400	42.679
26.01	26.03	0.041417	42.784
26.01	26.03	0.041433	42.883
26.04	26.03	0.041450	42.978
26.04	26.03	0.041467	43.083
26.04	26.03	0.041483	43.182
26.04	26.03	0.041500	43.277
26.04	26.03	0.041517	43.381
26.04	26.03	0.041533	43.476
26.04	26.03	0.041550	43.575
26.04	26.03	0.041567	43.680
26.04	26.03	0.041583	43.775
26.04	26.03	0.041600	43.874
26.04	26.04	0.041617	43.979
26.04	26.04	0.041633	44.073
26.04	26.04	0.041650	44.173
26.04	26.04	0.041667	44.277
26.04	26.04	0.041683	44.372
26.04	26.04	0.041700	44.471
26.04	26.04	0.041717	44.576
26.04	26.04	0.041733	44.671
26.04	26.04	0.041750	44.770
26.04	26.04	0.041767	44.876
26.04	26.04	0.041783	44.970
26.04	26.04	0.041800	45.069
26.04	26.04	0.041817	45.174
26.04	26.05	0.041833	45.269
26.04	26.05	0.041850	45.369
26.04	26.05	0.041867	45.473
26.04	26.05	0.041883	45.574
26.04	26.05	0.041900	45.674
26.04	26.05	0.041917	45.774
26.04	26.05	0.041933	45.874
26.04	26.05	0.041950	45.974
26.04	26.05	0.041967	46.074
26.06	26.05	0.041983	46.175
26.06	26.05	0.042000	46.274
26.06	26.05	0.042017	46.375
26.06	26.05	0.042033	46.474
26.06	26.06	0.042050	46.574
26.06	26.06	0.042067	46.674
26.06	26.06	0.042083	46.774
26.06	26.06	0.042100	46.874
26.06	26.06	0.042116	46.974
26.06	26.06	0.042133	47.075
26.06	26.06	0.042150	47.174
26.06	26.06	0.042166	47.274
26.06	26.06	0.042183	47.374
26.06	26.06	0.042200	47.474
26.06	26.06	0.042216	47.574
26.06	26.06	0.042233	47.674
26.06	26.06	0.042250	47.774
26.06	26.07	0.042266	47.875
26.06	26.07	0.042283	47.974
26.06	26.07	0.042300	48.074
26.06	26.07	0.042316	48.174
26.06	26.07	0.042333	48.274
26.06	26.07	0.042350	48.374
26.06	26.07	0.042366	48.474
26.06	26.07	0.042383	48.575
26.06	26.07	0.042400	48.676
26.06	26.07	0.042416	48.775
26.09	26.07	0.042433	48.875
26.09	26.07	0.042450	48.975
26.09	26.07	0.042466	49.075
26.09	26.08	0.042483	49.175
26.09	26.08	0.042500	49.275
26.09	26.08	0.042516	49.376
26.09	26.08	0.042533	49.475
26.09	26.08	0.042550	49.575
26.09	26.08	0.042566	49.675
26.09	26.08	0.042583	49.775
26.09	26.08	0.042600	49.875
26.09	26.08	0.042616	49.975
26.09	26.08	0.042633	50.075
26.09	26.08	0.042650	50.204
26.09	26.08	0.042666	50.299
26.09	26.08	0.042683	50.374
26.09	26.08	0.042700	50.503
26.09	26.09	0.042716	50.598
26.06	26.09	0.042733	50.702
26.06	26.09	0.042750	50.802
26.06	26.09	0.042766	50.896
26.06	26.09	0.042783	51.001
26.06	26.09	0.042800	51.100
26.09	26.09	0.042816	51.195
26.09	26.09	0.042833	51.301
26.09	26.09	0.042850	51.395
26.09	26.09	0.042866	51.494
26.09	26.09	0.042883	51.599
26.09	26.09	0.042900	51.693
26.09	26.09	0.042916	51.793
26.09	26.10	0.042933	51.898
26.09	26.10	0.042949	51.992
26.09	26.10	0.042966	52.092
26.09	26.10	0.042983	52.196
26.09	26.10	0.042999	52.291
26.12	26.10	0.043016	52.390
26.12	26.10	0.043033	52.496
26.12	26.10	0.043049	52.589
26.12	26.10	0.043066	52.690
26.12	26.10	0.043083	52.795
26.12	26.10	0.043099	52.889
26.12	26.10	0.043116	52.989
26.12	26.10	0.043133	53.093
26.12	26.11	0.043149	53.188
26.12	26.11	0.043166	53.287
26.12	26.11	0.043183	53.392
26.12	26.11	0.043199	53.487
26.12	26.11	0.043216	53.586
26.09	26.11	0.043233	53.691
26.09	26.11	0.043249	53.785
26.09	26.11	0.043266	53.885
26.09	26.11	0.043283	53.989
26.09	26.11	0.043299	54.084
26.09	26.11	0.043316	54.184
26.09	26.11	0.043333	54.288
26.09	26.11	0.043349	54.383
26.09	26.12	0.043366	54.484
26.12	26.12	0.043383	54.587
26.12	26.12	0.043399	54.681
26.12	26.12	0.043416	54.784
26.12	26.12	0.043433	54.885
26.12	26.12	0.043449	54.980
26.12	26.12	0.043466	55.084
26.12	26.12	0.043483	55.185
26.12	26.12	0.043499	55.280
26.12	26.12	0.043516	55.384
26.12	26.12	0.043533	55.484
26.12	26.12	0.043549	55.578
26.12	26.12	0.043566	55.683
26.12	26.13	0.043583	55.782
26.12	26.13	0.043599	55.877
26.12	26.13	0.043616	55.982
26.12	26.13	0.043633	56.081
26.12	26.13	0.043649	56.176
26.12	26.13	0.043666	56.280
26.12	26.13	0.043683	56.380
26.12	26.13	0.043699	56.475
26.12	26.13	0.043716	56.579
26.12	26.13	0.043733	56.679
26.14	26.13	0.043749	56.775
26.14	26.13	0.043766	56.878
26.14	26.13	0.043782	56.979
26.14	26.14	0.043799	57.075
26.14	26.14	0.043816	57.176
26.14	26.14	0.043832	57.279
26.14	26.14	0.043849	57.375
26.14	26.14	0.043866	57.475
26.14	26.14	0.043882	57.579
26.14	26.14	0.043899	57.676
26.14	26.14	0.043916	57.775
26.14	26.14	0.043932	57.879
26.14	26.14	0.043949	57.975
26.14	26.14	0.043966	58.075
26.14	26.14	0.043982	58.179
26.14	26.14	0.043999	58.275
26.14	26.15	0.044016	58.376
26.14	26.15	0.044032	58.479
26.14	26.15	0.044049	58.575
26.14	26.15	0.044066	58.675
26.14	26.15	0.044082	58.779
26.17	26.15	0.044099	58.875
26.17	26.15	0.044116	58.975
26.17	26.15	0.044132	59.078
26.17	26.15	0.044149	59.175
26.17	26.15	0.044166	59.276
26.17	26.15	0.044182	59.379
26.17	26.15	0.044199	59.475
26.17	26.15	0.044216	59.575
26.17	26.16	0.044232	59.679
26.17	26.16	0.044249	59.775
26.17	26.16	0.044266	59.875
26.17	26.16	0.044282	59.979
26.14	26.16	0.044299	00.076
26.14	26.16	0.044316	00.175
26.14	26.16	0.044332	00.279
26.14	26.16	0.044349	00.376
26.14	26.16	0.044366	00.476
26.14	26.16	0.044382	00.578
26.14	26.16	0.044399	00.676
26.14	26.16	0.044416	00.777
26.14	26.16	0.044432	00.878
26.17	26.17	0.044449	00.977
26.17	26.17	0.044466	01.076
26.17	26.17	0.044482	01.179
26.17	26.17	0.044499	01.276
26.17	26.17	0.044516	01.376
26.17	26.17	0.044532	01.478
26.17	26.17	0.044549	01.576
26.17	26.17	0.044566	01.677
26.17	26.17	0.044582	01.778
26.17	26.17	0.044599	01.876
26.17	26.17	0.044615	01.976
26.17	26.17	0.044632	02.078
26.17	26.17	0.044649	02.176
26.17	26.18	0.044665	02.276
26.17	26.18	0.044682	02.378
26.17	26.18	0.044699	02.476
26.17	26.18	0.044715	02.601
26.17	26.18	0.044732	02.678
26.19	26.18	0.044749	02.805
26.19	26.18	0.044765	02.899
26.19	26.18	0.044782	02.978
26.19	26.18	0.044799	03.103
26.19	26.18	0.044815	03.198
26.19	26.18	0.044832	03.278
26.19	26.18	0.044849	03.402
26.19	26.18	0.044865	03.497
26.19	26.19	0.044882	03.601
26.19	26.19	0.044899	03.701
26.19	26.19	0.044915	03.795
26.19	26.19	0.044932	03.900
26.19	26.19	0.044949	03.999
26.19	26.19	0.044965	04.094
26.19	26.19	0.044982	04.199
26.19	26.19	0.044999	04.299
26.19	26.19	0.045015	04.394
26.19	26.19	0.045032	04.498
26.19	26.19	0.045049	04.598
26.19	26.19	0.045065	04.692
26.19	26.19	0.045082	04.797
26.19	26.20	0.045099	04.891
26.19	26.20	0.045115	04.990
26.19	26.20	0.045132	05.095
26.19	26.20	0.045149	05.190
26.19	26.20	0.045165	05.290
26.19	26.20	0.045182	05.394
26.19	26.20	0.045199	05.489
26.19	26.20	0.045215	05.588
26.19	26.20	0.045232	05.693
26.19	26.20	0.045249	05.787
26.19	26.20	0.045265	05.887
26.22	26.20	0.045282	05.992
26.22	26.20	0.045299	06.086
26.22	26.21	0.045315	06.187
26.22	26.21	0.045332	06.291
26.22	26.21	0.045349	06.386
26.22	26.21	0.045365	06.485
26.22	26.21	0.045382	06.590
26.22	26.21	0.045399	06.685
26.22	26.21	0.045415	06.784
26.22	26.21	0.045432	06.889
26.22	26.21	0.045448	06.983
26.22	26.21	0.045465	07.083
26.22	26.21	0.045482	07.187
26.22	26.21	0.045498	07.282
26.19	26.21	0.045515	07.381
26.19	26.22	0.045532	07.486
26.19	26.22	0.045548	07.581
26.19	26.22	0.045565	07.681
26.19	26.22	0.045582	07.785
26.19	26.22	0.045598	07.879
26.19	26.22	0.045615	07.981
26.19	26.22	0.045632	08.083
26.22	26.22	0.045648	08.178
26.22	26.22	0.045665	08.282
26.22	26.22	0.045682	08.382
26.22	26.22	0.045698	08.477
26.22	26.22	0.045715	08.581
26.22	26.22	0.045732	08.681
26.22	26.23	0.045748	08.776
26.22	26.23	0.045765	08.881
26.22	26.23	0.045782	08.979
26.22	26.23	0.045798	09.076
26.24	26.23	0.045815	09.180
26.24	26.23	0.045832	09.279
26.24	26.23	0.045848	09.376
26.24	26.23	0.045865	09.478
26.24	26.23	0.045882	09.578
26.24	26.23	0.045898	09.676
26.24	26.23	0.045915	09.777
26.24	26.23	0.045932	09.876
26.24	26.23	0.045948	09.976
26.24	26.24	0.045965	10.077
26.24	26.24	0.045982	10.176
26.24	26.24	0.045998	10.276
26.24	26.24	0.046015	10.376
26.24	26.24	0.046032	10.476
26.24	26.24	0.046048	10.576
26.24	26.24	0.046065	10.676
26.24	26.24	0.046082	10.776
26.24	26.24	0.046098	10.877
26.24	26.24	0.046115	10.976
26.24	26.24	0.046132	11.076
26.24	26.24	0.046148	11.176
26.24	26.24	0.046165	11.276
26.24	26.25	0.046182	11.376
26.24	26.25	0.046198	11.476
26.24	26.25	0.046215	11.577
26.24	26.25	0.046232	11.676
26.24	26.25	0.046248	11.776
26.24	26.25	0.046265	11.876
26.24	26.25	0.046281	11.976
26.24	26.25	0.046298	12.076
26.24	26.25	0.046315	12.176
26.24	26.25	0.046331	12.276
26.24	26.25	0.046348	12.376
26.24	26.25	0.046365	12.477
26.24	26.25	0.046381	12.576
26.24	26.26	0.046398	12.676
26.24	26.26	0.046415	12.776
26.24	26.26	0.046431	12.876
26.24	26.26	0.046448	12.976
26.27	26.26	0.046465	13.076
26.27	26.26	0.046481	13.177
26.27	26.26	0.046498	13.276
26.27	26.26	0.046515	13.377
26.27	26.26	0.046531	13.476
26.27	26.26	0.046548	13.576
26.27	26.26	0.046565	13.676
26.27	26.26	0.046581	13.776
26.27	26.26	0.046598	13.876
26.27	26.27	0.046615	13.976
26.27	26.27	0.046631	14.077
26.27	26.27	0.046648	14.176
26.27	26.27	0.046665	14.276
26.27	26.27	0.046681	14.376
26.27	26.27	0.046698	14.476
26.27	26.27	0.046715	14.576
26.27	26.27	0.046731	14.676
26.27	26.27	0.046748	14.776
26.27	26.27	0.046765	14.876
26.27	26.27	0.046781	14.977
26.27	26.27	0.046798	15.076
26.27	26.27	0.046815	15.176
26.27	26.28	0.046831	15.300
26.27	26.28	0.046848	15.375
26.27	26.28	0.046865	15.499
26.27	26.28	0.046881	15.575
26.27	26.28	0.046898	15.703
26.27	26.28	0.046915	15.798
26.27	26.28	0.046931	15.901
26.27	26.28	0.046948	16.002
26.29	26.28	0.046965	16.098
26.29	26.28	0.046981	16.200
26.29	26.28	0.046998	16.302
26.29	26.28	0.047015	16.396
26.29	26.28	0.047031	16.475
26.29	26.29	0.047048	16.600
26.29	26.29	0.047065	16.695
26.29	26.29	0.047081	16.800
26.29	26.29	0.047098	16.899
26.29	26.29	0.047114	16.994
26.29	26.29	0.047131	17.098
26.29	26.29	0.047148	17.198
26.29	26.29	0.047164	17.292
26.29	26.29	0.047181	17.397
26.29	26.29	0.047198	17.496
26.29	26.29	0.047214	17.591
26.29	26.29	0.047231	17.696
26.29	26.29	0.047248	17.795
26.29	26.30	0.047264	17.890
26.29	26.30	0.047281	17.995
26.29	26.30	0.047298	18.089
26.29	26.30	0.047314	18.189
26.29	26.30	0.047331	18.293
26.29	26.30	0.047348	18.388
26.29	26.30	0.047364	18.488
26.29	26.30	0.047381	18.592
26.29	26.30	0.047398	18.687
26.29	26.30	0.047414	18.786
26.29	26.30	0.047431	18.891
26.29	26.30	0.047448	18.985
26.32	26.30	0.047464	19.085
26.32	26.30	0.047481	19.190
26.32	26.31	0.047498	19.284
26.32	26.31	0.047514	19.384
26.32	26.31	0.047531	19.488
26.32	26.31	0.047548	19.584
26.32	26.31	0.047564	19.683
26.32	26.31	0.047581	19.788
26.32	26.31	0.047598	19.882
26.32	26.31	0.047614	19.982
26.32	26.31	0.047631	20.087
26.32	26.31	0.047648	20.181
26.32	26.31	0.047664	20.281
26.32	26.31	0.047681	20.385
26.32	26.31	0.047698	20.480
26.32	26.32	0.047714	20.579
26.32	26.32	0.047731	20.684
26.32	26.32	0.047748	20.779
26.32	26.32	0.047764	20.879
26.32	26.32	0.047781	20.983
26.32	26.32	0.047798	21.077
26.32	26.32	0.047814	21.179
26.32	26.32	0.047831	21.281
26.32	26.32	0.047848	21.377
26.32	26.32	0.047864	21.478
26.32	26.32	0.047881	21.580
26.32	26.32	0.047898	21.678
26.32	26.32	0.047914	21.779
26.32	26.33	0.047931	21.879
26.32	26.33	0.047947	21.977
26.32	26.33	0.047964	22.078
26.32	26.33	0.047981	22.177
26.32	26.33	0.047997	22.277
26.32	26.33	0.048014	22.378
26.32	26.33	0.048031	22.477
26.32	26.33	0.048047	22.577
26.32	26.33	0.048064	22.677
26.32	26.33	0.048081	22.777
26.32	26.33	0.048097	22.877
26.32	26.33	0.048114	22.977
26.32	26.33	0.048131	23.077
26.32	26.34	0.048147	23.177
26.32	26.34	0.048164	23.278
26.32	26.34	0.048181	23.377
26.32	26.34	0.048197	23.477
26.32	26.34	0.048214	23.577
26.32	26.34	0.048231	23.677
26.32	26.34	0.048247	23.777
26.35	26.34	0.048264	23.877
26.35	26.34	0.048281	23.977
26.35	26.34	0.048297	24.077
26.35	26.34	0.048314	24.178
26.35	26.34	0.048331	24.277
26.35	26.34	0.048347	24.377
26.35	26.35	0.048364	24.477
26.35	26.35	0.048381	24.577
26.35	26.35	0.048397	24.677
26.35	26.35	0.048414	24.777
26.35	26.35	0.048431	24.878
26.35	26.35	0.048447	24.977
26.35	26.35	0.048464	25.078
26.35	26.35	0.048481	25.177
26.35	26.35	0.048497	25.277
26.35	26.35	0.048514	25.377
26.35	26.35	0.048531	25.477
26.37	26.35	0.048547	25.577
26.37	26.35	0.048564	25.677
26.37	26.36	0.048581	25.778
26.37	26.36	0.048597	25.877
26.37	26.36	0.048614	25.977
26.37	26.36	0.048631	26.077
26.37	26.36	0.048647	26.177
26.37	26.36	0.048664	26.277
26.37	26.36	0.048681	26.377
26.37	26.36	0.048697	26.477
26.35	26.36	0.048714	26.577
26.35	26.36	0.048731	26.678
26.35	26.36	0.048747	26.777
26.35	26.36	0.048764	26.877
26.35	26.36	0.048780	26.977
26.35	26.37	0.048797	27.077
26.35	26.37	0.048814	27.177
26.35	26.37	0.048830	27.278
26.37	26.37	0.048847	27.407
26.37	26.37	0.048864	27.502
26.37	26.37	0.048880	27.602
26.37	26.37	0.048897	27.706
26.37	26.37	0.048914	27.801
26.37	26.37	0.048930	27.900
26.37	26.37	0.048947	28.005
26.37	26.37	0.048964	28.099
26.37	26.37	0.048980	28.199
26.37	26.37	0.048997	28.303
26.37	26.38	0.049014	28.398
26.37	26.38	0.049030	28.499
26.37	26.38	0.049047	28.602
26.37	26.38	0.049064	28.698
26.37	26.38	0.049080	28.798
26.40	26.38	0.049097	28.902
26.40	26.38	0.049114	28.996
26.40	26.38	0.049130	29.098
26.40	26.38	0.049147	29.200
26.40	26.38	0.049164	29.295
26.40	26.38	0.049180	29.398
26.40	26.38	0.049197	29.499
26.40	26.38	0.049214	29.594
26.40	26.39	0.049230	29.698
26.40	26.39	0.049247	29.798
26.40	26.39	0.049264	29.892
26.40	26.39	0.049280	29.997
26.37	26.39	0.049297	30.097
26.37	26.39	0.049314	30.192
26.37	26.39	0.049330	30.296
26.37	26.39	0.049347	30.396
26.37	26.39	0.049364	30.490
26.37	26.39	0.049380	30.595
26.37	26.39	0.049397	30.694
26.37	26.39	0.049414	30.789
26.37	26.39	0.049430	30.894
26.37	26.40	0.049447	30.993
26.40	26.40	0.049464	31.088
26.40	26.40	0.049480	31.192
26.40	26.40	0.049497	31.287
26.40	26.40	0.049514	31.386
26.40	26.40	0.049530	31.491
26.40	26.40	0.049547	31.585
26.40	26.40	0.049564	31.685
26.40	26.40	0.049580	31.790
26.40	26.40	0.049597	31.884
26.40	26.40	0.049613	31.984
26.40	26.40	0.049630	32.088
26.40	26.40	0.049647	32.183
26.40	26.41	0.049663	32.282
26.40	26.41	0.049680	32.387
26.40	26.41	0.049697	32.482
26.42	26.41	0.049713	32.582
26.42	26.41	0.049730	32.687
26.42	26.41	0.049747	32.781
26.42	26.41	0.049763	32.881
26.42	26.41	0.049780	32.985
26.42	26.41	0.049797	33.080
26.42	26.41	0.049813	33.180
26.42	26.41	0.049830	33.284
26.42	26.41	0.049847	33.379
26.42	26.41	0.049863	33.478
26.42	26.42	0.049880	33.583
26.42	26.42	0.049897	33.678
26.42	26.42	0.049913	33.778
26.42	26.42	0.049930	33.881
26.42	26.42	0.049947	33.978
26.42	26.42	0.049963	34.079
26.42	26.42	0.049980	34.180
26.42	26.42	0.049997	34.278
26.42	26.42	0.050013	34.378
26.40	26.42	0.050030	34.479
26.40	26.42	0.050047	34.578
26.40	26.42	0.050063	34.678
26.40	26.42	0.050080	34.778
26.42	26.43	0.050097	34.878
26.42	26.43	0.050113	34.979
26.42	26.43	0.050130	35.078
26.42	26.43	0.050147	35.178
26.42	26.43	0.050163	35.278
26.42	26.43	0.050180	35.378
26.42	26.43	0.050197	35.478
26.42	26.43	0.050213	35.578
26.42	26.43	0.050230	35.679
26.42	26.43	0.050247	35.778
26.42	26.43	0.050263	35.879
26.42	26.43	0.050280	35.978
26.42	26.43	0.050297	36.078
26.42	26.44	0.050313	36.178
26.42	26.44	0.050330	36.278
26.45	26.44	0.050347	36.378
26.45	26.44	0.050363	36.478
26.45	26.44	0.050380	36.579
26.45	26.44	0.050397	36.678
26.45	26.44	0.050413	36.778
26.45	26.44	0.050430	36.878
26.45	26.44	0.050446	36.978
26.45	26.44	0.050463	37.078
26.45	26.44	0.050480	37.178
26.45	26.44	0.050496	37.279
26.45	26.44	0.050513	37.378
26.45	26.45	0.050530	37.478
26.45	26.45	0.050546	37.578
26.45	26.45	0.050563	37.678
26.45	26.45	0.050580	37.778
26.45	26.45	0.050596	37.878
26.45	26.45	0.050613	37.979
26.45	26.45	0.050630	38.078
26.45	26.45	0.050646	38.178
26.45	26.45	0.050663	38.278
26.45	26.45	0.050680	38.378
26.45	26.45	0.050696	38.478
26.45	26.45	0.050713	38.578
26.45	26.45	0.050730	38.678
26.45	26.46	0.050746	38.778
26.45	26.46	0.050763	38.879
26.45	26.46	0.050780	38.978
26.47	26.46	0.050796	39.078
26.47	26.46	0.050813	39.178
26.47	26.46	0.050830	39.278
26.47	26.46	0.050846	39.378
26.47	26.46	0.050863	39.478
26.47	26.46	0.050880	39.579
26.47	26.46	0.050896	39.678
26.47	26.46	0.050913	39.779
26.47	26.46	0.050930	39.878
26.47	26.46	0.050946	39.978
26.47	26.47	0.050963	40.102
26.47	26.47	0.050980	40.202
26.47	26.47	0.050996	40.306
26.47	26.47	0.051013	40.401
26.47	26.47	0.051030	40.500
26.47	26.47	0.051046	40.605
26.47	26.47	0.051063	40.700
26.47	26.47	0.051080	40.799
26.45	26.47	0.051096	40.904
26.45	26.47	0.051113	40.999
26.45	26.47	0.051130	41.098
26.45	26.47	0.051146	41.203
26.45	26.47	0.051163	41.297
26.47	26.48	0.051180	41.397
26.47	26.48	0.051196	41.502
26.47	26.48	0.051213	41.596
26.47	26.48	0.051230	41.696
26.47	26.48	0.051246	41.800
26.47	26.48	0.051263	41.895
26.47	26.48	0.051279	41.995
26.47	26.48	0.051296	42.100
26.47	26.48	0.051313	42.194
26.47	26.48	0.051329	42.295
26.47	26.48	0.051346	42.398
26.47	26.48	0.051363	42.493
26.47	26.48	0.051379	42.595
26.47	26.49	0.051396	42.697
26.50	26.49	0.051413	42.791
26.50	26.49	0.051429	42.895
26.50	26.49	0.051446	42.996
26.50	26.49	0.051463	43.090
26.50	26.49	0.051479	43.195
26.50	26.49	0.051496	43.294
26.50	26.49	0.051513	43.389
26.50	26.49	0.051529	43.493
26.50	26.49	0.051546	43.593
26.50	26.49	0.051563	43.689
26.50	26.49	0.051579	43.793
26.50	26.49	0.051596	43.893
26.50	26.50	0.051613	43.987
26.50	26.50	0.051629	44.092
26.50	26.50	0.051646	44.191
26.50	26.50	0.051663	44.286
26.50	26.50	0.051679	44.390
26.50	26.50	0.051696	44.485
26.50	26.50	0.051713	44.585
26.50	26.50	0.051729	44.689
