100.00	0.00	7.23	30.00	150.00	2.70	97.30	2.70	

15.01	25.50	0.000000	18.260
15.01	25.50	0.000017	18.365
14.99	25.50	0.000033	18.459
15.24	25.50	0.000050	18.559
15.45	25.50	0.000067	18.663
17.55	25.50	0.000083	18.758
17.88	25.50	0.000100	18.857
18.19	25.50	0.000117	18.962
20.09	25.50	0.000133	19.060
20.53	25.50	0.000150	19.159
20.81	25.50	0.000167	19.264
21.41	25.50	0.000183	19.358
21.93	25.50	0.000200	19.458
22.13	25.50	0.000217	19.562
22.50	25.50	0.000233	19.657
22.73	25.50	0.000250	19.756
22.81	25.50	0.000267	19.861
22.91	25.50	0.000283	19.956
22.91	25.50	0.000300	20.055
22.94	25.50	0.000317	20.160
23.01	25.50	0.000333	20.254
23.12	25.50	0.000350	20.354
23.17	25.50	0.000367	20.458
23.35	25.50	0.000383	20.553
23.58	25.50	0.000400	20.653
23.68	25.50	0.000416	20.758
23.96	25.50	0.000433	20.852
24.22	25.50	0.000450	20.952
24.35	25.50	0.000466	21.057
24.60	25.50	0.000483	21.151
24.81	25.50	0.000500	21.251
24.88	25.50	0.000516	21.355
25.04	25.50	0.000533	21.450
25.14	25.50	0.000550	21.550
25.17	25.50	0.000566	21.654
25.17	25.50	0.000583	21.749
25.19	25.50	0.000600	21.849
25.19	25.50	0.000616	21.953
25.19	25.50	0.000633	22.047
25.24	25.50	0.000650	22.149
25.29	25.50	0.000666	22.251
25.37	25.50	0.000683	22.346
25.45	25.50	0.000700	22.449
25.50	25.50	0.000716	22.550
25.58	25.50	0.000733	22.645
25.65	25.50	0.000750	22.749
25.70	25.50	0.000766	22.849
25.70	25.50	0.000783	22.943
25.73	25.50	0.000800	23.049
25.76	25.50	0.000816	23.149
25.78	25.50	0.000833	23.243
25.78	25.50	0.000850	23.348
25.78	25.50	0.000866	23.447
25.81	25.50	0.000883	23.542
25.81	25.50	0.000900	23.646
25.83	25.50	0.000916	23.746
25.88	25.50	0.000933	23.840
25.88	25.50	0.000950	23.945
25.88	25.50	0.000966	24.045
25.91	25.50	0.000983	24.139
25.91	25.50	0.001000	24.244
25.91	25.50	0.001016	24.343
25.94	25.50	0.001033	24.439
25.94	25.50	0.001050	24.542
25.94	25.50	0.001066	24.644
25.96	25.50	0.001083	24.740
25.96	25.50	0.001100	24.841
25.96	25.50	0.001116	24.944
25.96	25.50	0.001133	25.039
25.96	25.50	0.001150	25.140
25.96	25.50	0.001166	25.243
25.96	25.50	0.001183	25.339
25.96	25.50	0.001200	25.439
25.96	25.50	0.001216	25.543
25.96	25.50	0.001233	25.640
25.96	25.50	0.001250	25.739
25.94	25.50	0.001266	25.844
25.94	25.50	0.001283	25.939
25.94	25.50	0.001299	26.039
25.91	25.50	0.001316	26.143
25.86	25.50	0.001333	26.239
25.86	25.50	0.001349	26.339
25.81	25.50	0.001366	26.444
25.81	25.50	0.001383	26.539
25.81	25.50	0.001399	26.639
25.78	25.50	0.001416	26.743
25.78	25.50	0.001433	26.839
25.78	25.50	0.001449	26.939
25.76	25.50	0.001466	27.043
25.76	25.50	0.001483	27.139
25.76	25.50	0.001499	27.239
25.76	25.50	0.001516	27.343
25.76	25.50	0.001533	27.439
25.73	25.50	0.001549	27.539
25.73	25.50	0.001566	27.643
25.73	25.50	0.001583	27.739
25.73	25.50	0.001599	27.839
25.70	25.50	0.001616	27.943
25.70	25.50	0.001633	28.039
25.70	25.50	0.001649	28.139
25.70	25.50	0.001666	28.243
25.68	25.50	0.001683	28.339
25.68	25.50	0.001699	28.439
25.68	25.50	0.001716	28.543
25.68	25.50	0.001733	28.639
25.65	25.50	0.001749	28.739
25.65	25.50	0.001766	28.843
25.65	25.50	0.001783	28.940
25.65	25.50	0.001799	29.039
25.63	25.50	0.001816	29.143
25.63	25.50	0.001833	29.239
25.63	25.50	0.001849	29.339
25.63	25.50	0.001866	29.442
25.60	25.50	0.001883	29.539
25.60	25.50	0.001899	29.639
25.60	25.50	0.001916	29.742
25.60	25.50	0.001933	29.840
25.58	25.50	0.001949	29.939
25.58	25.50	0.001966	30.043
25.58	25.50	0.001983	30.139
25.58	25.50	0.001999	30.239
25.58	25.50	0.002016	30.342
25.55	25.50	0.002033	30.439
25.55	25.50	0.002049	30.563
25.55	25.50	0.002066	30.642
25.55	25.50	0.002082	30.768
25.55	25.50	0.002099	30.863
25.55	25.50	0.002116	30.942
25.55	25.50	0.002132	31.067
25.55	25.50	0.002149	31.162
25.55	25.50	0.002166	31.266
25.53	25.50	0.002182	31.366
25.53	25.50	0.002199	31.460
25.53	25.50	0.002216	31.565
25.53	25.50	0.002232	31.665
25.53	25.50	0.002249	31.759
25.53	25.50	0.002266	31.864
25.53	25.50	0.002282	31.963
25.53	25.50	0.002299	32.058
25.53	25.50	0.002316	32.162
25.53	25.50	0.002332	32.262
25.53	25.50	0.002349	32.356
25.53	25.50	0.002366	32.461
25.53	25.50	0.002382	32.556
25.53	25.50	0.002399	32.655
25.53	25.50	0.002416	32.760
25.53	25.50	0.002432	32.854
25.53	25.50	0.002449	32.954
25.53	25.50	0.002466	33.058
25.53	25.50	0.002482	33.153
25.53	25.50	0.002499	33.254
25.53	25.50	0.002516	33.358
25.53	25.50	0.002532	33.453
25.50	25.50	0.002549	33.552
25.50	25.50	0.002566	33.657
25.50	25.50	0.002582	33.751
25.50	25.50	0.002599	33.851
25.50	25.50	0.002616	33.955
25.50	25.50	0.002632	34.050
25.50	25.50	0.002649	34.150
25.50	25.50	0.002666	34.254
25.50	25.50	0.002682	34.349
25.50	25.50	0.002699	34.448
25.50	25.50	0.002716	34.553
25.50	25.50	0.002732	34.647
25.50	25.50	0.002749	34.747
25.53	25.50	0.002766	34.851
25.53	25.50	0.002782	34.946
25.53	25.50	0.002799	35.046
25.53	25.50	0.002816	35.151
25.53	25.50	0.002832	35.245
25.53	25.50	0.002849	35.345
25.53	25.50	0.002866	35.450
25.53	25.50	0.002882	35.544
25.53	25.50	0.002899	35.645
25.53	25.50	0.002915	35.749
25.53	25.50	0.002932	35.843
25.53	25.50	0.002949	35.946
25.53	25.50	0.002965	36.047
25.53	25.50	0.002982	36.142
25.50	25.50	0.002999	36.245
25.50	25.50	0.003015	36.346
25.50	25.50	0.003032	36.441
25.50	25.50	0.003049	36.545
25.50	25.50	0.003065	36.645
25.50	25.50	0.003082	36.740
25.50	25.50	0.003099	36.844
25.50	25.50	0.003115	36.943
25.50	25.50	0.003132	37.040
25.50	25.50	0.003149	37.142
25.50	25.50	0.003165	37.242
25.50	25.50	0.003182	37.341
25.50	25.50	0.003199	37.441
25.50	25.50	0.003215	37.541
25.50	25.50	0.003232	37.640
25.53	25.50	0.003249	37.740
25.53	25.50	0.003265	37.840
25.53	25.50	0.003282	37.940
25.53	25.50	0.003299	38.040
25.53	25.50	0.003315	38.140
25.53	25.50	0.003332	38.241
25.53	25.50	0.003349	38.340
25.53	25.50	0.003365	38.440
25.53	25.50	0.003382	38.541
25.50	25.50	0.003399	38.641
25.50	25.50	0.003415	38.741
25.50	25.50	0.003432	38.841
25.50	25.50	0.003449	38.942
25.50	25.50	0.003465	39.041
25.50	25.50	0.003482	39.141
25.50	25.50	0.003499	39.241
25.50	25.50	0.003515	39.341
25.50	25.50	0.003532	39.441
25.50	25.50	0.003549	39.541
25.50	25.50	0.003565	39.641
25.50	25.50	0.003582	39.741
25.50	25.50	0.003599	39.842
25.50	25.50	0.003615	39.941
25.50	25.50	0.003632	40.041
25.50	25.50	0.003649	40.141
25.50	25.50	0.003665	40.241
25.50	25.50	0.003682	40.341
25.50	25.50	0.003699	40.441
25.50	25.50	0.003715	40.542
25.53	25.50	0.003732	40.641
25.53	25.50	0.003748	40.741
25.53	25.50	0.003765	40.841
25.53	25.50	0.003782	40.941
25.53	25.50	0.003798	41.041
25.53	25.50	0.003815	41.141
25.53	25.50	0.003832	41.241
25.53	25.50	0.003848	41.341
25.53	25.50	0.003865	41.442
25.50	25.50	0.003882	41.541
25.50	25.50	0.003898	41.641
25.50	25.50	0.003915	41.741
25.50	25.50	0.003932	41.841
25.50	25.50	0.003948	41.941
25.50	25.50	0.003965	42.041
25.50	25.50	0.003982	42.142
25.50	25.50	0.003998	42.241
25.50	25.50	0.004015	42.342
25.50	25.50	0.004032	42.441
25.50	25.50	0.004048	42.541
25.50	25.50	0.004065	42.641
25.50	25.50	0.004082	42.741
25.50	25.50	0.004098	42.865
25.50	25.50	0.004115	42.965
25.50	25.50	0.004132	43.069
25.50	25.50	0.004148	43.164
25.50	25.50	0.004165	43.264
25.50	25.50	0.004182	43.368
25.50	25.50	0.004198	43.463
25.50	25.50	0.004215	43.563
25.50	25.50	0.004232	43.667
25.50	25.50	0.004248	43.761
25.50	25.50	0.004265	43.863
25.50	25.50	0.004282	43.965
25.53	25.50	0.004298	44.060
25.53	25.50	0.004315	44.164
25.53	25.50	0.004332	44.265
25.53	25.50	0.004348	44.360
25.53	25.50	0.004365	44.463
25.53	25.50	0.004382	44.564
25.53	25.50	0.004398	44.658
25.53	25.50	0.004415	44.763
25.53	25.50	0.004432	44.863
25.53	25.50	0.004448	44.957
25.53	25.50	0.004465	45.062
25.50	25.50	0.004482	45.161
25.50	25.50	0.004498	45.256
25.50	25.50	0.004515	45.360
25.50	25.50	0.004532	45.460
25.50	25.50	0.004548	45.554
25.50	25.50	0.004565	45.659
25.50	25.50	0.004581	45.759
25.50	25.50	0.004598	45.853
25.50	25.50	0.004615	45.958
25.50	25.50	0.004631	46.052
25.50	25.50	0.004648	46.152
25.50	25.50	0.004665	46.256
25.50	25.50	0.004681	46.351
25.50	25.50	0.004698	46.451
25.50	25.50	0.004715	46.555
25.50	25.50	0.004731	46.650
25.50	25.50	0.004748	46.749
25.50	25.50	0.004765	46.854
25.50	25.50	0.004781	46.948
25.50	25.50	0.004798	47.049
25.50	25.50	0.004815	47.153
25.50	25.50	0.004831	47.248
25.50	25.50	0.004848	47.348
25.50	25.50	0.004865	47.452
25.50	25.50	0.004881	47.547
25.50	25.50	0.004898	47.646
25.50	25.50	0.004915	47.751
25.50	25.50	0.004931	47.845
25.50	25.50	0.004948	47.945
25.50	25.50	0.004965	48.049
25.50	25.50	0.004981	48.144
25.50	25.50	0.004998	48.244
25.50	25.50	0.005015	48.348
25.50	25.50	0.005031	48.443
25.50	25.50	0.005048	48.542
25.50	25.50	0.005065	48.647
25.50	25.50	0.005081	48.742
25.50	25.50	0.005098	48.842
25.50	25.50	0.005115	48.946
25.50	25.50	0.005131	49.042
25.50	25.50	0.005148	49.142
25.50	25.50	0.005165	49.244
25.50	25.50	0.005181	49.342
25.50	25.50	0.005198	49.442
25.50	25.50	0.005215	49.543
25.50	25.50	0.005231	49.642
25.50	25.50	0.005248	49.742
25.50	25.50	0.005265	49.843
25.53	25.50	0.005281	49.942
25.53	25.50	0.005298	50.042
25.53	25.50	0.005315	50.143
25.53	25.50	0.005331	50.243
25.53	25.50	0.005348	50.343
25.53	25.50	0.005365	50.443
25.53	25.50	0.005381	50.544
25.53	25.50	0.005398	50.643
25.50	25.50	0.005414	50.744
25.50	25.50	0.005431	50.843
25.50	25.50	0.005448	50.943
25.50	25.50	0.005464	51.043
25.50	25.50	0.005481	51.143
25.50	25.50	0.005498	51.243
25.50	25.50	0.005514	51.343
25.50	25.50	0.005531	51.444
25.50	25.50	0.005548	51.543
25.50	25.50	0.005564	51.643
25.50	25.50	0.005581	51.743
25.50	25.50	0.005598	51.843
25.50	25.50	0.005614	51.943
25.50	25.50	0.005631	52.043
25.50	25.50	0.005648	52.143
25.50	25.50	0.005664	52.243
25.50	25.50	0.005681	52.344
25.50	25.50	0.005698	52.443
25.50	25.50	0.005714	52.543
25.50	25.50	0.005731	52.643
25.50	25.50	0.005748	52.743
25.50	25.50	0.005764	52.843
25.50	25.50	0.005781	52.943
25.50	25.50	0.005798	53.044
25.50	25.50	0.005814	53.143
25.50	25.50	0.005831	53.244
25.50	25.50	0.005848	53.343
25.50	25.50	0.005864	53.443
25.50	25.50	0.005881	53.543
25.50	25.50	0.005898	53.643
25.50	25.50	0.005914	53.743
25.50	25.50	0.005931	53.843
25.50	25.50	0.005948	53.944
25.50	25.50	0.005964	54.043
25.50	25.50	0.005981	54.143
25.50	25.50	0.005998	54.243
25.50	25.50	0.006014	54.343
25.50	25.50	0.006031	54.443
25.50	25.50	0.006048	54.543
25.50	25.50	0.006064	54.643
25.50	25.50	0.006081	54.743
25.50	25.50	0.006098	54.867
25.50	25.50	0.006114	54.967
25.50	25.50	0.006131	55.072
25.50	25.50	0.006148	55.166
25.53	25.50	0.006164	55.266
25.53	25.50	0.006181	55.371
25.53	25.50	0.006198	55.466
25.53	25.50	0.006214	55.565
25.53	25.50	0.006231	55.670
25.53	25.50	0.006247	55.765
25.53	25.50	0.006264	55.864
25.53	25.50	0.006281	55.969
25.50	25.50	0.006297	56.063
25.50	25.50	0.006314	56.163
25.50	25.50	0.006331	56.267
25.50	25.50	0.006347	56.362
25.50	25.50	0.006364	56.461
25.50	25.50	0.006381	56.566
25.50	25.50	0.006397	56.661
25.50	25.50	0.006414	56.760
25.50	25.50	0.006431	56.864
25.50	25.50	0.006447	56.959
25.50	25.50	0.006464	57.059
25.50	25.50	0.006481	57.164
25.50	25.50	0.006497	57.258
25.50	25.50	0.006514	57.360
25.50	25.50	0.006531	57.463
25.50	25.50	0.006547	57.557
25.50	25.50	0.006564	57.660
25.50	25.50	0.006581	57.761
25.50	25.50	0.006597	57.856
25.50	25.50	0.006614	57.959
25.50	25.50	0.006631	58.060
25.50	25.50	0.006647	58.155
25.50	25.50	0.006664	58.259
25.50	25.50	0.006681	58.359
25.50	25.50	0.006697	58.453
25.50	25.50	0.006714	58.558
25.50	25.50	0.006731	58.657
25.50	25.50	0.006747	58.752
25.50	25.50	0.006764	58.856
25.50	25.50	0.006781	58.956
25.50	25.50	0.006797	59.051
25.50	25.50	0.006814	59.155
25.50	25.50	0.006831	59.255
25.50	25.50	0.006847	59.349
25.50	25.50	0.006864	59.454
25.50	25.50	0.006881	59.548
25.50	25.50	0.006897	59.649
25.50	25.50	0.006914	59.754
25.50	25.50	0.006931	59.848
25.50	25.50	0.006947	59.948
25.50	25.50	0.006964	00.052
25.50	25.50	0.006981	00.147
25.50	25.50	0.006997	00.246
25.50	25.50	0.007014	00.351
25.50	25.50	0.007031	00.446
25.50	25.50	0.007047	00.545
25.50	25.50	0.007064	00.650
25.50	25.50	0.007080	00.744
25.50	25.50	0.007097	00.844
25.50	25.50	0.007114	00.948
25.50	25.50	0.007130	01.043
25.50	25.50	0.007147	01.143
25.50	25.50	0.007164	01.247
25.50	25.50	0.007180	01.344
25.50	25.50	0.007197	01.443
25.50	25.50	0.007214	01.546
25.50	25.50	0.007230	01.643
25.50	25.50	0.007247	01.743
25.50	25.50	0.007264	01.844
25.50	25.50	0.007280	01.943
25.50	25.50	0.007297	02.044
25.50	25.50	0.007314	02.143
25.50	25.50	0.007330	02.244
25.53	25.50	0.007347	02.343
25.53	25.50	0.007364	02.443
25.53	25.50	0.007380	02.543
25.53	25.50	0.007397	02.643
25.53	25.50	0.007414	02.743
25.53	25.50	0.007430	02.843
25.50	25.50	0.007447	02.944
25.50	25.50	0.007464	03.043
25.50	25.50	0.007480	03.143
25.50	25.50	0.007497	03.243
25.50	25.50	0.007514	03.343
25.50	25.50	0.007530	03.443
25.50	25.50	0.007547	03.543
25.50	25.50	0.007564	03.643
25.50	25.50	0.007580	03.743
25.50	25.50	0.007597	03.844
25.50	25.50	0.007614	03.943
25.50	25.50	0.007630	04.043
25.50	25.50	0.007647	04.143
25.50	25.50	0.007664	04.243
25.50	25.50	0.007680	04.343
25.50	25.50	0.007697	04.443
25.50	25.50	0.007714	04.544
25.50	25.50	0.007730	04.643
25.50	25.50	0.007747	04.744
25.50	25.50	0.007764	04.843
25.50	25.50	0.007780	04.943
25.50	25.50	0.007797	05.043
25.50	25.50	0.007814	05.143
25.50	25.50	0.007830	05.243
25.50	25.50	0.007847	05.343
25.50	25.50	0.007864	05.444
25.50	25.50	0.007880	05.543
25.50	25.50	0.007897	05.643
25.50	25.50	0.007913	05.743
25.50	25.50	0.007930	05.843
25.50	25.50	0.007947	05.943
25.50	25.50	0.007963	06.043
25.50	25.50	0.007980	06.144
25.50	25.50	0.007997	06.243
25.50	25.50	0.008013	06.343
25.50	25.50	0.008030	06.443
25.50	25.50	0.008047	06.544
25.50	25.50	0.008063	06.643
25.50	25.50	0.008080	06.744
25.50	25.50	0.008097	06.843
25.50	25.50	0.008113	06.943
25.50	25.50	0.008130	07.043
25.50	25.50	0.008147	07.143
25.50	25.50	0.008163	07.243
25.50	25.50	0.008180	07.343
25.50	25.50	0.008197	07.472
25.50	25.50	0.008213	07.567
25.50	25.50	0.008230	07.643
25.50	25.50	0.008247	07.766
25.50	25.50	0.008263	07.866
25.50	25.50	0.008280	07.971
25.50	25.50	0.008297	08.066
25.50	25.50	0.008313	08.165
25.50	25.50	0.008330	08.270
25.53	25.50	0.008347	08.365
25.53	25.50	0.008363	08.464
25.53	25.50	0.008380	08.569
25.53	25.50	0.008397	08.663
25.53	25.50	0.008413	08.763
25.53	25.50	0.008430	08.867
25.50	25.50	0.008447	08.962
25.50	25.50	0.008463	09.061
25.50	25.50	0.008480	09.166
25.50	25.50	0.008497	09.261
25.50	25.50	0.008513	09.360
25.50	25.50	0.008530	09.465
25.50	25.50	0.008547	09.559
25.50	25.50	0.008563	09.659
25.50	25.50	0.008580	09.763
25.50	25.50	0.008597	09.858
25.50	25.50	0.008613	09.957
25.50	25.50	0.008630	10.062
25.50	25.50	0.008647	10.157
25.50	25.50	0.008663	10.257
25.50	25.50	0.008680	10.362
25.50	25.50	0.008697	10.455
25.50	25.50	0.008713	10.557
25.50	25.50	0.008730	10.660
25.50	25.50	0.008746	10.755
25.50	25.50	0.008763	10.857
25.50	25.50	0.008780	10.959
25.50	25.50	0.008796	11.054
25.50	25.50	0.008813	11.156
25.50	25.50	0.008830	11.257
25.50	25.50	0.008846	11.352
25.50	25.50	0.008863	11.456
25.50	25.50	0.008880	11.556
25.50	25.50	0.008896	11.651
25.50	25.50	0.008913	11.755
25.50	25.50	0.008930	11.855
25.50	25.50	0.008946	11.950
25.50	25.50	0.008963	12.054
25.50	25.50	0.008980	12.154
25.50	25.50	0.008996	12.248
25.50	25.50	0.009013	12.353
25.50	25.50	0.009030	12.453
25.50	25.50	0.009046	12.547
25.50	25.50	0.009063	12.652
25.50	25.50	0.009080	12.751
25.50	25.50	0.009096	12.846
25.50	25.50	0.009113	12.950
25.50	25.50	0.009130	13.046
25.50	25.50	0.009146	13.146
25.50	25.50	0.009163	13.250
25.50	25.50	0.009180	13.345
25.50	25.50	0.009196	13.444
25.50	25.50	0.009213	13.549
25.50	25.50	0.009230	13.643
25.50	25.50	0.009246	13.743
25.50	25.50	0.009263	13.847
25.50	25.50	0.009280	13.943
25.50	25.50	0.009296	14.044
25.50	25.50	0.009313	14.146
25.50	25.50	0.009330	14.243
25.50	25.50	0.009346	14.343
25.50	25.50	0.009363	14.445
25.50	25.50	0.009380	14.543
25.50	25.50	0.009396	14.643
25.50	25.50	0.009413	14.743
25.50	25.50	0.009430	14.843
25.50	25.50	0.009446	14.944
25.50	25.50	0.009463	15.043
25.50	25.50	0.009480	15.143
25.50	25.50	0.009496	15.243
25.50	25.50	0.009513	15.343
25.50	25.50	0.009530	15.443
25.50	25.50	0.009546	15.543
25.50	25.50	0.009563	15.644
25.50	25.50	0.009579	15.743
25.50	25.50	0.009596	15.843
25.50	25.50	0.009613	15.943
25.50	25.50	0.009629	16.043
25.50	25.50	0.009646	16.143
25.50	25.50	0.009663	16.243
25.53	25.50	0.009679	16.343
25.53	25.50	0.009696	16.443
25.53	25.50	0.009713	16.544
25.53	25.50	0.009729	16.643
25.53	25.50	0.009746	16.743
25.50	25.50	0.009763	16.843
25.50	25.50	0.009779	16.943
25.50	25.50	0.009796	17.043
25.50	25.50	0.009813	17.143
25.50	25.50	0.009829	17.244
25.50	25.50	0.009846	17.343
25.50	25.50	0.009863	17.443
25.50	25.50	0.009879	17.543
25.50	25.50	0.009896	17.643
25.50	25.50	0.009913	17.743
25.50	25.50	0.009929	17.843
25.50	25.50	0.009946	17.943
25.50	25.50	0.009963	18.043
25.50	25.50	0.009979	18.144
25.50	25.50	0.009996	18.243
25.50	25.50	0.010013	18.343
25.50	25.50	0.010029	18.443
25.50	25.50	0.010046	18.543
25.50	25.50	0.010063	18.643
25.50	25.50	0.010079	18.743
25.50	25.50	0.010096	18.844
25.50	25.50	0.010113	18.943
25.50	25.50	0.010129	19.044
25.50	25.50	0.010146	19.143
25.50	25.50	0.010163	19.243
25.50	25.50	0.010179	19.343
25.50	25.50	0.010196	19.443
25.50	25.50	0.010213	19.543
25.50	25.50	0.010229	19.643
25.50	25.50	0.010246	19.744
25.50	25.50	0.010263	19.843
25.50	25.50	0.010279	19.943
25.50	25.50	0.010296	20.043
25.50	25.50	0.010313	20.143
25.50	25.50	0.010329	20.272
25.50	25.50	0.010346	20.372
25.50	25.50	0.010363	20.466
25.50	25.50	0.010379	20.571
25.50	25.50	0.010396	20.670
25.50	25.50	0.010412	20.765
25.50	25.50	0.010429	20.870
25.50	25.50	0.010446	20.969
25.50	25.50	0.010462	21.064
25.50	25.50	0.010479	21.168
25.50	25.50	0.010496	21.263
25.50	25.50	0.010512	21.362
25.50	25.50	0.010529	21.467
25.50	25.50	0.010546	21.562
25.50	25.50	0.010562	21.661
25.50	25.50	0.010579	21.766
25.50	25.50	0.010596	21.860
25.50	25.50	0.010612	21.961
25.50	25.50	0.010629	22.065
25.50	25.50	0.010646	22.160
25.50	25.50	0.010662	22.260
25.50	25.50	0.010679	22.364
25.50	25.50	0.010696	22.459
25.50	25.50	0.010712	22.558
25.50	25.50	0.010729	22.663
25.50	25.50	0.010746	22.757
25.50	25.50	0.010762	22.857
25.50	25.50	0.010779	22.961
25.50	25.50	0.010796	23.056
25.50	25.50	0.010812	23.156
25.50	25.50	0.010829	23.260
25.50	25.50	0.010846	23.355
25.50	25.50	0.010862	23.454
25.50	25.50	0.010879	23.559
25.50	25.50	0.010896	23.653
25.50	25.50	0.010912	23.753
25.50	25.50	0.010929	23.857
25.50	25.50	0.010946	23.952
25.50	25.50	0.010962	24.054
25.50	25.50	0.010979	24.156
25.50	25.50	0.010996	24.252
25.50	25.50	0.011012	24.353
25.50	25.50	0.011029	24.456
25.50	25.50	0.011046	24.550
25.50	25.50	0.011062	24.652
25.50	25.50	0.011079	24.754
25.50	25.50	0.011096	24.849
25.50	25.50	0.011112	24.953
25.50	25.50	0.011129	25.053
25.50	25.50	0.011146	25.147
25.50	25.50	0.011162	25.252
25.50	25.50	0.011179	25.351
25.50	25.50	0.011196	25.446
25.50	25.50	0.011212	25.552
25.50	25.50	0.011229	25.651
25.50	25.50	0.011245	25.746
25.50	25.50	0.011262	25.850
25.50	25.50	0.011279	25.950
25.50	25.50	0.011295	26.044
25.50	25.50	0.011312	26.149
25.50	25.50	0.011329	26.248
25.53	25.50	0.011345	26.344
25.53	25.50	0.011362	26.448
25.53	25.50	0.011379	26.548
25.53	25.50	0.011395	26.644
25.53	25.50	0.011412	26.746
25.53	25.50	0.011429	26.848
25.50	25.50	0.011445	26.945
25.50	25.50	0.011462	27.045
25.50	25.50	0.011479	27.148
25.50	25.50	0.011495	27.245
25.50	25.50	0.011512	27.346
25.50	25.50	0.011529	27.448
25.50	25.50	0.011545	27.545
25.50	25.50	0.011562	27.645
25.50	25.50	0.011579	27.748
25.50	25.50	0.011595	27.845
25.50	25.50	0.011612	27.945
25.50	25.50	0.011629	28.048
25.50	25.50	0.011645	28.145
25.50	25.50	0.011662	28.245
25.50	25.50	0.011679	28.347
25.50	25.50	0.011695	28.445
25.50	25.50	0.011712	28.545
25.50	25.50	0.011729	28.648
25.50	25.50	0.011745	28.746
25.50	25.50	0.011762	28.846
25.50	25.50	0.011779	28.948
25.50	25.50	0.011795	29.046
25.50	25.50	0.011812	29.146
25.50	25.50	0.011829	29.247
25.50	25.50	0.011845	29.346
25.50	25.50	0.011862	29.446
25.50	25.50	0.011879	29.547
25.50	25.50	0.011895	29.647
25.50	25.50	0.011912	29.746
25.50	25.50	0.011929	29.848
25.50	25.50	0.011945	29.946
25.50	25.50	0.011962	30.046
25.50	25.50	0.011979	30.147
25.50	25.50	0.011995	30.245
25.50	25.50	0.012012	30.346
25.50	25.50	0.012029	30.447
25.50	25.50	0.012045	30.547
25.50	25.50	0.012062	30.647
25.50	25.50	0.012078	30.747
25.50	25.50	0.012095	30.847
25.50	25.50	0.012112	30.947
25.50	25.50	0.012128	31.047
25.50	25.50	0.012145	31.147
25.50	25.50	0.012162	31.247
25.50	25.50	0.012178	31.347
25.50	25.50	0.012195	31.448
25.50	25.50	0.012212	31.547
25.50	25.50	0.012228	31.647
25.50	25.50	0.012245	31.777
25.50	25.50	0.012262	31.871
25.50	25.50	0.012278	31.971
25.50	25.50	0.012295	32.075
25.50	25.50	0.012312	32.170
25.50	25.50	0.012328	32.272
25.50	25.50	0.012345	32.374
25.50	25.50	0.012362	32.469
25.50	25.50	0.012378	32.571
25.50	25.50	0.012395	32.673
25.50	25.50	0.012412	32.767
25.50	25.50	0.012428	32.871
25.50	25.50	0.012445	32.971
25.50	25.50	0.012462	33.066
25.50	25.50	0.012478	33.171
25.50	25.50	0.012495	33.271
25.50	25.50	0.012512	33.366
25.50	25.50	0.012528	33.470
25.50	25.50	0.012545	33.570
25.50	25.50	0.012562	33.664
25.50	25.50	0.012578	33.769
25.50	25.50	0.012595	33.869
25.50	25.50	0.012612	33.963
25.50	25.50	0.012628	34.068
25.50	25.50	0.012645	34.167
25.50	25.50	0.012662	34.262
25.50	25.50	0.012678	34.366
25.50	25.50	0.012695	34.461
25.50	25.50	0.012712	34.560
25.50	25.50	0.012728	34.665
25.50	25.50	0.012745	34.760
25.50	25.50	0.012762	34.859
25.50	25.50	0.012778	34.964
25.53	25.50	0.012795	35.058
25.53	25.50	0.012812	35.158
25.53	25.50	0.012828	35.262
25.53	25.50	0.012845	35.358
25.53	25.50	0.012862	35.458
25.53	25.50	0.012878	35.562
25.53	25.50	0.012895	35.657
25.50	25.50	0.012911	35.756
25.50	25.50	0.012928	35.860
25.50	25.50	0.012945	35.955
25.50	25.50	0.012961	36.054
25.50	25.50	0.012978	36.159
25.50	25.50	0.012995	36.254
25.50	25.50	0.013011	36.353
25.50	25.50	0.013028	36.458
25.50	25.50	0.013045	36.552
25.50	25.50	0.013061	36.652
25.50	25.50	0.013078	36.756
25.50	25.50	0.013095	36.851
25.50	25.50	0.013111	36.951
25.50	25.50	0.013128	37.056
25.50	25.50	0.013145	37.150
25.50	25.50	0.013161	37.250
25.50	25.50	0.013178	37.354
25.50	25.50	0.013195	37.450
25.50	25.50	0.013211	37.550
25.50	25.50	0.013228	37.653
25.50	25.50	0.013245	37.751
25.50	25.50	0.013261	37.850
25.50	25.50	0.013278	37.952
25.50	25.50	0.013295	38.050
25.50	25.50	0.013311	38.150
25.50	25.50	0.013328	38.250
25.50	25.50	0.013345	38.350
25.50	25.50	0.013361	38.450
25.50	25.50	0.013378	38.550
25.50	25.50	0.013395	38.651
25.50	25.50	0.013411	38.750
25.50	25.50	0.013428	38.850
25.50	25.50	0.013445	38.950
25.50	25.50	0.013461	39.050
25.47	25.50	0.013478	39.150
25.47	25.50	0.013495	39.250
25.47	25.50	0.013511	39.350
25.47	25.50	0.013528	39.450
25.47	25.50	0.013545	39.551
25.50	25.50	0.013561	39.650
25.50	25.50	0.013578	39.750
25.50	25.50	0.013595	39.850
25.50	25.50	0.013611	39.950
25.50	25.50	0.013628	40.050
25.50	25.50	0.013645	40.150
25.50	25.50	0.013661	40.251
25.50	25.50	0.013678	40.351
25.50	25.50	0.013695	40.452
25.50	25.50	0.013711	40.551
25.50	25.50	0.013728	40.651
25.50	25.50	0.013744	40.751
25.50	25.50	0.013761	40.851
25.50	25.50	0.013778	40.951
25.50	25.50	0.013794	41.051
25.50	25.50	0.013811	41.152
25.50	25.50	0.013828	41.251
25.50	25.50	0.013844	41.352
25.50	25.50	0.013861	41.451
25.50	25.50	0.013878	41.551
25.50	25.50	0.013894	41.651
25.50	25.50	0.013911	41.751
25.50	25.50	0.013928	41.851
25.53	25.50	0.013944	41.951
25.53	25.50	0.013961	42.052
25.53	25.50	0.013978	42.151
25.53	25.50	0.013994	42.251
25.53	25.50	0.014011	42.351
25.53	25.50	0.014028	42.451
25.53	25.50	0.014044	42.551
25.50	25.50	0.014061	42.651
25.50	25.50	0.014078	42.752
25.50	25.50	0.014094	42.851
25.50	25.50	0.014111	42.952
25.50	25.50	0.014128	43.051
25.50	25.50	0.014144	43.151
25.50	25.50	0.014161	43.251
25.50	25.50	0.014178	43.351
25.50	25.50	0.014194	43.480
25.50	25.50	0.014211	43.550
25.50	25.50	0.014228	43.674
25.50	25.50	0.014244	43.779
25.50	25.50	0.014261	43.874
25.50	25.50	0.014278	43.973
25.50	25.50	0.014294	44.078
25.50	25.50	0.014311	44.172
25.50	25.50	0.014328	44.272
25.50	25.50	0.014344	44.376
25.50	25.50	0.014361	44.471
25.50	25.50	0.014378	44.571
25.50	25.50	0.014394	44.675
25.50	25.50	0.014411	44.770
25.47	25.50	0.014428	44.870
25.47	25.50	0.014444	44.974
25.47	25.50	0.014461	45.069
25.47	25.50	0.014478	45.168
25.47	25.50	0.014494	45.273
25.50	25.50	0.014511	45.368
25.50	25.50	0.014528	45.468
25.50	25.50	0.014544	45.572
25.50	25.50	0.014561	45.666
25.50	25.50	0.014577	45.768
25.50	25.50	0.014594	45.870
25.50	25.50	0.014611	45.966
25.50	25.50	0.014627	46.067
25.50	25.50	0.014644	46.170
25.50	25.50	0.014661	46.265
25.50	25.50	0.014677	46.368
25.50	25.50	0.014694	46.469
25.50	25.50	0.014711	46.563
25.50	25.50	0.014727	46.668
25.50	25.50	0.014744	46.767
25.50	25.50	0.014761	46.862
25.50	25.50	0.014777	46.967
25.50	25.50	0.014794	47.066
25.50	25.50	0.014811	47.161
25.50	25.50	0.014827	47.265
25.50	25.50	0.014844	47.365
25.50	25.50	0.014861	47.459
25.53	25.50	0.014877	47.564
25.53	25.50	0.014894	47.663
25.53	25.50	0.014911	47.758
25.53	25.50	0.014927	47.864
25.53	25.50	0.014944	47.957
25.53	25.50	0.014961	48.057
25.53	25.50	0.014977	48.162
25.50	25.50	0.014994	48.256
25.50	25.50	0.015011	48.355
25.50	25.50	0.015027	48.461
25.50	25.50	0.015044	48.556
25.50	25.50	0.015061	48.655
25.50	25.50	0.015077	48.759
25.50	25.50	0.015094	48.854
25.50	25.50	0.015111	48.953
25.50	25.50	0.015127	49.058
25.50	25.50	0.015144	49.152
25.50	25.50	0.015161	49.252
25.50	25.50	0.015177	49.357
25.50	25.50	0.015194	49.451
25.50	25.50	0.015211	49.552
25.50	25.50	0.015227	49.656
25.50	25.50	0.015244	49.752
25.50	25.50	0.015261	49.852
25.50	25.50	0.015277	49.954
25.50	25.50	0.015294	50.052
25.50	25.50	0.015311	50.153
25.50	25.50	0.015327	50.253
25.50	25.50	0.015344	50.352
25.50	25.50	0.015361	50.452
25.50	25.50	0.015377	50.552
25.50	25.50	0.015394	50.652
25.50	25.50	0.015410	50.752
25.50	25.50	0.015427	50.852
25.47	25.50	0.015444	50.952
25.47	25.50	0.015460	51.053
25.47	25.50	0.015477	51.152
25.47	25.50	0.015494	51.252
25.47	25.50	0.015510	51.352
25.50	25.50	0.015527	51.452
25.50	25.50	0.015544	51.552
25.50	25.50	0.015560	51.652
25.50	25.50	0.015577	51.753
25.50	25.50	0.015594	51.852
25.50	25.50	0.015610	51.952
25.50	25.50	0.015627	52.052
25.50	25.50	0.015644	52.152
25.50	25.50	0.015660	52.253
25.50	25.50	0.015677	52.352
25.50	25.50	0.015694	52.452
25.50	25.50	0.015710	52.552
25.50	25.50	0.015727	52.652
25.50	25.50	0.015744	52.752
25.53	25.50	0.015760	52.852
25.53	25.50	0.015777	52.952
25.53	25.50	0.015794	53.052
25.53	25.50	0.015810	53.153
25.53	25.50	0.015827	53.252
25.53	25.50	0.015844	53.352
25.53	25.50	0.015860	53.452
25.53	25.50	0.015877	53.552
25.50	25.50	0.015894	53.652
25.50	25.50	0.015910	53.752
25.50	25.50	0.015927	53.853
25.50	25.50	0.015944	53.952
25.50	25.50	0.015960	54.053
25.50	25.50	0.015977	54.152
25.50	25.50	0.015994	54.252
25.50	25.50	0.016010	54.352
25.50	25.50	0.016027	54.452
25.50	25.50	0.016044	54.552
25.50	25.50	0.016060	54.652
25.50	25.50	0.016077	54.753
25.50	25.50	0.016094	54.852
25.50	25.50	0.016110	54.952
25.50	25.50	0.016127	55.052
25.50	25.50	0.016144	55.152
25.50	25.50	0.016160	55.252
25.50	25.50	0.016177	55.352
25.50	25.50	0.016194	55.452
25.50	25.50	0.016210	55.552
25.50	25.50	0.016227	55.653
25.50	25.50	0.016244	55.752
25.50	25.50	0.016260	55.852
25.50	25.50	0.016277	55.976
25.50	25.50	0.016293	56.080
25.50	25.50	0.016310	56.175
25.50	25.50	0.016327	56.274
25.50	25.50	0.016343	56.379
25.50	25.50	0.016360	56.474
25.50	25.50	0.016377	56.573
25.50	25.50	0.016393	56.678
25.50	25.50	0.016410	56.773
25.47	25.50	0.016427	56.872
25.47	25.50	0.016443	56.977
25.47	25.50	0.016460	57.071
25.47	25.50	0.016477	57.171
25.47	25.50	0.016493	57.276
25.47	25.50	0.016510	57.370
25.50	25.50	0.016527	57.470
25.50	25.50	0.016543	57.574
25.50	25.50	0.016560	57.669
25.50	25.50	0.016577	57.768
25.50	25.50	0.016593	57.873
25.50	25.50	0.016610	57.967
25.50	25.50	0.016627	58.068
25.50	25.50	0.016643	58.173
25.50	25.50	0.016660	58.267
25.50	25.50	0.016677	58.367
25.50	25.50	0.016693	58.471
25.50	25.50	0.016710	58.566
25.50	25.50	0.016727	58.665
25.50	25.50	0.016743	58.770
25.50	25.50	0.016760	58.865
25.50	25.50	0.016777	58.965
25.50	25.50	0.016793	59.069
25.50	25.50	0.016810	59.163
25.50	25.50	0.016827	59.265
25.50	25.50	0.016843	59.367
25.53	25.50	0.016860	59.462
25.53	25.50	0.016877	59.564
25.53	25.50	0.016893	59.666
25.53	25.50	0.016910	59.761
25.53	25.50	0.016927	59.865
25.53	25.50	0.016943	59.965
25.53	25.50	0.016960	00.059
25.50	25.50	0.016977	00.164
25.50	25.50	0.016993	00.263
25.50	25.50	0.017010	00.358
25.50	25.50	0.017027	00.464
25.50	25.50	0.017043	00.563
25.50	25.50	0.017060	00.658
25.50	25.50	0.017077	00.762
25.50	25.50	0.017093	00.862
25.50	25.50	0.017110	00.956
25.50	25.50	0.017126	01.061
25.50	25.50	0.017143	01.160
25.50	25.50	0.017160	01.255
25.50	25.50	0.017176	01.360
25.50	25.50	0.017193	01.454
25.50	25.50	0.017210	01.554
25.50	25.50	0.017226	01.658
25.50	25.50	0.017243	01.754
25.50	25.50	0.017260	01.854
25.50	25.50	0.017276	01.957
25.47	25.50	0.017293	02.055
25.47	25.50	0.017310	02.154
25.47	25.50	0.017326	02.256
25.47	25.50	0.017343	02.354
25.50	25.50	0.017360	02.454
25.50	25.50	0.017376	02.554
25.50	25.50	0.017393	02.654
25.50	25.50	0.017410	02.754
25.50	25.50	0.017426	02.854
25.50	25.50	0.017443	02.955
25.50	25.50	0.017460	03.054
25.50	25.50	0.017476	03.154
25.50	25.50	0.017493	03.254
25.50	25.50	0.017510	03.354
25.50	25.50	0.017526	03.454
25.50	25.50	0.017543	03.554
25.50	25.50	0.017560	03.655
25.50	25.50	0.017576	03.754
25.50	25.50	0.017593	03.860
25.50	25.50	0.017610	03.954
25.50	25.50	0.017626	04.054
25.50	25.50	0.017643	04.154
25.50	25.50	0.017660	04.254
25.50	25.50	0.017676	04.354
25.50	25.50	0.017693	04.454
25.50	25.50	0.017710	04.555
25.50	25.50	0.017726	04.654
25.50	25.50	0.017743	04.754
25.50	25.50	0.017760	04.854
25.50	25.50	0.017776	04.954
25.50	25.50	0.017793	05.059
25.50	25.50	0.017810	05.154
25.50	25.50	0.017826	05.254
25.50	25.50	0.017843	05.354
25.50	25.50	0.017860	05.455
25.50	25.50	0.017876	05.554
25.53	25.50	0.017893	05.654
25.53	25.50	0.017910	05.754
25.53	25.50	0.017926	05.854
25.53	25.50	0.017943	05.959
25.53	25.50	0.017959	06.054
25.50	25.50	0.017976	06.154
25.50	25.50	0.017993	06.259
25.50	25.50	0.018009	06.355
25.50	25.50	0.018026	06.454
25.50	25.50	0.018043	06.554
25.50	25.50	0.018059	06.654
25.50	25.50	0.018076	06.754
25.50	25.50	0.018093	06.858
25.50	25.50	0.018109	06.954
25.50	25.50	0.018126	07.055
25.50	25.50	0.018143	07.159
25.50	25.50	0.018159	07.254
25.50	25.50	0.018176	07.354
25.50	25.50	0.018193	07.459
25.50	25.50	0.018209	07.554
25.50	25.50	0.018226	07.654
25.50	25.50	0.018243	07.758
25.50	25.50	0.018259	07.854
25.50	25.50	0.018276	07.978
25.50	25.50	0.018293	08.058
25.50	25.50	0.018309	08.183
25.50	25.50	0.018326	08.277
25.50	25.50	0.018343	08.382
25.50	25.50	0.018359	08.481
25.50	25.50	0.018376	08.576
25.50	25.50	0.018393	08.680
25.50	25.50	0.018409	08.780
25.50	25.50	0.018426	08.875
25.50	25.50	0.018443	08.979
25.50	25.50	0.018459	09.079
25.50	25.50	0.018476	09.173
25.50	25.50	0.018493	09.278
25.50	25.50	0.018509	09.372
25.50	25.50	0.018526	09.472
25.50	25.50	0.018543	09.577
25.50	25.50	0.018559	09.672
25.50	25.50	0.018576	09.772
25.50	25.50	0.018593	09.876
25.50	25.50	0.018609	09.971
25.50	25.50	0.018626	10.070
25.50	25.50	0.018643	10.175
25.50	25.50	0.018659	10.269
25.50	25.50	0.018676	10.369
25.50	25.50	0.018693	10.474
25.50	25.50	0.018709	10.568
25.50	25.50	0.018726	10.668
25.50	25.50	0.018743	10.772
25.50	25.50	0.018759	10.867
25.50	25.50	0.018776	10.966
25.50	25.50	0.018792	11.071
25.50	25.50	0.018809	11.165
25.50	25.50	0.018826	11.265
25.50	25.50	0.018842	11.370
25.50	25.50	0.018859	11.464
25.50	25.50	0.018876	11.564
25.50	25.50	0.018892	11.668
25.50	25.50	0.018909	11.764
25.50	25.50	0.018926	11.863
25.50	25.50	0.018942	11.968
25.50	25.50	0.018959	12.063
25.50	25.50	0.018976	12.162
25.50	25.50	0.018992	12.267
25.50	25.50	0.019009	12.361
25.50	25.50	0.019026	12.462
25.50	25.50	0.019042	12.565
25.50	25.50	0.019059	12.660
25.50	25.50	0.019076	12.761
25.50	25.50	0.019092	12.864
25.50	25.50	0.019109	12.959
25.50	25.50	0.019126	13.062
25.50	25.50	0.019142	13.163
25.50	25.50	0.019159	13.257
25.50	25.50	0.019176	13.362
25.50	25.50	0.019192	13.461
25.50	25.50	0.019209	13.556
25.50	25.50	0.019226	13.661
25.50	25.50	0.019242	13.760
25.50	25.50	0.019259	13.855
25.50	25.50	0.019276	13.959
25.50	25.50	0.019292	14.059
25.50	25.50	0.019309	14.155
25.50	25.50	0.019326	14.258
25.50	25.50	0.019342	14.358
25.50	25.50	0.019359	14.455
25.50	25.50	0.019376	14.558
25.50	25.50	0.019392	14.657
25.50	25.50	0.019409	14.755
25.50	25.50	0.019426	14.856
25.50	25.50	0.019442	14.956
25.50	25.50	0.019459	15.055
25.50	25.50	0.019476	15.155
25.50	25.50	0.019492	15.257
25.50	25.50	0.019509	15.355
25.50	25.50	0.019526	15.455
25.50	25.50	0.019542	15.556
25.50	25.50	0.019559	15.655
25.50	25.50	0.019576	15.755
25.50	25.50	0.019592	15.857
25.50	25.50	0.019609	15.956
25.50	25.50	0.019625	16.055
25.50	25.50	0.019642	16.157
25.50	25.50	0.019659	16.255
25.50	25.50	0.019675	16.355
25.50	25.50	0.019692	16.457
25.50	25.50	0.019709	16.555
25.50	25.50	0.019725	16.655
25.50	25.50	0.019742	16.757
25.50	25.50	0.019759	16.855
25.50	25.50	0.019775	16.955
25.50	25.50	0.019792	17.057
25.50	25.50	0.019809	17.155
25.50	25.50	0.019825	17.255
25.50	25.50	0.019842	17.356
25.50	25.50	0.019859	17.455
25.50	25.50	0.019875	17.556
25.50	25.50	0.019892	17.656
25.50	25.50	0.019909	17.756
25.50	25.50	0.019925	17.855
25.50	25.50	0.019942	17.956
25.50	25.50	0.019959	18.055
25.50	25.50	0.019975	18.155
25.50	25.50	0.019992	18.256
25.50	25.50	0.020009	18.356
25.50	25.50	0.020025	18.455
25.50	25.50	0.020042	18.556
25.50	25.50	0.020059	18.655
25.50	25.50	0.020075	18.755
25.50	25.50	0.020092	18.856
25.50	25.50	0.020109	18.955
25.50	25.50	0.020125	19.055
25.50	25.50	0.020142	19.156
25.50	25.50	0.020159	19.255
25.50	25.50	0.020175	19.355
25.50	25.50	0.020192	19.456
25.50	25.50	0.020209	19.555
25.50	25.50	0.020225	19.655
25.50	25.50	0.020242	19.756
25.50	25.50	0.020259	19.856
25.50	25.50	0.020275	19.955
25.50	25.50	0.020292	20.056
25.50	25.50	0.020309	20.155
25.50	25.50	0.020325	20.280
25.50	25.50	0.020342	20.356
25.50	25.50	0.020359	20.484
25.50	25.50	0.020375	20.579
25.50	25.50	0.020392	20.680
25.50	25.50	0.020409	20.783
25.50	25.50	0.020425	20.878
25.50	25.50	0.020442	20.980
25.50	25.50	0.020458	21.082
25.50	25.50	0.020475	21.176
25.50	25.50	0.020492	21.255
25.50	25.50	0.020508	21.380
25.50	25.50	0.020525	21.475
25.53	25.50	0.020542	21.579
25.53	25.50	0.020558	21.679
25.53	25.50	0.020575	21.774
25.53	25.50	0.020592	21.878
25.53	25.50	0.020608	21.979
25.53	25.50	0.020625	22.072
25.53	25.50	0.020642	22.178
25.50	25.50	0.020658	22.276
25.50	25.50	0.020675	22.371
25.50	25.50	0.020692	22.477
25.50	25.50	0.020708	22.576
25.50	25.50	0.020725	22.671
25.50	25.50	0.020742	22.775
25.50	25.50	0.020758	22.870
25.50	25.50	0.020775	22.969
25.50	25.50	0.020792	23.074
25.50	25.50	0.020808	23.168
25.50	25.50	0.020825	23.268
25.50	25.50	0.020842	23.373
25.50	25.50	0.020858	23.467
25.50	25.50	0.020875	23.567
25.50	25.50	0.020892	23.671
25.50	25.50	0.020908	23.766
25.47	25.50	0.020925	23.865
25.47	25.50	0.020942	23.970
25.47	25.50	0.020958	24.065
25.47	25.50	0.020975	24.164
25.47	25.50	0.020992	24.269
25.47	25.50	0.021008	24.363
25.50	25.50	0.021025	24.463
25.50	25.50	0.021042	24.567
25.50	25.50	0.021058	24.662
25.50	25.50	0.021075	24.762
25.50	25.50	0.021092	24.867
25.50	25.50	0.021108	24.962
25.50	25.50	0.021125	25.061
25.50	25.50	0.021142	25.166
25.50	25.50	0.021158	25.260
25.50	25.50	0.021175	25.360
25.50	25.50	0.021192	25.464
25.50	25.50	0.021208	25.559
25.50	25.50	0.021225	25.658
25.50	25.50	0.021242	25.763
25.50	25.50	0.021258	25.859
25.50	25.50	0.021275	25.958
25.50	25.50	0.021291	26.062
25.50	25.50	0.021308	26.158
25.50	25.50	0.021325	26.259
25.50	25.50	0.021341	26.360
25.50	25.50	0.021358	26.458
25.50	25.50	0.021375	26.559
25.50	25.50	0.021391	26.659
25.50	25.50	0.021408	26.759
25.50	25.50	0.021425	26.858
25.50	25.50	0.021441	26.958
25.50	25.50	0.021458	27.058
25.50	25.50	0.021475	27.158
25.53	25.50	0.021491	27.258
25.53	25.50	0.021508	27.358
25.53	25.50	0.021525	27.459
25.53	25.50	0.021541	27.558
25.53	25.50	0.021558	27.658
25.53	25.50	0.021575	27.758
25.50	25.50	0.021591	27.858
25.50	25.50	0.021608	27.958
25.50	25.50	0.021625	28.058
25.50	25.50	0.021641	28.159
25.50	25.50	0.021658	28.259
25.50	25.50	0.021675	28.360
25.50	25.50	0.021691	28.459
25.50	25.50	0.021708	28.559
25.50	25.50	0.021725	28.659
25.50	25.50	0.021741	28.759
25.50	25.50	0.021758	28.859
25.50	25.50	0.021775	28.959
25.50	25.50	0.021791	29.060
25.50	25.50	0.021808	29.159
25.50	25.50	0.021825	29.260
25.50	25.50	0.021841	29.359
25.50	25.50	0.021858	29.459
25.50	25.50	0.021875	29.559
25.50	25.50	0.021891	29.659
25.50	25.50	0.021908	29.759
25.50	25.50	0.021925	29.859
25.50	25.50	0.021941	29.960
25.50	25.50	0.021958	30.059
25.50	25.50	0.021975	30.159
25.50	25.50	0.021991	30.259
25.50	25.50	0.022008	30.359
25.50	25.50	0.022025	30.459
25.50	25.50	0.022041	30.559
25.50	25.50	0.022058	30.660
25.50	25.50	0.022075	30.759
25.50	25.50	0.022091	30.860
25.50	25.50	0.022108	30.959
25.50	25.50	0.022124	31.059
25.50	25.50	0.022141	31.159
25.50	25.50	0.022158	31.259
25.50	25.50	0.022174	31.359
25.50	25.50	0.022191	31.459
25.50	25.50	0.022208	31.560
25.50	25.50	0.022224	31.659
25.50	25.50	0.022241	31.759
25.50	25.50	0.022258	31.859
25.50	25.50	0.022274	31.959
25.50	25.50	0.022291	32.083
25.50	25.50	0.022308	32.188
25.50	25.50	0.022324	32.282
25.50	25.50	0.022341	32.382
25.50	25.50	0.022358	32.486
25.50	25.50	0.022374	32.581
25.50	25.50	0.022391	32.681
25.50	25.50	0.022408	32.785
25.50	25.50	0.022424	32.880
25.50	25.50	0.022441	32.979
25.50	25.50	0.022458	33.084
25.50	25.50	0.022474	33.178
25.50	25.50	0.022491	33.278
25.50	25.50	0.022508	33.383
25.50	25.50	0.022524	33.477
25.50	25.50	0.022541	33.577
25.50	25.50	0.022558	33.681
25.50	25.50	0.022574	33.777
25.50	25.50	0.022591	33.877
25.50	25.50	0.022608	33.981
25.50	25.50	0.022624	34.075
25.50	25.50	0.022641	34.177
25.50	25.50	0.022658	34.280
25.50	25.50	0.022674	34.374
25.50	25.50	0.022691	34.477
25.50	25.50	0.022708	34.578
25.50	25.50	0.022724	34.673
25.50	25.50	0.022741	34.776
25.50	25.50	0.022758	34.877
25.50	25.50	0.022774	34.972
25.50	25.50	0.022791	35.076
25.50	25.50	0.022808	35.176
25.50	25.50	0.022824	35.270
25.50	25.50	0.022841	35.375
25.50	25.50	0.022858	35.475
25.50	25.50	0.022874	35.569
25.50	25.50	0.022891	35.674
25.50	25.50	0.022908	35.773
25.50	25.50	0.022924	35.868
25.50	25.50	0.022941	35.972
25.50	25.50	0.022957	36.072
25.50	25.50	0.022974	36.167
25.50	25.50	0.022991	36.272
25.50	25.50	0.023007	36.366
25.50	25.50	0.023024	36.466
25.50	25.50	0.023041	36.571
25.50	25.50	0.023057	36.665
25.50	25.50	0.023074	36.765
25.50	25.50	0.023091	36.869
25.50	25.50	0.023107	36.964
25.50	25.50	0.023124	37.063
25.50	25.50	0.023141	37.168
25.50	25.50	0.023157	37.263
25.50	25.50	0.023174	37.362
25.50	25.50	0.023191	37.467
25.50	25.50	0.023207	37.561
25.50	25.50	0.023224	37.661
25.50	25.50	0.023241	37.765
25.50	25.50	0.023257	37.860
25.50	25.50	0.023274	37.960
25.50	25.50	0.023291	38.064
25.50	25.50	0.023307	38.161
25.50	25.50	0.023324	38.260
25.50	25.50	0.023341	38.363
25.50	25.50	0.023357	38.460
25.50	25.50	0.023374	38.560
25.50	25.50	0.023391	38.662
25.50	25.50	0.023407	38.760
25.50	25.50	0.023424	38.861
25.50	25.50	0.023441	38.961
25.50	25.50	0.023457	39.061
25.50	25.50	0.023474	39.160
25.50	25.50	0.023491	39.260
25.50	25.50	0.023507	39.360
25.50	25.50	0.023524	39.460
25.50	25.50	0.023541	39.560
25.50	25.50	0.023557	39.660
25.50	25.50	0.023574	39.761
25.50	25.50	0.023591	39.860
25.50	25.50	0.023607	39.960
25.50	25.50	0.023624	40.060
25.50	25.50	0.023641	40.160
25.50	25.50	0.023657	40.260
25.50	25.50	0.023674	40.360
25.50	25.50	0.023691	40.460
25.50	25.50	0.023707	40.560
25.50	25.50	0.023724	40.661
25.50	25.50	0.023741	40.760
25.50	25.50	0.023757	40.860
25.50	25.50	0.023774	40.960
25.50	25.50	0.023790	41.060
25.50	25.50	0.023807	41.160
25.50	25.50	0.023824	41.260
25.50	25.50	0.023840	41.361
25.50	25.50	0.023857	41.460
25.50	25.50	0.023874	41.560
25.50	25.50	0.023890	41.660
25.50	25.50	0.023907	41.760
25.50	25.50	0.023924	41.860
25.50	25.50	0.023940	41.960
25.50	25.50	0.023957	42.060
25.50	25.50	0.023974	42.161
25.50	25.50	0.023990	42.260
25.50	25.50	0.024007	42.360
25.50	25.50	0.024024	42.460
25.50	25.50	0.024040	42.560
25.50	25.50	0.024057	42.660
25.50	25.50	0.024074	42.760
25.50	25.50	0.024090	42.860
25.50	25.50	0.024107	42.960
25.50	25.50	0.024124	43.061
25.50	25.50	0.024140	43.160
25.50	25.50	0.024157	43.260
25.50	25.50	0.024174	43.360
25.50	25.50	0.024190	43.460
25.50	25.50	0.024207	43.560
25.50	25.50	0.024224	43.660
25.53	25.50	0.024240	43.760
25.53	25.50	0.024257	43.860
25.53	25.50	0.024274	43.961
25.53	25.50	0.024290	44.060
25.50	25.50	0.024307	44.160
25.50	25.50	0.024324	44.285
25.50	25.50	0.024340	44.385
25.50	25.50	0.024357	44.489
25.50	25.50	0.024374	44.584
25.50	25.50	0.024390	44.683
25.50	25.50	0.024407	44.788
25.50	25.50	0.024424	44.883
25.50	25.50	0.024440	44.982
25.50	25.50	0.024457	45.087
25.50	25.50	0.024474	45.181
25.50	25.50	0.024490	45.281
25.50	25.50	0.024507	45.385
25.50	25.50	0.024524	45.480
25.50	25.50	0.024540	45.579
25.50	25.50	0.024557	45.684
25.50	25.50	0.024574	45.779
25.50	25.50	0.024590	45.878
25.50	25.50	0.024607	45.983
25.50	25.50	0.024623	46.077
25.50	25.50	0.024640	46.177
25.50	25.50	0.024657	46.282
25.50	25.50	0.024673	46.377
25.50	25.50	0.024690	46.477
25.50	25.50	0.024707	46.581
25.50	25.50	0.024723	46.676
25.50	25.50	0.024740	46.775
25.50	25.50	0.024757	46.880
25.50	25.50	0.024773	46.974
25.50	25.50	0.024790	47.074
25.50	25.50	0.024807	47.178
25.50	25.50	0.024823	47.273
25.50	25.50	0.024840	47.374
25.50	25.50	0.024857	47.477
25.50	25.50	0.024873	47.572
25.50	25.50	0.024890	47.674
25.50	25.50	0.024907	47.776
25.50	25.50	0.024923	47.870
25.50	25.50	0.024940	47.974
25.50	25.50	0.024957	48.074
25.50	25.50	0.024973	48.169
25.50	25.50	0.024990	48.274
25.50	25.50	0.025007	48.373
25.50	25.50	0.025023	48.468
25.50	25.50	0.025040	48.573
25.50	25.50	0.025057	48.672
25.50	25.50	0.025073	48.767
25.50	25.50	0.025090	48.871
25.50	25.50	0.025107	48.971
25.50	25.50	0.025123	49.066
25.50	25.50	0.025140	49.170
25.50	25.50	0.025157	49.270
25.50	25.50	0.025173	49.364
25.50	25.50	0.025190	49.469
25.50	25.50	0.025207	49.568
25.50	25.50	0.025223	49.664
25.50	25.50	0.025240	49.768
25.50	25.50	0.025257	49.863
25.50	25.50	0.025273	49.963
25.50	25.50	0.025290	50.067
25.50	25.50	0.025307	50.162
25.50	25.50	0.025323	50.262
25.50	25.50	0.025340	50.366
25.50	25.50	0.025357	50.462
25.50	25.50	0.025373	50.562
25.50	25.50	0.025390	50.665
25.50	25.50	0.025407	50.762
25.50	25.50	0.025423	50.862
25.50	25.50	0.025440	50.963
25.50	25.50	0.025456	51.062
25.50	25.50	0.025473	51.162
25.50	25.50	0.025490	51.262
25.50	25.50	0.025506	51.362
25.50	25.50	0.025523	51.462
25.50	25.50	0.025540	51.563
25.50	25.50	0.025556	51.662
25.50	25.50	0.025573	51.762
25.50	25.50	0.025590	51.862
25.50	25.50	0.025606	51.962
25.50	25.50	0.025623	52.062
25.53	25.50	0.025640	52.162
25.53	25.50	0.025656	52.263
25.53	25.50	0.025673	52.362
25.53	25.50	0.025690	52.463
25.53	25.50	0.025706	52.562
25.53	25.50	0.025723	52.662
25.50	25.50	0.025740	52.762
25.50	25.50	0.025756	52.862
25.50	25.50	0.025773	52.962
25.50	25.50	0.025790	53.062
25.50	25.50	0.025806	53.163
25.50	25.50	0.025823	53.262
25.50	25.50	0.025840	53.362
25.50	25.50	0.025856	53.462
25.50	25.50	0.025873	53.562
25.50	25.50	0.025890	53.662
25.50	25.50	0.025906	53.762
25.50	25.50	0.025923	53.863
25.50	25.50	0.025940	53.962
25.50	25.50	0.025956	54.063
25.50	25.50	0.025973	54.162
25.50	25.50	0.025990	54.262
25.50	25.50	0.026006	54.362
25.50	25.50	0.026023	54.462
25.50	25.50	0.026040	54.562
25.47	25.50	0.026056	54.662
25.47	25.50	0.026073	54.763
25.47	25.50	0.026090	54.862
25.47	25.50	0.026106	54.962
25.47	25.50	0.026123	55.062
25.47	25.50	0.026140	55.162
25.50	25.50	0.026156	55.262
25.50	25.50	0.026173	55.362
25.50	25.50	0.026190	55.462
25.50	25.50	0.026206	55.562
25.50	25.50	0.026223	55.663
25.50	25.50	0.026240	55.762
25.50	25.50	0.026256	55.862
25.50	25.50	0.026273	55.962
25.50	25.50	0.026289	56.062
25.50	25.50	0.026306	56.162
25.50	25.50	0.026323	56.262
25.50	25.50	0.026339	56.387
25.50	25.50	0.026356	56.492
25.50	25.50	0.026373	56.591
25.50	25.50	0.026389	56.686
25.50	25.50	0.026406	56.791
25.50	25.50	0.026423	56.890
25.53	25.50	0.026439	56.985
25.53	25.50	0.026456	57.089
25.53	25.50	0.026473	57.189
25.53	25.50	0.026489	57.283
25.53	25.50	0.026506	57.388
25.50	25.50	0.026523	57.488
25.50	25.50	0.026539	57.582
25.50	25.50	0.026556	57.687
25.50	25.50	0.026573	57.781
25.50	25.50	0.026589	57.881
25.50	25.50	0.026606	57.985
25.50	25.50	0.026623	58.080
25.50	25.50	0.026639	58.180
25.50	25.50	0.026656	58.284
25.50	25.50	0.026673	58.379
25.50	25.50	0.026689	58.479
25.50	25.50	0.026706	58.583
25.50	25.50	0.026723	58.678
25.50	25.50	0.026739	58.777
25.50	25.50	0.026756	58.882
25.50	25.50	0.026773	58.977
25.50	25.50	0.026789	59.076
25.50	25.50	0.026806	59.181
25.50	25.50	0.026823	59.276
25.50	25.50	0.026839	59.375
25.50	25.50	0.026856	59.480
25.50	25.50	0.026873	59.574
25.50	25.50	0.026889	59.674
25.50	25.50	0.026906	59.779
25.50	25.50	0.026923	59.873
25.50	25.50	0.026939	59.973
25.50	25.50	0.026956	00.077
25.50	25.50	0.026973	00.172
25.50	25.50	0.026989	00.271
25.50	25.50	0.027006	00.376
25.50	25.50	0.027023	00.471
25.50	25.50	0.027039	00.571
25.50	25.50	0.027056	00.675
25.50	25.50	0.027073	00.769
25.50	25.50	0.027089	00.871
25.50	25.50	0.027106	00.973
25.50	25.50	0.027122	01.068
25.50	25.50	0.027139	01.170
25.50	25.50	0.027156	01.273
25.50	25.50	0.027172	01.368
25.50	25.50	0.027189	01.470
25.50	25.50	0.027206	01.572
25.50	25.50	0.027222	01.666
25.50	25.50	0.027239	01.771
25.50	25.50	0.027256	01.870
25.50	25.50	0.027272	01.965
25.50	25.50	0.027289	02.069
25.50	25.50	0.027306	02.169
25.50	25.50	0.027322	02.264
25.50	25.50	0.027339	02.368
25.50	25.50	0.027356	02.468
25.50	25.50	0.027372	02.563
25.50	25.50	0.027389	02.667
25.50	25.50	0.027406	02.766
25.50	25.50	0.027422	02.863
25.50	25.50	0.027439	02.966
25.50	25.50	0.027456	03.066
25.50	25.50	0.027472	03.163
25.50	25.50	0.027489	03.264
25.50	25.50	0.027506	03.366
25.50	25.50	0.027522	03.463
25.50	25.50	0.027539	03.564
25.50	25.50	0.027556	03.666
25.50	25.50	0.027572	03.763
25.50	25.50	0.027589	03.864
25.50	25.50	0.027606	03.965
25.50	25.50	0.027622	04.063
25.50	25.50	0.027639	04.163
25.50	25.50	0.027656	04.266
25.50	25.50	0.027672	04.363
25.50	25.50	0.027689	04.463
25.50	25.50	0.027706	04.566
25.50	25.50	0.027722	04.663
25.50	25.50	0.027739	04.763
25.50	25.50	0.027756	04.865
25.50	25.50	0.027772	04.963
25.50	25.50	0.027789	05.063
25.50	25.50	0.027806	05.165
25.50	25.50	0.027822	05.264
25.50	25.50	0.027839	05.364
25.50	25.50	0.027856	05.466
25.50	25.50	0.027872	05.564
25.50	25.50	0.027889	05.664
25.50	25.50	0.027906	05.765
25.50	25.50	0.027922	05.864
25.50	25.50	0.027939	05.964
25.50	25.50	0.027955	06.065
25.50	25.50	0.027972	06.165
25.50	25.50	0.027989	06.265
25.50	25.50	0.028005	06.366
25.50	25.50	0.028022	06.465
25.50	25.50	0.028039	06.565
25.50	25.50	0.028055	06.665
25.50	25.50	0.028072	06.765
25.50	25.50	0.028089	06.865
25.50	25.50	0.028105	06.965
25.50	25.50	0.028122	07.066
25.50	25.50	0.028139	07.165
25.50	25.50	0.028155	07.266
25.50	25.50	0.028172	07.365
25.50	25.50	0.028189	07.465
25.50	25.50	0.028205	07.565
25.50	25.50	0.028222	07.665
25.50	25.50	0.028239	07.765
25.50	25.50	0.028255	07.865
25.50	25.50	0.028272	07.966
25.50	25.50	0.028289	08.065
25.50	25.50	0.028305	08.165
25.50	25.50	0.028322	08.265
25.50	25.50	0.028339	08.365
25.50	25.50	0.028355	08.489
25.50	25.50	0.028372	08.594
25.50	25.50	0.028389	08.688
25.50	25.50	0.028405	08.764
25.50	25.50	0.028422	08.893
25.50	25.50	0.028439	08.987
25.50	25.50	0.028455	09.065
25.50	25.50	0.028472	09.191
25.50	25.50	0.028489	09.286
25.50	25.50	0.028505	09.389
25.50	25.50	0.028522	09.490
25.50	25.50	0.028539	09.584
25.50	25.50	0.028555	09.689
25.50	25.50	0.028572	09.789
25.50	25.50	0.028589	09.883
25.50	25.50	0.028605	09.989
25.50	25.50	0.028622	10.088
25.50	25.50	0.028639	10.183
25.50	25.50	0.028655	10.287
25.50	25.50	0.028672	10.387
25.50	25.50	0.028689	10.482
25.50	25.50	0.028705	10.586
25.50	25.50	0.028722	10.686
25.50	25.50	0.028739	10.780
25.50	25.50	0.028755	10.885
25.50	25.50	0.028772	10.984
25.50	25.50	0.028788	11.079
25.50	25.50	0.028805	11.183
25.50	25.50	0.028822	11.278
25.50	25.50	0.028838	11.378
25.50	25.50	0.028855	11.482
25.50	25.50	0.028872	11.577
25.50	25.50	0.028888	11.676
25.50	25.50	0.028905	11.781
25.50	25.50	0.028922	11.875
25.50	25.50	0.028938	11.975
25.50	25.50	0.028955	12.080
25.50	25.50	0.028972	12.174
25.50	25.50	0.028988	12.274
25.50	25.50	0.029005	12.379
25.50	25.50	0.029022	12.474
25.50	25.50	0.029038	12.573
25.50	25.50	0.029055	12.678
25.50	25.50	0.029072	12.772
25.50	25.50	0.029088	12.872
25.50	25.50	0.029105	12.977
25.50	25.50	0.029122	13.071
25.50	25.50	0.029138	13.171
25.50	25.50	0.029155	13.275
25.50	25.50	0.029172	13.370
25.50	25.50	0.029188	13.469
25.50	25.50	0.029205	13.574
25.50	25.50	0.029222	13.669
25.50	25.50	0.029238	13.768
25.50	25.50	0.029255	13.873
25.50	25.50	0.029272	13.967
25.50	25.50	0.029288	14.068
25.50	25.50	0.029305	14.171
25.50	25.50	0.029322	14.266
25.50	25.50	0.029338	14.367
25.50	25.50	0.029355	14.470
25.50	25.50	0.029372	14.567
25.50	25.50	0.029388	14.667
25.50	25.50	0.029405	14.769
25.50	25.50	0.029422	14.866
25.50	25.50	0.029438	14.968
25.50	25.50	0.029455	15.068
25.50	25.50	0.029472	15.166
25.50	25.50	0.029488	15.268
25.50	25.50	0.029505	15.367
25.50	25.50	0.029522	15.467
25.50	25.50	0.029538	15.566
25.50	25.50	0.029555	15.666
25.50	25.50	0.029572	15.766
25.50	25.50	0.029588	15.866
25.50	25.50	0.029605	15.966
25.50	25.50	0.029621	16.066
25.50	25.50	0.029638	16.167
25.50	25.50	0.029655	16.266
25.50	25.50	0.029671	16.366
25.50	25.50	0.029688	16.466
25.50	25.50	0.029705	16.566
25.50	25.50	0.029721	16.666
25.50	25.50	0.029738	16.766
25.50	25.50	0.029755	16.866
25.50	25.50	0.029771	16.966
25.50	25.50	0.029788	17.067
25.50	25.50	0.029805	17.166
25.50	25.50	0.029821	17.266
25.50	25.50	0.029838	17.366
25.50	25.50	0.029855	17.466
25.50	25.50	0.029871	17.566
25.50	25.50	0.029888	17.666
25.50	25.50	0.029905	17.767
25.50	25.50	0.029921	17.866
25.50	25.50	0.029938	17.967
25.50	25.50	0.029955	18.066
25.50	25.50	0.029971	18.166
25.50	25.50	0.029988	18.266
25.50	25.50	0.030005	18.366
25.50	25.50	0.030021	18.466
25.50	25.50	0.030038	18.566
25.50	25.50	0.030055	18.667
25.50	25.50	0.030071	18.766
25.50	25.50	0.030088	18.866
25.50	25.51	0.030105	18.966
25.50	25.51	0.030121	19.066
25.50	25.51	0.030138	19.166
25.50	25.51	0.030155	19.266
25.50	25.51	0.030171	19.366
25.50	25.51	0.030188	19.466
25.53	25.51	0.030205	19.567
25.53	25.51	0.030221	19.666
25.53	25.51	0.030238	19.766
25.53	25.51	0.030255	19.866
25.53	25.51	0.030271	19.966
25.53	25.51	0.030288	20.067
25.53	25.51	0.030305	20.167
25.53	25.52	0.030321	20.268
25.53	25.52	0.030338	20.367
25.50	25.52	0.030355	20.492
25.50	25.52	0.030371	20.596
25.50	25.52	0.030388	20.691
25.50	25.52	0.030405	20.790
25.50	25.52	0.030421	20.895
25.50	25.52	0.030438	20.990
25.50	25.52	0.030454	21.089
25.50	25.52	0.030471	21.194
25.50	25.52	0.030488	21.289
25.50	25.52	0.030504	21.388
25.50	25.52	0.030521	21.493
25.50	25.53	0.030538	21.587
25.53	25.53	0.030554	21.687
25.53	25.53	0.030571	21.791
25.53	25.53	0.030588	21.886
25.53	25.53	0.030604	21.986
25.53	25.53	0.030621	22.090
25.53	25.53	0.030638	22.185
25.53	25.53	0.030654	22.286
25.53	25.53	0.030671	22.390
25.53	25.53	0.030688	22.484
25.53	25.53	0.030704	22.586
25.53	25.53	0.030721	22.688
25.53	25.53	0.030738	22.783
25.53	25.54	0.030754	22.886
25.53	25.54	0.030771	22.987
25.53	25.54	0.030788	23.082
25.55	25.54	0.030804	23.186
25.55	25.54	0.030821	23.286
25.55	25.54	0.030838	23.380
25.55	25.54	0.030854	23.485
25.55	25.54	0.030871	23.584
25.55	25.54	0.030888	23.679
25.55	25.54	0.030904	23.784
25.55	25.54	0.030921	23.883
25.55	25.54	0.030938	23.978
25.55	25.54	0.030954	24.082
25.55	25.55	0.030971	24.182
25.55	25.55	0.030988	24.276
25.55	25.55	0.031004	24.381
25.55	25.55	0.031021	24.481
25.55	25.55	0.031038	24.576
25.55	25.55	0.031054	24.681
25.55	25.55	0.031071	24.774
25.55	25.55	0.031088	24.874
25.55	25.55	0.031104	24.979
25.55	25.55	0.031121	25.073
25.55	25.55	0.031138	25.173
25.55	25.55	0.031154	25.278
25.55	25.55	0.031171	25.372
25.55	25.56	0.031188	25.472
25.55	25.56	0.031204	25.576
25.55	25.56	0.031221	25.671
25.55	25.56	0.031238	25.770
25.55	25.56	0.031254	25.875
25.55	25.56	0.031271	25.969
25.55	25.56	0.031287	26.069
25.55	25.56	0.031304	26.175
25.55	25.56	0.031321	26.269
25.55	25.56	0.031337	26.369
25.55	25.56	0.031354	26.473
25.55	25.56	0.031371	26.568
25.55	25.56	0.031387	26.667
25.55	25.57	0.031404	26.772
25.55	25.57	0.031421	26.867
25.55	25.57	0.031437	26.967
25.55	25.57	0.031454	27.070
25.55	25.57	0.031471	27.167
25.58	25.57	0.031487	27.267
25.58	25.57	0.031504	27.370
25.58	25.57	0.031521	27.467
25.58	25.57	0.031537	27.567
25.58	25.57	0.031554	27.669
25.58	25.57	0.031571	27.767
25.58	25.57	0.031587	27.867
25.58	25.57	0.031604	27.967
25.58	25.58	0.031621	28.067
25.58	25.58	0.031637	28.167
25.58	25.58	0.031654	28.267
25.58	25.58	0.031671	28.368
25.58	25.58	0.031687	28.467
25.58	25.58	0.031704	28.567
25.58	25.58	0.031721	28.667
25.58	25.58	0.031737	28.767
25.58	25.58	0.031754	28.867
25.58	25.58	0.031771	28.967
25.58	25.58	0.031787	29.067
25.58	25.58	0.031804	29.167
25.58	25.58	0.031821	29.268
25.58	25.59	0.031837	29.367
25.58	25.59	0.031854	29.467
25.58	25.59	0.031871	29.567
25.58	25.59	0.031887	29.667
25.58	25.59	0.031904	29.767
25.58	25.59	0.031921	29.867
25.58	25.59	0.031937	29.968
25.58	25.59	0.031954	30.067
25.58	25.59	0.031971	30.168
25.58	25.59	0.031987	30.267
25.58	25.59	0.032004	30.367
25.60	25.59	0.032021	30.467
25.60	25.59	0.032037	30.567
25.60	25.60	0.032054	30.667
25.60	25.60	0.032071	30.767
25.60	25.60	0.032087	30.868
25.60	25.60	0.032104	30.967
25.60	25.60	0.032120	31.067
25.60	25.60	0.032137	31.167
25.60	25.60	0.032154	31.267
25.60	25.60	0.032170	31.367
25.60	25.60	0.032187	31.467
25.60	25.60	0.032204	31.567
25.60	25.60	0.032220	31.667
25.60	25.60	0.032237	31.768
25.60	25.60	0.032254	31.867
25.60	25.61	0.032270	31.967
25.60	25.61	0.032287	32.067
25.60	25.61	0.032304	32.167
25.60	25.61	0.032320	32.267
25.60	25.61	0.032337	32.367
25.60	25.61	0.032354	32.467
25.63	25.61	0.032370	32.567
25.63	25.61	0.032387	32.668
25.63	25.61	0.032404	32.767
25.63	25.61	0.032420	32.868
25.63	25.61	0.032437	32.967
25.63	25.61	0.032454	33.067
25.63	25.61	0.032470	33.196
25.63	25.62	0.032487	33.267
25.63	25.62	0.032504	33.390
25.63	25.62	0.032520	33.496
25.63	25.62	0.032537	33.589
25.63	25.62	0.032554	33.690
25.60	25.62	0.032570	33.795
25.60	25.62	0.032587	33.889
25.60	25.62	0.032604	33.989
25.60	25.62	0.032620	34.093
25.60	25.62	0.032637	34.188
25.60	25.62	0.032654	34.287
25.60	25.62	0.032670	34.392
25.60	25.62	0.032687	34.487
25.63	25.62	0.032704	34.586
25.63	25.63	0.032720	34.691
25.63	25.63	0.032737	34.785
25.63	25.63	0.032754	34.885
25.63	25.63	0.032770	34.989
25.63	25.63	0.032787	35.084
25.63	25.63	0.032804	35.183
25.63	25.63	0.032820	35.288
25.63	25.63	0.032837	35.383
25.63	25.63	0.032854	35.483
25.63	25.63	0.032870	35.587
25.63	25.63	0.032887	35.681
25.63	25.63	0.032904	35.783
25.63	25.63	0.032920	35.885
25.63	25.64	0.032937	35.980
25.63	25.64	0.032953	36.083
25.63	25.64	0.032970	36.184
25.63	25.64	0.032987	36.280
25.65	25.64	0.033003	36.383
25.65	25.64	0.033020	36.484
25.65	25.64	0.033037	36.578
25.65	25.64	0.033053	36.683
25.65	25.64	0.033070	36.782
25.65	25.64	0.033087	36.877
25.65	25.64	0.033103	36.982
25.65	25.64	0.033120	37.081
25.65	25.64	0.033137	37.176
25.65	25.65	0.033153	37.280
25.65	25.65	0.033170	37.380
25.65	25.65	0.033187	37.474
25.65	25.65	0.033203	37.579
25.65	25.65	0.033220	37.678
25.65	25.65	0.033237	37.773
25.65	25.65	0.033253	37.878
25.65	25.65	0.033270	37.972
25.65	25.65	0.033287	38.072
25.65	25.65	0.033303	38.176
25.65	25.65	0.033320	38.271
25.65	25.65	0.033337	38.370
25.65	25.65	0.033353	38.475
25.65	25.66	0.033370	38.570
25.65	25.66	0.033387	38.670
25.65	25.66	0.033403	38.775
25.65	25.66	0.033420	38.869
25.65	25.66	0.033437	38.969
25.65	25.66	0.033453	39.073
25.65	25.66	0.033470	39.168
25.65	25.66	0.033487	39.269
25.65	25.66	0.033503	39.372
25.65	25.66	0.033520	39.468
25.65	25.66	0.033537	39.568
25.65	25.66	0.033553	39.671
25.68	25.66	0.033570	39.768
25.68	25.67	0.033587	39.868
25.68	25.67	0.033603	39.969
25.68	25.67	0.033620	40.068
25.68	25.67	0.033637	40.169
25.68	25.67	0.033653	40.268
25.68	25.67	0.033670	40.368
25.68	25.67	0.033687	40.468
25.68	25.67	0.033703	40.568
25.68	25.67	0.033720	40.668
25.68	25.67	0.033737	40.768
25.68	25.67	0.033753	40.869
25.68	25.67	0.033770	40.968
25.68	25.67	0.033786	41.068
25.68	25.68	0.033803	41.168
25.68	25.68	0.033820	41.268
25.68	25.68	0.033836	41.368
25.68	25.68	0.033853	41.468
25.68	25.68	0.033870	41.568
25.68	25.68	0.033886	41.668
25.68	25.68	0.033903	41.769
25.68	25.68	0.033920	41.868
25.68	25.68	0.033936	41.968
25.68	25.68	0.033953	42.068
25.68	25.68	0.033970	42.168
25.68	25.68	0.033986	42.268
25.68	25.68	0.034003	42.368
25.68	25.69	0.034020	42.468
25.68	25.69	0.034036	42.568
25.68	25.69	0.034053	42.669
25.68	25.69	0.034070	42.768
25.68	25.69	0.034086	42.868
25.68	25.69	0.034103	42.968
25.68	25.69	0.034120	43.068
25.68	25.69	0.034136	43.168
25.68	25.69	0.034153	43.268
25.68	25.69	0.034170	43.369
25.68	25.69	0.034186	43.468
25.68	25.69	0.034203	43.568
25.68	25.69	0.034220	43.668
25.68	25.70	0.034236	43.768
25.68	25.70	0.034253	43.868
25.68	25.70	0.034270	43.968
25.68	25.70	0.034286	44.068
25.68	25.70	0.034303	44.168
25.68	25.70	0.034320	44.269
25.68	25.70	0.034336	44.368
25.70	25.70	0.034353	44.468
25.70	25.70	0.034370	44.568
25.70	25.70	0.034386	44.668
25.70	25.70	0.034403	44.768
25.70	25.70	0.034420	44.868
25.70	25.70	0.034436	44.968
25.70	25.71	0.034453	45.068
25.70	25.71	0.034470	45.169
25.70	25.71	0.034486	45.268
25.70	25.71	0.034503	45.368
25.73	25.71	0.034520	45.468
25.73	25.71	0.034536	45.568
25.73	25.71	0.034553	45.692
25.73	25.71	0.034570	45.797
25.73	25.71	0.034586	45.896
25.73	25.71	0.034603	45.991
25.73	25.71	0.034619	46.096
25.73	25.71	0.034636	46.190
25.73	25.71	0.034653	46.290
25.73	25.72	0.034669	46.394
25.73	25.72	0.034686	46.489
25.73	25.72	0.034703	46.588
25.73	25.72	0.034719	46.693
25.73	25.72	0.034736	46.787
25.70	25.72	0.034753	46.887
25.70	25.72	0.034769	46.992
25.70	25.72	0.034786	47.086
25.70	25.72	0.034803	47.186
25.70	25.72	0.034819	47.290
25.70	25.72	0.034836	47.385
25.70	25.72	0.034853	47.484
25.70	25.72	0.034869	47.590
25.73	25.73	0.034886	47.685
25.73	25.73	0.034903	47.784
25.73	25.73	0.034919	47.889
25.73	25.73	0.034936	47.983
25.73	25.73	0.034953	48.083
25.73	25.73	0.034969	48.187
25.73	25.73	0.034986	48.282
25.73	25.73	0.035003	48.381
25.73	25.73	0.035019	48.486
25.73	25.73	0.035036	48.581
25.73	25.73	0.035053	48.680
25.73	25.73	0.035069	48.785
25.73	25.73	0.035086	48.879
25.73	25.74	0.035103	48.981
25.73	25.74	0.035119	49.083
25.73	25.74	0.035136	49.178
25.73	25.74	0.035153	49.281
25.73	25.74	0.035169	49.382
25.76	25.74	0.035186	49.478
25.76	25.74	0.035203	49.580
25.76	25.74	0.035219	49.682
25.76	25.74	0.035236	49.776
25.76	25.74	0.035253	49.881
25.76	25.74	0.035269	49.980
25.76	25.74	0.035286	50.075
25.76	25.74	0.035303	50.180
25.76	25.75	0.035319	50.279
25.76	25.75	0.035336	50.374
25.73	25.75	0.035353	50.478
25.73	25.75	0.035369	50.578
25.73	25.75	0.035386	50.672
25.73	25.75	0.035403	50.777
25.73	25.75	0.035419	50.876
25.73	25.75	0.035436	50.971
25.73	25.75	0.035452	51.076
25.73	25.75	0.035469	51.170
25.73	25.75	0.035486	51.270
25.73	25.75	0.035502	51.374
25.76	25.75	0.035519	51.469
25.76	25.76	0.035536	51.568
25.76	25.76	0.035552	51.673
25.76	25.76	0.035569	51.769
25.76	25.76	0.035586	51.868
25.76	25.76	0.035602	51.972
25.76	25.76	0.035619	52.068
25.76	25.76	0.035636	52.168
25.76	25.76	0.035652	52.271
25.76	25.76	0.035669	52.368
25.76	25.76	0.035686	52.468
25.76	25.76	0.035702	52.570
25.76	25.76	0.035719	52.669
25.76	25.76	0.035736	52.768
25.76	25.77	0.035752	52.869
25.76	25.77	0.035769	52.968
25.76	25.77	0.035786	53.068
25.76	25.77	0.035802	53.168
25.76	25.77	0.035819	53.268
25.78	25.77	0.035836	53.369
25.78	25.77	0.035852	53.468
25.78	25.77	0.035869	53.568
25.78	25.77	0.035886	53.668
25.78	25.77	0.035902	53.768
25.78	25.77	0.035919	53.868
25.78	25.77	0.035936	53.968
25.78	25.77	0.035952	54.069
25.78	25.78	0.035969	54.168
25.78	25.78	0.035986	54.269
25.78	25.78	0.036002	54.368
25.78	25.78	0.036019	54.468
25.78	25.78	0.036036	54.568
25.78	25.78	0.036052	54.668
25.78	25.78	0.036069	54.768
25.78	25.78	0.036086	54.868
25.78	25.78	0.036102	54.969
25.78	25.78	0.036119	55.068
25.78	25.78	0.036136	55.168
25.78	25.78	0.036152	55.268
25.78	25.78	0.036169	55.368
25.78	25.79	0.036186	55.468
25.78	25.79	0.036202	55.568
25.78	25.79	0.036219	55.668
25.78	25.79	0.036236	55.768
25.78	25.79	0.036252	55.869
25.78	25.79	0.036269	55.968
25.78	25.79	0.036285	56.068
25.78	25.79	0.036302	56.168
25.78	25.79	0.036319	56.268
25.78	25.79	0.036335	56.368
25.78	25.79	0.036352	56.468
25.78	25.79	0.036369	56.568
25.78	25.79	0.036385	56.668
25.81	25.80	0.036402	56.769
25.81	25.80	0.036419	56.868
25.81	25.80	0.036435	56.968
25.81	25.80	0.036452	57.068
25.81	25.80	0.036469	57.168
25.81	25.80	0.036485	57.268
25.81	25.80	0.036502	57.368
25.81	25.80	0.036519	57.469
25.81	25.80	0.036535	57.568
25.81	25.80	0.036552	57.669
25.81	25.80	0.036569	57.768
25.81	25.80	0.036585	57.868
25.81	25.80	0.036602	57.968
25.81	25.81	0.036619	58.068
25.81	25.81	0.036635	58.197
25.81	25.81	0.036652	58.292
25.81	25.81	0.036669	58.396
25.81	25.81	0.036685	58.496
25.81	25.81	0.036702	58.591
25.81	25.81	0.036719	58.696
25.81	25.81	0.036735	58.795
25.81	25.81	0.036752	58.890
25.81	25.81	0.036769	58.994
25.81	25.81	0.036785	59.094
25.81	25.81	0.036802	59.189
25.81	25.81	0.036819	59.293
25.81	25.82	0.036835	59.388
25.81	25.82	0.036852	59.487
25.81	25.82	0.036869	59.592
25.81	25.82	0.036885	59.686
25.81	25.82	0.036902	59.786
25.81	25.82	0.036919	59.890
25.81	25.82	0.036935	59.985
25.81	25.82	0.036952	00.085
25.81	25.82	0.036969	00.190
25.81	25.82	0.036985	00.285
25.81	25.82	0.037002	00.384
25.81	25.82	0.037019	00.489
25.81	25.82	0.037035	00.583
25.81	25.83	0.037052	00.683
25.81	25.83	0.037069	00.787
25.83	25.83	0.037085	00.882
25.83	25.83	0.037102	00.981
25.83	25.83	0.037118	01.086
25.83	25.83	0.037135	01.180
25.83	25.83	0.037152	01.281
25.83	25.83	0.037168	01.385
25.83	25.83	0.037185	01.480
25.83	25.83	0.037202	01.580
25.83	25.83	0.037218	01.684
25.83	25.83	0.037235	01.779
25.83	25.83	0.037252	01.878
25.83	25.84	0.037268	01.983
25.83	25.84	0.037285	02.077
25.83	25.84	0.037302	02.178
25.83	25.84	0.037318	02.281
25.83	25.84	0.037335	02.376
25.83	25.84	0.037352	02.478
25.83	25.84	0.037368	02.580
25.83	25.84	0.037385	02.675
25.83	25.84	0.037402	02.778
25.86	25.84	0.037418	02.879
25.86	25.84	0.037435	02.973
25.86	25.84	0.037452	03.078
25.86	25.84	0.037468	03.177
25.86	25.84	0.037485	03.273
25.86	25.85	0.037502	03.378
25.86	25.85	0.037518	03.476
25.86	25.85	0.037535	03.571
25.86	25.85	0.037552	03.676
25.86	25.85	0.037568	03.776
25.86	25.85	0.037585	03.870
25.86	25.85	0.037602	03.975
25.86	25.85	0.037618	04.075
25.86	25.85	0.037635	04.169
25.86	25.85	0.037652	04.274
25.86	25.85	0.037668	04.373
25.86	25.85	0.037685	04.469
25.86	25.85	0.037702	04.572
25.83	25.86	0.037718	04.673
25.83	25.86	0.037735	04.770
25.83	25.86	0.037752	04.871
25.83	25.86	0.037768	04.973
25.83	25.86	0.037785	05.069
25.83	25.86	0.037802	05.170
25.83	25.86	0.037818	05.273
25.86	25.86	0.037835	05.369
25.86	25.86	0.037852	05.469
25.86	25.86	0.037868	05.573
25.86	25.86	0.037885	05.670
25.86	25.86	0.037902	05.769
25.86	25.86	0.037918	05.873
25.86	25.87	0.037935	05.969
25.86	25.87	0.037951	06.069
25.86	25.87	0.037968	06.172
25.86	25.87	0.037985	06.269
25.88	25.87	0.038001	06.370
25.88	25.87	0.038018	06.473
25.88	25.87	0.038035	06.570
25.88	25.87	0.038051	06.669
25.88	25.87	0.038068	06.773
25.88	25.87	0.038085	06.869
25.88	25.87	0.038101	06.969
25.88	25.87	0.038118	07.072
25.88	25.87	0.038135	07.169
25.88	25.88	0.038151	07.270
25.88	25.88	0.038168	07.373
25.88	25.88	0.038185	07.469
25.88	25.88	0.038201	07.569
25.88	25.88	0.038218	07.673
25.88	25.88	0.038235	07.769
25.88	25.88	0.038251	07.869
25.88	25.88	0.038268	07.972
25.88	25.88	0.038285	08.069
25.88	25.88	0.038301	08.170
25.88	25.88	0.038318	08.272
25.88	25.88	0.038335	08.369
25.88	25.88	0.038351	08.469
25.88	25.89	0.038368	08.572
25.88	25.89	0.038385	08.669
25.88	25.89	0.038401	08.769
25.88	25.89	0.038418	08.872
25.88	25.89	0.038435	08.970
25.88	25.89	0.038451	09.070
25.88	25.89	0.038468	09.172
25.88	25.89	0.038485	09.270
25.88	25.89	0.038501	09.371
25.88	25.89	0.038518	09.472
25.88	25.89	0.038535	09.570
25.91	25.89	0.038551	09.671
25.91	25.89	0.038568	09.772
25.91	25.90	0.038585	09.871
25.91	25.90	0.038601	09.971
25.91	25.90	0.038618	10.072
25.91	25.90	0.038635	10.170
25.91	25.90	0.038651	10.295
25.91	25.90	0.038668	10.372
25.91	25.90	0.038685	10.499
25.91	25.90	0.038701	10.593
25.91	25.90	0.038718	10.672
25.91	25.90	0.038735	10.798
25.91	25.90	0.038751	10.893
25.91	25.90	0.038768	10.972
25.91	25.90	0.038784	11.097
25.91	25.91	0.038801	11.192
25.91	25.91	0.038818	11.296
25.91	25.91	0.038834	11.395
25.88	25.91	0.038851	11.490
25.88	25.91	0.038868	11.594
25.88	25.91	0.038884	11.694
25.88	25.91	0.038901	11.788
25.88	25.91	0.038918	11.894
25.88	25.91	0.038934	11.993
25.91	25.91	0.038951	12.087
25.91	25.91	0.038968	12.193
25.91	25.91	0.038984	12.292
25.91	25.91	0.039001	12.387
25.91	25.92	0.039018	12.491
25.91	25.92	0.039034	12.586
25.91	25.92	0.039051	12.686
25.91	25.92	0.039068	12.790
25.91	25.92	0.039084	12.885
25.91	25.92	0.039101	12.984
25.91	25.92	0.039118	13.089
25.94	25.92	0.039134	13.183
25.94	25.92	0.039151	13.283
25.94	25.92	0.039168	13.387
25.94	25.92	0.039184	13.482
25.94	25.92	0.039201	13.582
25.94	25.92	0.039218	13.686
25.94	25.93	0.039234	13.781
25.94	25.93	0.039251	13.880
25.94	25.93	0.039268	13.985
25.94	25.93	0.039284	14.079
25.94	25.93	0.039301	14.179
25.94	25.93	0.039318	14.284
25.94	25.93	0.039334	14.379
25.94	25.93	0.039351	14.479
25.94	25.93	0.039368	14.583
25.94	25.93	0.039384	14.678
25.94	25.93	0.039401	14.777
25.94	25.93	0.039418	14.882
25.94	25.93	0.039434	14.976
25.91	25.94	0.039451	15.076
25.91	25.94	0.039468	15.180
25.91	25.94	0.039484	15.275
25.91	25.94	0.039501	15.375
25.91	25.94	0.039518	15.479
25.91	25.94	0.039534	15.573
25.94	25.94	0.039551	15.675
25.94	25.94	0.039568	15.778
25.94	25.94	0.039584	15.873
25.94	25.94	0.039601	15.975
25.94	25.94	0.039617	16.077
25.94	25.94	0.039634	16.172
25.94	25.94	0.039651	16.275
25.94	25.95	0.039667	16.375
25.94	25.95	0.039684	16.471
25.94	25.95	0.039701	16.575
25.94	25.95	0.039717	16.675
25.94	25.95	0.039734	16.776
25.94	25.95	0.039751	16.875
25.94	25.95	0.039767	16.975
25.96	25.95	0.039784	17.075
25.96	25.95	0.039801	17.175
25.96	25.95	0.039817	17.275
25.96	25.95	0.039834	17.375
25.96	25.95	0.039851	17.475
25.96	25.95	0.039867	17.576
25.96	25.96	0.039884	17.675
25.96	25.96	0.039901	17.775
25.96	25.96	0.039917	17.876
25.96	25.96	0.039934	17.976
25.96	25.96	0.039951	18.076
25.96	25.96	0.039967	18.176
25.96	25.96	0.039984	18.277
25.96	25.96	0.040001	18.376
25.96	25.96	0.040017	18.476
25.96	25.96	0.040034	18.576
25.96	25.96	0.040051	18.676
25.96	25.96	0.040067	18.776
25.96	25.96	0.040084	18.875
25.96	25.97	0.040101	18.976
25.96	25.97	0.040117	19.077
25.96	25.97	0.040134	19.176
25.96	25.97	0.040151	19.276
25.96	25.97	0.040167	19.376
25.96	25.97	0.040184	19.476
25.96	25.97	0.040201	19.576
25.96	25.97	0.040217	19.676
25.96	25.97	0.040234	19.776
25.96	25.97	0.040251	19.876
25.99	25.97	0.040267	19.977
25.99	25.97	0.040284	20.075
25.99	25.97	0.040301	20.176
25.99	25.98	0.040317	20.276
25.99	25.98	0.040334	20.376
25.99	25.98	0.040351	20.476
25.99	25.98	0.040367	20.576
25.99	25.98	0.040384	20.677
25.99	25.98	0.040401	20.776
25.99	25.98	0.040417	20.876
25.99	25.98	0.040434	20.976
25.99	25.98	0.040450	21.076
25.99	25.98	0.040467	21.176
25.99	25.98	0.040484	21.276
25.99	25.98	0.040500	21.376
25.99	25.98	0.040517	21.500
25.99	25.99	0.040534	21.605
25.99	25.99	0.040550	21.700
25.99	25.99	0.040567	21.799
25.99	25.99	0.040584	21.904
25.96	25.99	0.040600	21.998
25.96	25.99	0.040617	22.098
25.96	25.99	0.040634	22.202
25.96	25.99	0.040650	22.297
25.96	25.99	0.040667	22.397
25.99	25.99	0.040684	22.502
25.99	25.99	0.040700	22.597
25.99	25.99	0.040717	22.696
25.99	25.99	0.040734	22.801
25.99	26.00	0.040750	22.895
25.99	26.00	0.040767	22.995
25.99	26.00	0.040784	23.100
25.99	26.00	0.040800	23.194
25.99	26.00	0.040817	23.294
25.99	26.00	0.040834	23.398
25.99	26.00	0.040850	23.493
25.99	26.00	0.040867	23.593
26.01	26.00	0.040884	23.697
26.01	26.00	0.040900	23.791
26.01	26.00	0.040917	23.893
26.01	26.00	0.040934	23.996
26.01	26.00	0.040950	24.090
26.01	26.01	0.040967	24.194
26.01	26.01	0.040984	24.294
26.01	26.01	0.041000	24.389
26.01	26.01	0.041017	24.493
26.01	26.01	0.041034	24.593
26.01	26.01	0.041050	24.688
26.01	26.01	0.041067	24.792
26.01	26.01	0.041084	24.892
26.01	26.01	0.041100	24.986
26.01	26.01	0.041117	25.091
26.01	26.01	0.041134	25.190
26.01	26.01	0.041150	25.285
26.01	26.01	0.041167	25.390
26.01	26.02	0.041184	25.490
26.01	26.02	0.041200	25.585
26.01	26.02	0.041217	25.689
26.01	26.02	0.041234	25.789
26.01	26.02	0.041250	25.883
26.01	26.02	0.041267	25.988
26.01	26.02	0.041283	26.082
26.01	26.02	0.041300	26.182
26.01	26.02	0.041317	26.286
26.04	26.02	0.041333	26.381
26.04	26.02	0.041350	26.481
26.04	26.02	0.041367	26.585
26.04	26.02	0.041383	26.680
26.04	26.03	0.041400	26.779
26.04	26.03	0.041417	26.884
26.04	26.03	0.041433	26.978
26.04	26.03	0.041450	27.078
26.04	26.03	0.041467	27.183
26.04	26.03	0.041483	27.277
26.04	26.03	0.041500	27.377
26.04	26.03	0.041517	27.481
26.04	26.03	0.041533	27.576
26.04	26.03	0.041550	27.676
26.04	26.03	0.041567	27.781
26.04	26.03	0.041583	27.877
26.04	26.03	0.041600	27.976
26.04	26.04	0.041617	28.080
26.04	26.04	0.041633	28.176
26.04	26.04	0.041650	28.276
26.04	26.04	0.041667	28.378
26.04	26.04	0.041683	28.476
26.01	26.04	0.041700	28.576
26.01	26.04	0.041717	28.677
26.01	26.04	0.041733	28.777
26.01	26.04	0.041750	28.876
26.01	26.04	0.041767	28.976
26.01	26.04	0.041783	29.076
26.04	26.04	0.041800	29.176
26.04	26.04	0.041817	29.276
26.04	26.05	0.041833	29.376
26.04	26.05	0.041850	29.476
26.04	26.05	0.041867	29.577
26.04	26.05	0.041883	29.676
26.04	26.05	0.041900	29.776
26.04	26.05	0.041917	29.876
26.04	26.05	0.041933	29.976
26.04	26.05	0.041950	30.076
26.06	26.05	0.041967	30.176
26.06	26.05	0.041983	30.276
26.06	26.05	0.042000	30.376
26.06	26.05	0.042017	30.477
26.06	26.05	0.042033	30.576
26.06	26.06	0.042050	30.676
26.06	26.06	0.042067	30.777
26.06	26.06	0.042083	30.877
26.06	26.06	0.042100	30.977
26.06	26.06	0.042116	31.077
26.06	26.06	0.042133	31.178
26.06	26.06	0.042150	31.277
26.06	26.06	0.042166	31.378
26.06	26.06	0.042183	31.477
26.06	26.06	0.042200	31.577
26.06	26.06	0.042216	31.677
26.06	26.06	0.042233	31.777
26.06	26.06	0.042250	31.877
26.06	26.07	0.042266	31.977
26.06	26.07	0.042283	32.078
26.06	26.07	0.042300	32.177
26.06	26.07	0.042316	32.277
26.06	26.07	0.042333	32.377
26.06	26.07	0.042350	32.477
26.06	26.07	0.042366	32.577
26.09	26.07	0.042383	32.677
26.09	26.07	0.042400	32.777
26.09	26.07	0.042416	32.877
26.09	26.07	0.042433	32.978
26.09	26.07	0.042450	33.077
26.09	26.07	0.042466	33.177
26.09	26.08	0.042483	33.277
26.09	26.08	0.042500	33.377
26.09	26.08	0.042516	33.477
26.09	26.08	0.042533	33.577
26.09	26.08	0.042550	33.677
26.09	26.08	0.042566	33.777
26.09	26.08	0.042583	33.906
26.06	26.08	0.042600	34.001
26.06	26.08	0.042616	34.101
26.06	26.08	0.042633	34.205
26.06	26.08	0.042650	34.300
26.06	26.08	0.042666	34.399
26.06	26.08	0.042683	34.504
26.06	26.08	0.042700	34.598
26.06	26.09	0.042716	34.698
26.06	26.09	0.042733	34.803
26.09	26.09	0.042750	34.897
26.09	26.09	0.042766	34.997
26.09	26.09	0.042783	35.101
26.09	26.09	0.042800	35.197
26.09	26.09	0.042816	35.296
26.09	26.09	0.042833	35.401
26.09	26.09	0.042850	35.496
26.09	26.09	0.042866	35.595
26.09	26.09	0.042883	35.700
26.09	26.09	0.042900	35.794
26.09	26.09	0.042916	35.894
26.09	26.10	0.042933	35.998
26.09	26.10	0.042949	36.093
26.09	26.10	0.042966	36.192
26.09	26.10	0.042983	36.297
26.09	26.10	0.042999	36.391
26.12	26.10	0.043016	36.492
26.12	26.10	0.043033	36.596
26.12	26.10	0.043049	36.691
26.12	26.10	0.043066	36.790
26.12	26.10	0.043083	36.895
26.12	26.10	0.043099	36.989
26.12	26.10	0.043116	37.091
26.12	26.10	0.043133	37.193
26.12	26.11	0.043149	37.288
26.12	26.11	0.043166	37.390
26.12	26.11	0.043183	37.492
26.12	26.11	0.043199	37.587
26.09	26.11	0.043216	37.690
26.09	26.11	0.043233	37.791
26.09	26.11	0.043249	37.886
26.09	26.11	0.043266	37.991
26.09	26.11	0.043283	38.090
26.09	26.11	0.043299	38.185
26.09	26.11	0.043316	38.289
26.09	26.11	0.043333	38.389
26.12	26.11	0.043349	38.483
26.12	26.12	0.043366	38.588
26.12	26.12	0.043383	38.688
26.12	26.12	0.043399	38.782
26.12	26.12	0.043416	38.887
26.12	26.12	0.043433	38.986
26.12	26.12	0.043449	39.081
26.12	26.12	0.043466	39.185
26.12	26.12	0.043483	39.280
26.12	26.12	0.043499	39.379
26.12	26.12	0.043516	39.484
26.12	26.12	0.043533	39.579
26.12	26.12	0.043549	39.678
26.12	26.12	0.043566	39.783
26.12	26.13	0.043583	39.877
26.12	26.13	0.043599	39.977
26.12	26.13	0.043616	40.081
26.12	26.13	0.043633	40.177
26.12	26.13	0.043649	40.278
26.14	26.13	0.043666	40.381
26.14	26.13	0.043683	40.477
26.14	26.13	0.043699	40.577
26.14	26.13	0.043716	40.680
26.14	26.13	0.043733	40.777
26.14	26.13	0.043749	40.877
26.14	26.13	0.043766	40.978
26.14	26.13	0.043782	41.077
26.14	26.14	0.043799	41.178
26.14	26.14	0.043816	41.277
26.14	26.14	0.043832	41.377
26.14	26.14	0.043849	41.477
26.14	26.14	0.043866	41.577
26.14	26.14	0.043882	41.677
26.14	26.14	0.043899	41.777
26.14	26.14	0.043916	41.878
26.14	26.14	0.043932	41.977
26.14	26.14	0.043949	42.078
26.14	26.14	0.043966	42.177
26.14	26.14	0.043982	42.277
26.14	26.14	0.043999	42.377
26.14	26.15	0.044016	42.477
26.14	26.15	0.044032	42.577
26.14	26.15	0.044049	42.677
26.14	26.15	0.044066	42.778
26.14	26.15	0.044082	42.877
26.14	26.15	0.044099	42.977
26.14	26.15	0.044116	43.077
26.14	26.15	0.044132	43.177
26.14	26.15	0.044149	43.277
26.14	26.15	0.044166	43.377
26.14	26.15	0.044182	43.477
26.14	26.15	0.044199	43.577
26.17	26.15	0.044216	43.678
26.17	26.16	0.044232	43.777
26.17	26.16	0.044249	43.877
26.17	26.16	0.044266	43.977
26.17	26.16	0.044282	44.077
26.17	26.16	0.044299	44.177
26.17	26.16	0.044316	44.277
26.17	26.16	0.044332	44.378
26.17	26.16	0.044349	44.477
26.17	26.16	0.044366	44.577
26.17	26.16	0.044382	44.677
26.17	26.16	0.044399	44.777
26.17	26.16	0.044416	44.877
26.17	26.16	0.044432	44.977
26.17	26.17	0.044449	45.077
26.17	26.17	0.044466	45.177
26.14	26.17	0.044482	45.278
26.14	26.17	0.044499	45.377
26.14	26.17	0.044516	45.477
26.14	26.17	0.044532	45.577
26.14	26.17	0.044549	45.677
26.14	26.17	0.044566	45.777
26.17	26.17	0.044582	45.877
26.17	26.17	0.044599	45.977
26.17	26.17	0.044615	46.077
26.17	26.17	0.044632	46.178
26.17	26.17	0.044649	46.277
26.17	26.18	0.044665	46.377
26.17	26.18	0.044682	46.477
26.17	26.18	0.044699	46.577
26.17	26.18	0.044715	46.700
26.17	26.18	0.044732	46.806
26.19	26.18	0.044749	46.905
26.19	26.18	0.044765	47.000
26.19	26.18	0.044782	47.105
26.19	26.18	0.044799	47.204
26.19	26.18	0.044815	47.299
26.19	26.18	0.044832	47.403
26.19	26.18	0.044849	47.498
26.19	26.18	0.044865	47.597
26.19	26.19	0.044882	47.702
26.19	26.19	0.044899	47.796
26.19	26.19	0.044915	47.896
26.19	26.19	0.044932	48.001
26.19	26.19	0.044949	48.095
26.19	26.19	0.044965	48.195
26.19	26.19	0.044982	48.299
26.19	26.19	0.044999	48.394
26.19	26.19	0.045015	48.493
26.19	26.19	0.045032	48.598
26.19	26.19	0.045049	48.693
26.19	26.19	0.045065	48.792
26.19	26.19	0.045082	48.897
26.19	26.20	0.045099	48.991
26.19	26.20	0.045115	49.092
26.19	26.20	0.045132	49.196
26.19	26.20	0.045149	49.290
26.19	26.20	0.045165	49.390
26.19	26.20	0.045182	49.495
26.19	26.20	0.045199	49.589
26.19	26.20	0.045215	49.689
26.19	26.20	0.045232	49.793
26.19	26.20	0.045249	49.888
26.22	26.20	0.045265	49.988
26.22	26.20	0.045282	50.092
26.22	26.20	0.045299	50.187
26.22	26.21	0.045315	50.288
26.22	26.21	0.045332	50.391
26.22	26.21	0.045349	50.486
26.22	26.21	0.045365	50.587
26.22	26.21	0.045382	50.690
26.22	26.21	0.045399	50.784
26.22	26.21	0.045415	50.887
26.22	26.21	0.045432	50.988
26.22	26.21	0.045448	51.083
26.22	26.21	0.045465	51.188
26.22	26.21	0.045482	51.288
26.22	26.21	0.045498	51.382
26.22	26.21	0.045515	51.487
26.22	26.22	0.045532	51.587
26.22	26.22	0.045548	51.681
26.22	26.22	0.045565	51.786
26.22	26.22	0.045582	51.886
26.22	26.22	0.045598	51.980
26.22	26.22	0.045615	52.085
26.22	26.22	0.045632	52.184
26.19	26.22	0.045648	52.279
26.19	26.22	0.045665	52.383
26.19	26.22	0.045682	52.483
26.19	26.22	0.045698	52.579
26.19	26.22	0.045715	52.682
26.22	26.22	0.045732	52.783
26.22	26.23	0.045748	52.878
26.22	26.23	0.045765	52.981
26.22	26.23	0.045782	53.082
26.22	26.23	0.045798	53.178
26.22	26.23	0.045815	53.279
26.22	26.23	0.045832	53.382
26.22	26.23	0.045848	53.479
26.22	26.23	0.045865	53.578
26.24	26.23	0.045882	53.682
26.24	26.23	0.045898	53.778
26.24	26.23	0.045915	53.878
26.24	26.23	0.045932	53.982
26.24	26.23	0.045948	54.078
26.24	26.24	0.045965	54.178
26.24	26.24	0.045982	54.282
26.24	26.24	0.045998	54.379
26.24	26.24	0.046015	54.478
26.24	26.24	0.046032	54.582
26.24	26.24	0.046048	54.678
26.24	26.24	0.046065	54.778
26.24	26.24	0.046082	54.882
26.24	26.24	0.046098	54.978
26.24	26.24	0.046115	55.079
26.24	26.24	0.046132	55.182
26.24	26.24	0.046148	55.279
26.24	26.24	0.046165	55.378
26.24	26.25	0.046182	55.482
26.24	26.25	0.046198	55.578
26.24	26.25	0.046215	55.678
26.27	26.25	0.046232	55.781
26.27	26.25	0.046248	55.878
26.27	26.25	0.046265	55.979
26.27	26.25	0.046281	56.081
26.27	26.25	0.046298	56.178
26.27	26.25	0.046315	56.278
26.27	26.25	0.046331	56.382
26.27	26.25	0.046348	56.478
26.27	26.25	0.046365	56.578
26.27	26.25	0.046381	56.681
26.24	26.26	0.046398	56.778
26.24	26.26	0.046415	56.879
26.24	26.26	0.046431	56.981
26.24	26.26	0.046448	57.078
26.24	26.26	0.046465	57.178
26.24	26.26	0.046481	57.282
26.24	26.26	0.046498	57.378
26.24	26.26	0.046515	57.478
26.24	26.26	0.046531	57.582
26.24	26.26	0.046548	57.678
26.24	26.26	0.046565	57.778
26.27	26.26	0.046581	57.881
26.27	26.26	0.046598	57.978
26.27	26.27	0.046615	58.078
26.27	26.27	0.046631	58.181
26.27	26.27	0.046648	58.278
26.27	26.27	0.046665	58.378
26.27	26.27	0.046681	58.482
26.27	26.27	0.046698	58.578
26.27	26.27	0.046715	58.678
26.27	26.27	0.046731	58.781
26.27	26.27	0.046748	58.878
26.27	26.27	0.046765	59.002
26.27	26.27	0.046781	59.081
26.27	26.27	0.046798	59.206
26.29	26.27	0.046815	59.301
26.29	26.28	0.046831	59.381
26.29	26.28	0.046848	59.505
26.29	26.28	0.046865	59.600
26.29	26.28	0.046881	59.704
26.29	26.28	0.046898	59.804
26.29	26.28	0.046915	59.898
26.29	26.28	0.046931	00.003
26.29	26.28	0.046948	00.102
26.29	26.28	0.046965	00.197
26.29	26.28	0.046981	00.303
26.29	26.28	0.046998	00.402
26.29	26.28	0.047015	00.497
26.29	26.28	0.047031	00.601
26.27	26.29	0.047048	00.701
26.27	26.29	0.047065	00.795
26.27	26.29	0.047081	00.900
26.27	26.29	0.047098	00.995
26.27	26.29	0.047114	01.094
26.27	26.29	0.047131	01.199
26.27	26.29	0.047148	01.293
26.29	26.29	0.047164	01.393
26.29	26.29	0.047181	01.497
26.29	26.29	0.047198	01.592
26.29	26.29	0.047214	01.691
26.29	26.29	0.047231	01.796
26.29	26.29	0.047248	01.891
26.29	26.30	0.047264	01.990
26.29	26.30	0.047281	02.095
26.29	26.30	0.047298	02.189
26.29	26.30	0.047314	02.289
26.29	26.30	0.047331	02.393
26.29	26.30	0.047348	02.488
26.29	26.30	0.047364	02.588
26.29	26.30	0.047381	02.692
26.29	26.30	0.047398	02.787
26.29	26.30	0.047414	02.887
26.29	26.30	0.047431	02.992
26.32	26.30	0.047448	03.086
26.32	26.30	0.047464	03.186
26.32	26.30	0.047481	03.290
26.32	26.31	0.047498	03.385
26.32	26.31	0.047514	03.485
26.32	26.31	0.047531	03.589
26.32	26.31	0.047548	03.683
26.32	26.31	0.047564	03.785
26.32	26.31	0.047581	03.888
26.32	26.31	0.047598	03.983
26.32	26.31	0.047614	04.084
26.32	26.31	0.047631	04.187
26.32	26.31	0.047648	04.282
26.32	26.31	0.047664	04.384
26.32	26.31	0.047681	04.486
26.32	26.31	0.047698	04.580
26.32	26.32	0.047714	04.684
26.32	26.32	0.047731	04.784
26.29	26.32	0.047748	04.879
26.29	26.32	0.047764	04.984
26.29	26.32	0.047781	05.083
26.29	26.32	0.047798	05.178
26.29	26.32	0.047814	05.282
26.32	26.32	0.047831	05.382
26.32	26.32	0.047848	05.478
26.32	26.32	0.047864	05.581
26.32	26.32	0.047881	05.680
26.32	26.32	0.047898	05.778
26.32	26.32	0.047914	05.880
26.32	26.33	0.047931	05.979
26.32	26.33	0.047947	06.078
26.32	26.33	0.047964	06.178
26.32	26.33	0.047981	06.280
26.32	26.33	0.047997	06.378
26.32	26.33	0.048014	06.478
26.35	26.33	0.048031	06.579
26.35	26.33	0.048047	06.678
26.35	26.33	0.048064	06.779
26.35	26.33	0.048081	06.879
26.35	26.33	0.048097	06.978
26.35	26.33	0.048114	07.078
26.35	26.33	0.048131	07.179
26.35	26.34	0.048147	07.278
26.35	26.34	0.048164	07.378
26.35	26.34	0.048181	07.480
26.35	26.34	0.048197	07.578
26.35	26.34	0.048214	07.678
26.35	26.34	0.048231	07.779
26.35	26.34	0.048247	07.878
26.35	26.34	0.048264	07.978
26.35	26.34	0.048281	08.079
26.32	26.34	0.048297	08.178
26.32	26.34	0.048314	08.278
26.32	26.34	0.048331	08.380
26.32	26.34	0.048347	08.478
26.32	26.35	0.048364	08.578
26.32	26.35	0.048381	08.679
26.32	26.35	0.048397	08.778
26.32	26.35	0.048414	08.878
26.35	26.35	0.048431	08.979
26.35	26.35	0.048447	09.079
26.35	26.35	0.048464	09.178
26.35	26.35	0.048481	09.279
26.35	26.35	0.048497	09.378
26.35	26.35	0.048514	09.478
26.35	26.35	0.048531	09.578
26.35	26.35	0.048547	09.678
26.35	26.35	0.048564	09.778
26.35	26.36	0.048581	09.879
26.35	26.36	0.048597	09.979
26.35	26.36	0.048614	10.078
26.35	26.36	0.048631	10.179
26.35	26.36	0.048647	10.278
26.37	26.36	0.048664	10.378
26.37	26.36	0.048681	10.478
26.37	26.36	0.048697	10.578
26.37	26.36	0.048714	10.679
26.37	26.36	0.048731	10.779
26.37	26.36	0.048747	10.878
26.37	26.36	0.048764	10.978
26.37	26.36	0.048780	11.079
26.37	26.37	0.048797	11.178
26.37	26.37	0.048814	11.278
26.37	26.37	0.048830	11.378
26.37	26.37	0.048847	11.478
26.37	26.37	0.048864	11.602
26.37	26.37	0.048880	11.678
26.37	26.37	0.048897	11.777
26.37	26.37	0.048914	11.901
26.37	26.37	0.048930	11.979
26.37	26.37	0.048947	12.105
26.37	26.37	0.048964	12.200
26.37	26.37	0.048980	12.278
26.37	26.37	0.048997	12.404
26.37	26.38	0.049014	12.499
26.37	26.38	0.049030	12.578
26.37	26.38	0.049047	12.703
26.37	26.38	0.049064	12.797
26.37	26.38	0.049080	12.902
26.37	26.38	0.049097	13.001
26.37	26.38	0.049114	13.097
26.40	26.38	0.049130	13.201
26.40	26.38	0.049147	13.301
26.40	26.38	0.049164	13.396
26.40	26.38	0.049180	13.500
26.40	26.38	0.049197	13.600
26.40	26.38	0.049214	13.694
26.40	26.39	0.049230	13.799
26.40	26.39	0.049247	13.898
26.40	26.39	0.049264	13.993
26.40	26.39	0.049280	14.098
26.40	26.39	0.049297	14.192
26.37	26.39	0.049314	14.292
26.37	26.39	0.049330	14.396
26.37	26.39	0.049347	14.491
26.37	26.39	0.049364	14.590
26.37	26.39	0.049380	14.695
26.37	26.39	0.049397	14.790
26.37	26.39	0.049414	14.889
26.37	26.39	0.049430	14.994
26.40	26.40	0.049447	15.088
26.40	26.40	0.049464	15.188
26.40	26.40	0.049480	15.292
26.40	26.40	0.049497	15.387
26.40	26.40	0.049514	15.487
26.40	26.40	0.049530	15.592
26.40	26.40	0.049547	15.687
26.40	26.40	0.049564	15.786
26.40	26.40	0.049580	15.891
26.40	26.40	0.049597	15.985
26.40	26.40	0.049613	16.085
26.40	26.40	0.049630	16.189
26.40	26.40	0.049647	16.284
26.40	26.41	0.049663	16.384
26.40	26.41	0.049680	16.488
26.42	26.41	0.049697	16.583
26.42	26.41	0.049713	16.682
26.42	26.41	0.049730	16.787
26.42	26.41	0.049747	16.881
26.42	26.41	0.049763	16.982
26.42	26.41	0.049780	17.085
26.42	26.41	0.049797	17.180
26.42	26.41	0.049813	17.282
26.42	26.41	0.049830	17.384
26.42	26.41	0.049847	17.479
26.42	26.41	0.049863	17.582
26.42	26.42	0.049880	17.683
26.42	26.42	0.049897	17.778
26.42	26.42	0.049913	17.882
26.42	26.42	0.049930	17.981
26.42	26.42	0.049947	18.078
26.42	26.42	0.049963	18.182
26.42	26.42	0.049980	18.281
26.42	26.42	0.049997	18.378
26.42	26.42	0.050013	18.480
26.42	26.42	0.050030	18.580
26.42	26.42	0.050047	18.678
26.42	26.42	0.050063	18.779
26.42	26.42	0.050080	18.879
26.42	26.43	0.050097	18.978
26.42	26.43	0.050113	19.079
26.42	26.43	0.050130	19.178
26.42	26.43	0.050147	19.278
26.42	26.43	0.050163	19.378
26.42	26.43	0.050180	19.478
26.42	26.43	0.050197	19.578
26.42	26.43	0.050213	19.679
26.42	26.43	0.050230	19.778
26.42	26.43	0.050247	19.878
26.42	26.43	0.050263	19.978
26.42	26.43	0.050280	20.078
26.42	26.43	0.050297	20.178
26.42	26.44	0.050313	20.278
26.42	26.44	0.050330	20.378
26.42	26.44	0.050347	20.478
26.45	26.44	0.050363	20.579
26.45	26.44	0.050380	20.678
26.45	26.44	0.050397	20.778
26.45	26.44	0.050413	20.878
26.45	26.44	0.050430	20.978
26.45	26.44	0.050446	21.079
26.45	26.44	0.050463	21.179
26.45	26.44	0.050480	21.280
26.45	26.44	0.050496	21.379
26.45	26.44	0.050513	21.479
26.45	26.45	0.050530	21.579
26.45	26.45	0.050546	21.679
26.45	26.45	0.050563	21.779
26.45	26.45	0.050580	21.879
26.45	26.45	0.050596	21.979
26.45	26.45	0.050613	22.079
26.45	26.45	0.050630	22.180
26.45	26.45	0.050646	22.279
26.45	26.45	0.050663	22.379
26.45	26.45	0.050680	22.479
26.45	26.45	0.050696	22.579
26.45	26.45	0.050713	22.679
26.45	26.45	0.050730	22.779
26.45	26.46	0.050746	22.880
26.45	26.46	0.050763	22.979
26.45	26.46	0.050780	23.080
26.45	26.46	0.050796	23.179
26.45	26.46	0.050813	23.279
26.45	26.46	0.050830	23.379
26.45	26.46	0.050846	23.479
26.45	26.46	0.050863	23.579
26.45	26.46	0.050880	23.679
26.45	26.46	0.050896	23.780
26.45	26.46	0.050913	23.879
26.45	26.46	0.050930	23.979
26.45	26.46	0.050946	24.108
26.45	26.47	0.050963	24.203
26.45	26.47	0.050980	24.302
26.47	26.47	0.050996	24.407
26.47	26.47	0.051013	24.501
26.47	26.47	0.051030	24.601
26.47	26.47	0.051046	24.706
26.47	26.47	0.051063	24.800
26.47	26.47	0.051080	24.901
26.47	26.47	0.051096	25.004
26.47	26.47	0.051113	25.099
26.47	26.47	0.051130	25.200
26.47	26.47	0.051146	25.303
26.47	26.47	0.051163	25.397
26.47	26.48	0.051180	25.500
26.47	26.48	0.051196	25.602
26.47	26.48	0.051213	25.696
26.50	26.48	0.051230	25.801
26.50	26.48	0.051246	25.901
26.50	26.48	0.051263	25.996
26.50	26.48	0.051279	26.100
26.50	26.48	0.051296	26.200
26.50	26.48	0.051313	26.295
26.50	26.48	0.051329	26.399
26.50	26.48	0.051346	26.499
26.50	26.48	0.051363	26.593
26.50	26.48	0.051379	26.698
26.50	26.49	0.051396	26.797
26.50	26.49	0.051413	26.892
26.50	26.49	0.051429	26.996
26.47	26.49	0.051446	27.096
26.47	26.49	0.051463	27.191
26.47	26.49	0.051479	27.295
26.47	26.49	0.051496	27.390
26.47	26.49	0.051513	27.490
26.47	26.49	0.051529	27.594
26.47	26.49	0.051546	27.689
26.47	26.49	0.051563	27.789
26.50	26.49	0.051579	27.893
26.50	26.49	0.051596	27.988
26.50	26.50	0.051613	28.087
26.50	26.50	0.051629	28.192
26.50	26.50	0.051646	28.286
26.50	26.50	0.051663	28.386
26.50	26.50	0.051679	28.490
26.50	26.50	0.051696	28.585
26.50	26.50	0.051713	28.685
26.50	26.50	0.051729	28.789
