100.00	0.00	7.23	30.00	150.00	2.70	97.30	2.70	

20.01	25.50	0.000000	42.434
20.01	25.50	0.000017	42.539
19.99	25.50	0.000033	42.634
20.19	25.50	0.000050	42.733
20.40	25.50	0.000067	42.838
20.99	25.50	0.000083	42.933
23.06	25.50	0.000100	43.032
23.27	25.50	0.000117	43.137
23.86	25.50	0.000133	43.231
24.45	25.50	0.000150	43.331
24.73	25.50	0.000167	43.435
25.22	25.50	0.000183	43.530
25.55	25.50	0.000200	43.630
25.65	25.50	0.000217	43.734
25.78	25.50	0.000233	43.829
25.78	25.50	0.000250	43.928
25.78	25.50	0.000267	44.033
25.68	25.50	0.000283	44.127
25.55	25.50	0.000300	44.227
25.47	25.50	0.000317	44.331
25.40	25.50	0.000333	44.426
25.40	25.50	0.000350	44.526
25.40	25.50	0.000367	44.630
25.45	25.50	0.000383	44.726
25.55	25.50	0.000400	44.825
25.63	25.50	0.000416	44.930
25.81	25.50	0.000433	45.024
25.99	25.50	0.000450	45.124
26.09	25.50	0.000466	45.228
26.24	25.50	0.000483	45.323
26.35	25.50	0.000500	45.423
26.40	25.50	0.000516	45.527
26.40	25.50	0.000533	45.622
26.42	25.50	0.000550	45.723
26.42	25.50	0.000566	45.826
26.40	25.50	0.000583	45.920
26.40	25.50	0.000600	46.023
26.35	25.50	0.000616	46.125
26.27	25.50	0.000633	46.219
26.24	25.50	0.000650	46.323
26.22	25.50	0.000666	46.423
26.22	25.50	0.000683	46.518
26.22	25.50	0.000700	46.622
26.19	25.50	0.000716	46.722
26.19	25.50	0.000733	46.818
26.19	25.50	0.000750	46.921
26.19	25.50	0.000766	47.021
26.19	25.50	0.000783	47.118
26.19	25.50	0.000800	47.220
26.19	25.50	0.000816	47.319
26.19	25.50	0.000833	47.418
26.19	25.50	0.000850	47.519
26.19	25.50	0.000866	47.618
26.19	25.50	0.000883	47.719
26.19	25.50	0.000900	47.818
26.19	25.50	0.000916	47.919
26.19	25.50	0.000933	48.018
26.17	25.50	0.000950	48.118
26.17	25.50	0.000966	48.218
26.17	25.50	0.000983	48.318
26.12	25.50	0.001000	48.418
26.06	25.50	0.001016	48.519
26.01	25.50	0.001033	48.618
26.01	25.50	0.001050	48.719
26.01	25.50	0.001066	48.818
25.99	25.50	0.001083	48.918
25.99	25.50	0.001100	49.018
25.99	25.50	0.001116	49.118
25.96	25.50	0.001133	49.218
25.96	25.50	0.001150	49.318
25.91	25.50	0.001166	49.419
25.91	25.50	0.001183	49.518
25.88	25.50	0.001200	49.618
25.88	25.50	0.001216	49.718
25.86	25.50	0.001233	49.818
25.86	25.50	0.001250	49.918
25.86	25.50	0.001266	50.018
25.83	25.50	0.001283	50.118
25.81	25.50	0.001299	50.218
25.78	25.50	0.001316	50.319
25.78	25.50	0.001333	50.418
25.78	25.50	0.001349	50.518
25.76	25.50	0.001366	50.619
25.76	25.50	0.001383	50.719
25.76	25.50	0.001399	50.819
25.73	25.50	0.001416	50.919
25.73	25.50	0.001433	51.020
25.70	25.50	0.001449	51.119
25.70	25.50	0.001466	51.220
25.70	25.50	0.001483	51.319
25.68	25.50	0.001499	51.419
25.68	25.50	0.001516	51.519
25.65	25.50	0.001533	51.619
25.65	25.50	0.001549	51.719
25.65	25.50	0.001566	51.819
25.63	25.50	0.001583	51.920
25.63	25.50	0.001599	52.019
25.63	25.50	0.001616	52.119
25.63	25.50	0.001633	52.219
25.60	25.50	0.001649	52.319
25.60	25.50	0.001666	52.419
25.60	25.50	0.001683	52.519
25.58	25.50	0.001699	52.643
25.58	25.50	0.001716	52.743
25.58	25.50	0.001733	52.848
25.55	25.50	0.001749	52.943
25.55	25.50	0.001766	53.042
25.55	25.50	0.001783	53.147
25.55	25.50	0.001799	53.242
25.55	25.50	0.001816	53.341
25.53	25.50	0.001833	53.446
25.53	25.50	0.001849	53.540
25.53	25.50	0.001866	53.641
25.53	25.50	0.001883	53.745
25.53	25.50	0.001899	53.839
25.53	25.50	0.001916	53.941
25.53	25.50	0.001933	54.043
25.53	25.50	0.001949	54.138
25.53	25.50	0.001966	54.241
25.53	25.50	0.001983	54.342
25.53	25.50	0.001999	54.436
25.53	25.50	0.002016	54.541
25.53	25.50	0.002033	54.641
25.53	25.50	0.002049	54.735
25.50	25.50	0.002066	54.840
25.50	25.50	0.002082	54.939
25.50	25.50	0.002099	55.034
25.50	25.50	0.002116	55.138
25.50	25.50	0.002132	55.238
25.50	25.50	0.002149	55.333
25.50	25.50	0.002166	55.437
25.50	25.50	0.002182	55.537
25.50	25.50	0.002199	55.631
25.50	25.50	0.002216	55.736
25.50	25.50	0.002232	55.830
25.50	25.50	0.002249	55.931
25.50	25.50	0.002266	56.035
25.50	25.50	0.002282	56.130
25.53	25.50	0.002299	56.230
25.53	25.50	0.002316	56.334
25.53	25.50	0.002332	56.429
25.53	25.50	0.002349	56.528
25.53	25.50	0.002366	56.633
25.53	25.50	0.002382	56.727
25.53	25.50	0.002399	56.827
25.53	25.50	0.002416	56.931
25.53	25.50	0.002432	57.026
25.50	25.50	0.002449	57.126
25.50	25.50	0.002466	57.230
25.50	25.50	0.002482	57.325
25.50	25.50	0.002499	57.424
25.50	25.50	0.002516	57.529
25.50	25.50	0.002532	57.623
25.50	25.50	0.002549	57.723
25.50	25.50	0.002566	57.828
25.50	25.50	0.002582	57.922
25.50	25.50	0.002599	58.022
25.50	25.50	0.002616	58.127
25.50	25.50	0.002632	58.221
25.50	25.50	0.002649	58.320
25.50	25.50	0.002666	58.425
25.50	25.50	0.002682	58.521
25.50	25.50	0.002699	58.620
25.50	25.50	0.002716	58.725
25.50	25.50	0.002732	58.819
25.50	25.50	0.002749	58.920
25.50	25.50	0.002766	59.023
25.50	25.50	0.002782	59.119
25.50	25.50	0.002799	59.219
25.50	25.50	0.002816	59.322
25.50	25.50	0.002832	59.420
25.50	25.50	0.002849	59.519
25.50	25.50	0.002866	59.621
25.50	25.50	0.002882	59.719
25.50	25.50	0.002899	59.820
25.50	25.50	0.002915	59.919
25.50	25.50	0.002932	00.019
25.50	25.50	0.002949	00.120
25.50	25.50	0.002965	00.219
25.50	25.50	0.002982	00.320
25.50	25.50	0.002999	00.419
25.50	25.50	0.003015	00.519
25.50	25.50	0.003032	00.619
25.50	25.50	0.003049	00.719
25.50	25.50	0.003065	00.819
25.50	25.50	0.003082	00.919
25.50	25.50	0.003099	01.020
25.53	25.50	0.003115	01.119
25.53	25.50	0.003132	01.219
25.53	25.50	0.003149	01.319
25.53	25.50	0.003165	01.419
25.53	25.50	0.003182	01.519
25.53	25.50	0.003199	01.619
25.53	25.50	0.003215	01.720
25.53	25.50	0.003232	01.819
25.53	25.50	0.003249	01.919
25.50	25.50	0.003265	02.019
25.50	25.50	0.003282	02.119
25.50	25.50	0.003299	02.219
25.50	25.50	0.003315	02.319
25.50	25.50	0.003332	02.419
25.50	25.50	0.003349	02.519
25.50	25.50	0.003365	02.620
25.50	25.50	0.003382	02.719
25.50	25.50	0.003399	02.819
25.50	25.50	0.003415	02.919
25.50	25.50	0.003432	03.019
25.50	25.50	0.003449	03.119
25.50	25.50	0.003465	03.219
25.50	25.50	0.003482	03.320
25.50	25.50	0.003499	03.419
25.50	25.50	0.003515	03.518
25.50	25.50	0.003532	03.619
25.50	25.50	0.003549	03.719
25.50	25.50	0.003565	03.819
25.50	25.50	0.003582	03.919
25.50	25.50	0.003599	04.019
25.50	25.50	0.003615	04.119
25.50	25.50	0.003632	04.220
25.50	25.50	0.003649	04.319
25.50	25.50	0.003665	04.419
25.50	25.50	0.003682	04.519
25.50	25.50	0.003699	04.619
25.50	25.50	0.003715	04.719
25.50	25.50	0.003732	04.819
25.50	25.50	0.003748	04.919
25.50	25.50	0.003765	05.019
25.50	25.50	0.003782	05.148
25.50	25.50	0.003798	05.219
25.50	25.50	0.003815	05.319
25.50	25.50	0.003832	05.447
25.50	25.50	0.003848	05.543
25.50	25.50	0.003865	05.642
25.50	25.50	0.003882	05.747
25.50	25.50	0.003898	05.841
25.50	25.50	0.003915	05.941
25.50	25.50	0.003932	06.046
25.50	25.50	0.003948	06.140
25.50	25.50	0.003965	06.240
25.50	25.50	0.003982	06.344
25.50	25.50	0.003998	06.439
25.53	25.50	0.004015	06.538
25.53	25.50	0.004032	06.643
25.53	25.50	0.004048	06.738
25.53	25.50	0.004065	06.838
25.53	25.50	0.004082	06.942
25.53	25.50	0.004098	07.036
25.53	25.50	0.004115	07.138
25.53	25.50	0.004132	07.241
25.50	25.50	0.004148	07.335
25.50	25.50	0.004165	07.438
25.50	25.50	0.004182	07.539
25.50	25.50	0.004198	07.634
25.50	25.50	0.004215	07.738
25.50	25.50	0.004232	07.838
25.50	25.50	0.004248	07.933
25.50	25.50	0.004265	08.037
25.50	25.50	0.004282	08.137
25.50	25.50	0.004298	08.231
25.50	25.50	0.004315	08.336
25.50	25.50	0.004332	08.436
25.50	25.50	0.004348	08.530
25.50	25.50	0.004365	08.635
25.50	25.50	0.004382	08.734
25.50	25.50	0.004398	08.829
25.50	25.50	0.004415	08.933
25.50	25.50	0.004432	09.033
25.50	25.50	0.004448	09.128
25.50	25.50	0.004465	09.232
25.50	25.50	0.004482	09.327
25.50	25.50	0.004498	09.427
25.50	25.50	0.004515	09.532
25.50	25.50	0.004532	09.626
25.50	25.50	0.004548	09.726
25.50	25.50	0.004565	09.830
25.50	25.50	0.004581	09.925
25.50	25.50	0.004598	10.025
25.50	25.50	0.004615	10.129
25.50	25.50	0.004631	10.224
25.50	25.50	0.004648	10.323
25.50	25.50	0.004665	10.428
25.50	25.50	0.004681	10.522
25.50	25.50	0.004698	10.622
25.50	25.50	0.004715	10.726
25.50	25.50	0.004731	10.821
25.50	25.50	0.004748	10.921
25.50	25.50	0.004765	11.025
25.50	25.50	0.004781	11.120
25.50	25.50	0.004798	11.219
25.50	25.50	0.004815	11.324
25.50	25.50	0.004831	11.419
25.50	25.50	0.004848	11.519
25.50	25.50	0.004865	11.623
25.50	25.50	0.004881	11.719
25.50	25.50	0.004898	11.819
25.50	25.50	0.004915	11.921
25.50	25.50	0.004931	12.019
25.50	25.50	0.004948	12.119
25.50	25.50	0.004965	12.221
25.53	25.50	0.004981	12.319
25.53	25.50	0.004998	12.419
25.53	25.50	0.005015	12.520
25.53	25.50	0.005031	12.619
25.53	25.50	0.005048	12.719
25.53	25.50	0.005065	12.819
25.50	25.50	0.005081	12.919
25.50	25.50	0.005098	13.019
25.50	25.50	0.005115	13.119
25.50	25.50	0.005131	13.220
25.50	25.50	0.005148	13.319
25.50	25.50	0.005165	13.419
25.50	25.50	0.005181	13.519
25.50	25.50	0.005198	13.619
25.50	25.50	0.005215	13.719
25.50	25.50	0.005231	13.819
25.50	25.50	0.005248	13.919
25.50	25.50	0.005265	14.019
25.50	25.50	0.005281	14.120
25.50	25.50	0.005298	14.219
25.50	25.50	0.005315	14.319
25.50	25.50	0.005331	14.419
25.50	25.50	0.005348	14.519
25.50	25.50	0.005365	14.619
25.50	25.50	0.005381	14.719
25.50	25.50	0.005398	14.820
25.50	25.50	0.005414	14.919
25.50	25.50	0.005431	15.020
25.50	25.50	0.005448	15.119
25.50	25.50	0.005464	15.219
25.50	25.50	0.005481	15.319
25.50	25.50	0.005498	15.419
25.50	25.50	0.005514	15.519
25.50	25.50	0.005531	15.619
25.50	25.50	0.005548	15.720
25.50	25.50	0.005564	15.819
25.50	25.50	0.005581	15.919
25.50	25.50	0.005598	16.019
25.50	25.50	0.005614	16.119
25.50	25.50	0.005631	16.219
25.50	25.50	0.005648	16.319
25.50	25.50	0.005664	16.419
25.50	25.50	0.005681	16.519
25.50	25.50	0.005698	16.620
25.50	25.50	0.005714	16.719
25.50	25.50	0.005731	16.819
25.50	25.50	0.005748	16.919
25.50	25.50	0.005764	17.019
25.50	25.50	0.005781	17.119
25.50	25.50	0.005798	17.219
25.50	25.50	0.005814	17.319
25.50	25.50	0.005831	17.420
25.50	25.50	0.005848	17.519
25.50	25.50	0.005864	17.619
25.50	25.50	0.005881	17.719
25.50	25.50	0.005898	17.819
25.50	25.50	0.005914	17.943
25.50	25.50	0.005931	18.048
25.50	25.50	0.005948	18.142
25.50	25.50	0.005964	18.242
25.50	25.50	0.005981	18.347
25.50	25.50	0.005998	18.441
25.50	25.50	0.006014	18.541
25.50	25.50	0.006031	18.645
25.50	25.50	0.006048	18.740
25.50	25.50	0.006064	18.839
25.50	25.50	0.006081	18.944
25.50	25.50	0.006098	19.039
25.50	25.50	0.006114	19.138
25.50	25.50	0.006131	19.243
25.50	25.50	0.006148	19.337
25.50	25.50	0.006164	19.437
25.50	25.50	0.006181	19.541
25.50	25.50	0.006198	19.636
25.50	25.50	0.006214	19.735
25.50	25.50	0.006231	19.840
25.50	25.50	0.006247	19.935
25.50	25.50	0.006264	20.035
25.50	25.50	0.006281	20.139
25.50	25.50	0.006297	20.234
25.50	25.50	0.006314	20.335
25.50	25.50	0.006331	20.438
25.50	25.50	0.006347	20.532
25.50	25.50	0.006364	20.635
25.50	25.50	0.006381	20.737
25.50	25.50	0.006397	20.832
25.50	25.50	0.006414	20.934
25.50	25.50	0.006431	21.035
25.50	25.50	0.006447	21.130
25.50	25.50	0.006464	21.234
25.50	25.50	0.006481	21.334
25.53	25.50	0.006497	21.430
25.53	25.50	0.006514	21.534
25.53	25.50	0.006531	21.634
25.53	25.50	0.006547	21.728
25.53	25.50	0.006564	21.833
25.53	25.50	0.006581	21.932
25.53	25.50	0.006597	22.027
25.53	25.50	0.006614	22.131
25.50	25.50	0.006631	22.231
25.50	25.50	0.006647	22.326
25.50	25.50	0.006664	22.430
25.50	25.50	0.006681	22.525
25.50	25.50	0.006697	22.624
25.50	25.50	0.006714	22.729
25.50	25.50	0.006731	22.823
25.50	25.50	0.006747	22.923
25.50	25.50	0.006764	23.028
25.50	25.50	0.006781	23.122
25.50	25.50	0.006797	23.223
25.50	25.50	0.006814	23.326
25.50	25.50	0.006831	23.422
25.50	25.50	0.006847	23.522
25.50	25.50	0.006864	23.625
25.47	25.50	0.006881	23.722
25.47	25.50	0.006897	23.822
25.47	25.50	0.006914	23.924
25.47	25.50	0.006931	24.022
25.47	25.50	0.006947	24.122
25.47	25.50	0.006964	24.222
25.50	25.50	0.006981	24.322
25.50	25.50	0.006997	24.422
25.50	25.50	0.007014	24.522
25.50	25.50	0.007031	24.623
25.50	25.50	0.007047	24.723
25.50	25.50	0.007064	24.824
25.50	25.50	0.007080	24.923
25.50	25.50	0.007097	25.023
25.50	25.50	0.007114	25.123
25.50	25.50	0.007130	25.223
25.50	25.50	0.007147	25.323
25.50	25.50	0.007164	25.423
25.50	25.50	0.007180	25.524
25.50	25.50	0.007197	25.623
25.50	25.50	0.007214	25.723
25.53	25.50	0.007230	25.823
25.53	25.50	0.007247	25.923
25.53	25.50	0.007264	26.023
25.53	25.50	0.007280	26.123
25.53	25.50	0.007297	26.223
25.53	25.50	0.007314	26.323
25.50	25.50	0.007330	26.424
25.50	25.50	0.007347	26.523
25.50	25.50	0.007364	26.623
25.50	25.50	0.007380	26.723
25.50	25.50	0.007397	26.823
25.50	25.50	0.007414	26.923
25.50	25.50	0.007430	27.023
25.50	25.50	0.007447	27.124
25.50	25.50	0.007464	27.223
25.50	25.50	0.007480	27.324
25.50	25.50	0.007497	27.423
25.50	25.50	0.007514	27.523
25.50	25.50	0.007530	27.623
25.50	25.50	0.007547	27.723
25.50	25.50	0.007564	27.823
25.47	25.50	0.007580	27.923
25.47	25.50	0.007597	28.024
25.47	25.50	0.007614	28.123
25.47	25.50	0.007630	28.223
25.47	25.50	0.007647	28.323
25.47	25.50	0.007664	28.423
25.47	25.50	0.007680	28.523
25.50	25.50	0.007697	28.623
25.50	25.50	0.007714	28.723
25.50	25.50	0.007730	28.823
25.50	25.50	0.007747	28.924
25.50	25.50	0.007764	29.023
25.50	25.50	0.007780	29.123
25.50	25.50	0.007797	29.223
25.50	25.50	0.007814	29.323
25.50	25.50	0.007830	29.452
25.50	25.50	0.007847	29.552
25.50	25.50	0.007864	29.646
25.50	25.50	0.007880	29.751
25.53	25.50	0.007897	29.851
25.53	25.50	0.007913	29.945
25.53	25.50	0.007930	30.050
25.53	25.50	0.007947	30.149
25.53	25.50	0.007963	30.244
25.53	25.50	0.007980	30.348
25.53	25.50	0.007997	30.448
25.50	25.50	0.008013	30.542
25.50	25.50	0.008030	30.647
25.50	25.50	0.008047	30.742
25.50	25.50	0.008063	30.841
25.50	25.50	0.008080	30.946
25.50	25.50	0.008097	31.040
25.50	25.50	0.008113	31.141
25.50	25.50	0.008130	31.245
25.50	25.50	0.008147	31.340
25.50	25.50	0.008163	31.440
25.50	25.50	0.008180	31.544
25.50	25.50	0.008197	31.639
25.50	25.50	0.008213	31.738
25.50	25.50	0.008230	31.843
25.50	25.50	0.008247	31.937
25.50	25.50	0.008263	32.037
25.50	25.50	0.008280	32.141
25.50	25.50	0.008297	32.236
25.50	25.50	0.008313	32.336
25.50	25.50	0.008330	32.440
25.50	25.50	0.008347	32.535
25.50	25.50	0.008363	32.634
25.50	25.50	0.008380	32.739
25.50	25.50	0.008397	32.833
25.50	25.50	0.008413	32.933
25.50	25.50	0.008430	33.037
25.50	25.50	0.008447	33.132
25.50	25.50	0.008463	33.233
25.50	25.50	0.008480	33.336
25.50	25.50	0.008497	33.431
25.50	25.50	0.008513	33.532
25.50	25.50	0.008530	33.636
25.50	25.50	0.008547	33.730
25.50	25.50	0.008563	33.833
25.50	25.50	0.008580	33.934
25.50	25.50	0.008597	34.029
25.50	25.50	0.008613	34.132
25.50	25.50	0.008630	34.233
25.50	25.50	0.008647	34.327
25.50	25.50	0.008663	34.432
25.50	25.50	0.008680	34.531
25.50	25.50	0.008697	34.626
25.50	25.50	0.008713	34.731
25.50	25.50	0.008730	34.830
25.50	25.50	0.008746	34.925
25.50	25.50	0.008763	35.030
25.50	25.50	0.008780	35.130
25.50	25.50	0.008796	35.225
25.50	25.50	0.008813	35.329
25.50	25.50	0.008830	35.429
25.50	25.50	0.008846	35.525
25.50	25.50	0.008863	35.628
25.50	25.50	0.008880	35.727
25.50	25.50	0.008896	35.825
25.50	25.50	0.008913	35.926
25.50	25.50	0.008930	36.027
25.50	25.50	0.008946	36.125
25.50	25.50	0.008963	36.225
25.50	25.50	0.008980	36.328
25.50	25.50	0.008996	36.425
25.50	25.50	0.009013	36.525
25.50	25.50	0.009030	36.627
25.50	25.50	0.009046	36.725
25.50	25.50	0.009063	36.825
25.50	25.50	0.009080	36.927
25.50	25.50	0.009096	37.025
25.50	25.50	0.009113	37.125
25.50	25.50	0.009130	37.227
25.50	25.50	0.009146	37.325
25.50	25.50	0.009163	37.425
25.50	25.50	0.009180	37.527
25.50	25.50	0.009196	37.626
25.50	25.50	0.009213	37.726
25.50	25.50	0.009230	37.827
25.50	25.50	0.009246	37.927
25.50	25.50	0.009263	38.026
25.50	25.50	0.009280	38.127
25.50	25.50	0.009296	38.226
25.50	25.50	0.009313	38.326
25.50	25.50	0.009330	38.426
25.50	25.50	0.009346	38.526
25.50	25.50	0.009363	38.626
25.50	25.50	0.009380	38.727
25.50	25.50	0.009396	38.827
25.50	25.50	0.009413	38.926
25.50	25.50	0.009430	39.027
25.50	25.50	0.009446	39.126
25.50	25.50	0.009463	39.226
25.50	25.50	0.009480	39.326
25.50	25.50	0.009496	39.426
25.50	25.50	0.009513	39.526
25.50	25.50	0.009530	39.626
25.50	25.50	0.009546	39.727
25.50	25.50	0.009563	39.826
25.50	25.50	0.009579	39.927
25.50	25.50	0.009596	40.026
25.50	25.50	0.009613	40.126
25.50	25.50	0.009629	40.226
25.50	25.50	0.009646	40.326
25.50	25.50	0.009663	40.427
25.50	25.50	0.009679	40.526
25.50	25.50	0.009696	40.626
25.50	25.50	0.009713	40.726
25.50	25.50	0.009729	40.826
25.50	25.50	0.009746	40.926
25.50	25.50	0.009763	41.026
25.50	25.50	0.009779	41.126
25.50	25.50	0.009796	41.225
25.50	25.50	0.009813	41.349
25.50	25.50	0.009829	41.426
25.50	25.50	0.009846	41.554
25.50	25.50	0.009863	41.648
25.50	25.50	0.009879	41.726
25.50	25.50	0.009896	41.853
25.50	25.50	0.009913	41.948
25.50	25.50	0.009929	42.026
25.50	25.50	0.009946	42.152
25.50	25.50	0.009963	42.247
25.50	25.50	0.009979	42.325
25.50	25.50	0.009996	42.451
25.50	25.50	0.010013	42.545
25.50	25.50	0.010029	42.650
25.50	25.50	0.010046	42.749
25.50	25.50	0.010063	42.844
25.50	25.50	0.010079	42.948
25.50	25.50	0.010096	43.048
25.50	25.50	0.010113	43.143
25.50	25.50	0.010129	43.247
25.50	25.50	0.010146	43.347
25.50	25.50	0.010163	43.441
25.50	25.50	0.010179	43.546
25.50	25.50	0.010196	43.645
25.53	25.50	0.010213	43.740
25.53	25.50	0.010229	43.845
25.53	25.50	0.010246	43.939
25.53	25.50	0.010263	44.040
25.53	25.50	0.010279	44.144
25.50	25.50	0.010296	44.239
25.50	25.50	0.010313	44.338
25.50	25.50	0.010329	44.443
25.50	25.50	0.010346	44.536
25.50	25.50	0.010363	44.637
25.50	25.50	0.010379	44.742
25.50	25.50	0.010396	44.836
25.50	25.50	0.010412	44.936
25.50	25.50	0.010429	45.040
25.50	25.50	0.010446	45.135
25.50	25.50	0.010462	45.234
25.50	25.50	0.010479	45.339
25.50	25.50	0.010496	45.434
25.50	25.50	0.010512	45.533
25.50	25.50	0.010529	45.638
25.50	25.50	0.010546	45.732
25.50	25.50	0.010562	45.832
25.50	25.50	0.010579	45.936
25.50	25.50	0.010596	46.031
25.50	25.50	0.010612	46.130
25.50	25.50	0.010629	46.235
25.50	25.50	0.010646	46.330
25.50	25.50	0.010662	46.429
25.50	25.50	0.010679	46.534
25.50	25.50	0.010696	46.628
25.50	25.50	0.010712	46.730
25.50	25.50	0.010729	46.833
25.47	25.50	0.010746	46.928
25.47	25.50	0.010762	47.029
25.47	25.50	0.010779	47.132
25.47	25.50	0.010796	47.227
25.50	25.50	0.010812	47.329
25.50	25.50	0.010829	47.431
25.50	25.50	0.010846	47.526
25.50	25.50	0.010862	47.629
25.50	25.50	0.010879	47.729
25.50	25.50	0.010896	47.826
25.50	25.50	0.010912	47.929
25.50	25.50	0.010929	48.028
25.50	25.50	0.010946	48.126
25.50	25.50	0.010962	48.227
25.50	25.50	0.010979	48.327
25.50	25.50	0.010996	48.426
25.50	25.50	0.011012	48.526
25.50	25.50	0.011029	48.626
25.50	25.50	0.011046	48.726
25.50	25.50	0.011062	48.827
25.50	25.50	0.011079	48.926
25.50	25.50	0.011096	49.026
25.50	25.50	0.011112	49.126
25.50	25.50	0.011129	49.226
25.50	25.50	0.011146	49.326
25.50	25.50	0.011162	49.426
25.50	25.50	0.011179	49.527
25.50	25.50	0.011196	49.626
25.50	25.50	0.011212	49.727
25.50	25.50	0.011229	49.826
25.53	25.50	0.011245	49.926
25.53	25.50	0.011262	50.025
25.53	25.50	0.011279	50.126
25.53	25.50	0.011295	50.226
25.53	25.50	0.011312	50.326
25.53	25.50	0.011329	50.427
25.50	25.50	0.011345	50.526
25.50	25.50	0.011362	50.626
25.50	25.50	0.011379	50.726
25.50	25.50	0.011395	50.826
25.50	25.50	0.011412	50.926
25.50	25.50	0.011429	51.026
25.50	25.50	0.011445	51.126
25.50	25.50	0.011462	51.226
25.50	25.50	0.011479	51.327
25.50	25.50	0.011495	51.426
25.50	25.50	0.011512	51.526
25.50	25.50	0.011529	51.626
25.50	25.50	0.011545	51.726
25.50	25.50	0.011562	51.826
25.50	25.50	0.011579	51.926
25.50	25.50	0.011595	52.027
25.50	25.50	0.011612	52.126
25.50	25.50	0.011629	52.226
25.50	25.50	0.011645	52.326
25.50	25.50	0.011662	52.426
25.47	25.50	0.011679	52.526
25.47	25.50	0.011695	52.626
25.47	25.50	0.011712	52.726
25.47	25.50	0.011729	52.826
25.47	25.50	0.011745	52.927
25.50	25.50	0.011762	53.026
25.50	25.50	0.011779	53.126
25.50	25.50	0.011795	53.226
25.50	25.50	0.011812	53.326
25.50	25.50	0.011829	53.426
25.50	25.50	0.011845	53.526
25.50	25.50	0.011862	53.627
25.50	25.50	0.011879	53.726
25.50	25.50	0.011895	53.856
25.50	25.50	0.011912	53.950
25.50	25.50	0.011929	54.050
25.50	25.50	0.011945	54.154
25.50	25.50	0.011962	54.249
25.50	25.50	0.011979	54.348
25.50	25.50	0.011995	54.453
25.50	25.50	0.012012	54.548
25.53	25.50	0.012029	54.648
25.53	25.50	0.012045	54.752
25.53	25.50	0.012062	54.846
25.53	25.50	0.012078	54.948
25.53	25.50	0.012095	55.050
25.53	25.50	0.012112	55.145
25.50	25.50	0.012128	55.247
25.50	25.50	0.012145	55.349
25.50	25.50	0.012162	55.444
25.50	25.50	0.012178	55.548
25.50	25.50	0.012195	55.648
25.50	25.50	0.012212	55.742
25.50	25.50	0.012228	55.847
25.50	25.50	0.012245	55.946
25.50	25.50	0.012262	56.041
25.50	25.50	0.012278	56.146
25.50	25.50	0.012295	56.245
25.50	25.50	0.012312	56.340
25.50	25.50	0.012328	56.445
25.50	25.50	0.012345	56.545
25.50	25.50	0.012362	56.639
25.50	25.50	0.012378	56.744
25.50	25.50	0.012395	56.843
25.50	25.50	0.012412	56.938
25.50	25.50	0.012428	57.043
25.50	25.50	0.012445	57.137
25.50	25.50	0.012462	57.237
25.50	25.50	0.012478	57.341
25.50	25.50	0.012495	57.436
25.50	25.50	0.012512	57.535
25.50	25.50	0.012528	57.640
25.50	25.50	0.012545	57.735
25.50	25.50	0.012562	57.834
25.50	25.50	0.012578	57.939
25.50	25.50	0.012595	58.033
25.47	25.50	0.012612	58.133
25.47	25.50	0.012628	58.237
25.47	25.50	0.012645	58.332
25.47	25.50	0.012662	58.431
25.50	25.50	0.012678	58.536
25.50	25.50	0.012695	58.631
25.50	25.50	0.012712	58.730
25.50	25.50	0.012728	58.836
25.50	25.50	0.012745	58.930
25.50	25.50	0.012762	59.030
25.50	25.50	0.012778	59.134
25.50	25.50	0.012795	59.229
25.50	25.50	0.012812	59.328
25.50	25.50	0.012828	59.433
25.50	25.50	0.012845	59.528
25.50	25.50	0.012862	59.627
25.50	25.50	0.012878	59.732
25.50	25.50	0.012895	59.827
25.50	25.50	0.012911	59.927
25.50	25.50	0.012928	00.030
25.50	25.50	0.012945	00.127
25.53	25.50	0.012961	00.228
25.53	25.50	0.012978	00.329
25.53	25.50	0.012995	00.427
25.53	25.50	0.013011	00.527
25.53	25.50	0.013028	00.628
25.53	25.50	0.013045	00.727
25.53	25.50	0.013061	00.827
25.50	25.50	0.013078	00.928
25.50	25.50	0.013095	01.028
25.50	25.50	0.013111	01.129
25.50	25.50	0.013128	01.228
25.50	25.50	0.013145	01.328
25.50	25.50	0.013161	01.428
25.50	25.50	0.013178	01.528
25.50	25.50	0.013195	01.628
25.50	25.50	0.013211	01.728
25.50	25.50	0.013228	01.829
25.50	25.50	0.013245	01.928
25.50	25.50	0.013261	02.029
25.50	25.50	0.013278	02.128
25.50	25.50	0.013295	02.228
25.50	25.50	0.013311	02.328
25.50	25.50	0.013328	02.428
25.50	25.50	0.013345	02.528
25.50	25.50	0.013361	02.628
25.50	25.50	0.013378	02.729
25.50	25.50	0.013395	02.828
25.50	25.50	0.013411	02.928
25.50	25.50	0.013428	03.028
25.50	25.50	0.013445	03.128
25.47	25.50	0.013461	03.228
25.47	25.50	0.013478	03.328
25.47	25.50	0.013495	03.428
25.47	25.50	0.013511	03.528
25.47	25.50	0.013528	03.629
25.50	25.50	0.013545	03.728
25.50	25.50	0.013561	03.828
25.50	25.50	0.013578	03.928
25.50	25.50	0.013595	04.028
25.50	25.50	0.013611	04.128
25.50	25.50	0.013628	04.228
25.50	25.50	0.013645	04.329
25.50	25.50	0.013661	04.428
25.50	25.50	0.013678	04.528
25.50	25.50	0.013695	04.628
25.50	25.50	0.013711	04.728
25.50	25.50	0.013728	04.828
25.50	25.50	0.013744	04.928
25.50	25.50	0.013761	05.028
25.50	25.50	0.013778	05.128
25.50	25.50	0.013794	05.229
25.50	25.50	0.013811	05.328
25.50	25.50	0.013828	05.428
25.50	25.50	0.013844	05.528
25.50	25.50	0.013861	05.628
25.50	25.50	0.013878	05.728
25.50	25.50	0.013894	05.828
25.50	25.50	0.013911	05.951
25.50	25.50	0.013928	06.051
25.50	25.50	0.013944	06.157
25.50	25.50	0.013961	06.251
25.50	25.50	0.013978	06.351
25.50	25.50	0.013994	06.455
25.50	25.50	0.014011	06.550
25.50	25.50	0.014028	06.649
25.50	25.50	0.014044	06.754
25.50	25.50	0.014061	06.848
25.50	25.50	0.014078	06.948
25.50	25.50	0.014094	07.053
25.50	25.50	0.014111	07.147
25.50	25.50	0.014128	07.247
25.50	25.50	0.014144	07.351
25.50	25.50	0.014161	07.446
25.50	25.50	0.014178	07.545
25.50	25.50	0.014194	07.650
25.53	25.50	0.014211	07.745
25.53	25.50	0.014228	07.845
25.53	25.50	0.014244	07.950
25.53	25.50	0.014261	08.043
25.53	25.50	0.014278	08.146
25.50	25.50	0.014294	08.248
25.50	25.50	0.014311	08.342
25.50	25.50	0.014328	08.445
25.50	25.50	0.014344	08.547
25.50	25.50	0.014361	08.642
25.50	25.50	0.014378	08.745
25.50	25.50	0.014394	08.846
25.50	25.50	0.014411	08.940
25.50	25.50	0.014428	09.045
25.50	25.50	0.014444	09.144
25.50	25.50	0.014461	09.239
25.50	25.50	0.014478	09.343
25.50	25.50	0.014494	09.443
25.50	25.50	0.014511	09.538
25.50	25.50	0.014528	09.642
25.50	25.50	0.014544	09.742
25.50	25.50	0.014561	09.836
25.50	25.50	0.014577	09.941
25.50	25.50	0.014594	10.040
25.50	25.50	0.014611	10.135
25.50	25.50	0.014627	10.240
25.50	25.50	0.014644	10.334
25.50	25.50	0.014661	10.434
25.50	25.50	0.014677	10.538
25.47	25.50	0.014694	10.633
25.47	25.50	0.014711	10.732
25.47	25.50	0.014727	10.838
25.47	25.50	0.014744	10.932
25.47	25.50	0.014761	11.031
25.47	25.50	0.014777	11.137
25.50	25.50	0.014794	11.231
25.50	25.50	0.014811	11.331
25.50	25.50	0.014827	11.435
25.50	25.50	0.014844	11.530
25.50	25.50	0.014861	11.629
25.50	25.50	0.014877	11.734
25.50	25.50	0.014894	11.829
25.50	25.50	0.014911	11.929
25.50	25.50	0.014927	12.033
25.50	25.50	0.014944	12.129
25.50	25.50	0.014961	12.229
25.50	25.50	0.014977	12.331
25.50	25.50	0.014994	12.429
25.53	25.50	0.015011	12.529
25.53	25.50	0.015027	12.630
25.53	25.50	0.015044	12.730
25.53	25.50	0.015061	12.829
25.53	25.50	0.015077	12.929
25.53	25.50	0.015094	13.029
25.53	25.50	0.015111	13.129
25.53	25.50	0.015127	13.230
25.50	25.50	0.015144	13.329
25.50	25.50	0.015161	13.430
25.50	25.50	0.015177	13.529
25.50	25.50	0.015194	13.629
25.50	25.50	0.015211	13.729
25.50	25.50	0.015227	13.829
25.50	25.50	0.015244	13.929
25.50	25.50	0.015261	14.029
25.50	25.50	0.015277	14.130
25.50	25.50	0.015294	14.229
25.50	25.50	0.015311	14.329
25.50	25.50	0.015327	14.429
25.50	25.50	0.015344	14.529
25.50	25.50	0.015361	14.628
25.50	25.50	0.015377	14.729
25.50	25.50	0.015394	14.829
25.50	25.50	0.015410	14.929
25.47	25.50	0.015427	15.030
25.47	25.50	0.015444	15.129
25.47	25.50	0.015460	15.229
25.47	25.50	0.015477	15.329
25.50	25.50	0.015494	15.429
25.50	25.50	0.015510	15.529
25.50	25.50	0.015527	15.629
25.50	25.50	0.015544	15.730
25.50	25.50	0.015560	15.829
25.50	25.50	0.015577	15.930
25.50	25.50	0.015594	16.029
25.50	25.50	0.015610	16.129
25.50	25.50	0.015627	16.229
25.50	25.50	0.015644	16.329
25.50	25.50	0.015660	16.429
25.50	25.50	0.015677	16.529
25.50	25.50	0.015694	16.630
25.50	25.50	0.015710	16.729
25.50	25.50	0.015727	16.829
25.50	25.50	0.015744	16.929
25.50	25.50	0.015760	17.029
25.50	25.50	0.015777	17.129
25.50	25.50	0.015794	17.229
25.50	25.50	0.015810	17.329
25.50	25.50	0.015827	17.430
25.50	25.50	0.015844	17.529
25.50	25.50	0.015860	17.629
25.50	25.50	0.015877	17.729
25.50	25.50	0.015894	17.829
25.50	25.50	0.015910	17.929
25.50	25.50	0.015927	18.029
25.50	25.50	0.015944	18.158
25.50	25.50	0.015960	18.228
25.50	25.50	0.015977	18.353
25.50	25.50	0.015994	18.457
25.50	25.50	0.016010	18.552
25.50	25.50	0.016027	18.651
25.50	25.50	0.016044	18.756
25.50	25.50	0.016060	18.851
25.50	25.50	0.016077	18.950
25.50	25.50	0.016094	19.055
25.50	25.50	0.016110	19.150
25.50	25.50	0.016127	19.249
25.50	25.50	0.016144	19.354
25.50	25.50	0.016160	19.448
25.50	25.50	0.016177	19.548
25.50	25.50	0.016194	19.652
25.53	25.50	0.016210	19.747
25.53	25.50	0.016227	19.846
25.53	25.50	0.016244	19.951
25.53	25.50	0.016260	20.046
25.53	25.50	0.016277	20.145
25.53	25.50	0.016293	20.250
25.50	25.50	0.016310	20.344
25.50	25.50	0.016327	20.444
25.50	25.50	0.016343	20.548
25.50	25.50	0.016360	20.643
25.50	25.50	0.016377	20.743
25.50	25.50	0.016393	20.848
25.50	25.50	0.016410	20.943
25.50	25.50	0.016427	21.043
25.50	25.50	0.016443	21.147
25.50	25.50	0.016460	21.241
25.50	25.50	0.016477	21.343
25.50	25.50	0.016493	21.445
25.50	25.50	0.016510	21.540
25.50	25.50	0.016527	21.643
25.50	25.50	0.016543	21.744
25.50	25.50	0.016560	21.839
25.50	25.50	0.016577	21.942
25.50	25.50	0.016593	22.043
25.50	25.50	0.016610	22.137
25.50	25.50	0.016627	22.242
25.50	25.50	0.016643	22.342
25.50	25.50	0.016660	22.436
25.47	25.50	0.016677	22.541
25.47	25.50	0.016693	22.641
25.47	25.50	0.016710	22.735
25.47	25.50	0.016727	22.840
25.47	25.50	0.016743	22.939
25.47	25.50	0.016760	23.034
25.50	25.50	0.016777	23.139
25.50	25.50	0.016793	23.238
25.50	25.50	0.016810	23.333
25.50	25.50	0.016827	23.437
25.50	25.50	0.016843	23.532
25.50	25.50	0.016860	23.631
25.50	25.50	0.016877	23.736
25.50	25.50	0.016893	23.831
25.50	25.50	0.016910	23.931
25.50	25.50	0.016927	24.035
25.50	25.50	0.016943	24.130
25.50	25.50	0.016960	24.230
25.50	25.50	0.016977	24.333
25.50	25.50	0.016993	24.430
25.50	25.50	0.017010	24.530
25.50	25.50	0.017027	24.632
25.50	25.50	0.017043	24.731
25.50	25.50	0.017060	24.830
25.50	25.50	0.017077	24.931
25.50	25.50	0.017093	25.030
25.53	25.50	0.017110	25.130
25.53	25.50	0.017126	25.230
25.53	25.50	0.017143	25.330
25.53	25.50	0.017160	25.431
25.53	25.50	0.017176	25.530
25.53	25.50	0.017193	25.631
25.50	25.50	0.017210	25.730
25.50	25.50	0.017226	25.830
25.50	25.50	0.017243	25.930
25.50	25.50	0.017260	26.030
25.50	25.50	0.017276	26.130
25.50	25.50	0.017293	26.230
25.50	25.50	0.017310	26.331
25.50	25.50	0.017326	26.430
25.50	25.50	0.017343	26.530
25.50	25.50	0.017360	26.630
25.50	25.50	0.017376	26.730
25.50	25.50	0.017393	26.830
25.50	25.50	0.017410	26.930
25.50	25.50	0.017426	27.030
25.50	25.50	0.017443	27.130
25.50	25.50	0.017460	27.231
25.50	25.50	0.017476	27.330
25.50	25.50	0.017493	27.430
25.50	25.50	0.017510	27.530
25.50	25.50	0.017526	27.630
25.50	25.50	0.017543	27.730
25.50	25.50	0.017560	27.830
25.50	25.50	0.017576	27.931
25.50	25.50	0.017593	28.030
25.50	25.50	0.017610	28.131
25.50	25.50	0.017626	28.230
25.50	25.50	0.017643	28.330
25.50	25.50	0.017660	28.430
25.50	25.50	0.017676	28.530
25.50	25.50	0.017693	28.630
25.50	25.50	0.017710	28.730
25.50	25.50	0.017726	28.831
25.50	25.50	0.017743	28.930
25.50	25.50	0.017760	29.030
25.50	25.50	0.017776	29.130
25.50	25.50	0.017793	29.230
25.50	25.50	0.017810	29.330
25.50	25.50	0.017826	29.430
25.50	25.50	0.017843	29.530
25.50	25.50	0.017860	29.630
25.50	25.50	0.017876	29.731
25.50	25.50	0.017893	29.830
25.50	25.50	0.017910	29.930
25.50	25.50	0.017926	30.031
25.50	25.50	0.017943	30.131
25.50	25.50	0.017959	30.260
25.50	25.50	0.017976	30.355
25.50	25.50	0.017993	30.459
25.50	25.50	0.018009	30.559
25.50	25.50	0.018026	30.654
25.50	25.50	0.018043	30.758
25.50	25.50	0.018059	30.858
25.50	25.50	0.018076	30.952
25.50	25.50	0.018093	31.057
25.50	25.50	0.018109	31.156
25.50	25.50	0.018126	31.251
25.50	25.50	0.018143	31.355
25.50	25.50	0.018159	31.450
25.50	25.50	0.018176	31.550
25.50	25.50	0.018193	31.655
25.50	25.50	0.018209	31.749
25.50	25.50	0.018226	31.848
25.50	25.50	0.018243	31.954
25.50	25.50	0.018259	32.048
25.50	25.50	0.018276	32.148
25.50	25.50	0.018293	32.253
25.50	25.50	0.018309	32.347
25.50	25.50	0.018326	32.447
25.50	25.50	0.018343	32.551
25.50	25.50	0.018359	32.646
25.50	25.50	0.018376	32.745
25.50	25.50	0.018393	32.850
25.50	25.50	0.018409	32.944
25.50	25.50	0.018426	33.044
25.50	25.50	0.018443	33.149
25.50	25.50	0.018459	33.243
25.50	25.50	0.018476	33.343
25.50	25.50	0.018493	33.447
25.50	25.50	0.018509	33.542
25.50	25.50	0.018526	33.641
25.50	25.50	0.018543	33.746
25.50	25.50	0.018559	33.841
25.50	25.50	0.018576	33.940
25.47	25.50	0.018593	34.046
25.47	25.50	0.018609	34.140
25.47	25.50	0.018626	34.240
25.47	25.50	0.018643	34.344
25.47	25.50	0.018659	34.439
25.47	25.50	0.018676	34.540
25.50	25.50	0.018693	34.643
25.50	25.50	0.018709	34.738
25.50	25.50	0.018726	34.840
25.50	25.50	0.018743	34.942
25.50	25.50	0.018759	35.036
25.50	25.50	0.018776	35.140
25.50	25.50	0.018792	35.240
25.50	25.50	0.018809	35.335
25.50	25.50	0.018826	35.439
25.50	25.50	0.018842	35.539
25.50	25.50	0.018859	35.634
25.50	25.50	0.018876	35.738
25.50	25.50	0.018892	35.838
25.50	25.50	0.018909	35.932
25.50	25.50	0.018926	36.037
25.50	25.50	0.018942	36.136
25.50	25.50	0.018959	36.231
25.50	25.50	0.018976	36.336
25.50	25.50	0.018992	36.435
25.50	25.50	0.019009	36.531
25.50	25.50	0.019026	36.634
25.50	25.50	0.019042	36.735
25.50	25.50	0.019059	36.831
25.50	25.50	0.019076	36.934
25.53	25.50	0.019092	37.035
25.53	25.50	0.019109	37.131
25.53	25.50	0.019126	37.233
25.53	25.50	0.019142	37.335
25.53	25.50	0.019159	37.431
25.53	25.50	0.019176	37.531
25.50	25.50	0.019192	37.635
25.50	25.50	0.019209	37.731
25.50	25.50	0.019226	37.831
25.50	25.50	0.019242	37.935
25.50	25.50	0.019259	38.032
25.50	25.50	0.019276	38.131
25.50	25.50	0.019292	38.235
25.50	25.50	0.019309	38.331
25.50	25.50	0.019326	38.431
25.50	25.50	0.019342	38.535
25.50	25.50	0.019359	38.631
25.50	25.50	0.019376	38.731
25.50	25.50	0.019392	38.835
25.50	25.50	0.019409	38.932
25.50	25.50	0.019426	39.031
25.50	25.50	0.019442	39.135
25.50	25.50	0.019459	39.231
25.50	25.50	0.019476	39.331
25.47	25.50	0.019492	39.434
25.47	25.50	0.019509	39.531
25.47	25.50	0.019526	39.632
25.47	25.50	0.019542	39.734
25.47	25.50	0.019559	39.831
25.47	25.50	0.019576	39.931
25.50	25.50	0.019592	40.035
25.50	25.50	0.019609	40.131
25.50	25.50	0.019625	40.231
25.50	25.50	0.019642	40.334
25.50	25.50	0.019659	40.431
25.50	25.50	0.019675	40.532
25.50	25.50	0.019692	40.634
25.50	25.50	0.019709	40.731
25.50	25.50	0.019725	40.831
25.50	25.50	0.019742	40.935
25.50	25.50	0.019759	41.031
25.50	25.50	0.019775	41.131
25.50	25.50	0.019792	41.234
25.50	25.50	0.019809	41.331
25.50	25.50	0.019825	41.432
25.50	25.50	0.019842	41.534
25.50	25.50	0.019859	41.631
25.50	25.50	0.019875	41.732
25.50	25.50	0.019892	41.834
25.50	25.50	0.019909	41.932
25.50	25.50	0.019925	42.032
25.50	25.50	0.019942	42.135
25.50	25.50	0.019959	42.232
25.50	25.50	0.019975	42.333
25.50	25.50	0.019992	42.434
25.50	25.50	0.020009	42.532
25.50	25.50	0.020025	42.656
25.50	25.50	0.020042	42.734
25.50	25.50	0.020059	42.860
25.50	25.50	0.020075	42.955
25.50	25.50	0.020092	43.034
25.50	25.50	0.020109	43.159
25.50	25.50	0.020125	43.254
25.50	25.50	0.020142	43.358
25.50	25.50	0.020159	43.458
25.50	25.50	0.020175	43.552
25.50	25.50	0.020192	43.657
25.50	25.50	0.020209	43.756
25.53	25.50	0.020225	43.851
25.53	25.50	0.020242	43.955
25.53	25.50	0.020259	44.055
25.53	25.50	0.020275	44.150
25.53	25.50	0.020292	44.254
25.53	25.50	0.020309	44.354
25.50	25.50	0.020325	44.449
25.50	25.50	0.020342	44.553
25.50	25.50	0.020359	44.647
25.50	25.50	0.020375	44.747
25.50	25.50	0.020392	44.853
25.50	25.50	0.020409	44.947
25.50	25.50	0.020425	45.047
25.50	25.50	0.020442	45.151
25.50	25.50	0.020458	45.246
25.50	25.50	0.020475	45.345
25.50	25.50	0.020492	45.450
25.50	25.50	0.020508	45.544
25.50	25.50	0.020525	45.644
25.50	25.50	0.020542	45.749
25.50	25.50	0.020558	45.843
25.47	25.50	0.020575	45.943
25.47	25.50	0.020592	46.047
25.47	25.50	0.020608	46.142
25.47	25.50	0.020625	46.241
25.47	25.50	0.020642	46.346
25.47	25.50	0.020658	46.441
25.50	25.50	0.020675	46.540
25.50	25.50	0.020692	46.645
25.50	25.50	0.020708	46.739
25.50	25.50	0.020725	46.839
25.50	25.50	0.020742	46.943
25.50	25.50	0.020758	47.038
25.50	25.50	0.020775	47.137
25.50	25.50	0.020792	47.243
25.50	25.50	0.020808	47.338
25.50	25.50	0.020825	47.437
25.50	25.50	0.020842	47.542
25.50	25.50	0.020858	47.636
25.50	25.50	0.020875	47.737
25.50	25.50	0.020892	47.840
25.50	25.50	0.020908	47.935
25.50	25.50	0.020925	48.038
25.50	25.50	0.020942	48.139
25.50	25.50	0.020958	48.236
25.50	25.50	0.020975	48.337
25.50	25.50	0.020992	48.438
25.50	25.50	0.021008	48.535
25.50	25.50	0.021025	48.637
25.50	25.50	0.021042	48.736
25.50	25.50	0.021058	48.835
25.50	25.50	0.021075	48.936
25.50	25.50	0.021092	49.035
25.50	25.50	0.021108	49.135
25.50	25.50	0.021125	49.235
25.50	25.50	0.021142	49.335
25.50	25.50	0.021158	49.435
25.50	25.50	0.021175	49.535
25.50	25.50	0.021192	49.635
25.50	25.50	0.021208	49.736
25.50	25.50	0.021225	49.835
25.50	25.50	0.021242	49.935
25.50	25.50	0.021258	50.035
25.50	25.50	0.021275	50.135
25.50	25.50	0.021291	50.235
25.50	25.50	0.021308	50.335
25.50	25.50	0.021325	50.435
25.50	25.50	0.021341	50.536
25.50	25.50	0.021358	50.635
25.50	25.50	0.021375	50.736
25.50	25.50	0.021391	50.835
25.50	25.50	0.021408	50.935
25.50	25.50	0.021425	51.035
25.50	25.50	0.021441	51.135
25.50	25.50	0.021458	51.235
25.50	25.50	0.021475	51.335
25.50	25.50	0.021491	51.436
25.50	25.50	0.021508	51.535
25.50	25.50	0.021525	51.635
25.50	25.50	0.021541	51.735
25.50	25.50	0.021558	51.836
25.50	25.50	0.021575	51.936
25.50	25.50	0.021591	52.036
25.50	25.50	0.021608	52.136
25.50	25.50	0.021625	52.236
25.50	25.50	0.021641	52.337
25.50	25.50	0.021658	52.436
25.50	25.50	0.021675	52.536
25.50	25.50	0.021691	52.636
25.50	25.50	0.021708	52.736
25.50	25.50	0.021725	52.836
25.50	25.50	0.021741	52.936
25.53	25.50	0.021758	53.037
25.53	25.50	0.021775	53.136
25.53	25.50	0.021791	53.237
25.53	25.50	0.021808	53.336
25.53	25.50	0.021825	53.436
25.50	25.50	0.021841	53.536
25.50	25.50	0.021858	53.636
25.50	25.50	0.021875	53.736
25.50	25.50	0.021891	53.836
25.50	25.50	0.021908	53.937
25.50	25.50	0.021925	54.036
25.50	25.50	0.021941	54.136
25.50	25.50	0.021958	54.265
25.50	25.50	0.021975	54.360
25.50	25.50	0.021991	54.459
25.50	25.50	0.022008	54.564
25.50	25.50	0.022025	54.658
25.50	25.50	0.022041	54.758
25.50	25.50	0.022058	54.862
25.50	25.50	0.022075	54.957
25.50	25.50	0.022091	55.057
25.50	25.50	0.022108	55.161
25.50	25.50	0.022124	55.256
25.50	25.50	0.022141	55.356
25.50	25.50	0.022158	55.460
25.50	25.50	0.022174	55.554
25.50	25.50	0.022191	55.656
25.50	25.50	0.022208	55.759
25.50	25.50	0.022224	55.853
25.50	25.50	0.022241	55.956
25.50	25.50	0.022258	56.057
25.50	25.50	0.022274	56.152
25.50	25.50	0.022291	56.256
25.50	25.50	0.022308	56.356
25.50	25.50	0.022324	56.451
25.50	25.50	0.022341	56.556
25.50	25.50	0.022358	56.655
25.50	25.50	0.022374	56.750
25.50	25.50	0.022391	56.854
25.50	25.50	0.022408	56.954
25.50	25.50	0.022424	57.048
25.50	25.50	0.022441	57.153
25.50	25.50	0.022458	57.252
25.50	25.50	0.022474	57.347
25.50	25.50	0.022491	57.452
25.50	25.50	0.022508	57.551
25.50	25.50	0.022524	57.646
25.50	25.50	0.022541	57.750
25.50	25.50	0.022558	57.845
25.50	25.50	0.022574	57.945
25.50	25.50	0.022591	58.050
25.47	25.50	0.022608	58.145
25.47	25.50	0.022624	58.244
25.47	25.50	0.022641	58.349
25.47	25.50	0.022658	58.443
25.50	25.50	0.022674	58.543
25.50	25.50	0.022691	58.647
25.50	25.50	0.022708	58.742
25.50	25.50	0.022724	58.841
25.50	25.50	0.022741	58.946
25.50	25.50	0.022758	59.041
25.50	25.50	0.022774	59.140
25.50	25.50	0.022791	59.245
25.50	25.50	0.022808	59.339
25.50	25.50	0.022824	59.439
25.50	25.50	0.022841	59.543
25.50	25.50	0.022858	59.638
25.50	25.50	0.022874	59.738
25.50	25.50	0.022891	59.842
25.50	25.50	0.022908	59.938
25.50	25.50	0.022924	00.037
25.50	25.50	0.022941	00.141
25.50	25.50	0.022957	00.237
25.50	25.50	0.022974	00.337
25.50	25.50	0.022991	00.439
25.50	25.50	0.023007	00.537
25.50	25.50	0.023024	00.638
25.50	25.50	0.023041	00.739
25.50	25.50	0.023057	00.837
25.50	25.50	0.023074	00.937
25.50	25.50	0.023091	01.038
25.50	25.50	0.023107	01.137
25.53	25.50	0.023124	01.237
25.53	25.50	0.023141	01.337
25.53	25.50	0.023157	01.437
25.53	25.50	0.023174	01.538
25.53	25.50	0.023191	01.637
25.53	25.50	0.023207	01.737
25.53	25.50	0.023224	01.837
25.50	25.50	0.023241	01.937
25.50	25.50	0.023257	02.037
25.50	25.50	0.023274	02.137
25.50	25.50	0.023291	02.237
25.50	25.50	0.023307	02.337
25.50	25.50	0.023324	02.438
25.50	25.50	0.023341	02.537
25.50	25.50	0.023357	02.637
25.50	25.50	0.023374	02.737
25.50	25.50	0.023391	02.837
25.50	25.50	0.023407	02.937
25.50	25.50	0.023424	03.037
25.50	25.50	0.023441	03.138
25.50	25.50	0.023457	03.237
25.50	25.50	0.023474	03.338
25.50	25.50	0.023491	03.437
25.50	25.50	0.023507	03.537
25.50	25.50	0.023524	03.637
25.50	25.50	0.023541	03.737
25.47	25.50	0.023557	03.837
25.47	25.50	0.023574	03.938
25.47	25.50	0.023591	04.037
25.47	25.50	0.023607	04.138
25.47	25.50	0.023624	04.237
25.47	25.50	0.023641	04.337
25.50	25.50	0.023657	04.437
25.50	25.50	0.023674	04.537
25.50	25.50	0.023691	04.637
25.50	25.50	0.023707	04.737
25.50	25.50	0.023724	04.838
25.50	25.50	0.023741	04.937
25.50	25.50	0.023757	05.037
25.50	25.50	0.023774	05.137
25.50	25.50	0.023790	05.237
25.50	25.50	0.023807	05.337
25.50	25.50	0.023824	05.437
25.50	25.50	0.023840	05.537
25.50	25.50	0.023857	05.637
25.50	25.50	0.023874	05.738
25.50	25.50	0.023890	05.837
25.50	25.50	0.023907	05.937
25.50	25.50	0.023924	06.037
25.50	25.50	0.023940	06.137
25.50	25.50	0.023957	06.237
25.50	25.50	0.023974	06.337
25.50	25.50	0.023990	06.461
25.50	25.50	0.024007	06.566
25.50	25.50	0.024024	06.661
25.50	25.50	0.024040	06.760
25.50	25.50	0.024057	06.865
25.50	25.50	0.024074	06.959
25.53	25.50	0.024090	07.059
25.53	25.50	0.024107	07.163
25.53	25.50	0.024124	07.258
25.53	25.50	0.024140	07.357
25.53	25.50	0.024157	07.462
25.53	25.50	0.024174	07.557
25.50	25.50	0.024190	07.656
25.50	25.50	0.024207	07.761
25.50	25.50	0.024224	07.855
25.50	25.50	0.024240	07.955
25.50	25.50	0.024257	08.060
25.50	25.50	0.024274	08.154
25.50	25.50	0.024290	08.254
25.50	25.50	0.024307	08.359
25.50	25.50	0.024324	08.453
25.50	25.50	0.024340	08.554
25.50	25.50	0.024357	08.657
25.50	25.50	0.024374	08.752
25.50	25.50	0.024390	08.854
25.50	25.50	0.024407	08.956
25.50	25.50	0.024424	09.051
25.50	25.50	0.024440	09.154
25.50	25.50	0.024457	09.255
25.50	25.50	0.024474	09.350
25.50	25.50	0.024490	09.453
25.50	25.50	0.024507	09.554
25.50	25.50	0.024524	09.648
25.50	25.50	0.024540	09.753
25.50	25.50	0.024557	09.852
25.47	25.50	0.024574	09.947
25.47	25.50	0.024590	10.052
25.47	25.50	0.024607	10.151
25.47	25.50	0.024623	10.246
25.50	25.50	0.024640	10.350
25.50	25.50	0.024657	10.450
25.50	25.50	0.024673	10.544
25.50	25.50	0.024690	10.649
25.50	25.50	0.024707	10.749
25.50	25.50	0.024723	10.844
25.50	25.50	0.024740	10.949
25.50	25.50	0.024757	11.043
25.50	25.50	0.024773	11.143
25.50	25.50	0.024790	11.247
25.50	25.50	0.024807	11.342
25.50	25.50	0.024823	11.441
25.50	25.50	0.024840	11.546
25.50	25.50	0.024857	11.641
25.50	25.50	0.024873	11.740
25.50	25.50	0.024890	11.845
25.50	25.50	0.024907	11.939
25.50	25.50	0.024923	12.039
25.50	25.50	0.024940	12.143
25.50	25.50	0.024957	12.239
25.50	25.50	0.024973	12.340
25.50	25.50	0.024990	12.442
25.50	25.50	0.025007	12.540
25.50	25.50	0.025023	12.639
25.50	25.50	0.025040	12.741
25.50	25.50	0.025057	12.839
25.50	25.50	0.025073	12.939
25.50	25.50	0.025090	13.039
25.50	25.50	0.025107	13.139
25.50	25.50	0.025123	13.240
25.50	25.50	0.025140	13.339
25.50	25.50	0.025157	13.439
25.50	25.50	0.025173	13.539
25.50	25.50	0.025190	13.639
25.50	25.50	0.025207	13.739
25.50	25.50	0.025223	13.839
25.50	25.50	0.025240	13.939
25.50	25.50	0.025257	14.039
25.50	25.50	0.025273	14.140
25.50	25.50	0.025290	14.239
25.50	25.50	0.025307	14.339
25.50	25.50	0.025323	14.439
25.50	25.50	0.025340	14.539
25.50	25.50	0.025357	14.639
25.50	25.50	0.025373	14.739
25.50	25.50	0.025390	14.840
25.53	25.50	0.025407	14.940
25.53	25.50	0.025423	15.041
25.53	25.50	0.025440	15.140
25.53	25.50	0.025456	15.240
25.53	25.50	0.025473	15.340
25.50	25.50	0.025490	15.440
25.50	25.50	0.025506	15.540
25.50	25.50	0.025523	15.640
25.50	25.50	0.025540	15.741
25.50	25.50	0.025556	15.840
25.50	25.50	0.025573	15.941
25.50	25.50	0.025590	16.040
25.50	25.50	0.025606	16.140
25.50	25.50	0.025623	16.240
25.50	25.50	0.025640	16.340
25.50	25.50	0.025656	16.440
25.50	25.50	0.025673	16.540
25.50	25.50	0.025690	16.641
25.50	25.50	0.025706	16.740
25.50	25.50	0.025723	16.840
25.50	25.50	0.025740	16.940
25.50	25.50	0.025756	17.040
25.50	25.50	0.025773	17.140
25.50	25.50	0.025790	17.240
25.50	25.50	0.025806	17.340
25.50	25.50	0.025823	17.440
25.47	25.50	0.025840	17.541
25.47	25.50	0.025856	17.640
25.47	25.50	0.025873	17.740
25.47	25.50	0.025890	17.840
25.47	25.50	0.025906	17.940
25.47	25.50	0.025923	18.040
25.50	25.50	0.025940	18.140
25.50	25.50	0.025956	18.269
25.50	25.50	0.025973	18.369
25.50	25.50	0.025990	18.464
25.50	25.50	0.026006	18.568
25.50	25.50	0.026023	18.668
25.50	25.50	0.026040	18.762
25.50	25.50	0.026056	18.867
25.50	25.50	0.026073	18.961
25.50	25.50	0.026090	19.061
25.50	25.50	0.026106	19.165
25.50	25.50	0.026123	19.260
25.50	25.50	0.026140	19.360
25.50	25.50	0.026156	19.464
25.50	25.50	0.026173	19.559
25.53	25.50	0.026190	19.658
25.53	25.50	0.026206	19.764
25.53	25.50	0.026223	19.858
25.53	25.50	0.026240	19.958
25.53	25.50	0.026256	20.062
25.53	25.50	0.026273	20.157
25.53	25.50	0.026289	20.257
25.50	25.50	0.026306	20.361
25.50	25.50	0.026323	20.456
25.50	25.50	0.026339	20.555
25.50	25.50	0.026356	20.660
25.50	25.50	0.026373	20.754
25.50	25.50	0.026389	20.854
25.50	25.50	0.026406	20.959
25.50	25.50	0.026423	21.053
25.50	25.50	0.026439	21.153
25.50	25.50	0.026456	21.257
25.50	25.50	0.026473	21.352
25.50	25.50	0.026489	21.451
25.50	25.50	0.026506	21.556
25.50	25.50	0.026523	21.651
25.50	25.50	0.026539	21.751
25.50	25.50	0.026556	21.855
25.50	25.50	0.026573	21.949
25.50	25.50	0.026589	22.051
25.50	25.50	0.026606	22.153
25.50	25.50	0.026623	22.248
25.50	25.50	0.026639	22.350
25.50	25.50	0.026656	22.453
25.50	25.50	0.026673	22.547
25.50	25.50	0.026689	22.651
25.50	25.50	0.026706	22.752
25.47	25.50	0.026723	22.846
25.47	25.50	0.026739	22.951
25.47	25.50	0.026756	23.050
25.47	25.50	0.026773	23.145
25.47	25.50	0.026789	23.249
25.50	25.50	0.026806	23.349
25.50	25.50	0.026823	23.444
25.50	25.50	0.026839	23.548
25.50	25.50	0.026856	23.648
25.50	25.50	0.026873	23.742
25.50	25.50	0.026889	23.847
25.50	25.50	0.026906	23.946
25.50	25.50	0.026923	24.041
25.50	25.50	0.026939	24.146
25.50	25.50	0.026956	24.240
25.50	25.50	0.026973	24.341
25.50	25.50	0.026989	24.444
25.50	25.50	0.027006	24.540
25.53	25.50	0.027023	24.640
25.53	25.50	0.027039	24.744
25.53	25.50	0.027056	24.840
25.53	25.50	0.027073	24.940
25.53	25.50	0.027089	25.043
25.53	25.50	0.027106	25.140
25.53	25.50	0.027122	25.240
25.53	25.50	0.027139	25.341
25.50	25.50	0.027156	25.440
25.50	25.50	0.027172	25.540
25.50	25.50	0.027189	25.640
25.50	25.50	0.027206	25.740
25.50	25.50	0.027222	25.840
25.50	25.50	0.027239	25.941
25.50	25.50	0.027256	26.040
25.50	25.50	0.027272	26.140
25.50	25.50	0.027289	26.240
25.50	25.50	0.027306	26.340
25.50	25.50	0.027322	26.439
25.50	25.50	0.027339	26.539
25.50	25.50	0.027356	26.641
25.50	25.50	0.027372	26.740
25.50	25.50	0.027389	26.841
25.50	25.50	0.027406	26.940
25.50	25.50	0.027422	27.040
25.50	25.50	0.027439	27.140
25.50	25.50	0.027456	27.240
25.50	25.50	0.027472	27.340
25.50	25.50	0.027489	27.440
25.50	25.50	0.027506	27.546
25.50	25.50	0.027522	27.640
25.50	25.50	0.027539	27.740
25.50	25.50	0.027556	27.840
25.50	25.50	0.027572	27.940
25.50	25.50	0.027589	28.040
25.50	25.50	0.027606	28.140
25.50	25.50	0.027622	28.240
25.50	25.50	0.027639	28.340
25.50	25.50	0.027656	28.446
25.50	25.50	0.027672	28.540
25.50	25.50	0.027689	28.640
25.50	25.50	0.027706	28.745
25.50	25.50	0.027722	28.840
25.50	25.50	0.027739	28.940
25.50	25.50	0.027756	29.040
25.50	25.50	0.027772	29.141
25.50	25.50	0.027789	29.241
25.50	25.50	0.027806	29.345
25.50	25.50	0.027822	29.441
25.50	25.50	0.027839	29.541
25.50	25.50	0.027856	29.645
25.50	25.50	0.027872	29.741
25.47	25.50	0.027889	29.841
25.47	25.50	0.027906	29.945
25.47	25.50	0.027922	30.042
25.47	25.50	0.027939	30.141
25.47	25.50	0.027955	30.245
25.47	25.50	0.027972	30.341
25.50	25.50	0.027989	30.441
25.50	25.50	0.028005	30.544
25.50	25.50	0.028022	30.640
25.50	25.50	0.028039	30.764
25.50	25.50	0.028055	30.869
25.50	25.50	0.028072	30.968
25.50	25.50	0.028089	31.063
25.50	25.50	0.028105	31.168
25.50	25.50	0.028122	31.267
25.50	25.50	0.028139	31.362
25.50	25.50	0.028155	31.467
25.53	25.50	0.028172	31.567
25.53	25.50	0.028189	31.661
25.53	25.50	0.028205	31.766
25.53	25.50	0.028222	31.865
25.53	25.50	0.028239	31.960
25.53	25.50	0.028255	32.065
25.53	25.50	0.028272	32.159
25.50	25.50	0.028289	32.259
25.50	25.50	0.028305	32.363
25.50	25.50	0.028322	32.458
25.50	25.50	0.028339	32.558
25.50	25.50	0.028355	32.662
25.50	25.50	0.028372	32.757
25.50	25.50	0.028389	32.856
25.50	25.50	0.028405	32.961
25.50	25.50	0.028422	33.055
25.50	25.50	0.028439	33.155
25.50	25.50	0.028455	33.259
25.50	25.50	0.028472	33.354
25.50	25.50	0.028489	33.454
25.50	25.50	0.028505	33.558
25.50	25.50	0.028522	33.653
25.50	25.50	0.028539	33.752
25.50	25.50	0.028555	33.857
25.50	25.50	0.028572	33.951
25.50	25.50	0.028589	34.051
25.50	25.50	0.028605	34.155
25.50	25.50	0.028622	34.251
25.50	25.50	0.028639	34.350
25.50	25.50	0.028655	34.455
25.50	25.50	0.028672	34.549
25.50	25.50	0.028689	34.649
25.50	25.50	0.028705	34.753
25.50	25.50	0.028722	34.848
25.50	25.50	0.028739	34.949
25.50	25.50	0.028755	35.052
25.50	25.50	0.028772	35.147
25.50	25.50	0.028788	35.248
25.50	25.50	0.028805	35.351
25.47	25.50	0.028822	35.445
25.47	25.50	0.028838	35.548
25.47	25.50	0.028855	35.649
25.47	25.50	0.028872	35.744
25.47	25.50	0.028888	35.849
25.50	25.50	0.028905	35.949
25.50	25.50	0.028922	36.044
25.50	25.50	0.028938	36.148
25.50	25.50	0.028955	36.248
25.50	25.50	0.028972	36.342
25.50	25.50	0.028988	36.447
25.50	25.50	0.029005	36.547
25.50	25.50	0.029022	36.641
25.50	25.50	0.029038	36.746
25.50	25.50	0.029055	36.845
25.50	25.50	0.029072	36.941
25.50	25.50	0.029088	37.044
25.50	25.50	0.029105	37.144
25.50	25.50	0.029122	37.242
25.50	25.50	0.029138	37.343
25.50	25.50	0.029155	37.444
25.50	25.50	0.029172	37.542
25.50	25.50	0.029188	37.642
25.50	25.50	0.029205	37.743
25.50	25.50	0.029222	37.842
25.50	25.50	0.029238	37.942
25.50	25.50	0.029255	38.043
25.50	25.50	0.029272	38.143
25.50	25.50	0.029288	38.242
25.50	25.50	0.029305	38.344
25.50	25.50	0.029322	38.442
25.50	25.50	0.029338	38.542
25.53	25.50	0.029355	38.643
25.53	25.50	0.029372	38.742
25.53	25.50	0.029388	38.842
25.53	25.50	0.029405	38.943
25.50	25.50	0.029422	39.043
25.50	25.50	0.029438	39.142
25.50	25.50	0.029455	39.244
25.50	25.50	0.029472	39.342
25.50	25.50	0.029488	39.442
25.50	25.50	0.029505	39.543
25.50	25.50	0.029522	39.642
25.50	25.50	0.029538	39.742
25.50	25.50	0.029555	39.843
25.50	25.50	0.029572	39.943
25.50	25.50	0.029588	40.042
25.50	25.50	0.029605	40.143
25.50	25.50	0.029621	40.242
25.50	25.50	0.029638	40.342
25.50	25.50	0.029655	40.443
25.50	25.50	0.029671	40.542
25.50	25.50	0.029688	40.643
25.50	25.50	0.029705	40.743
25.50	25.50	0.029721	40.843
25.50	25.50	0.029738	40.942
25.50	25.50	0.029755	41.043
25.50	25.50	0.029771	41.142
25.50	25.50	0.029788	41.242
25.50	25.50	0.029805	41.342
25.50	25.50	0.029821	41.442
25.50	25.50	0.029838	41.543
25.50	25.50	0.029855	41.643
25.50	25.50	0.029871	41.742
25.50	25.50	0.029888	41.842
25.50	25.50	0.029905	41.943
25.50	25.50	0.029921	42.042
25.50	25.50	0.029938	42.142
25.50	25.50	0.029955	42.242
25.50	25.50	0.029971	42.342
25.50	25.50	0.029988	42.443
25.50	25.50	0.030005	42.542
25.50	25.50	0.030021	42.642
25.50	25.50	0.030038	42.742
25.50	25.50	0.030055	42.843
25.50	25.50	0.030071	42.971
25.50	25.50	0.030088	43.066
25.50	25.51	0.030105	43.143
25.50	25.51	0.030121	43.270
25.50	25.51	0.030138	43.365
25.50	25.51	0.030155	43.442
25.50	25.51	0.030171	43.569
25.50	25.51	0.030188	43.663
25.50	25.51	0.030205	43.742
25.50	25.51	0.030221	43.867
25.50	25.51	0.030238	43.962
25.50	25.51	0.030255	44.066
25.50	25.51	0.030271	44.166
25.50	25.51	0.030288	44.261
25.50	25.51	0.030305	44.365
25.50	25.52	0.030321	44.465
25.50	25.52	0.030338	44.559
25.50	25.52	0.030355	44.664
25.50	25.52	0.030371	44.763
25.53	25.52	0.030388	44.859
25.53	25.52	0.030405	44.964
25.53	25.52	0.030421	45.063
25.53	25.52	0.030438	45.158
25.53	25.52	0.030454	45.262
25.53	25.52	0.030471	45.357
25.53	25.52	0.030488	45.456
25.53	25.52	0.030504	45.561
25.53	25.52	0.030521	45.655
25.53	25.53	0.030538	45.755
25.53	25.53	0.030554	45.860
25.53	25.53	0.030571	45.954
25.53	25.53	0.030588	46.054
25.53	25.53	0.030604	46.158
25.53	25.53	0.030621	46.253
25.53	25.53	0.030638	46.352
25.53	25.53	0.030654	46.457
25.53	25.53	0.030671	46.552
25.53	25.53	0.030688	46.651
25.53	25.53	0.030704	46.756
25.53	25.53	0.030721	46.850
25.53	25.53	0.030738	46.950
25.53	25.54	0.030754	47.054
25.53	25.54	0.030771	47.149
25.53	25.54	0.030788	47.249
25.53	25.54	0.030804	47.353
25.53	25.54	0.030821	47.448
25.53	25.54	0.030838	47.547
25.53	25.54	0.030854	47.652
25.53	25.54	0.030871	47.746
25.53	25.54	0.030888	47.846
25.53	25.54	0.030904	47.950
25.53	25.54	0.030921	48.046
25.53	25.54	0.030938	48.146
25.53	25.54	0.030954	48.250
25.55	25.55	0.030971	48.345
25.55	25.55	0.030988	48.446
25.55	25.55	0.031004	48.549
25.55	25.55	0.031021	48.643
25.55	25.55	0.031038	48.746
25.55	25.55	0.031054	48.848
25.55	25.55	0.031071	48.942
25.55	25.55	0.031088	49.046
25.55	25.55	0.031104	49.146
25.55	25.55	0.031121	49.242
25.55	25.55	0.031138	49.345
25.55	25.55	0.031154	49.445
25.55	25.55	0.031171	49.542
25.55	25.56	0.031188	49.644
25.55	25.56	0.031204	49.744
25.55	25.56	0.031221	49.842
25.55	25.56	0.031238	49.943
25.55	25.56	0.031254	50.043
25.55	25.56	0.031271	50.143
25.55	25.56	0.031287	50.243
25.55	25.56	0.031304	50.343
25.55	25.56	0.031321	50.444
25.58	25.56	0.031337	50.543
25.58	25.56	0.031354	50.644
25.58	25.56	0.031371	50.743
25.58	25.56	0.031387	50.843
25.58	25.57	0.031404	50.943
25.58	25.57	0.031421	51.043
25.58	25.57	0.031437	51.143
25.58	25.57	0.031454	51.243
25.58	25.57	0.031471	51.344
25.58	25.57	0.031487	51.443
25.58	25.57	0.031504	51.543
25.58	25.57	0.031521	51.643
25.58	25.57	0.031537	51.743
25.58	25.57	0.031554	51.843
25.58	25.57	0.031571	51.943
25.58	25.57	0.031587	52.044
25.58	25.57	0.031604	52.143
25.55	25.58	0.031621	52.243
25.55	25.58	0.031637	52.343
25.55	25.58	0.031654	52.443
25.55	25.58	0.031671	52.543
25.55	25.58	0.031687	52.643
25.55	25.58	0.031704	52.743
25.58	25.58	0.031721	52.843
25.58	25.58	0.031737	52.944
25.58	25.58	0.031754	53.043
25.58	25.58	0.031771	53.143
25.58	25.58	0.031787	53.243
25.58	25.58	0.031804	53.343
25.58	25.58	0.031821	53.443
25.58	25.59	0.031837	53.543
25.58	25.59	0.031854	53.644
25.58	25.59	0.031871	53.743
25.58	25.59	0.031887	53.844
25.58	25.59	0.031904	53.943
25.60	25.59	0.031921	54.043
25.60	25.59	0.031937	54.143
25.60	25.59	0.031954	54.243
25.60	25.59	0.031971	54.343
25.60	25.59	0.031987	54.443
25.60	25.59	0.032004	54.544
25.60	25.59	0.032021	54.643
25.60	25.59	0.032037	54.743
25.60	25.60	0.032054	54.843
25.60	25.60	0.032071	54.943
25.60	25.60	0.032087	55.043
25.60	25.60	0.032104	55.143
25.60	25.60	0.032120	55.272
25.60	25.60	0.032137	55.367
25.60	25.60	0.032154	55.467
25.60	25.60	0.032170	55.571
25.60	25.60	0.032187	55.666
25.60	25.60	0.032204	55.765
25.60	25.60	0.032220	55.870
25.60	25.60	0.032237	55.964
25.60	25.60	0.032254	56.065
25.60	25.61	0.032270	56.168
25.60	25.61	0.032287	56.263
25.60	25.61	0.032304	56.365
25.60	25.61	0.032320	56.467
25.60	25.61	0.032337	56.562
25.60	25.61	0.032354	56.664
25.60	25.61	0.032370	56.766
25.60	25.61	0.032387	56.860
25.60	25.61	0.032404	56.964
25.60	25.61	0.032420	57.065
25.60	25.61	0.032437	57.159
25.60	25.61	0.032454	57.264
25.60	25.61	0.032470	57.363
25.60	25.62	0.032487	57.458
25.60	25.62	0.032504	57.562
25.60	25.62	0.032520	57.663
25.60	25.62	0.032537	57.757
25.63	25.62	0.032554	57.862
25.63	25.62	0.032570	57.962
25.63	25.62	0.032587	58.056
25.63	25.62	0.032604	58.161
25.63	25.62	0.032620	58.260
25.63	25.62	0.032637	58.355
25.63	25.62	0.032654	58.459
25.63	25.62	0.032670	58.554
25.63	25.62	0.032687	58.654
25.63	25.62	0.032704	58.758
25.63	25.63	0.032720	58.853
25.63	25.63	0.032737	58.952
25.63	25.63	0.032754	59.057
25.63	25.63	0.032770	59.151
25.63	25.63	0.032787	59.251
25.63	25.63	0.032804	59.355
25.63	25.63	0.032820	59.450
25.63	25.63	0.032837	59.550
25.63	25.63	0.032854	59.654
25.63	25.63	0.032870	59.749
25.63	25.63	0.032887	59.848
25.63	25.63	0.032904	59.954
25.63	25.63	0.032920	00.048
25.63	25.64	0.032937	00.147
25.63	25.64	0.032953	00.252
25.63	25.64	0.032970	00.347
25.63	25.64	0.032987	00.446
25.63	25.64	0.033003	00.551
25.63	25.64	0.033020	00.645
25.63	25.64	0.033037	00.745
25.63	25.64	0.033053	00.849
25.65	25.64	0.033070	00.944
25.65	25.64	0.033087	01.044
25.65	25.64	0.033103	01.149
25.65	25.64	0.033120	01.244
25.65	25.64	0.033137	01.343
25.65	25.65	0.033153	01.448
25.65	25.65	0.033170	01.543
25.65	25.65	0.033187	01.643
25.65	25.65	0.033203	01.746
25.65	25.65	0.033220	01.843
25.65	25.65	0.033237	01.944
25.65	25.65	0.033253	02.045
25.65	25.65	0.033270	02.143
25.65	25.65	0.033287	02.243
25.65	25.65	0.033303	02.344
25.65	25.65	0.033320	02.443
25.65	25.65	0.033337	02.543
25.65	25.65	0.033353	02.644
25.65	25.66	0.033370	02.743
25.65	25.66	0.033387	02.843
25.65	25.66	0.033403	02.943
25.65	25.66	0.033420	03.043
25.65	25.66	0.033437	03.143
25.65	25.66	0.033453	03.243
25.65	25.66	0.033470	03.343
25.65	25.66	0.033487	03.443
25.65	25.66	0.033503	03.544
25.65	25.66	0.033520	03.643
25.65	25.66	0.033537	03.743
25.65	25.66	0.033553	03.843
25.65	25.66	0.033570	03.943
25.68	25.67	0.033587	04.043
25.68	25.67	0.033603	04.143
25.68	25.67	0.033620	04.244
25.68	25.67	0.033637	04.343
25.68	25.67	0.033653	04.443
25.68	25.67	0.033670	04.543
25.68	25.67	0.033687	04.643
25.68	25.67	0.033703	04.743
25.68	25.67	0.033720	04.843
25.68	25.67	0.033737	04.943
25.68	25.67	0.033753	05.043
25.68	25.67	0.033770	05.144
25.68	25.67	0.033786	05.243
25.68	25.68	0.033803	05.343
25.68	25.68	0.033820	05.443
25.68	25.68	0.033836	05.543
25.68	25.68	0.033853	05.643
25.68	25.68	0.033870	05.743
25.68	25.68	0.033886	05.843
25.68	25.68	0.033903	05.943
25.68	25.68	0.033920	06.044
25.68	25.68	0.033936	06.143
25.68	25.68	0.033953	06.243
25.68	25.68	0.033970	06.343
25.68	25.68	0.033986	06.443
25.68	25.68	0.034003	06.543
25.68	25.69	0.034020	06.643
25.68	25.69	0.034036	06.744
25.68	25.69	0.034053	06.843
25.68	25.69	0.034070	06.943
25.68	25.69	0.034086	07.043
25.68	25.69	0.034103	07.143
25.68	25.69	0.034120	07.243
25.68	25.69	0.034136	07.343
25.68	25.69	0.034153	07.443
25.68	25.69	0.034170	07.543
25.68	25.69	0.034186	07.667
25.68	25.69	0.034203	07.767
25.68	25.69	0.034220	07.872
25.68	25.70	0.034236	07.966
25.68	25.70	0.034253	08.066
25.68	25.70	0.034270	08.170
25.68	25.70	0.034286	08.265
25.70	25.70	0.034303	08.365
25.70	25.70	0.034320	08.470
25.70	25.70	0.034336	08.565
25.70	25.70	0.034353	08.664
25.70	25.70	0.034370	08.769
25.70	25.70	0.034386	08.863
25.70	25.70	0.034403	08.963
25.70	25.70	0.034420	09.067
25.70	25.70	0.034436	09.162
25.70	25.71	0.034453	09.262
25.70	25.71	0.034470	09.366
25.70	25.71	0.034486	09.461
25.70	25.71	0.034503	09.562
25.73	25.71	0.034520	09.665
25.73	25.71	0.034536	09.759
25.73	25.71	0.034553	09.862
25.73	25.71	0.034570	09.963
25.73	25.71	0.034586	10.058
25.73	25.71	0.034603	10.162
25.73	25.71	0.034619	10.262
25.73	25.71	0.034636	10.357
25.73	25.71	0.034653	10.462
25.73	25.72	0.034669	10.562
25.73	25.72	0.034686	10.655
25.73	25.72	0.034703	10.761
25.73	25.72	0.034719	10.860
25.73	25.72	0.034736	10.955
25.73	25.72	0.034753	11.060
25.73	25.72	0.034769	11.159
25.70	25.72	0.034786	11.254
25.70	25.72	0.034803	11.358
25.70	25.72	0.034819	11.458
25.70	25.72	0.034836	11.552
25.70	25.72	0.034853	11.657
25.70	25.72	0.034869	11.752
25.70	25.73	0.034886	11.851
25.70	25.73	0.034903	11.956
25.73	25.73	0.034919	12.050
25.73	25.73	0.034936	12.150
25.73	25.73	0.034953	12.254
25.73	25.73	0.034969	12.349
25.73	25.73	0.034986	12.449
25.73	25.73	0.035003	12.553
25.73	25.73	0.035019	12.648
25.73	25.73	0.035036	12.747
25.73	25.73	0.035053	12.852
25.73	25.73	0.035069	12.946
25.73	25.73	0.035086	13.046
25.73	25.74	0.035103	13.150
25.73	25.74	0.035119	13.245
25.73	25.74	0.035136	13.345
25.73	25.74	0.035153	13.449
25.73	25.74	0.035169	13.544
25.73	25.74	0.035186	13.644
25.73	25.74	0.035203	13.749
25.76	25.74	0.035219	13.843
25.76	25.74	0.035236	13.943
25.76	25.74	0.035253	14.047
25.76	25.74	0.035269	14.144
25.76	25.74	0.035286	14.245
25.76	25.74	0.035303	14.346
25.76	25.75	0.035319	14.444
25.76	25.75	0.035336	14.544
25.76	25.75	0.035353	14.645
25.76	25.75	0.035369	14.744
25.76	25.75	0.035386	14.844
25.76	25.75	0.035403	14.945
25.76	25.75	0.035419	15.044
25.76	25.75	0.035436	15.144
25.76	25.75	0.035452	15.244
25.73	25.75	0.035469	15.344
25.73	25.75	0.035486	15.444
25.73	25.75	0.035502	15.544
25.73	25.75	0.035519	15.644
25.73	25.76	0.035536	15.744
25.73	25.76	0.035552	15.845
25.73	25.76	0.035569	15.944
25.73	25.76	0.035586	16.044
25.73	25.76	0.035602	16.144
25.76	25.76	0.035619	16.244
25.76	25.76	0.035636	16.344
25.76	25.76	0.035652	16.444
25.76	25.76	0.035669	16.545
25.76	25.76	0.035686	16.644
25.76	25.76	0.035702	16.744
25.76	25.76	0.035719	16.845
25.76	25.76	0.035736	16.945
25.76	25.77	0.035752	17.045
25.76	25.77	0.035769	17.145
25.76	25.77	0.035786	17.246
25.78	25.77	0.035802	17.345
25.78	25.77	0.035819	17.446
25.78	25.77	0.035836	17.545
25.78	25.77	0.035852	17.645
25.78	25.77	0.035869	17.745
25.78	25.77	0.035886	17.845
25.78	25.77	0.035902	17.945
25.78	25.77	0.035919	18.045
25.78	25.77	0.035936	18.146
25.78	25.77	0.035952	18.245
25.78	25.78	0.035969	18.345
25.78	25.78	0.035986	18.445
25.78	25.78	0.036002	18.545
25.78	25.78	0.036019	18.645
25.78	25.78	0.036036	18.745
25.78	25.78	0.036052	18.845
25.78	25.78	0.036069	18.945
25.78	25.78	0.036086	19.046
25.78	25.78	0.036102	19.145
25.78	25.78	0.036119	19.245
25.78	25.78	0.036136	19.345
25.78	25.78	0.036152	19.445
25.78	25.78	0.036169	19.545
25.78	25.79	0.036186	19.645
25.78	25.79	0.036202	19.769
25.78	25.79	0.036219	19.874
25.78	25.79	0.036236	19.969
25.78	25.79	0.036252	20.068
25.78	25.79	0.036269	20.173
25.78	25.79	0.036285	20.267
25.78	25.79	0.036302	20.367
25.78	25.79	0.036319	20.471
25.78	25.79	0.036335	20.567
25.78	25.79	0.036352	20.666
25.78	25.79	0.036369	20.771
25.78	25.79	0.036385	20.866
25.78	25.80	0.036402	20.965
25.78	25.80	0.036419	21.070
25.78	25.80	0.036435	21.164
25.81	25.80	0.036452	21.264
25.81	25.80	0.036469	21.368
25.81	25.80	0.036485	21.463
25.81	25.80	0.036502	21.563
25.81	25.80	0.036519	21.667
25.81	25.80	0.036535	21.762
25.81	25.80	0.036552	21.861
25.81	25.80	0.036569	21.966
25.81	25.80	0.036585	22.060
25.81	25.80	0.036602	22.160
25.81	25.81	0.036619	22.265
25.81	25.81	0.036635	22.359
25.81	25.81	0.036652	22.460
25.81	25.81	0.036669	22.563
25.81	25.81	0.036685	22.658
25.81	25.81	0.036702	22.759
25.81	25.81	0.036719	22.862
25.81	25.81	0.036735	22.956
25.81	25.81	0.036752	23.059
25.81	25.81	0.036769	23.161
25.81	25.81	0.036785	23.255
25.81	25.81	0.036802	23.360
25.81	25.81	0.036819	23.460
25.81	25.82	0.036835	23.555
25.81	25.82	0.036852	23.659
25.81	25.82	0.036869	23.759
25.81	25.82	0.036885	23.854
25.81	25.82	0.036902	23.958
25.81	25.82	0.036919	24.058
25.81	25.82	0.036935	24.152
25.81	25.82	0.036952	24.257
25.83	25.82	0.036969	24.356
25.83	25.82	0.036985	24.451
25.83	25.82	0.037002	24.555
25.83	25.82	0.037019	24.655
25.83	25.82	0.037035	24.750
25.83	25.83	0.037052	24.854
25.83	25.83	0.037069	24.949
25.83	25.83	0.037085	25.048
25.83	25.83	0.037102	25.153
25.83	25.83	0.037118	25.247
25.83	25.83	0.037135	25.347
25.83	25.83	0.037152	25.451
25.83	25.83	0.037168	25.546
25.83	25.83	0.037185	25.646
25.83	25.83	0.037202	25.750
25.83	25.83	0.037218	25.846
25.83	25.83	0.037235	25.945
25.83	25.83	0.037252	26.050
25.83	25.84	0.037268	26.145
25.83	25.84	0.037285	26.245
25.83	25.84	0.037302	26.349
25.83	25.84	0.037318	26.445
25.83	25.84	0.037335	26.546
25.83	25.84	0.037352	26.647
25.83	25.84	0.037368	26.745
25.83	25.84	0.037385	26.845
25.83	25.84	0.037402	26.946
25.83	25.84	0.037418	27.045
25.86	25.84	0.037435	27.145
25.86	25.84	0.037452	27.246
25.86	25.84	0.037468	27.345
25.86	25.84	0.037485	27.445
25.86	25.85	0.037502	27.545
25.86	25.85	0.037518	27.645
25.86	25.85	0.037535	27.745
25.86	25.85	0.037552	27.845
25.86	25.85	0.037568	27.946
25.86	25.85	0.037585	28.045
25.86	25.85	0.037602	28.145
25.86	25.85	0.037618	28.245
25.83	25.85	0.037635	28.345
25.83	25.85	0.037652	28.445
25.83	25.85	0.037668	28.545
25.83	25.85	0.037685	28.645
25.83	25.85	0.037702	28.745
25.83	25.86	0.037718	28.846
25.83	25.86	0.037735	28.945
25.83	25.86	0.037752	29.045
25.83	25.86	0.037768	29.145
25.86	25.86	0.037785	29.245
25.86	25.86	0.037802	29.345
25.86	25.86	0.037818	29.445
25.86	25.86	0.037835	29.546
25.86	25.86	0.037852	29.645
25.86	25.86	0.037868	29.745
25.86	25.86	0.037885	29.845
25.86	25.86	0.037902	29.945
25.86	25.86	0.037918	30.045
25.86	25.87	0.037935	30.145
25.86	25.87	0.037951	30.245
25.86	25.87	0.037968	30.345
25.88	25.87	0.037985	30.446
25.88	25.87	0.038001	30.545
25.88	25.87	0.038018	30.645
25.88	25.87	0.038035	30.745
25.88	25.87	0.038051	30.845
25.88	25.87	0.038068	30.945
25.88	25.87	0.038085	31.045
25.88	25.87	0.038101	31.146
25.88	25.87	0.038118	31.245
25.88	25.87	0.038135	31.346
25.88	25.88	0.038151	31.445
25.88	25.88	0.038168	31.545
25.88	25.88	0.038185	31.645
25.88	25.88	0.038201	31.745
25.88	25.88	0.038218	31.845
25.88	25.88	0.038235	31.945
25.88	25.88	0.038251	32.046
25.88	25.88	0.038268	32.145
25.88	25.88	0.038285	32.245
25.88	25.88	0.038301	32.344
25.88	25.88	0.038318	32.444
25.88	25.88	0.038335	32.573
25.88	25.88	0.038351	32.668
25.88	25.89	0.038368	32.773
25.88	25.89	0.038385	32.868
25.88	25.89	0.038401	32.967
25.88	25.89	0.038418	33.072
25.88	25.89	0.038435	33.167
25.88	25.89	0.038451	33.266
25.88	25.89	0.038468	33.371
25.88	25.89	0.038485	33.465
25.88	25.89	0.038501	33.565
25.91	25.89	0.038518	33.669
25.91	25.89	0.038535	33.764
25.91	25.89	0.038551	33.864
25.91	25.89	0.038568	33.968
25.91	25.90	0.038585	34.063
25.91	25.90	0.038601	34.162
25.91	25.90	0.038618	34.267
25.91	25.90	0.038635	34.361
25.91	25.90	0.038651	34.461
25.91	25.90	0.038668	34.565
25.91	25.90	0.038685	34.660
25.91	25.90	0.038701	34.760
25.91	25.90	0.038718	34.864
25.91	25.90	0.038735	34.959
25.91	25.90	0.038751	35.058
25.91	25.90	0.038768	35.163
25.88	25.90	0.038784	35.258
25.88	25.91	0.038801	35.358
25.88	25.91	0.038818	35.463
25.88	25.91	0.038834	35.557
25.88	25.91	0.038851	35.658
25.88	25.91	0.038868	35.761
25.88	25.91	0.038884	35.856
25.88	25.91	0.038901	35.957
25.91	25.91	0.038918	36.060
25.91	25.91	0.038934	36.154
25.91	25.91	0.038951	36.257
25.91	25.91	0.038968	36.359
25.91	25.91	0.038984	36.453
25.91	25.91	0.039001	36.557
25.91	25.92	0.039018	36.657
25.91	25.92	0.039034	36.752
25.91	25.92	0.039051	36.856
25.94	25.92	0.039068	36.956
25.94	25.92	0.039084	37.051
25.94	25.92	0.039101	37.155
25.94	25.92	0.039118	37.255
25.94	25.92	0.039134	37.349
25.94	25.92	0.039151	37.454
25.94	25.92	0.039168	37.554
25.94	25.92	0.039184	37.649
25.94	25.92	0.039201	37.753
25.94	25.92	0.039218	37.853
25.94	25.93	0.039234	37.948
25.94	25.93	0.039251	38.052
25.94	25.93	0.039268	38.147
25.91	25.93	0.039284	38.246
25.91	25.93	0.039301	38.351
25.91	25.93	0.039318	38.445
25.91	25.93	0.039334	38.545
25.91	25.93	0.039351	38.649
25.91	25.93	0.039368	38.745
25.91	25.93	0.039384	38.846
25.91	25.93	0.039401	38.948
25.94	25.93	0.039418	39.045
25.94	25.93	0.039434	39.145
25.94	25.94	0.039451	39.247
25.94	25.94	0.039468	39.345
25.94	25.94	0.039484	39.445
25.94	25.94	0.039501	39.546
25.94	25.94	0.039518	39.645
25.94	25.94	0.039534	39.745
25.94	25.94	0.039551	39.845
25.94	25.94	0.039568	39.945
25.94	25.94	0.039584	40.045
25.94	25.94	0.039601	40.145
25.94	25.94	0.039617	40.245
25.94	25.94	0.039634	40.345
25.94	25.94	0.039651	40.445
25.94	25.95	0.039667	40.545
25.94	25.95	0.039684	40.645
25.94	25.95	0.039701	40.745
25.94	25.95	0.039717	40.846
25.94	25.95	0.039734	40.945
25.94	25.95	0.039751	41.045
25.94	25.95	0.039767	41.145
25.96	25.95	0.039784	41.245
25.96	25.95	0.039801	41.345
25.96	25.95	0.039817	41.445
25.96	25.95	0.039834	41.546
25.96	25.95	0.039851	41.645
25.96	25.95	0.039867	41.745
25.96	25.96	0.039884	41.845
25.96	25.96	0.039901	41.945
25.96	25.96	0.039917	42.045
25.96	25.96	0.039934	42.145
25.96	25.96	0.039951	42.245
25.96	25.96	0.039967	42.345
25.96	25.96	0.039984	42.446
25.96	25.96	0.040001	42.545
25.96	25.96	0.040017	42.645
25.96	25.96	0.040034	42.745
25.96	25.96	0.040051	42.845
25.96	25.96	0.040067	42.945
25.96	25.96	0.040084	43.045
25.96	25.97	0.040101	43.145
25.96	25.97	0.040117	43.245
25.96	25.97	0.040134	43.346
25.96	25.97	0.040151	43.445
25.96	25.97	0.040167	43.545
25.96	25.97	0.040184	43.645
25.96	25.97	0.040201	43.745
25.96	25.97	0.040217	43.846
25.96	25.97	0.040234	43.945
25.96	25.97	0.040251	44.047
25.96	25.97	0.040267	44.146
25.96	25.97	0.040284	44.246
25.96	25.97	0.040301	44.346
25.96	25.98	0.040317	44.446
25.96	25.98	0.040334	44.546
25.96	25.98	0.040351	44.646
25.99	25.98	0.040367	44.775
25.99	25.98	0.040384	44.875
25.99	25.98	0.040401	44.970
25.99	25.98	0.040417	45.074
25.99	25.98	0.040434	45.174
25.99	25.98	0.040450	45.268
25.99	25.98	0.040467	45.373
25.99	25.98	0.040484	45.472
25.99	25.98	0.040500	45.567
25.99	25.98	0.040517	45.671
25.99	25.99	0.040534	45.771
25.99	25.99	0.040550	45.866
25.99	25.99	0.040567	45.970
25.99	25.99	0.040584	46.065
25.99	25.99	0.040600	46.164
25.99	25.99	0.040617	46.269
25.99	25.99	0.040634	46.363
25.99	25.99	0.040650	46.463
25.99	25.99	0.040667	46.568
25.99	25.99	0.040684	46.662
25.99	25.99	0.040700	46.762
25.99	25.99	0.040717	46.866
25.99	25.99	0.040734	46.961
25.99	26.00	0.040750	47.060
25.99	26.00	0.040767	47.166
25.99	26.00	0.040784	47.261
25.99	26.00	0.040800	47.360
25.99	26.00	0.040817	47.465
25.99	26.00	0.040834	47.559
25.99	26.00	0.040850	47.659
25.99	26.00	0.040867	47.763
25.99	26.00	0.040884	47.858
25.99	26.00	0.040900	47.957
25.99	26.00	0.040917	48.062
25.99	26.00	0.040934	48.157
25.99	26.00	0.040950	48.256
25.99	26.01	0.040967	48.361
25.99	26.01	0.040984	48.455
26.01	26.01	0.041000	48.555
26.01	26.01	0.041017	48.659
26.01	26.01	0.041034	48.754
26.01	26.01	0.041050	48.854
26.01	26.01	0.041067	48.958
26.01	26.01	0.041084	49.053
26.01	26.01	0.041100	49.154
26.01	26.01	0.041117	49.257
26.01	26.01	0.041134	49.351
26.01	26.01	0.041150	49.455
26.01	26.01	0.041167	49.555
26.01	26.02	0.041184	49.651
26.01	26.02	0.041200	49.755
26.01	26.02	0.041217	49.855
26.01	26.02	0.041234	49.950
26.01	26.02	0.041250	50.054
26.01	26.02	0.041267	50.154
26.01	26.02	0.041283	50.248
26.01	26.02	0.041300	50.353
26.01	26.02	0.041317	50.452
26.04	26.02	0.041333	50.547
26.04	26.02	0.041350	50.652
26.04	26.02	0.041367	50.751
26.04	26.02	0.041383	50.847
26.04	26.03	0.041400	50.950
26.04	26.03	0.041417	51.050
26.04	26.03	0.041433	51.147
26.04	26.03	0.041450	51.249
26.04	26.03	0.041467	51.350
26.04	26.03	0.041483	51.447
26.04	26.03	0.041500	51.548
26.04	26.03	0.041517	51.649
26.04	26.03	0.041533	51.747
26.04	26.03	0.041550	51.847
26.04	26.03	0.041567	51.950
26.04	26.03	0.041583	52.047
26.04	26.03	0.041600	52.147
26.04	26.04	0.041617	52.250
26.04	26.04	0.041633	52.347
26.01	26.04	0.041650	52.447
26.01	26.04	0.041667	52.549
26.01	26.04	0.041683	52.647
26.01	26.04	0.041700	52.747
26.01	26.04	0.041717	52.849
26.04	26.04	0.041733	52.948
26.04	26.04	0.041750	53.047
26.04	26.04	0.041767	53.150
26.04	26.04	0.041783	53.247
26.04	26.04	0.041800	53.347
26.04	26.04	0.041817	53.449
26.04	26.05	0.041833	53.547
26.04	26.05	0.041850	53.647
26.04	26.05	0.041867	53.749
26.04	26.05	0.041883	53.848
26.04	26.05	0.041900	53.947
26.04	26.05	0.041917	54.049
26.04	26.05	0.041933	54.147
26.06	26.05	0.041950	54.247
26.06	26.05	0.041967	54.349
26.06	26.05	0.041983	54.447
26.06	26.05	0.042000	54.548
26.06	26.05	0.042017	54.649
26.06	26.05	0.042033	54.747
26.06	26.06	0.042050	54.847
26.06	26.06	0.042067	54.949
26.06	26.06	0.042083	55.047
26.06	26.06	0.042100	55.147
26.06	26.06	0.042116	55.248
26.06	26.06	0.042133	55.348
26.06	26.06	0.042150	55.448
26.06	26.06	0.042166	55.549
26.06	26.06	0.042183	55.648
26.06	26.06	0.042200	55.748
26.06	26.06	0.042216	55.848
26.06	26.06	0.042233	55.948
26.06	26.06	0.042250	56.049
26.06	26.07	0.042266	56.149
26.06	26.07	0.042283	56.249
26.09	26.07	0.042300	56.348
26.09	26.07	0.042316	56.449
26.09	26.07	0.042333	56.548
26.09	26.07	0.042350	56.648
26.09	26.07	0.042366	56.748
26.09	26.07	0.042383	56.847
26.09	26.07	0.042400	56.971
26.09	26.07	0.042416	57.048
26.09	26.07	0.042433	57.176
26.09	26.07	0.042450	57.270
26.09	26.07	0.042466	57.349
26.06	26.08	0.042483	57.474
26.06	26.08	0.042500	57.569
26.06	26.08	0.042516	57.649
26.06	26.08	0.042533	57.773
26.06	26.08	0.042550	57.868
26.06	26.08	0.042566	57.972
26.06	26.08	0.042583	58.073
26.06	26.08	0.042600	58.166
26.06	26.08	0.042616	58.272
26.06	26.08	0.042633	58.371
26.09	26.08	0.042650	58.466
26.09	26.08	0.042666	58.570
26.09	26.08	0.042683	58.670
26.09	26.08	0.042700	58.765
26.09	26.09	0.042716	58.869
26.09	26.09	0.042733	58.969
26.09	26.09	0.042750	59.063
26.09	26.09	0.042766	59.168
26.09	26.09	0.042783	59.262
26.09	26.09	0.042800	59.362
26.09	26.09	0.042816	59.467
26.09	26.09	0.042833	59.561
26.09	26.09	0.042850	59.661
26.09	26.09	0.042866	59.765
26.09	26.09	0.042883	59.860
26.09	26.09	0.042900	59.959
26.09	26.09	0.042916	00.064
26.09	26.10	0.042933	00.158
26.09	26.10	0.042949	00.258
26.09	26.10	0.042966	00.364
26.09	26.10	0.042983	00.457
26.12	26.10	0.042999	00.558
26.12	26.10	0.043016	00.662
26.12	26.10	0.043033	00.757
26.12	26.10	0.043049	00.856
26.12	26.10	0.043066	00.961
26.12	26.10	0.043083	01.056
26.12	26.10	0.043099	01.155
26.12	26.10	0.043116	01.260
26.12	26.10	0.043133	01.354
26.09	26.11	0.043149	01.453
26.09	26.11	0.043166	01.558
26.09	26.11	0.043183	01.652
26.09	26.11	0.043199	01.752
26.09	26.11	0.043216	01.857
26.09	26.11	0.043233	01.952
26.09	26.11	0.043249	02.052
26.09	26.11	0.043266	02.156
26.09	26.11	0.043283	02.250
26.09	26.11	0.043299	02.352
26.09	26.11	0.043316	02.454
26.12	26.11	0.043333	02.549
26.12	26.11	0.043349	02.652
26.12	26.12	0.043366	02.753
26.12	26.12	0.043383	02.848
26.12	26.12	0.043399	02.952
26.12	26.12	0.043416	03.052
26.12	26.12	0.043433	03.148
26.12	26.12	0.043449	03.252
26.12	26.12	0.043466	03.351
26.12	26.12	0.043483	03.448
26.12	26.12	0.043499	03.551
26.12	26.12	0.043516	03.650
26.12	26.12	0.043533	03.748
26.12	26.12	0.043549	03.849
26.12	26.12	0.043566	03.949
26.12	26.13	0.043583	04.048
26.12	26.13	0.043599	04.148
26.14	26.13	0.043616	04.249
26.14	26.13	0.043633	04.348
26.14	26.13	0.043649	04.449
26.14	26.13	0.043666	04.548
26.14	26.13	0.043683	04.648
26.14	26.13	0.043699	04.748
26.14	26.13	0.043716	04.848
26.14	26.13	0.043733	04.948
26.14	26.13	0.043749	05.048
26.14	26.13	0.043766	05.149
26.14	26.13	0.043782	05.248
26.14	26.14	0.043799	05.348
26.14	26.14	0.043816	05.448
26.14	26.14	0.043832	05.548
26.14	26.14	0.043849	05.648
26.14	26.14	0.043866	05.748
26.14	26.14	0.043882	05.848
26.14	26.14	0.043899	05.948
26.14	26.14	0.043916	06.049
26.14	26.14	0.043932	06.148
26.14	26.14	0.043949	06.248
26.14	26.14	0.043966	06.348
26.14	26.14	0.043982	06.448
26.14	26.14	0.043999	06.548
26.14	26.15	0.044016	06.648
26.14	26.15	0.044032	06.749
26.14	26.15	0.044049	06.848
26.14	26.15	0.044066	06.948
26.14	26.15	0.044082	07.048
26.14	26.15	0.044099	07.148
26.14	26.15	0.044116	07.248
26.14	26.15	0.044132	07.348
26.14	26.15	0.044149	07.448
26.14	26.15	0.044166	07.548
26.14	26.15	0.044182	07.649
26.14	26.15	0.044199	07.748
26.14	26.15	0.044216	07.848
26.14	26.16	0.044232	07.948
26.14	26.16	0.044249	08.048
26.14	26.16	0.044266	08.148
26.14	26.16	0.044282	08.248
26.14	26.16	0.044299	08.349
26.17	26.16	0.044316	08.448
26.17	26.16	0.044332	08.548
26.17	26.16	0.044349	08.648
26.17	26.16	0.044366	08.748
26.17	26.16	0.044382	08.848
26.17	26.16	0.044399	08.948
26.17	26.16	0.044416	09.048
26.17	26.16	0.044432	09.148
26.17	26.17	0.044449	09.272
26.17	26.17	0.044466	09.372
26.17	26.17	0.044482	09.477
26.17	26.17	0.044499	09.571
26.17	26.17	0.044516	09.671
26.17	26.17	0.044532	09.775
26.17	26.17	0.044549	09.870
26.17	26.17	0.044566	09.970
26.17	26.17	0.044582	10.075
26.17	26.17	0.044599	10.170
26.17	26.17	0.044615	10.270
26.17	26.17	0.044632	10.374
26.17	26.17	0.044649	10.468
26.17	26.18	0.044665	10.571
26.17	26.18	0.044682	10.672
26.17	26.18	0.044699	10.767
26.17	26.18	0.044715	10.870
26.17	26.18	0.044732	10.971
26.17	26.18	0.044749	11.066
26.17	26.18	0.044765	11.170
26.17	26.18	0.044782	11.270
26.17	26.18	0.044799	11.364
26.17	26.18	0.044815	11.469
26.17	26.18	0.044832	11.568
26.17	26.18	0.044849	11.663
26.19	26.18	0.044865	11.768
26.19	26.19	0.044882	11.867
26.19	26.19	0.044899	11.962
26.19	26.19	0.044915	12.066
26.19	26.19	0.044932	12.166
26.19	26.19	0.044949	12.260
26.19	26.19	0.044965	12.365
26.19	26.19	0.044982	12.459
26.19	26.19	0.044999	12.560
26.19	26.19	0.045015	12.665
26.19	26.19	0.045032	12.758
26.19	26.19	0.045049	12.859
26.19	26.19	0.045065	12.963
26.19	26.19	0.045082	13.058
26.19	26.20	0.045099	13.157
26.19	26.20	0.045115	13.262
26.19	26.20	0.045132	13.357
26.19	26.20	0.045149	13.456
26.19	26.20	0.045165	13.561
26.19	26.20	0.045182	13.655
26.19	26.20	0.045199	13.755
26.19	26.20	0.045215	13.859
26.22	26.20	0.045232	13.954
26.22	26.20	0.045249	14.053
26.22	26.20	0.045265	14.158
26.22	26.20	0.045282	14.253
26.22	26.20	0.045299	14.352
26.22	26.21	0.045315	14.457
26.22	26.21	0.045332	14.551
26.22	26.21	0.045349	14.651
26.22	26.21	0.045365	14.755
26.22	26.21	0.045382	14.850
26.22	26.21	0.045399	14.951
26.22	26.21	0.045415	15.055
26.22	26.21	0.045432	15.150
26.22	26.21	0.045448	15.250
26.22	26.21	0.045465	15.353
26.22	26.21	0.045482	15.451
26.22	26.21	0.045498	15.551
26.22	26.21	0.045515	15.652
26.19	26.22	0.045532	15.752
26.19	26.22	0.045548	15.851
26.19	26.22	0.045565	15.952
26.19	26.22	0.045582	16.051
26.19	26.22	0.045598	16.151
26.19	26.22	0.045615	16.251
26.19	26.22	0.045632	16.351
26.22	26.22	0.045648	16.451
26.22	26.22	0.045665	16.551
26.22	26.22	0.045682	16.652
26.22	26.22	0.045698	16.751
26.22	26.22	0.045715	16.851
26.22	26.22	0.045732	16.951
26.22	26.23	0.045748	17.051
26.22	26.23	0.045765	17.151
26.22	26.23	0.045782	17.251
26.22	26.23	0.045798	17.352
26.22	26.23	0.045815	17.451
26.24	26.23	0.045832	17.552
26.24	26.23	0.045848	17.651
26.24	26.23	0.045865	17.751
26.24	26.23	0.045882	17.851
26.24	26.23	0.045898	17.951
26.24	26.23	0.045915	18.051
26.24	26.23	0.045932	18.151
26.24	26.23	0.045948	18.252
26.24	26.24	0.045965	18.351
26.24	26.24	0.045982	18.451
26.24	26.24	0.045998	18.551
26.24	26.24	0.046015	18.651
26.24	26.24	0.046032	18.751
26.24	26.24	0.046048	18.851
26.24	26.24	0.046065	18.951
26.24	26.24	0.046082	19.051
26.24	26.24	0.046098	19.152
26.24	26.24	0.046115	19.251
26.24	26.24	0.046132	19.351
26.24	26.24	0.046148	19.451
26.24	26.24	0.046165	19.551
26.24	26.25	0.046182	19.651
26.24	26.25	0.046198	19.751
26.24	26.25	0.046215	19.852
26.24	26.25	0.046232	19.951
26.24	26.25	0.046248	20.051
26.24	26.25	0.046265	20.151
26.24	26.25	0.046281	20.251
26.24	26.25	0.046298	20.351
26.24	26.25	0.046315	20.451
26.24	26.25	0.046331	20.551
26.24	26.25	0.046348	20.651
26.27	26.25	0.046365	20.752
26.27	26.25	0.046381	20.851
26.27	26.26	0.046398	20.951
26.27	26.26	0.046415	21.051
26.27	26.26	0.046431	21.151
26.27	26.26	0.046448	21.275
26.27	26.26	0.046465	21.375
26.27	26.26	0.046481	21.479
26.27	26.26	0.046498	21.574
26.27	26.26	0.046515	21.674
26.27	26.26	0.046531	21.778
26.27	26.26	0.046548	21.873
26.27	26.26	0.046565	21.972
26.27	26.26	0.046581	22.077
26.27	26.26	0.046598	22.171
26.27	26.27	0.046615	22.271
26.27	26.27	0.046631	22.375
26.24	26.27	0.046648	22.470
26.24	26.27	0.046665	22.570
26.24	26.27	0.046681	22.674
26.24	26.27	0.046698	22.769
26.24	26.27	0.046715	22.868
26.24	26.27	0.046731	22.973
26.27	26.27	0.046748	23.067
26.27	26.27	0.046765	23.168
26.27	26.27	0.046781	23.272
26.27	26.27	0.046798	23.366
26.27	26.27	0.046815	23.468
26.27	26.28	0.046831	23.571
26.27	26.28	0.046848	23.666
26.27	26.28	0.046865	23.768
26.27	26.28	0.046881	23.870
26.27	26.28	0.046898	23.964
26.27	26.28	0.046915	24.068
26.29	26.28	0.046931	24.169
26.29	26.28	0.046948	24.263
26.29	26.28	0.046965	24.368
26.29	26.28	0.046981	24.467
26.29	26.28	0.046998	24.562
26.29	26.28	0.047015	24.666
26.29	26.28	0.047031	24.766
26.29	26.29	0.047048	24.861
26.29	26.29	0.047065	24.965
26.29	26.29	0.047081	25.065
26.29	26.29	0.047098	25.159
26.29	26.29	0.047114	25.264
26.29	26.29	0.047131	25.363
26.29	26.29	0.047148	25.458
26.29	26.29	0.047164	25.562
26.29	26.29	0.047181	25.657
26.29	26.29	0.047198	25.757
26.29	26.29	0.047214	25.861
26.29	26.29	0.047231	25.956
26.29	26.29	0.047248	26.056
26.29	26.30	0.047264	26.161
26.29	26.30	0.047281	26.255
26.29	26.30	0.047298	26.355
26.29	26.30	0.047314	26.459
26.29	26.30	0.047331	26.554
26.29	26.30	0.047348	26.653
26.29	26.30	0.047364	26.758
26.32	26.30	0.047381	26.852
26.32	26.30	0.047398	26.952
26.32	26.30	0.047414	27.056
26.32	26.30	0.047431	27.151
26.32	26.30	0.047448	27.252
26.32	26.30	0.047464	27.356
26.32	26.30	0.047481	27.451
26.32	26.31	0.047498	27.551
26.32	26.31	0.047514	27.655
26.32	26.31	0.047531	27.751
26.29	26.31	0.047548	27.851
26.29	26.31	0.047564	27.954
26.29	26.31	0.047581	28.051
26.29	26.31	0.047598	28.151
26.29	26.31	0.047614	28.252
26.29	26.31	0.047631	28.351
26.29	26.31	0.047648	28.451
26.29	26.31	0.047664	28.551
26.29	26.31	0.047681	28.651
26.32	26.31	0.047698	28.751
26.32	26.32	0.047714	28.852
26.32	26.32	0.047731	28.951
26.32	26.32	0.047748	29.051
26.32	26.32	0.047764	29.151
26.32	26.32	0.047781	29.251
26.32	26.32	0.047798	29.351
26.32	26.32	0.047814	29.451
26.32	26.32	0.047831	29.552
26.32	26.32	0.047848	29.651
26.32	26.32	0.047864	29.752
26.32	26.32	0.047881	29.851
26.32	26.32	0.047898	29.951
26.32	26.32	0.047914	30.051
26.32	26.33	0.047931	30.151
26.32	26.33	0.047947	30.251
26.32	26.33	0.047964	30.351
26.32	26.33	0.047981	30.452
26.32	26.33	0.047997	30.551
26.35	26.33	0.048014	30.651
26.35	26.33	0.048031	30.751
26.35	26.33	0.048047	30.851
26.35	26.33	0.048064	30.951
26.35	26.33	0.048081	31.051
26.35	26.33	0.048097	31.151
26.35	26.33	0.048114	31.251
26.35	26.33	0.048131	31.352
26.35	26.34	0.048147	31.451
26.35	26.34	0.048164	31.551
26.35	26.34	0.048181	31.651
26.32	26.34	0.048197	31.751
26.32	26.34	0.048214	31.851
26.32	26.34	0.048231	31.951
26.32	26.34	0.048247	32.052
26.32	26.34	0.048264	32.151
26.32	26.34	0.048281	32.251
26.32	26.34	0.048297	32.351
26.32	26.34	0.048314	32.451
26.35	26.34	0.048331	32.551
26.35	26.34	0.048347	32.651
26.35	26.35	0.048364	32.751
26.35	26.35	0.048381	32.851
26.35	26.35	0.048397	32.952
26.35	26.35	0.048414	33.052
26.35	26.35	0.048431	33.152
26.35	26.35	0.048447	33.252
26.35	26.35	0.048464	33.352
26.35	26.35	0.048481	33.451
26.35	26.35	0.048497	33.551
26.35	26.35	0.048514	33.675
26.35	26.35	0.048531	33.780
26.35	26.35	0.048547	33.875
26.35	26.35	0.048564	33.975
26.35	26.36	0.048581	34.079
26.35	26.36	0.048597	34.174
26.35	26.36	0.048614	34.273
26.35	26.36	0.048631	34.378
26.35	26.36	0.048647	34.472
26.35	26.36	0.048664	34.572
26.35	26.36	0.048681	34.677
26.37	26.36	0.048697	34.771
26.37	26.36	0.048714	34.871
26.37	26.36	0.048731	34.975
26.37	26.36	0.048747	35.070
26.37	26.36	0.048764	35.169
26.37	26.36	0.048780	35.274
26.37	26.37	0.048797	35.369
26.37	26.37	0.048814	35.469
26.37	26.37	0.048830	35.573
26.37	26.37	0.048847	35.668
26.37	26.37	0.048864	35.767
26.37	26.37	0.048880	35.872
26.37	26.37	0.048897	35.966
26.37	26.37	0.048914	36.066
26.37	26.37	0.048930	36.170
26.37	26.37	0.048947	36.265
26.37	26.37	0.048964	36.366
26.37	26.37	0.048980	36.469
26.37	26.37	0.048997	36.564
26.37	26.38	0.049014	36.665
26.37	26.38	0.049030	36.768
26.37	26.38	0.049047	36.862
26.37	26.38	0.049064	36.965
26.37	26.38	0.049080	37.067
26.37	26.38	0.049097	37.161
26.37	26.38	0.049114	37.265
26.37	26.38	0.049130	37.365
26.37	26.38	0.049147	37.461
26.37	26.38	0.049164	37.565
26.37	26.38	0.049180	37.665
26.37	26.38	0.049197	37.760
26.37	26.38	0.049214	37.864
26.37	26.39	0.049230	37.964
26.37	26.39	0.049247	38.058
26.37	26.39	0.049264	38.163
26.40	26.39	0.049280	38.262
26.40	26.39	0.049297	38.357
26.40	26.39	0.049314	38.462
26.40	26.39	0.049330	38.561
26.40	26.39	0.049347	38.656
26.40	26.39	0.049364	38.760
26.40	26.39	0.049380	38.855
26.40	26.39	0.049397	38.954
26.40	26.39	0.049414	39.059
26.40	26.39	0.049430	39.153
26.40	26.40	0.049447	39.253
26.40	26.40	0.049464	39.358
26.40	26.40	0.049480	39.452
26.40	26.40	0.049497	39.552
26.40	26.40	0.049514	39.656
26.40	26.40	0.049530	39.752
26.40	26.40	0.049547	39.852
26.40	26.40	0.049564	39.956
26.40	26.40	0.049580	40.052
26.40	26.40	0.049597	40.152
26.40	26.40	0.049613	40.255
26.40	26.40	0.049630	40.352
26.40	26.40	0.049647	40.452
26.40	26.41	0.049663	40.553
26.40	26.41	0.049680	40.652
26.40	26.41	0.049697	40.752
26.40	26.41	0.049713	40.852
26.40	26.41	0.049730	40.953
26.40	26.41	0.049747	41.052
26.40	26.41	0.049763	41.152
26.40	26.41	0.049780	41.252
26.42	26.41	0.049797	41.352
26.42	26.41	0.049813	41.452
26.42	26.41	0.049830	41.552
26.42	26.41	0.049847	41.652
26.42	26.41	0.049863	41.752
26.42	26.42	0.049880	41.853
26.42	26.42	0.049897	41.952
26.42	26.42	0.049913	42.052
26.42	26.42	0.049930	42.153
26.42	26.42	0.049947	42.253
26.42	26.42	0.049963	42.353
26.42	26.42	0.049980	42.453
26.42	26.42	0.049997	42.554
26.42	26.42	0.050013	42.653
26.42	26.42	0.050030	42.754
26.42	26.42	0.050047	42.853
26.42	26.42	0.050063	42.953
26.42	26.42	0.050080	43.053
26.42	26.43	0.050097	43.153
26.42	26.43	0.050113	43.253
26.42	26.43	0.050130	43.354
26.42	26.43	0.050147	43.453
26.42	26.43	0.050163	43.553
26.42	26.43	0.050180	43.653
26.42	26.43	0.050197	43.753
26.42	26.43	0.050213	43.853
26.42	26.43	0.050230	43.953
26.42	26.43	0.050247	44.053
26.42	26.43	0.050263	44.153
26.42	26.43	0.050280	44.254
26.42	26.43	0.050297	44.353
26.45	26.44	0.050313	44.453
26.45	26.44	0.050330	44.553
26.45	26.44	0.050347	44.653
26.45	26.44	0.050363	44.753
26.45	26.44	0.050380	44.853
26.45	26.44	0.050397	44.954
26.45	26.44	0.050413	45.053
26.45	26.44	0.050430	45.154
26.45	26.44	0.050446	45.253
26.45	26.44	0.050463	45.353
26.45	26.44	0.050480	45.453
26.45	26.44	0.050496	45.553
26.45	26.44	0.050513	45.653
26.45	26.45	0.050530	45.753
26.45	26.45	0.050546	45.882
26.45	26.45	0.050563	45.977
26.45	26.45	0.050580	46.082
26.45	26.45	0.050596	46.181
26.45	26.45	0.050613	46.276
26.45	26.45	0.050630	46.380
26.45	26.45	0.050646	46.480
26.45	26.45	0.050663	46.574
26.45	26.45	0.050680	46.679
26.45	26.45	0.050696	46.774
26.45	26.45	0.050713	46.873
26.45	26.45	0.050730	46.978
26.45	26.46	0.050746	47.072
26.45	26.46	0.050763	47.172
26.45	26.46	0.050780	47.276
26.45	26.46	0.050796	47.371
26.45	26.46	0.050813	47.471
26.45	26.46	0.050830	47.575
26.45	26.46	0.050846	47.670
26.45	26.46	0.050863	47.769
26.45	26.46	0.050880	47.874
26.45	26.46	0.050896	47.968
26.45	26.46	0.050913	48.068
26.45	26.46	0.050930	48.172
26.45	26.46	0.050946	48.267
26.47	26.47	0.050963	48.368
26.47	26.47	0.050980	48.472
26.47	26.47	0.050996	48.567
26.47	26.47	0.051013	48.666
26.47	26.47	0.051030	48.771
26.47	26.47	0.051046	48.865
26.47	26.47	0.051063	48.965
26.47	26.47	0.051080	49.069
26.47	26.47	0.051096	49.164
26.47	26.47	0.051113	49.264
26.47	26.47	0.051130	49.368
26.47	26.47	0.051146	49.463
26.47	26.47	0.051163	49.563
26.47	26.48	0.051180	49.667
26.47	26.48	0.051196	49.761
26.47	26.48	0.051213	49.863
26.47	26.48	0.051230	49.966
26.47	26.48	0.051246	50.060
26.47	26.48	0.051263	50.163
26.47	26.48	0.051279	50.264
26.47	26.48	0.051296	50.359
26.50	26.48	0.051313	50.462
26.50	26.48	0.051329	50.564
26.50	26.48	0.051346	50.658
26.50	26.48	0.051363	50.763
26.50	26.48	0.051379	50.863
26.50	26.49	0.051396	50.957
26.50	26.49	0.051413	51.062
26.50	26.49	0.051429	51.161
26.50	26.49	0.051446	51.256
26.50	26.49	0.051463	51.360
26.50	26.49	0.051479	51.460
26.50	26.49	0.051496	51.556
26.50	26.49	0.051513	51.659
26.50	26.49	0.051529	51.759
26.50	26.49	0.051546	51.855
26.50	26.49	0.051563	51.958
26.47	26.49	0.051579	52.058
26.47	26.49	0.051596	52.155
26.47	26.50	0.051613	52.256
26.47	26.50	0.051629	52.358
26.47	26.50	0.051646	52.456
26.47	26.50	0.051663	52.555
26.47	26.50	0.051679	52.658
26.47	26.50	0.051696	52.755
26.50	26.50	0.051713	52.855
26.50	26.50	0.051729	52.958
