100.00	0.00	7.23	30.00	150.00	2.70	97.30	3.00	

20.00	25.50	0.000000	26.317
20.00	25.50	0.000017	26.422
19.98	25.50	0.000033	26.517
20.18	25.50	0.000050	26.616
20.42	25.50	0.000067	26.721
21.03	25.50	0.000083	26.815
23.13	25.50	0.000100	26.915
23.34	25.50	0.000117	27.019
23.90	25.50	0.000133	27.114
24.52	25.50	0.000150	27.213
24.77	25.50	0.000167	27.318
25.26	25.50	0.000183	27.413
25.57	25.50	0.000200	27.513
25.70	25.50	0.000217	27.618
25.80	25.50	0.000233	27.711
25.80	25.50	0.000250	27.811
25.77	25.50	0.000267	27.916
25.65	25.50	0.000283	28.011
25.52	25.50	0.000300	28.111
25.47	25.50	0.000317	28.215
25.39	25.50	0.000333	28.309
25.39	25.50	0.000350	28.410
25.39	25.50	0.000367	28.513
25.44	25.50	0.000383	28.608
25.57	25.50	0.000400	28.711
25.65	25.50	0.000416	28.813
25.83	25.50	0.000433	28.907
26.03	25.50	0.000450	29.011
26.11	25.50	0.000466	29.111
26.26	25.50	0.000483	29.206
26.31	25.50	0.000500	29.310
26.42	25.50	0.000516	29.410
26.42	25.50	0.000533	29.505
26.42	25.50	0.000550	29.609
26.42	25.50	0.000566	29.709
26.42	25.50	0.000583	29.803
26.42	25.50	0.000600	29.908
26.31	25.50	0.000616	30.007
26.26	25.50	0.000633	30.102
26.24	25.50	0.000650	30.206
26.24	25.50	0.000666	30.305
26.21	25.50	0.000683	30.400
26.21	25.50	0.000700	30.506
26.21	25.50	0.000716	30.600
26.18	25.50	0.000733	30.701
26.18	25.50	0.000750	30.804
26.18	25.50	0.000766	30.906
26.18	25.50	0.000783	31.000
26.18	25.50	0.000800	31.103
26.18	25.50	0.000816	31.201
26.18	25.50	0.000833	31.300
26.18	25.50	0.000850	31.402
26.18	25.50	0.000866	31.500
26.18	25.50	0.000883	31.601
26.18	25.50	0.000900	31.700
26.18	25.50	0.000916	31.805
26.18	25.50	0.000933	31.900
26.18	25.50	0.000950	32.001
26.18	25.50	0.000966	32.101
26.16	25.50	0.000983	32.200
26.16	25.50	0.001000	32.301
26.11	25.50	0.001016	32.400
26.06	25.50	0.001033	32.501
26.03	25.50	0.001050	32.600
25.98	25.50	0.001066	32.705
25.98	25.50	0.001083	32.800
25.98	25.50	0.001100	32.900
25.95	25.50	0.001116	33.006
25.95	25.50	0.001133	33.100
25.93	25.50	0.001150	33.201
25.93	25.50	0.001166	33.300
25.90	25.50	0.001183	33.401
25.90	25.50	0.001200	33.500
25.90	25.50	0.001216	33.605
25.88	25.50	0.001233	33.701
25.85	25.50	0.001250	33.800
25.83	25.50	0.001266	33.905
25.83	25.50	0.001283	34.000
25.83	25.50	0.001299	34.101
25.80	25.50	0.001316	34.204
25.77	25.50	0.001333	34.301
25.77	25.50	0.001349	34.401
25.77	25.50	0.001366	34.500
25.77	25.50	0.001383	34.601
25.75	25.50	0.001399	34.700
25.75	25.50	0.001416	34.805
25.72	25.50	0.001433	34.900
25.72	25.50	0.001449	35.001
25.70	25.50	0.001466	35.105
25.70	25.50	0.001483	35.200
25.70	25.50	0.001499	35.301
25.67	25.50	0.001516	35.405
25.67	25.50	0.001533	35.501
25.65	25.50	0.001549	35.600
25.65	25.50	0.001566	35.705
25.65	25.50	0.001583	35.800
25.62	25.50	0.001599	35.901
25.62	25.50	0.001616	36.005
25.59	25.50	0.001633	36.100
25.59	25.50	0.001649	36.201
25.59	25.50	0.001666	36.304
25.57	25.50	0.001683	36.401
25.57	25.50	0.001699	36.500
25.57	25.50	0.001716	36.605
25.57	25.50	0.001733	36.699
25.57	25.50	0.001749	36.799
25.54	25.50	0.001766	36.928
25.54	25.50	0.001783	37.028
25.54	25.50	0.001799	37.123
25.54	25.50	0.001816	37.227
25.54	25.50	0.001833	37.327
25.54	25.50	0.001849	37.421
25.54	25.50	0.001866	37.526
25.54	25.50	0.001883	37.625
25.54	25.50	0.001899	37.720
25.54	25.50	0.001916	37.825
25.54	25.50	0.001933	37.925
25.54	25.50	0.001949	38.020
25.54	25.50	0.001966	38.124
25.54	25.50	0.001983	38.218
25.52	25.50	0.001999	38.318
25.52	25.50	0.002016	38.423
25.52	25.50	0.002033	38.518
25.52	25.50	0.002049	38.617
25.52	25.50	0.002066	38.722
25.52	25.50	0.002082	38.816
25.52	25.50	0.002099	38.916
25.52	25.50	0.002116	39.020
25.52	25.50	0.002132	39.115
25.52	25.50	0.002149	39.214
25.52	25.50	0.002166	39.319
25.52	25.50	0.002182	39.414
25.52	25.50	0.002199	39.513
25.52	25.50	0.002216	39.618
25.52	25.50	0.002232	39.712
25.52	25.50	0.002249	39.812
25.52	25.50	0.002266	39.916
25.49	25.50	0.002282	40.011
25.49	25.50	0.002299	40.111
25.49	25.50	0.002316	40.215
25.49	25.50	0.002332	40.310
25.49	25.50	0.002349	40.409
25.49	25.50	0.002366	40.514
25.49	25.50	0.002382	40.608
25.49	25.50	0.002399	40.708
25.49	25.50	0.002416	40.812
25.49	25.50	0.002432	40.907
25.52	25.50	0.002449	41.009
25.52	25.50	0.002466	41.111
25.52	25.50	0.002482	41.206
25.52	25.50	0.002499	41.308
25.52	25.50	0.002516	41.410
25.52	25.50	0.002532	41.504
25.52	25.50	0.002549	41.608
25.52	25.50	0.002566	41.708
25.52	25.50	0.002582	41.803
25.52	25.50	0.002599	41.908
25.52	25.50	0.002616	42.008
25.52	25.50	0.002632	42.102
25.52	25.50	0.002649	42.207
25.52	25.50	0.002666	42.306
25.52	25.50	0.002682	42.403
25.49	25.50	0.002699	42.506
25.49	25.50	0.002716	42.605
25.49	25.50	0.002732	42.703
25.49	25.50	0.002749	42.804
25.49	25.50	0.002766	42.904
25.49	25.50	0.002782	43.002
25.49	25.50	0.002799	43.103
25.49	25.50	0.002816	43.203
25.49	25.50	0.002832	43.303
25.49	25.50	0.002849	43.403
25.49	25.50	0.002866	43.503
25.49	25.50	0.002882	43.603
25.49	25.50	0.002899	43.702
25.52	25.50	0.002915	43.804
25.52	25.50	0.002932	43.902
25.52	25.50	0.002949	44.003
25.52	25.50	0.002965	44.103
25.52	25.50	0.002982	44.202
25.52	25.50	0.002999	44.303
25.52	25.50	0.003015	44.403
25.52	25.50	0.003032	44.503
25.52	25.50	0.003049	44.602
25.52	25.50	0.003065	44.703
25.52	25.50	0.003082	44.802
25.52	25.50	0.003099	44.903
25.52	25.50	0.003115	45.004
25.52	25.50	0.003132	45.103
25.52	25.50	0.003149	45.203
25.49	25.50	0.003165	45.304
25.49	25.50	0.003182	45.403
25.49	25.50	0.003199	45.504
25.49	25.50	0.003215	45.603
25.49	25.50	0.003232	45.704
25.49	25.50	0.003249	45.804
25.49	25.50	0.003265	45.903
25.49	25.50	0.003282	46.004
25.49	25.50	0.003299	46.103
25.49	25.50	0.003315	46.204
25.49	25.50	0.003332	46.303
25.49	25.50	0.003349	46.404
25.49	25.50	0.003365	46.504
25.49	25.50	0.003382	46.603
25.49	25.50	0.003399	46.704
25.49	25.50	0.003415	46.803
25.52	25.50	0.003432	46.905
25.52	25.50	0.003449	47.004
25.52	25.50	0.003465	47.105
25.52	25.50	0.003482	47.204
25.52	25.50	0.003499	47.305
25.52	25.50	0.003515	47.405
25.52	25.50	0.003532	47.504
25.52	25.50	0.003549	47.605
25.52	25.50	0.003565	47.704
25.52	25.50	0.003582	47.804
25.52	25.50	0.003599	47.903
25.52	25.50	0.003615	48.028
25.52	25.50	0.003632	48.132
25.52	25.50	0.003649	48.227
25.52	25.50	0.003665	48.328
25.49	25.50	0.003682	48.431
25.49	25.50	0.003699	48.526
25.49	25.50	0.003715	48.627
25.49	25.50	0.003732	48.730
25.49	25.50	0.003748	48.824
25.49	25.50	0.003765	48.927
25.49	25.50	0.003782	49.028
25.49	25.50	0.003798	49.123
25.49	25.50	0.003815	49.227
25.49	25.50	0.003832	49.327
25.49	25.50	0.003848	49.422
25.49	25.50	0.003865	49.526
25.49	25.50	0.003882	49.627
25.52	25.50	0.003898	49.721
25.52	25.50	0.003915	49.826
25.52	25.50	0.003932	49.926
25.52	25.50	0.003948	50.020
25.52	25.50	0.003965	50.125
25.52	25.50	0.003982	50.224
25.52	25.50	0.003998	50.319
25.52	25.50	0.004015	50.423
25.52	25.50	0.004032	50.523
25.52	25.50	0.004048	50.617
25.52	25.50	0.004065	50.722
25.52	25.50	0.004082	50.817
25.52	25.50	0.004098	50.916
25.49	25.50	0.004115	51.021
25.49	25.50	0.004132	51.115
25.49	25.50	0.004148	51.215
25.49	25.50	0.004165	51.319
25.49	25.50	0.004182	51.414
25.49	25.50	0.004198	51.514
25.49	25.50	0.004215	51.618
25.49	25.50	0.004232	51.713
25.49	25.50	0.004248	51.812
25.49	25.50	0.004265	51.917
25.49	25.50	0.004282	52.011
25.49	25.50	0.004298	52.111
25.49	25.50	0.004315	52.215
25.52	25.50	0.004332	52.310
25.52	25.50	0.004348	52.410
25.52	25.50	0.004365	52.514
25.52	25.50	0.004382	52.609
25.52	25.50	0.004398	52.708
25.52	25.50	0.004415	52.813
25.52	25.50	0.004432	52.907
25.52	25.50	0.004448	53.008
25.52	25.50	0.004465	53.113
25.52	25.50	0.004482	53.207
25.52	25.50	0.004498	53.307
25.52	25.50	0.004515	53.411
25.52	25.50	0.004532	53.506
25.49	25.50	0.004548	53.606
25.49	25.50	0.004565	53.709
25.49	25.50	0.004581	53.806
25.49	25.50	0.004598	53.907
25.49	25.50	0.004615	54.008
25.49	25.50	0.004631	54.106
25.49	25.50	0.004648	54.206
25.49	25.50	0.004665	54.307
25.49	25.50	0.004681	54.406
25.49	25.50	0.004698	54.506
25.49	25.50	0.004715	54.606
25.49	25.50	0.004731	54.706
25.49	25.50	0.004748	54.805
25.49	25.50	0.004765	54.906
25.49	25.50	0.004781	55.005
25.49	25.50	0.004798	55.105
25.49	25.50	0.004815	55.206
25.49	25.50	0.004831	55.305
25.52	25.50	0.004848	55.406
25.52	25.50	0.004865	55.506
25.52	25.50	0.004881	55.605
25.52	25.50	0.004898	55.706
25.52	25.50	0.004915	55.805
25.52	25.50	0.004931	55.906
25.52	25.50	0.004948	56.005
25.52	25.50	0.004965	56.105
25.52	25.50	0.004981	56.206
25.52	25.50	0.004998	56.305
25.52	25.50	0.005015	56.406
25.49	25.50	0.005031	56.505
25.49	25.50	0.005048	56.606
25.49	25.50	0.005065	56.705
25.49	25.50	0.005081	56.806
25.49	25.50	0.005098	56.905
25.49	25.50	0.005115	57.006
25.49	25.50	0.005131	57.105
25.49	25.50	0.005148	57.206
25.49	25.50	0.005165	57.305
25.49	25.50	0.005181	57.406
25.49	25.50	0.005198	57.505
25.49	25.50	0.005215	57.606
25.49	25.50	0.005231	57.705
25.49	25.50	0.005248	57.806
25.52	25.50	0.005265	57.905
25.52	25.50	0.005281	58.006
25.52	25.50	0.005298	58.105
25.52	25.50	0.005315	58.206
25.52	25.50	0.005331	58.305
25.52	25.50	0.005348	58.406
25.52	25.50	0.005365	58.505
25.52	25.50	0.005381	58.606
25.52	25.50	0.005398	58.705
25.52	25.50	0.005414	58.806
25.52	25.50	0.005431	58.905
25.52	25.50	0.005448	59.006
25.52	25.50	0.005464	59.105
25.49	25.50	0.005481	59.206
25.49	25.50	0.005498	59.305
25.49	25.50	0.005514	59.406
25.49	25.50	0.005531	59.505
25.49	25.50	0.005548	59.606
25.49	25.50	0.005564	59.705
25.49	25.50	0.005581	59.835
25.49	25.50	0.005598	59.929
25.49	25.50	0.005614	00.029
25.49	25.50	0.005631	00.133
25.49	25.50	0.005648	00.228
25.49	25.50	0.005664	00.328
25.49	25.50	0.005681	00.432
25.49	25.50	0.005698	00.527
25.49	25.50	0.005714	00.626
25.49	25.50	0.005731	00.730
25.52	25.50	0.005748	00.825
25.52	25.50	0.005764	00.926
25.52	25.50	0.005781	01.029
25.52	25.50	0.005798	01.124
25.52	25.50	0.005814	01.225
25.52	25.50	0.005831	01.328
25.52	25.50	0.005848	01.423
25.52	25.50	0.005864	01.525
25.52	25.50	0.005881	01.627
25.52	25.50	0.005898	01.722
25.52	25.50	0.005914	01.826
25.52	25.50	0.005931	01.926
25.52	25.50	0.005948	02.020
25.52	25.50	0.005964	02.125
25.49	25.50	0.005981	02.224
25.49	25.50	0.005998	02.319
25.49	25.50	0.006014	02.423
25.49	25.50	0.006031	02.523
25.49	25.50	0.006048	02.618
25.49	25.50	0.006064	02.722
25.49	25.50	0.006081	02.822
25.49	25.50	0.006098	02.916
25.49	25.50	0.006114	03.021
25.49	25.50	0.006131	03.120
25.49	25.50	0.006148	03.215
25.49	25.50	0.006164	03.320
25.49	25.50	0.006181	03.415
25.49	25.50	0.006198	03.514
25.49	25.50	0.006214	03.619
25.52	25.50	0.006231	03.713
25.52	25.50	0.006247	03.813
25.52	25.50	0.006264	03.917
25.52	25.50	0.006281	04.012
25.52	25.50	0.006297	04.112
25.52	25.50	0.006314	04.216
25.52	25.50	0.006331	04.311
25.52	25.50	0.006347	04.410
25.52	25.50	0.006364	04.515
25.52	25.50	0.006381	04.609
25.52	25.50	0.006397	04.709
25.49	25.50	0.006414	04.813
25.49	25.50	0.006431	04.908
25.49	25.50	0.006447	05.008
25.49	25.50	0.006464	05.112
25.49	25.50	0.006481	05.207
25.49	25.50	0.006497	05.306
25.49	25.50	0.006514	05.411
25.49	25.50	0.006531	05.506
25.49	25.50	0.006547	05.605
25.49	25.50	0.006564	05.710
25.49	25.50	0.006581	05.806
25.49	25.50	0.006597	05.905
25.49	25.50	0.006614	06.009
25.49	25.50	0.006631	06.105
25.49	25.50	0.006647	06.206
25.49	25.50	0.006664	06.307
25.49	25.50	0.006681	06.406
25.49	25.50	0.006697	06.505
25.52	25.50	0.006714	06.606
25.52	25.50	0.006731	06.705
25.52	25.50	0.006747	06.806
25.52	25.50	0.006764	06.905
25.52	25.50	0.006781	07.006
25.52	25.50	0.006797	07.105
25.52	25.50	0.006814	07.206
25.52	25.50	0.006831	07.305
25.52	25.50	0.006847	07.406
25.52	25.50	0.006864	07.506
25.52	25.50	0.006881	07.605
25.52	25.50	0.006897	07.706
25.52	25.50	0.006914	07.805
25.49	25.50	0.006931	07.906
25.49	25.50	0.006947	08.005
25.49	25.50	0.006964	08.106
25.49	25.50	0.006981	08.206
25.49	25.50	0.006997	08.305
25.49	25.50	0.007014	08.406
25.49	25.50	0.007031	08.505
25.49	25.50	0.007047	08.606
25.49	25.50	0.007064	08.705
25.49	25.50	0.007080	08.806
25.49	25.50	0.007097	08.905
25.49	25.50	0.007114	09.006
25.49	25.50	0.007130	09.106
25.49	25.50	0.007147	09.205
25.49	25.50	0.007164	09.306
25.49	25.50	0.007180	09.405
25.49	25.50	0.007197	09.506
25.52	25.50	0.007214	09.605
25.52	25.50	0.007230	09.706
25.52	25.50	0.007247	09.805
25.52	25.50	0.007264	09.906
25.52	25.50	0.007280	10.005
25.52	25.50	0.007297	10.106
25.52	25.50	0.007314	10.205
25.52	25.50	0.007330	10.306
25.52	25.50	0.007347	10.405
25.52	25.50	0.007364	10.506
25.52	25.50	0.007380	10.605
25.52	25.50	0.007397	10.706
25.49	25.50	0.007414	10.805
25.49	25.50	0.007430	10.906
25.49	25.50	0.007447	11.005
25.49	25.50	0.007464	11.106
25.49	25.50	0.007480	11.205
25.49	25.50	0.007497	11.306
25.49	25.50	0.007514	11.405
25.49	25.50	0.007530	11.506
25.49	25.50	0.007547	11.605
25.49	25.50	0.007564	11.706
25.49	25.50	0.007580	11.835
25.49	25.50	0.007597	11.905
25.49	25.50	0.007614	12.029
25.49	25.50	0.007630	12.134
25.49	25.50	0.007647	12.228
25.49	25.50	0.007664	12.327
25.49	25.50	0.007680	12.432
25.49	25.50	0.007697	12.528
25.49	25.50	0.007714	12.627
25.49	25.50	0.007730	12.732
25.52	25.50	0.007747	12.826
25.52	25.50	0.007764	12.926
25.52	25.50	0.007780	13.030
25.52	25.50	0.007797	13.125
25.52	25.50	0.007814	13.224
25.52	25.50	0.007830	13.329
25.52	25.50	0.007847	13.424
25.52	25.50	0.007864	13.523
25.52	25.50	0.007880	13.628
25.52	25.50	0.007897	13.722
25.52	25.50	0.007913	13.823
25.52	25.50	0.007930	13.926
25.49	25.50	0.007947	14.021
25.49	25.50	0.007963	14.123
25.49	25.50	0.007980	14.225
25.49	25.50	0.007997	14.320
25.49	25.50	0.008013	14.423
25.49	25.50	0.008030	14.524
25.49	25.50	0.008047	14.618
25.49	25.50	0.008063	14.723
25.49	25.50	0.008080	14.822
25.49	25.50	0.008097	14.917
25.49	25.50	0.008113	15.022
25.49	25.50	0.008130	15.121
25.49	25.50	0.008147	15.216
25.49	25.50	0.008163	15.320
25.49	25.50	0.008180	15.420
25.49	25.50	0.008197	15.514
25.49	25.50	0.008213	15.619
25.52	25.50	0.008230	15.718
25.52	25.50	0.008247	15.814
25.52	25.50	0.008263	15.919
25.52	25.50	0.008280	16.013
25.52	25.50	0.008297	16.113
25.52	25.50	0.008313	16.217
25.52	25.50	0.008330	16.312
25.52	25.50	0.008347	16.411
25.52	25.50	0.008363	16.516
25.52	25.50	0.008380	16.611
25.52	25.50	0.008397	16.710
25.52	25.50	0.008413	16.815
25.52	25.50	0.008430	16.909
25.49	25.50	0.008447	17.009
25.49	25.50	0.008463	17.113
25.49	25.50	0.008480	17.208
25.49	25.50	0.008497	17.307
25.49	25.50	0.008513	17.412
25.49	25.50	0.008530	17.507
25.49	25.50	0.008547	17.606
25.49	25.50	0.008563	17.711
25.49	25.50	0.008580	17.805
25.49	25.50	0.008597	17.906
25.49	25.50	0.008613	18.009
25.49	25.50	0.008630	18.106
25.49	25.50	0.008647	18.206
25.49	25.50	0.008663	18.308
25.49	25.50	0.008680	18.406
25.49	25.50	0.008697	18.505
25.49	25.50	0.008713	18.607
25.49	25.50	0.008730	18.705
25.52	25.50	0.008746	18.806
25.52	25.50	0.008763	18.905
25.52	25.50	0.008780	19.006
25.52	25.50	0.008796	19.105
25.52	25.50	0.008813	19.206
25.52	25.50	0.008830	19.305
25.52	25.50	0.008846	19.406
25.52	25.50	0.008863	19.505
25.52	25.50	0.008880	19.606
25.52	25.50	0.008896	19.705
25.52	25.50	0.008913	19.806
25.49	25.50	0.008930	19.906
25.49	25.50	0.008946	20.005
25.49	25.50	0.008963	20.106
25.49	25.50	0.008980	20.205
25.49	25.50	0.008996	20.306
25.49	25.50	0.009013	20.405
25.49	25.50	0.009030	20.506
25.49	25.50	0.009046	20.605
25.49	25.50	0.009063	20.706
25.49	25.50	0.009080	20.805
25.49	25.50	0.009096	20.906
25.49	25.50	0.009113	21.005
25.49	25.50	0.009130	21.106
25.49	25.50	0.009146	21.205
25.49	25.50	0.009163	21.306
25.49	25.50	0.009180	21.405
25.49	25.50	0.009196	21.506
25.52	25.50	0.009213	21.605
25.52	25.50	0.009230	21.705
25.52	25.50	0.009246	21.806
25.52	25.50	0.009263	21.905
25.52	25.50	0.009280	22.006
25.52	25.50	0.009296	22.105
25.52	25.50	0.009313	22.206
25.52	25.50	0.009330	22.306
25.52	25.50	0.009346	22.405
25.52	25.50	0.009363	22.506
25.52	25.50	0.009380	22.605
25.49	25.50	0.009396	22.706
25.49	25.50	0.009413	22.805
25.49	25.50	0.009430	22.906
25.49	25.50	0.009446	23.005
25.49	25.50	0.009463	23.106
25.49	25.50	0.009480	23.205
25.49	25.50	0.009496	23.306
25.49	25.50	0.009513	23.405
25.49	25.50	0.009530	23.506
25.49	25.50	0.009546	23.605
25.49	25.50	0.009563	23.706
25.49	25.50	0.009579	23.805
25.49	25.50	0.009596	23.930
25.49	25.50	0.009613	24.029
25.49	25.50	0.009629	24.134
25.49	25.50	0.009646	24.229
25.52	25.50	0.009663	24.328
25.52	25.50	0.009679	24.433
25.52	25.50	0.009696	24.527
25.52	25.50	0.009713	24.627
25.52	25.50	0.009729	24.732
25.52	25.50	0.009746	24.826
25.52	25.50	0.009763	24.927
25.52	25.50	0.009779	25.031
25.52	25.50	0.009796	25.126
25.52	25.50	0.009813	25.225
25.52	25.50	0.009829	25.330
25.52	25.50	0.009846	25.424
25.52	25.50	0.009863	25.524
25.49	25.50	0.009879	25.628
25.49	25.50	0.009896	25.723
25.49	25.50	0.009913	25.823
25.49	25.50	0.009929	25.927
25.49	25.50	0.009946	26.022
25.49	25.50	0.009963	26.121
25.49	25.50	0.009979	26.226
25.49	25.50	0.009996	26.320
25.49	25.50	0.010013	26.421
25.49	25.50	0.010029	26.525
25.49	25.50	0.010046	26.619
25.49	25.50	0.010063	26.721
25.49	25.50	0.010079	26.823
25.49	25.50	0.010096	26.918
25.49	25.50	0.010113	27.021
25.49	25.50	0.010129	27.122
25.49	25.50	0.010146	27.216
25.49	25.50	0.010163	27.321
25.49	25.50	0.010179	27.421
25.49	25.50	0.010196	27.515
25.49	25.50	0.010213	27.620
25.49	25.50	0.010229	27.719
25.52	25.50	0.010246	27.814
25.52	25.50	0.010263	27.918
25.52	25.50	0.010279	28.018
25.52	25.50	0.010296	28.113
25.52	25.50	0.010313	28.217
25.52	25.50	0.010329	28.317
25.52	25.50	0.010346	28.411
25.52	25.50	0.010363	28.516
25.52	25.50	0.010379	28.610
25.52	25.50	0.010396	28.710
25.52	25.50	0.010412	28.815
25.49	25.50	0.010429	28.909
25.49	25.50	0.010446	29.009
25.49	25.50	0.010462	29.113
25.49	25.50	0.010479	29.208
25.49	25.50	0.010496	29.307
25.49	25.50	0.010512	29.413
25.49	25.50	0.010529	29.506
25.49	25.50	0.010546	29.607
25.49	25.50	0.010562	29.711
25.49	25.50	0.010579	29.806
25.49	25.50	0.010596	29.907
25.49	25.50	0.010612	30.010
25.49	25.50	0.010629	30.107
25.49	25.50	0.010646	30.206
25.49	25.50	0.010662	30.309
25.52	25.50	0.010679	30.406
25.52	25.50	0.010696	30.507
25.52	25.50	0.010712	30.608
25.52	25.50	0.010729	30.706
25.52	25.50	0.010746	30.807
25.52	25.50	0.010762	30.906
25.52	25.50	0.010779	31.006
25.52	25.50	0.010796	31.107
25.52	25.50	0.010812	31.206
25.52	25.50	0.010829	31.307
25.52	25.50	0.010846	31.407
25.52	25.50	0.010862	31.506
25.52	25.50	0.010879	31.606
25.49	25.50	0.010896	31.708
25.49	25.50	0.010912	31.807
25.49	25.50	0.010929	31.908
25.49	25.50	0.010946	32.007
25.49	25.50	0.010962	32.108
25.49	25.50	0.010979	32.208
25.49	25.50	0.010996	32.307
25.49	25.50	0.011012	32.408
25.49	25.50	0.011029	32.507
25.49	25.50	0.011046	32.608
25.49	25.50	0.011062	32.707
25.49	25.50	0.011079	32.808
25.49	25.50	0.011096	32.907
25.49	25.50	0.011112	33.008
25.49	25.50	0.011129	33.108
25.52	25.50	0.011146	33.207
25.52	25.50	0.011162	33.308
25.52	25.50	0.011179	33.407
25.52	25.50	0.011196	33.508
25.52	25.50	0.011212	33.607
25.52	25.50	0.011229	33.708
25.52	25.50	0.011245	33.808
25.52	25.50	0.011262	33.907
25.52	25.50	0.011279	34.008
25.52	25.50	0.011295	34.107
25.52	25.50	0.011312	34.208
25.52	25.50	0.011329	34.307
25.49	25.50	0.011345	34.408
25.49	25.50	0.011362	34.507
25.49	25.50	0.011379	34.608
25.49	25.50	0.011395	34.708
25.49	25.50	0.011412	34.807
25.49	25.50	0.011429	34.908
25.49	25.50	0.011445	35.007
25.49	25.50	0.011462	35.108
25.49	25.50	0.011479	35.206
25.49	25.50	0.011495	35.308
25.49	25.50	0.011512	35.407
25.49	25.50	0.011529	35.537
25.49	25.50	0.011545	35.636
25.49	25.50	0.011562	35.707
25.49	25.50	0.011579	35.836
25.49	25.50	0.011595	35.936
25.49	25.50	0.011612	36.030
25.49	25.50	0.011629	36.135
25.49	25.50	0.011645	36.229
25.49	25.50	0.011662	36.329
25.49	25.50	0.011679	36.433
25.52	25.50	0.011695	36.528
25.52	25.50	0.011712	36.628
25.52	25.50	0.011729	36.732
25.52	25.50	0.011745	36.827
25.52	25.50	0.011762	36.926
25.52	25.50	0.011779	37.031
25.52	25.50	0.011795	37.125
25.52	25.50	0.011812	37.225
25.52	25.50	0.011829	37.330
25.52	25.50	0.011845	37.424
25.52	25.50	0.011862	37.524
25.52	25.50	0.011879	37.629
25.52	25.50	0.011895	37.723
25.49	25.50	0.011912	37.822
25.49	25.50	0.011929	37.927
25.49	25.50	0.011945	38.021
25.49	25.50	0.011962	38.121
25.49	25.50	0.011979	38.227
25.49	25.50	0.011995	38.321
25.49	25.50	0.012012	38.421
25.49	25.50	0.012029	38.525
25.49	25.50	0.012045	38.620
25.49	25.50	0.012062	38.719
25.49	25.50	0.012078	38.824
25.49	25.50	0.012095	38.919
25.49	25.50	0.012112	39.019
25.49	25.50	0.012128	39.122
25.49	25.50	0.012145	39.217
25.49	25.50	0.012162	39.318
25.49	25.50	0.012178	39.421
25.52	25.50	0.012195	39.515
25.52	25.50	0.012212	39.619
25.52	25.50	0.012228	39.721
25.52	25.50	0.012245	39.815
25.52	25.50	0.012262	39.919
25.52	25.50	0.012278	40.019
25.52	25.50	0.012295	40.114
25.52	25.50	0.012312	40.218
25.52	25.50	0.012328	40.318
25.52	25.50	0.012345	40.412
25.52	25.50	0.012362	40.517
25.49	25.50	0.012378	40.617
25.49	25.50	0.012395	40.711
25.49	25.50	0.012412	40.816
25.49	25.50	0.012428	40.914
25.49	25.50	0.012445	41.009
25.49	25.50	0.012462	41.115
25.49	25.50	0.012478	41.209
25.49	25.50	0.012495	41.309
25.49	25.50	0.012512	41.413
25.49	25.50	0.012528	41.508
25.49	25.50	0.012545	41.607
25.49	25.50	0.012562	41.712
25.49	25.50	0.012578	41.807
25.49	25.50	0.012595	41.907
25.49	25.50	0.012612	42.011
25.49	25.50	0.012628	42.107
25.49	25.50	0.012645	42.208
25.49	25.50	0.012662	42.309
25.49	25.50	0.012678	42.408
25.52	25.50	0.012695	42.507
25.52	25.50	0.012712	42.608
25.52	25.50	0.012728	42.709
25.52	25.50	0.012745	42.808
25.52	25.50	0.012762	42.909
25.52	25.50	0.012778	43.008
25.52	25.50	0.012795	43.109
25.52	25.50	0.012812	43.208
25.52	25.50	0.012828	43.314
25.52	25.50	0.012845	43.408
25.52	25.50	0.012862	43.509
25.49	25.50	0.012878	43.609
25.49	25.50	0.012895	43.708
25.49	25.50	0.012911	43.809
25.49	25.50	0.012928	43.908
25.49	25.50	0.012945	44.009
25.49	25.50	0.012961	44.108
25.49	25.50	0.012978	44.213
25.49	25.50	0.012995	44.309
25.49	25.50	0.013011	44.408
25.49	25.50	0.013028	44.509
25.49	25.50	0.013045	44.608
25.49	25.50	0.013061	44.709
25.49	25.50	0.013078	44.808
25.49	25.50	0.013095	44.909
25.49	25.50	0.013111	45.008
25.49	25.50	0.013128	45.108
25.49	25.50	0.013145	45.209
25.49	25.50	0.013161	45.308
25.52	25.50	0.013178	45.414
25.52	25.50	0.013195	45.508
25.52	25.50	0.013211	45.609
25.52	25.50	0.013228	45.708
25.52	25.50	0.013245	45.809
25.52	25.50	0.013261	45.910
25.52	25.50	0.013278	46.013
25.52	25.50	0.013295	46.110
25.52	25.50	0.013311	46.209
25.52	25.50	0.013328	46.314
25.52	25.50	0.013345	46.409
25.49	25.50	0.013361	46.510
25.49	25.50	0.013378	46.613
25.49	25.50	0.013395	46.710
25.49	25.50	0.013411	46.810
25.49	25.50	0.013428	46.913
25.49	25.50	0.013445	47.010
25.49	25.50	0.013461	47.109
25.49	25.50	0.013478	47.213
25.49	25.50	0.013495	47.308
25.49	25.50	0.013511	47.433
25.49	25.50	0.013528	47.512
25.49	25.50	0.013545	47.637
25.49	25.50	0.013561	47.731
25.49	25.50	0.013578	47.837
25.49	25.50	0.013595	47.937
25.49	25.50	0.013611	48.031
25.49	25.50	0.013628	48.136
25.52	25.50	0.013645	48.235
25.52	25.50	0.013661	48.330
25.52	25.50	0.013678	48.434
25.52	25.50	0.013695	48.534
25.52	25.50	0.013711	48.629
25.52	25.50	0.013728	48.733
25.52	25.50	0.013744	48.833
25.52	25.50	0.013761	48.927
25.52	25.50	0.013778	49.032
25.52	25.50	0.013794	49.126
25.52	25.50	0.013811	49.226
25.52	25.50	0.013828	49.330
25.49	25.50	0.013844	49.425
25.49	25.50	0.013861	49.525
25.49	25.50	0.013878	49.629
25.49	25.50	0.013894	49.724
25.49	25.50	0.013911	49.823
25.49	25.50	0.013928	49.928
25.49	25.50	0.013944	50.022
25.49	25.50	0.013961	50.122
25.49	25.50	0.013978	50.227
25.49	25.50	0.013994	50.321
25.49	25.50	0.014011	50.421
25.49	25.50	0.014028	50.525
25.49	25.50	0.014044	50.620
25.49	25.50	0.014061	50.719
25.49	25.50	0.014078	50.824
25.52	25.50	0.014094	50.918
25.52	25.50	0.014111	51.018
25.52	25.50	0.014128	51.123
25.52	25.50	0.014144	51.217
25.52	25.50	0.014161	51.317
25.52	25.50	0.014178	51.422
25.52	25.50	0.014194	51.517
25.52	25.50	0.014211	51.616
25.52	25.50	0.014228	51.721
25.52	25.50	0.014244	51.816
25.52	25.50	0.014261	51.917
25.49	25.50	0.014278	52.020
25.49	25.50	0.014294	52.114
25.49	25.50	0.014311	52.217
25.49	25.50	0.014328	52.318
25.49	25.50	0.014344	52.413
25.49	25.50	0.014361	52.516
25.49	25.50	0.014378	52.617
25.49	25.50	0.014394	52.712
25.49	25.50	0.014411	52.816
25.49	25.50	0.014428	52.916
25.49	25.50	0.014444	53.010
25.49	25.50	0.014461	53.115
25.49	25.50	0.014478	53.214
25.49	25.50	0.014494	53.310
25.49	25.50	0.014511	53.414
25.49	25.50	0.014528	53.513
25.49	25.50	0.014544	53.610
25.49	25.50	0.014561	53.712
25.49	25.50	0.014577	53.812
25.49	25.50	0.014594	53.909
25.52	25.50	0.014611	54.011
25.52	25.50	0.014627	54.112
25.52	25.50	0.014644	54.209
25.52	25.50	0.014661	54.310
25.52	25.50	0.014677	54.412
25.52	25.50	0.014694	54.510
25.52	25.50	0.014711	54.610
25.52	25.50	0.014727	54.711
25.52	25.50	0.014744	54.810
25.52	25.50	0.014761	54.910
25.49	25.50	0.014777	55.012
25.49	25.50	0.014794	55.110
25.49	25.50	0.014811	55.209
25.49	25.50	0.014827	55.312
25.49	25.50	0.014844	55.409
25.49	25.50	0.014861	55.509
25.49	25.50	0.014877	55.611
25.49	25.50	0.014894	55.710
25.49	25.50	0.014911	55.810
25.49	25.50	0.014927	55.911
25.49	25.50	0.014944	56.010
25.49	25.50	0.014961	56.109
25.49	25.50	0.014977	56.212
25.49	25.50	0.014994	56.309
25.49	25.50	0.015011	56.410
25.49	25.50	0.015027	56.511
25.49	25.50	0.015044	56.610
25.52	25.50	0.015061	56.710
25.52	25.50	0.015077	56.811
25.52	25.50	0.015094	56.910
25.52	25.50	0.015111	57.009
25.52	25.50	0.015127	57.111
25.52	25.50	0.015144	57.209
25.52	25.50	0.015161	57.310
25.52	25.50	0.015177	57.412
25.52	25.50	0.015194	57.509
25.52	25.50	0.015211	57.610
25.49	25.50	0.015227	57.711
25.49	25.50	0.015244	57.810
25.49	25.50	0.015261	57.909
25.49	25.50	0.015277	58.011
25.49	25.50	0.015294	58.109
25.49	25.50	0.015311	58.210
25.49	25.50	0.015327	58.312
25.49	25.50	0.015344	58.409
25.49	25.50	0.015361	58.510
25.49	25.50	0.015377	58.611
25.49	25.50	0.015394	58.710
25.49	25.50	0.015410	58.809
25.49	25.50	0.015427	58.911
25.49	25.50	0.015444	59.010
25.49	25.50	0.015460	59.109
25.49	25.50	0.015477	59.211
25.49	25.50	0.015494	59.309
25.49	25.50	0.015510	59.434
25.49	25.50	0.015527	59.510
25.49	25.50	0.015544	59.638
25.52	25.50	0.015560	59.732
25.52	25.50	0.015577	59.811
25.52	25.50	0.015594	59.936
25.52	25.50	0.015610	00.031
25.52	25.50	0.015627	00.111
25.52	25.50	0.015644	00.236
25.52	25.50	0.015660	00.330
25.52	25.50	0.015677	00.434
25.52	25.50	0.015694	00.535
25.52	25.50	0.015710	00.629
25.52	25.50	0.015727	00.734
25.52	25.50	0.015744	00.833
25.52	25.50	0.015760	00.928
25.52	25.50	0.015777	01.033
25.49	25.50	0.015794	01.132
25.49	25.50	0.015810	01.227
25.49	25.50	0.015827	01.331
25.49	25.50	0.015844	01.431
25.49	25.50	0.015860	01.525
25.49	25.50	0.015877	01.630
25.49	25.50	0.015894	01.725
25.49	25.50	0.015910	01.824
25.49	25.50	0.015927	01.929
25.49	25.50	0.015944	02.023
25.49	25.50	0.015960	02.123
25.49	25.50	0.015977	02.227
25.49	25.50	0.015994	02.322
25.49	25.50	0.016010	02.422
25.49	25.50	0.016027	02.526
25.49	25.50	0.016044	02.620
25.49	25.50	0.016060	02.720
25.49	25.50	0.016077	02.824
25.49	25.50	0.016094	02.919
25.49	25.50	0.016110	03.019
25.49	25.50	0.016127	03.123
25.52	25.50	0.016144	03.219
25.52	25.50	0.016160	03.318
25.52	25.50	0.016177	03.423
25.52	25.50	0.016194	03.517
25.52	25.50	0.016210	03.617
25.52	25.50	0.016227	03.721
25.52	25.50	0.016244	03.816
25.52	25.50	0.016260	03.916
25.52	25.50	0.016277	04.020
25.52	25.50	0.016293	04.115
25.52	25.50	0.016310	04.214
25.52	25.50	0.016327	04.319
25.52	25.50	0.016343	04.413
25.49	25.50	0.016360	04.515
25.49	25.50	0.016377	04.617
25.49	25.50	0.016393	04.713
25.49	25.50	0.016410	04.815
25.49	25.50	0.016427	04.916
25.49	25.50	0.016443	05.014
25.49	25.50	0.016460	05.115
25.49	25.50	0.016477	05.215
25.49	25.50	0.016493	05.314
25.49	25.50	0.016510	05.414
25.49	25.50	0.016527	05.514
25.49	25.50	0.016543	05.613
25.49	25.50	0.016560	05.714
25.49	25.50	0.016577	05.813
25.49	25.50	0.016593	05.914
25.49	25.50	0.016610	06.014
25.49	25.50	0.016627	06.113
25.49	25.50	0.016643	06.214
25.49	25.50	0.016660	06.313
25.52	25.50	0.016677	06.414
25.52	25.50	0.016693	06.513
25.52	25.50	0.016710	06.614
25.52	25.50	0.016727	06.714
25.52	25.50	0.016743	06.813
25.52	25.50	0.016760	06.914
25.52	25.50	0.016777	07.013
25.52	25.50	0.016793	07.114
25.52	25.50	0.016810	07.213
25.52	25.50	0.016827	07.314
25.52	25.50	0.016843	07.413
25.52	25.50	0.016860	07.513
25.52	25.50	0.016877	07.614
25.49	25.50	0.016893	07.713
25.49	25.50	0.016910	07.814
25.49	25.50	0.016927	07.913
25.49	25.50	0.016943	08.014
25.49	25.50	0.016960	08.113
25.49	25.50	0.016977	08.214
25.49	25.50	0.016993	08.315
25.49	25.50	0.017010	08.414
25.49	25.50	0.017027	08.515
25.49	25.50	0.017043	08.614
25.49	25.50	0.017060	08.715
25.49	25.50	0.017077	08.814
25.49	25.50	0.017093	08.915
25.49	25.50	0.017110	09.014
25.49	25.50	0.017126	09.115
25.49	25.50	0.017143	09.215
25.49	25.50	0.017160	09.314
25.49	25.50	0.017176	09.415
25.49	25.50	0.017193	09.514
25.49	25.50	0.017210	09.615
25.52	25.50	0.017226	09.714
25.52	25.50	0.017243	09.815
25.52	25.50	0.017260	09.915
25.52	25.50	0.017276	10.014
25.52	25.50	0.017293	10.115
25.52	25.50	0.017310	10.214
25.52	25.50	0.017326	10.314
25.52	25.50	0.017343	10.443
25.52	25.50	0.017360	10.538
25.49	25.50	0.017376	10.637
25.49	25.50	0.017393	10.742
25.49	25.50	0.017410	10.836
25.49	25.50	0.017426	10.936
25.49	25.50	0.017443	11.041
25.49	25.50	0.017460	11.135
25.49	25.50	0.017476	11.235
25.49	25.50	0.017493	11.339
25.49	25.50	0.017510	11.434
25.49	25.50	0.017526	11.534
25.49	25.50	0.017543	11.639
25.49	25.50	0.017560	11.733
25.49	25.50	0.017576	11.833
25.49	25.50	0.017593	11.938
25.49	25.50	0.017610	12.032
25.49	25.50	0.017626	12.133
25.49	25.50	0.017643	12.236
25.52	25.50	0.017660	12.331
25.52	25.50	0.017676	12.433
25.52	25.50	0.017693	12.535
25.52	25.50	0.017710	12.630
25.52	25.50	0.017726	12.733
25.52	25.50	0.017743	12.834
25.52	25.50	0.017760	12.928
25.52	25.50	0.017776	13.033
25.52	25.50	0.017793	13.132
25.52	25.50	0.017810	13.227
25.52	25.50	0.017826	13.331
25.49	25.50	0.017843	13.431
25.49	25.50	0.017860	13.526
25.49	25.50	0.017876	13.630
25.49	25.50	0.017893	13.730
25.49	25.50	0.017910	13.824
25.49	25.50	0.017926	13.929
25.49	25.50	0.017943	14.028
25.49	25.50	0.017959	14.123
25.49	25.50	0.017976	14.228
25.49	25.50	0.017993	14.322
25.49	25.50	0.018009	14.422
25.49	25.50	0.018026	14.526
25.49	25.50	0.018043	14.621
25.49	25.50	0.018059	14.721
25.49	25.50	0.018076	14.825
25.49	25.50	0.018093	14.920
25.52	25.50	0.018109	15.020
25.52	25.50	0.018126	15.124
25.52	25.50	0.018143	15.219
25.52	25.50	0.018159	15.318
25.52	25.50	0.018176	15.423
25.52	25.50	0.018193	15.517
25.52	25.50	0.018209	15.617
25.52	25.50	0.018226	15.721
25.52	25.50	0.018243	15.817
25.52	25.50	0.018259	15.916
25.52	25.50	0.018276	16.021
25.52	25.50	0.018293	16.115
25.49	25.50	0.018309	16.216
25.49	25.50	0.018326	16.319
25.49	25.50	0.018343	16.416
25.49	25.50	0.018359	16.516
25.49	25.50	0.018376	16.618
25.49	25.50	0.018393	16.716
25.49	25.50	0.018409	16.815
25.49	25.50	0.018426	16.917
25.49	25.50	0.018443	17.015
25.49	25.50	0.018459	17.116
25.49	25.50	0.018476	17.215
25.49	25.50	0.018493	17.316
25.49	25.50	0.018509	17.417
25.49	25.50	0.018526	17.516
25.49	25.50	0.018543	17.617
25.49	25.50	0.018559	17.716
25.49	25.50	0.018576	17.817
25.49	25.50	0.018593	17.916
25.49	25.50	0.018609	18.017
25.52	25.50	0.018626	18.116
25.52	25.50	0.018643	18.216
25.52	25.50	0.018659	18.317
25.52	25.50	0.018676	18.416
25.52	25.50	0.018693	18.518
25.52	25.50	0.018709	18.617
25.52	25.50	0.018726	18.718
25.52	25.50	0.018743	18.817
25.52	25.50	0.018759	18.918
25.49	25.50	0.018776	19.018
25.49	25.50	0.018792	19.117
25.49	25.50	0.018809	19.218
25.49	25.50	0.018826	19.317
25.49	25.50	0.018842	19.418
25.49	25.50	0.018859	19.517
25.49	25.50	0.018876	19.618
25.49	25.50	0.018892	19.717
25.49	25.50	0.018909	19.818
25.49	25.50	0.018926	19.918
25.49	25.50	0.018942	20.017
25.49	25.50	0.018959	20.118
25.49	25.50	0.018976	20.217
25.49	25.50	0.018992	20.318
25.49	25.50	0.019009	20.417
25.49	25.50	0.019026	20.518
25.52	25.50	0.019042	20.618
25.52	25.50	0.019059	20.717
25.52	25.50	0.019076	20.818
25.52	25.50	0.019092	20.917
25.52	25.50	0.019109	21.018
25.52	25.50	0.019126	21.117
25.52	25.50	0.019142	21.218
25.52	25.50	0.019159	21.317
25.52	25.50	0.019176	21.418
25.52	25.50	0.019192	21.518
25.52	25.50	0.019209	21.617
25.49	25.50	0.019226	21.717
25.49	25.50	0.019242	21.816
25.49	25.50	0.019259	21.941
25.49	25.50	0.019276	22.040
25.49	25.50	0.019292	22.146
25.49	25.50	0.019309	22.239
25.49	25.50	0.019326	22.339
25.49	25.50	0.019342	22.443
25.49	25.50	0.019359	22.539
25.49	25.50	0.019376	22.639
25.49	25.50	0.019392	22.743
25.49	25.50	0.019409	22.838
25.49	25.50	0.019426	22.937
25.49	25.50	0.019442	23.042
25.49	25.50	0.019459	23.136
25.49	25.50	0.019476	23.236
25.49	25.50	0.019492	23.341
25.52	25.50	0.019509	23.435
25.52	25.50	0.019526	23.535
25.52	25.50	0.019542	23.640
25.52	25.50	0.019559	23.733
25.52	25.50	0.019576	23.834
25.52	25.50	0.019592	23.938
25.52	25.50	0.019609	24.033
25.52	25.50	0.019625	24.132
25.52	25.50	0.019642	24.237
25.52	25.50	0.019659	24.332
25.52	25.50	0.019675	24.431
25.52	25.50	0.019692	24.536
25.49	25.50	0.019709	24.630
25.49	25.50	0.019725	24.731
25.49	25.50	0.019742	24.834
25.49	25.50	0.019759	24.929
25.49	25.50	0.019775	25.031
25.49	25.50	0.019792	25.133
25.49	25.50	0.019809	25.228
25.49	25.50	0.019825	25.331
25.49	25.50	0.019842	25.432
25.49	25.50	0.019859	25.526
25.49	25.50	0.019875	25.631
25.49	25.50	0.019892	25.730
25.49	25.50	0.019909	25.825
25.49	25.50	0.019925	25.930
25.49	25.50	0.019942	26.029
25.49	25.50	0.019959	26.124
25.49	25.50	0.019975	26.228
25.49	25.50	0.019992	26.328
25.52	25.50	0.020009	26.422
25.52	25.50	0.020025	26.527
25.52	25.50	0.020042	26.626
25.52	25.50	0.020059	26.721
25.52	25.50	0.020075	26.826
25.52	25.50	0.020092	26.920
25.52	25.50	0.020109	27.020
25.52	25.50	0.020125	27.125
25.52	25.50	0.020142	27.219
25.52	25.50	0.020159	27.318
25.52	25.50	0.020175	27.424
25.52	25.50	0.020192	27.518
25.49	25.50	0.020209	27.617
25.49	25.50	0.020225	27.723
25.49	25.50	0.020242	27.817
25.49	25.50	0.020259	27.918
25.49	25.50	0.020275	28.021
25.49	25.50	0.020292	28.118
25.49	25.50	0.020309	28.217
25.49	25.50	0.020325	28.320
25.49	25.50	0.020342	28.417
25.49	25.50	0.020359	28.518
25.49	25.50	0.020375	28.618
25.49	25.50	0.020392	28.718
25.49	25.50	0.020409	28.817
25.49	25.50	0.020425	28.918
25.49	25.50	0.020442	29.017
25.49	25.50	0.020458	29.118
25.52	25.50	0.020475	29.218
25.52	25.50	0.020492	29.317
25.52	25.50	0.020508	29.418
25.52	25.50	0.020525	29.517
25.52	25.50	0.020542	29.618
25.52	25.50	0.020558	29.717
25.52	25.50	0.020575	29.818
25.52	25.50	0.020592	29.918
25.52	25.50	0.020608	30.017
25.52	25.50	0.020625	30.118
25.52	25.50	0.020642	30.217
25.52	25.50	0.020658	30.318
25.49	25.50	0.020675	30.417
25.49	25.50	0.020692	30.518
25.49	25.50	0.020708	30.617
25.49	25.50	0.020725	30.718
25.49	25.50	0.020742	30.818
25.49	25.50	0.020758	30.917
25.49	25.50	0.020775	31.018
25.49	25.50	0.020792	31.117
25.49	25.50	0.020808	31.218
25.49	25.50	0.020825	31.317
25.49	25.50	0.020842	31.418
25.49	25.50	0.020858	31.517
25.49	25.50	0.020875	31.617
25.49	25.50	0.020892	31.718
25.49	25.50	0.020908	31.817
25.49	25.50	0.020925	31.918
25.49	25.50	0.020942	32.017
25.49	25.50	0.020958	32.118
25.49	25.50	0.020975	32.217
25.49	25.50	0.020992	32.318
25.49	25.50	0.021008	32.419
25.49	25.50	0.021025	32.518
25.49	25.50	0.021042	32.619
25.52	25.50	0.021058	32.718
25.52	25.50	0.021075	32.819
25.52	25.50	0.021092	32.918
25.52	25.50	0.021108	33.019
25.52	25.50	0.021125	33.118
25.52	25.50	0.021142	33.219
25.52	25.50	0.021158	33.319
25.52	25.50	0.021175	33.418
25.52	25.50	0.021192	33.518
25.52	25.50	0.021208	33.648
25.52	25.50	0.021225	33.742
25.52	25.50	0.021242	33.817
25.49	25.50	0.021258	33.947
25.49	25.50	0.021275	34.041
25.49	25.50	0.021291	34.146
25.49	25.50	0.021308	34.245
25.49	25.50	0.021325	34.340
25.49	25.50	0.021341	34.444
25.49	25.50	0.021358	34.539
25.49	25.50	0.021375	34.639
25.49	25.50	0.021391	34.743
25.49	25.50	0.021408	34.838
25.49	25.50	0.021425	34.937
25.49	25.50	0.021441	35.042
25.49	25.50	0.021458	35.136
25.49	25.50	0.021475	35.236
25.49	25.50	0.021491	35.340
25.49	25.50	0.021508	35.435
25.49	25.50	0.021525	35.535
25.49	25.50	0.021541	35.640
25.49	25.50	0.021558	35.735
25.49	25.50	0.021575	35.833
25.49	25.50	0.021591	35.939
25.52	25.50	0.021608	36.033
25.52	25.50	0.021625	36.133
25.52	25.50	0.021641	36.237
25.52	25.50	0.021658	36.332
25.52	25.50	0.021675	36.432
25.52	25.50	0.021691	36.536
25.52	25.50	0.021708	36.631
25.52	25.50	0.021725	36.730
25.52	25.50	0.021741	36.835
25.52	25.50	0.021758	36.929
25.52	25.50	0.021775	37.029
25.52	25.50	0.021791	37.134
25.52	25.50	0.021808	37.228
25.52	25.50	0.021825	37.329
25.49	25.50	0.021841	37.432
25.49	25.50	0.021858	37.527
25.49	25.50	0.021875	37.628
25.49	25.50	0.021891	37.731
25.49	25.50	0.021908	37.825
25.49	25.50	0.021925	37.929
25.49	25.50	0.021941	38.030
25.49	25.50	0.021958	38.124
25.49	25.50	0.021975	38.229
25.49	25.50	0.021991	38.328
25.49	25.50	0.022008	38.423
25.49	25.50	0.022025	38.527
25.49	25.50	0.022041	38.627
25.49	25.50	0.022058	38.722
25.49	25.50	0.022075	38.826
25.49	25.50	0.022091	38.926
25.49	25.50	0.022108	39.020
25.49	25.50	0.022124	39.125
25.49	25.50	0.022141	39.224
25.52	25.50	0.022158	39.319
25.52	25.50	0.022174	39.424
25.52	25.50	0.022191	39.519
25.52	25.50	0.022208	39.618
25.52	25.50	0.022224	39.723
25.52	25.50	0.022241	39.818
25.52	25.50	0.022258	39.919
25.52	25.50	0.022274	40.021
25.52	25.50	0.022291	40.119
25.52	25.50	0.022308	40.218
25.52	25.50	0.022324	40.320
25.49	25.50	0.022341	40.419
25.49	25.50	0.022358	40.518
25.49	25.50	0.022374	40.619
25.49	25.50	0.022391	40.718
25.49	25.50	0.022408	40.819
25.49	25.50	0.022424	40.918
25.49	25.50	0.022441	41.019
25.49	25.50	0.022458	41.118
25.49	25.50	0.022474	41.218
25.49	25.50	0.022491	41.319
25.49	25.50	0.022508	41.418
25.49	25.50	0.022524	41.519
25.49	25.50	0.022541	41.618
25.49	25.50	0.022558	41.719
25.49	25.50	0.022574	41.818
25.49	25.50	0.022591	41.924
25.49	25.50	0.022608	42.019
25.49	25.50	0.022624	42.118
25.52	25.50	0.022641	42.219
25.52	25.50	0.022658	42.318
25.52	25.50	0.022674	42.419
25.52	25.50	0.022691	42.518
25.52	25.50	0.022708	42.619
25.52	25.50	0.022724	42.718
25.52	25.50	0.022741	42.823
25.52	25.50	0.022758	42.919
25.52	25.50	0.022774	43.018
25.52	25.50	0.022791	43.124
25.49	25.50	0.022808	43.218
25.49	25.50	0.022824	43.319
25.49	25.50	0.022841	43.418
25.49	25.50	0.022858	43.519
25.49	25.50	0.022874	43.619
25.49	25.50	0.022891	43.718
25.49	25.50	0.022908	43.819
25.49	25.50	0.022924	43.918
25.49	25.50	0.022941	44.023
25.49	25.50	0.022957	44.118
25.49	25.50	0.022974	44.219
25.49	25.50	0.022991	44.323
25.49	25.50	0.023007	44.419
25.49	25.50	0.023024	44.519
25.52	25.50	0.023041	44.618
25.52	25.50	0.023057	44.719
25.52	25.50	0.023074	44.818
25.52	25.50	0.023091	44.923
25.52	25.50	0.023107	45.018
25.52	25.50	0.023124	45.119
25.52	25.50	0.023141	45.222
25.52	25.50	0.023157	45.318
25.52	25.50	0.023174	45.419
25.52	25.50	0.023191	45.518
25.52	25.50	0.023207	45.619
25.49	25.50	0.023224	45.718
25.49	25.50	0.023241	45.823
25.49	25.50	0.023257	45.947
25.49	25.50	0.023274	46.042
25.49	25.50	0.023291	46.146
25.49	25.50	0.023307	46.246
25.49	25.50	0.023324	46.341
25.49	25.50	0.023341	46.445
25.49	25.50	0.023357	46.545
25.49	25.50	0.023374	46.639
25.49	25.50	0.023391	46.744
25.49	25.50	0.023407	46.843
25.49	25.50	0.023424	46.938
25.49	25.50	0.023441	47.043
25.49	25.50	0.023457	47.137
25.49	25.50	0.023474	47.237
25.49	25.50	0.023491	47.341
25.49	25.50	0.023507	47.436
25.49	25.50	0.023524	47.535
25.49	25.50	0.023541	47.640
25.49	25.50	0.023557	47.734
25.52	25.50	0.023574	47.834
25.52	25.50	0.023591	47.940
25.52	25.50	0.023607	48.034
25.52	25.50	0.023624	48.134
25.52	25.50	0.023641	48.238
25.52	25.50	0.023657	48.333
25.52	25.50	0.023674	48.432
25.52	25.50	0.023691	48.537
25.52	25.50	0.023707	48.631
25.52	25.50	0.023724	48.731
25.49	25.50	0.023741	48.836
25.49	25.50	0.023757	48.930
25.49	25.50	0.023774	49.030
25.49	25.50	0.023790	49.134
25.49	25.50	0.023807	49.229
25.49	25.50	0.023824	49.328
25.49	25.50	0.023840	49.433
25.49	25.50	0.023857	49.527
25.49	25.50	0.023874	49.627
25.49	25.50	0.023890	49.732
25.49	25.50	0.023907	49.826
25.49	25.50	0.023924	49.927
25.49	25.50	0.023940	50.030
25.49	25.50	0.023957	50.125
25.52	25.50	0.023974	50.226
25.52	25.50	0.023990	50.329
25.52	25.50	0.024007	50.424
25.52	25.50	0.024024	50.526
25.52	25.50	0.024040	50.628
25.52	25.50	0.024057	50.722
25.52	25.50	0.024074	50.827
25.52	25.50	0.024090	50.926
25.52	25.50	0.024107	51.021
25.52	25.50	0.024124	51.125
25.49	25.50	0.024140	51.225
25.49	25.50	0.024157	51.320
25.49	25.50	0.024174	51.424
25.49	25.50	0.024190	51.524
25.49	25.50	0.024207	51.619
25.49	25.50	0.024224	51.723
25.49	25.50	0.024240	51.822
25.49	25.50	0.024257	51.920
25.49	25.50	0.024274	52.022
25.49	25.50	0.024290	52.122
25.49	25.50	0.024307	52.220
25.49	25.50	0.024324	52.321
25.49	25.50	0.024340	52.422
25.49	25.50	0.024357	52.519
25.49	25.50	0.024374	52.620
25.49	25.50	0.024390	52.722
25.49	25.50	0.024407	52.820
25.49	25.50	0.024424	52.919
25.49	25.50	0.024440	53.022
25.49	25.50	0.024457	53.119
25.52	25.50	0.024474	53.220
25.52	25.50	0.024490	53.321
25.52	25.50	0.024507	53.420
25.52	25.50	0.024524	53.520
25.52	25.50	0.024540	53.621
25.52	25.50	0.024557	53.720
25.52	25.50	0.024574	53.819
25.52	25.50	0.024590	53.922
25.52	25.50	0.024607	54.019
25.52	25.50	0.024623	54.120
25.52	25.50	0.024640	54.221
25.49	25.50	0.024657	54.320
25.49	25.50	0.024673	54.420
25.49	25.50	0.024690	54.521
25.49	25.50	0.024707	54.620
25.49	25.50	0.024723	54.719
25.49	25.50	0.024740	54.821
25.49	25.50	0.024757	54.919
25.49	25.50	0.024773	55.020
25.49	25.50	0.024790	55.121
25.49	25.50	0.024807	55.220
25.49	25.50	0.024823	55.320
25.49	25.50	0.024840	55.421
25.49	25.50	0.024857	55.519
25.49	25.50	0.024873	55.620
25.49	25.50	0.024890	55.721
25.49	25.50	0.024907	55.820
25.49	25.50	0.024923	55.919
25.49	25.50	0.024940	56.021
25.49	25.50	0.024957	56.120
25.52	25.50	0.024973	56.219
25.52	25.50	0.024990	56.321
25.52	25.50	0.025007	56.419
25.52	25.50	0.025023	56.520
25.52	25.50	0.025040	56.621
25.52	25.50	0.025057	56.720
25.52	25.50	0.025073	56.820
25.52	25.50	0.025090	56.921
25.52	25.50	0.025107	57.020
25.52	25.50	0.025123	57.119
25.52	25.50	0.025140	57.221
25.52	25.50	0.025157	57.319
25.49	25.50	0.025173	57.420
25.49	25.50	0.025190	57.520
25.49	25.50	0.025207	57.649
25.49	25.50	0.025223	57.743
25.49	25.50	0.025240	57.821
25.49	25.50	0.025257	57.948
25.49	25.50	0.025273	58.042
25.49	25.50	0.025290	58.121
25.49	25.50	0.025307	58.246
25.49	25.50	0.025323	58.341
25.49	25.50	0.025340	58.420
25.49	25.50	0.025357	58.545
25.49	25.50	0.025373	58.640
25.49	25.50	0.025390	58.745
25.49	25.50	0.025407	58.844
25.49	25.50	0.025423	58.939
25.49	25.50	0.025440	59.043
25.49	25.50	0.025456	59.143
25.52	25.50	0.025473	59.237
25.52	25.50	0.025490	59.342
25.52	25.50	0.025506	59.442
25.52	25.50	0.025523	59.536
25.52	25.50	0.025540	59.641
25.52	25.50	0.025556	59.740
25.52	25.50	0.025573	59.835
25.52	25.50	0.025590	59.939
25.52	25.50	0.025606	00.034
25.52	25.50	0.025623	00.133
25.52	25.50	0.025640	00.238
25.52	25.50	0.025656	00.333
25.49	25.50	0.025673	00.432
25.49	25.50	0.025690	00.537
25.49	25.50	0.025706	00.631
25.49	25.50	0.025723	00.731
25.49	25.50	0.025740	00.835
25.49	25.50	0.025756	00.930
25.49	25.50	0.025773	01.030
25.49	25.50	0.025790	01.134
25.49	25.50	0.025806	01.229
25.49	25.50	0.025823	01.328
25.49	25.50	0.025840	01.434
25.49	25.50	0.025856	01.528
25.49	25.50	0.025873	01.628
25.49	25.50	0.025890	01.732
25.49	25.50	0.025906	01.827
25.49	25.50	0.025923	01.927
25.49	25.50	0.025940	02.031
25.52	25.50	0.025956	02.126
25.52	25.50	0.025973	02.225
25.52	25.50	0.025990	02.330
25.52	25.50	0.026006	02.424
25.52	25.50	0.026023	02.525
25.52	25.50	0.026040	02.628
25.52	25.50	0.026056	02.723
25.52	25.50	0.026073	02.824
25.52	25.50	0.026090	02.927
25.52	25.50	0.026106	03.021
25.52	25.50	0.026123	03.124
25.52	25.50	0.026140	03.226
25.52	25.50	0.026156	03.321
25.49	25.50	0.026173	03.425
25.49	25.50	0.026190	03.524
25.49	25.50	0.026206	03.621
25.49	25.50	0.026223	03.723
25.49	25.50	0.026240	03.823
25.49	25.50	0.026256	03.920
25.49	25.50	0.026273	04.023
25.49	25.50	0.026289	04.123
25.49	25.50	0.026306	04.220
25.49	25.50	0.026323	04.322
25.49	25.50	0.026339	04.421
25.49	25.50	0.026356	04.521
25.49	25.50	0.026373	04.620
25.49	25.50	0.026389	04.721
25.49	25.50	0.026406	04.821
25.49	25.50	0.026423	04.920
25.49	25.50	0.026439	05.021
25.49	25.50	0.026456	05.120
25.49	25.50	0.026473	05.221
25.49	25.50	0.026489	05.320
25.49	25.50	0.026506	05.421
25.49	25.50	0.026523	05.520
25.52	25.50	0.026539	05.621
25.52	25.50	0.026556	05.721
25.52	25.50	0.026573	05.820
25.52	25.50	0.026589	05.921
25.52	25.50	0.026606	06.020
25.52	25.50	0.026623	06.121
25.52	25.50	0.026639	06.220
25.52	25.50	0.026656	06.321
25.52	25.50	0.026673	06.420
25.52	25.50	0.026689	06.521
25.52	25.50	0.026706	06.621
25.52	25.50	0.026723	06.720
25.49	25.50	0.026739	06.821
25.49	25.50	0.026756	06.920
25.49	25.50	0.026773	07.021
25.49	25.50	0.026789	07.120
25.49	25.50	0.026806	07.221
25.49	25.50	0.026823	07.321
25.49	25.50	0.026839	07.420
25.49	25.50	0.026856	07.521
25.49	25.50	0.026873	07.620
25.49	25.50	0.026889	07.721
25.49	25.50	0.026906	07.820
25.49	25.50	0.026923	07.921
25.49	25.50	0.026939	08.020
25.49	25.50	0.026956	08.121
25.49	25.50	0.026973	08.221
25.49	25.50	0.026989	08.320
25.52	25.50	0.027006	08.421
25.52	25.50	0.027023	08.520
25.52	25.50	0.027039	08.621
25.52	25.50	0.027056	08.720
25.52	25.50	0.027073	08.821
25.52	25.50	0.027089	08.920
25.52	25.50	0.027106	09.020
25.52	25.50	0.027122	09.121
25.52	25.50	0.027139	09.220
25.52	25.50	0.027156	09.321
25.49	25.50	0.027172	09.420
25.49	25.50	0.027189	09.545
25.49	25.50	0.027206	09.649
25.49	25.50	0.027222	09.744
25.49	25.50	0.027239	09.843
25.49	25.50	0.027256	09.948
25.49	25.50	0.027272	10.043
25.49	25.50	0.027289	10.143
25.49	25.50	0.027306	10.247
25.49	25.50	0.027322	10.341
25.49	25.50	0.027339	10.443
25.49	25.50	0.027356	10.545
25.49	25.50	0.027372	10.640
25.49	25.50	0.027389	10.743
25.49	25.50	0.027406	10.845
25.49	25.50	0.027422	10.939
25.52	25.50	0.027439	11.043
25.52	25.50	0.027456	11.143
25.52	25.50	0.027472	11.238
25.52	25.50	0.027489	11.342
25.52	25.50	0.027506	11.442
25.52	25.50	0.027522	11.537
25.52	25.50	0.027539	11.641
25.52	25.50	0.027556	11.741
25.52	25.50	0.027572	11.836
25.52	25.50	0.027589	11.940
25.52	25.50	0.027606	12.040
25.49	25.50	0.027622	12.135
25.49	25.50	0.027639	12.238
25.49	25.50	0.027656	12.338
25.49	25.50	0.027672	12.433
25.49	25.50	0.027689	12.537
25.49	25.50	0.027706	12.632
25.49	25.50	0.027722	12.732
25.49	25.50	0.027739	12.837
25.49	25.50	0.027756	12.931
25.49	25.50	0.027772	13.031
25.49	25.50	0.027789	13.135
25.49	25.50	0.027806	13.230
25.49	25.50	0.027822	13.330
25.49	25.50	0.027839	13.434
25.49	25.50	0.027856	13.529
25.49	25.50	0.027872	13.628
25.52	25.50	0.027889	13.733
25.52	25.50	0.027906	13.827
25.52	25.50	0.027922	13.927
25.52	25.50	0.027939	14.032
25.52	25.50	0.027955	14.126
25.52	25.50	0.027972	14.226
25.52	25.50	0.027989	14.330
25.52	25.50	0.028005	14.425
25.52	25.50	0.028022	14.524
25.52	25.50	0.028039	14.629
25.52	25.50	0.028055	14.724
25.49	25.50	0.028072	14.823
25.49	25.50	0.028089	14.928
25.49	25.50	0.028105	15.023
25.49	25.50	0.028122	15.122
25.49	25.50	0.028139	15.227
25.49	25.50	0.028155	15.321
25.49	25.50	0.028172	15.422
25.49	25.50	0.028189	15.525
25.49	25.50	0.028205	15.621
25.49	25.50	0.028222	15.722
25.49	25.50	0.028239	15.824
25.49	25.50	0.028255	15.922
25.49	25.50	0.028272	16.022
25.49	25.50	0.028289	16.123
25.49	25.50	0.028305	16.221
25.49	25.50	0.028322	16.322
25.49	25.50	0.028339	16.421
25.49	25.50	0.028355	16.522
25.49	25.50	0.028372	16.621
25.49	25.50	0.028389	16.722
25.49	25.50	0.028405	16.822
25.49	25.50	0.028422	16.921
25.52	25.50	0.028439	17.022
25.52	25.50	0.028455	17.121
25.52	25.50	0.028472	17.222
25.52	25.50	0.028489	17.321
25.52	25.50	0.028505	17.422
25.52	25.50	0.028522	17.521
25.52	25.50	0.028539	17.622
25.52	25.50	0.028555	17.722
25.52	25.50	0.028572	17.821
25.52	25.50	0.028589	17.922
25.49	25.50	0.028605	18.021
25.49	25.50	0.028622	18.122
25.49	25.50	0.028639	18.221
25.49	25.50	0.028655	18.322
25.49	25.50	0.028672	18.421
25.49	25.50	0.028689	18.522
25.49	25.50	0.028705	18.622
25.49	25.50	0.028722	18.721
25.49	25.50	0.028739	18.822
25.49	25.50	0.028755	18.921
25.49	25.50	0.028772	19.022
25.49	25.50	0.028788	19.121
25.49	25.50	0.028805	19.222
25.49	25.50	0.028822	19.322
25.49	25.50	0.028838	19.421
25.49	25.50	0.028855	19.522
25.49	25.50	0.028872	19.621
25.52	25.50	0.028888	19.722
25.52	25.50	0.028905	19.821
25.52	25.50	0.028922	19.922
25.52	25.50	0.028938	20.021
25.52	25.50	0.028955	20.122
25.52	25.50	0.028972	20.222
25.52	25.50	0.028988	20.321
25.52	25.50	0.029005	20.422
25.52	25.50	0.029022	20.521
25.52	25.50	0.029038	20.622
25.49	25.50	0.029055	20.721
25.49	25.50	0.029072	20.822
25.49	25.50	0.029088	20.921
25.49	25.50	0.029105	21.021
25.49	25.50	0.029122	21.122
25.49	25.50	0.029138	21.221
25.49	25.50	0.029155	21.321
25.49	25.50	0.029172	21.446
25.49	25.50	0.029188	21.545
25.49	25.50	0.029205	21.650
25.49	25.50	0.029222	21.745
25.49	25.50	0.029238	21.845
25.49	25.50	0.029255	21.949
25.49	25.50	0.029272	22.044
25.49	25.50	0.029288	22.143
25.49	25.50	0.029305	22.248
25.52	25.50	0.029322	22.342
25.52	25.50	0.029338	22.442
25.52	25.50	0.029355	22.546
25.52	25.50	0.029372	22.641
25.52	25.50	0.029388	22.741
25.52	25.50	0.029405	22.845
25.52	25.50	0.029422	22.940
25.52	25.50	0.029438	23.041
25.52	25.50	0.029455	23.145
25.52	25.50	0.029472	23.238
25.52	25.50	0.029488	23.341
25.49	25.50	0.029505	23.443
25.49	25.50	0.029522	23.537
25.49	25.50	0.029538	23.640
25.49	25.50	0.029555	23.742
25.49	25.50	0.029572	23.836
25.49	25.50	0.029588	23.941
25.49	25.50	0.029605	24.040
25.49	25.50	0.029621	24.135
25.49	25.50	0.029638	24.239
25.49	25.50	0.029655	24.339
25.49	25.50	0.029671	24.434
25.49	25.50	0.029688	24.538
25.49	25.50	0.029705	24.638
25.49	25.50	0.029721	24.732
25.49	25.50	0.029738	24.837
25.49	25.50	0.029755	24.936
25.49	25.50	0.029771	25.031
25.49	25.50	0.029788	25.135
25.49	25.50	0.029805	25.230
25.49	25.50	0.029821	25.330
25.49	25.50	0.029838	25.434
25.52	25.50	0.029855	25.530
25.52	25.50	0.029871	25.629
25.52	25.50	0.029888	25.734
25.52	25.50	0.029905	25.828
25.52	25.50	0.029921	25.928
25.52	25.50	0.029938	26.032
25.52	25.50	0.029955	26.127
25.52	25.50	0.029971	26.227
25.52	25.50	0.029988	26.331
25.52	25.50	0.030005	26.426
25.52	25.50	0.030021	26.525
25.52	25.50	0.030038	26.630
25.52	25.50	0.030055	26.724
25.49	25.50	0.030071	26.824
25.49	25.50	0.030088	26.929
25.49	25.51	0.030105	27.023
25.49	25.51	0.030121	27.123
25.49	25.51	0.030138	27.227
25.49	25.51	0.030155	27.323
25.49	25.51	0.030171	27.422
25.49	25.51	0.030188	27.526
25.49	25.51	0.030205	27.622
25.49	25.51	0.030221	27.723
25.49	25.51	0.030238	27.825
25.49	25.51	0.030255	27.922
25.52	25.51	0.030271	28.023
25.52	25.51	0.030288	28.123
25.52	25.51	0.030305	28.223
25.52	25.52	0.030321	28.322
25.52	25.52	0.030338	28.423
25.52	25.52	0.030355	28.522
25.52	25.52	0.030371	28.623
25.52	25.52	0.030388	28.723
25.52	25.52	0.030405	28.822
25.52	25.52	0.030421	28.923
25.52	25.52	0.030438	29.022
25.52	25.52	0.030454	29.123
25.52	25.52	0.030471	29.222
25.52	25.52	0.030488	29.323
25.52	25.52	0.030504	29.423
25.52	25.52	0.030521	29.522
25.52	25.53	0.030538	29.623
25.52	25.53	0.030554	29.722
25.52	25.53	0.030571	29.823
25.52	25.53	0.030588	29.922
25.52	25.53	0.030604	30.023
25.52	25.53	0.030621	30.122
25.52	25.53	0.030638	30.223
25.52	25.53	0.030654	30.323
25.52	25.53	0.030671	30.422
25.52	25.53	0.030688	30.523
25.54	25.53	0.030704	30.622
25.54	25.53	0.030721	30.722
25.54	25.53	0.030738	30.823
25.54	25.54	0.030754	30.922
25.54	25.54	0.030771	31.023
25.54	25.54	0.030788	31.123
25.54	25.54	0.030804	31.222
25.54	25.54	0.030821	31.323
25.54	25.54	0.030838	31.422
25.54	25.54	0.030854	31.523
25.54	25.54	0.030871	31.622
25.54	25.54	0.030888	31.723
25.54	25.54	0.030904	31.823
25.54	25.54	0.030921	31.922
25.54	25.54	0.030938	32.023
25.54	25.54	0.030954	32.122
25.54	25.55	0.030971	32.223
25.54	25.55	0.030988	32.322
25.54	25.55	0.031004	32.423
25.54	25.55	0.031021	32.522
25.54	25.55	0.031038	32.623
25.54	25.55	0.031054	32.723
25.54	25.55	0.031071	32.822
25.54	25.55	0.031088	32.923
25.57	25.55	0.031104	33.022
25.57	25.55	0.031121	33.123
25.57	25.55	0.031138	33.222
25.57	25.55	0.031154	33.322
25.57	25.55	0.031171	33.447
25.57	25.56	0.031188	33.546
25.57	25.56	0.031204	33.651
25.57	25.56	0.031221	33.745
25.57	25.56	0.031238	33.845
25.57	25.56	0.031254	33.949
25.57	25.56	0.031271	34.044
25.57	25.56	0.031287	34.144
25.57	25.56	0.031304	34.248
25.57	25.56	0.031321	34.343
25.57	25.56	0.031337	34.442
25.54	25.56	0.031354	34.547
25.54	25.56	0.031371	34.641
25.54	25.56	0.031387	34.741
25.54	25.57	0.031404	34.846
25.54	25.57	0.031421	34.940
25.54	25.57	0.031437	35.040
25.54	25.57	0.031454	35.144
25.54	25.57	0.031471	35.239
25.57	25.57	0.031487	35.339
25.57	25.57	0.031504	35.443
25.57	25.57	0.031521	35.538
25.57	25.57	0.031537	35.639
25.57	25.57	0.031554	35.742
25.57	25.57	0.031571	35.837
25.57	25.57	0.031587	35.939
25.57	25.57	0.031604	36.041
25.57	25.58	0.031621	36.135
25.59	25.58	0.031637	36.239
25.59	25.58	0.031654	36.340
25.59	25.58	0.031671	36.434
25.59	25.58	0.031687	36.539
25.59	25.58	0.031704	36.638
25.59	25.58	0.031721	36.733
25.59	25.58	0.031737	36.837
25.59	25.58	0.031754	36.937
25.59	25.58	0.031771	37.031
25.59	25.58	0.031787	37.136
25.59	25.58	0.031804	37.236
25.59	25.58	0.031821	37.330
25.59	25.59	0.031837	37.435
25.59	25.59	0.031854	37.534
25.59	25.59	0.031871	37.629
25.59	25.59	0.031887	37.733
25.59	25.59	0.031904	37.828
25.59	25.59	0.031921	37.928
25.59	25.59	0.031937	38.032
25.59	25.59	0.031954	38.127
25.59	25.59	0.031971	38.227
25.59	25.59	0.031987	38.332
25.59	25.59	0.032004	38.425
25.59	25.59	0.032021	38.526
25.59	25.59	0.032037	38.630
25.59	25.60	0.032054	38.725
25.59	25.60	0.032071	38.825
25.59	25.60	0.032087	38.929
25.59	25.60	0.032104	39.024
25.59	25.60	0.032120	39.123
25.59	25.60	0.032137	39.228
25.62	25.60	0.032154	39.323
25.62	25.60	0.032170	39.424
25.62	25.60	0.032187	39.526
25.62	25.60	0.032204	39.623
25.62	25.60	0.032220	39.724
25.62	25.60	0.032237	39.825
25.62	25.60	0.032254	39.925
25.62	25.61	0.032270	40.024
25.62	25.61	0.032287	40.125
25.62	25.61	0.032304	40.224
25.62	25.61	0.032320	40.325
25.62	25.61	0.032337	40.425
25.62	25.61	0.032354	40.524
25.59	25.61	0.032370	40.625
25.59	25.61	0.032387	40.724
25.59	25.61	0.032404	40.825
25.59	25.61	0.032420	40.924
25.59	25.61	0.032437	41.024
25.59	25.61	0.032454	41.125
25.59	25.61	0.032470	41.225
25.59	25.62	0.032487	41.324
25.59	25.62	0.032504	41.425
25.62	25.62	0.032520	41.524
25.62	25.62	0.032537	41.625
25.62	25.62	0.032554	41.724
25.62	25.62	0.032570	41.825
25.62	25.62	0.032587	41.924
25.62	25.62	0.032604	42.025
25.62	25.62	0.032620	42.125
25.62	25.62	0.032637	42.224
25.62	25.62	0.032654	42.325
25.62	25.62	0.032670	42.424
25.62	25.62	0.032687	42.525
25.62	25.62	0.032704	42.624
25.62	25.63	0.032720	42.725
25.65	25.63	0.032737	42.824
25.65	25.63	0.032754	42.924
25.65	25.63	0.032770	43.025
25.65	25.63	0.032787	43.124
25.65	25.63	0.032804	43.225
25.65	25.63	0.032820	43.324
25.65	25.63	0.032837	43.425
25.65	25.63	0.032854	43.524
25.65	25.63	0.032870	43.625
25.65	25.63	0.032887	43.724
25.65	25.63	0.032904	43.825
25.65	25.63	0.032920	43.924
25.62	25.64	0.032937	44.025
25.62	25.64	0.032953	44.124
25.62	25.64	0.032970	44.225
25.62	25.64	0.032987	44.324
25.62	25.64	0.033003	44.425
25.62	25.64	0.033020	44.525
25.62	25.64	0.033037	44.624
25.62	25.64	0.033053	44.724
25.62	25.64	0.033070	44.825
25.62	25.64	0.033087	44.924
25.62	25.64	0.033103	45.054
25.65	25.64	0.033120	45.153
25.65	25.64	0.033137	45.248
25.65	25.65	0.033153	45.352
25.65	25.65	0.033170	45.447
25.65	25.65	0.033187	45.547
25.65	25.65	0.033203	45.651
25.65	25.65	0.033220	45.746
25.65	25.65	0.033237	45.845
25.65	25.65	0.033253	45.950
25.65	25.65	0.033270	46.044
25.65	25.65	0.033287	46.144
25.65	25.65	0.033303	46.249
25.65	25.65	0.033320	46.343
25.65	25.65	0.033337	46.443
25.65	25.65	0.033353	46.547
25.65	25.66	0.033370	46.642
25.67	25.66	0.033387	46.741
25.67	25.66	0.033403	46.846
25.67	25.66	0.033420	46.941
25.67	25.66	0.033437	47.041
25.67	25.66	0.033453	47.145
25.67	25.66	0.033470	47.240
25.67	25.66	0.033487	47.340
25.67	25.66	0.033503	47.444
25.67	25.66	0.033520	47.539
25.67	25.66	0.033537	47.638
25.67	25.66	0.033553	47.743
25.67	25.66	0.033570	47.838
25.67	25.67	0.033587	47.937
25.67	25.67	0.033603	48.042
25.67	25.67	0.033620	48.136
25.67	25.67	0.033637	48.237
25.67	25.67	0.033653	48.340
25.67	25.67	0.033670	48.435
25.67	25.67	0.033687	48.537
25.67	25.67	0.033703	48.639
25.67	25.67	0.033720	48.734
25.67	25.67	0.033737	48.836
25.67	25.67	0.033753	48.938
25.67	25.67	0.033770	49.032
25.67	25.67	0.033786	49.136
25.67	25.68	0.033803	49.236
25.67	25.68	0.033820	49.331
25.67	25.68	0.033836	49.436
25.67	25.68	0.033853	49.535
25.67	25.68	0.033870	49.630
25.67	25.68	0.033886	49.734
25.67	25.68	0.033903	49.834
25.67	25.68	0.033920	49.928
25.67	25.68	0.033936	50.033
25.67	25.68	0.033953	50.133
25.67	25.68	0.033970	50.227
25.67	25.68	0.033986	50.332
25.67	25.68	0.034003	50.426
25.67	25.69	0.034020	50.526
25.67	25.69	0.034036	50.630
25.67	25.69	0.034053	50.725
25.70	25.69	0.034070	50.824
25.70	25.69	0.034086	50.929
25.70	25.69	0.034103	51.025
25.70	25.69	0.034120	51.124
25.70	25.69	0.034136	51.228
25.70	25.69	0.034153	51.324
25.70	25.69	0.034170	51.425
25.70	25.69	0.034186	51.526
25.70	25.69	0.034203	51.625
25.70	25.69	0.034220	51.726
25.70	25.70	0.034236	51.826
25.70	25.70	0.034253	51.926
25.70	25.70	0.034270	52.025
25.70	25.70	0.034286	52.126
25.70	25.70	0.034303	52.225
25.70	25.70	0.034320	52.326
25.70	25.70	0.034336	52.425
25.70	25.70	0.034353	52.526
25.70	25.70	0.034370	52.626
25.70	25.70	0.034386	52.725
25.70	25.70	0.034403	52.825
25.70	25.70	0.034420	52.926
25.70	25.70	0.034436	53.025
25.70	25.71	0.034453	53.126
25.70	25.71	0.034470	53.225
25.70	25.71	0.034486	53.326
25.70	25.71	0.034503	53.426
25.70	25.71	0.034520	53.525
25.70	25.71	0.034536	53.626
25.70	25.71	0.034553	53.725
25.72	25.71	0.034570	53.826
25.72	25.71	0.034586	53.926
25.72	25.71	0.034603	54.025
25.72	25.71	0.034619	54.126
25.72	25.71	0.034636	54.225
25.72	25.71	0.034653	54.325
25.72	25.72	0.034669	54.425
25.72	25.72	0.034686	54.526
25.72	25.72	0.034703	54.625
25.72	25.72	0.034719	54.726
25.72	25.72	0.034736	54.826
25.72	25.72	0.034753	54.925
25.72	25.72	0.034769	55.025
25.72	25.72	0.034786	55.126
25.72	25.72	0.034803	55.225
25.72	25.72	0.034819	55.326
25.72	25.72	0.034836	55.425
25.72	25.72	0.034853	55.526
25.72	25.72	0.034869	55.625
25.72	25.73	0.034886	55.726
25.72	25.73	0.034903	55.825
25.72	25.73	0.034919	55.926
25.72	25.73	0.034936	56.025
25.72	25.73	0.034953	56.125
25.72	25.73	0.034969	56.226
25.72	25.73	0.034986	56.326
25.72	25.73	0.035003	56.425
25.72	25.73	0.035019	56.526
25.72	25.73	0.035036	56.625
25.75	25.73	0.035053	56.725
25.75	25.73	0.035069	56.855
25.75	25.73	0.035086	56.949
25.75	25.74	0.035103	57.054
25.75	25.74	0.035119	57.154
25.75	25.74	0.035136	57.249
25.75	25.74	0.035153	57.353
25.75	25.74	0.035169	57.453
25.75	25.74	0.035186	57.547
25.75	25.74	0.035203	57.652
25.75	25.74	0.035219	57.752
25.75	25.74	0.035236	57.846
25.75	25.74	0.035253	57.950
25.75	25.74	0.035269	58.050
25.75	25.74	0.035286	58.144
25.75	25.74	0.035303	58.250
25.75	25.75	0.035319	58.344
25.75	25.75	0.035336	58.443
25.75	25.75	0.035353	58.548
25.72	25.75	0.035369	58.642
25.72	25.75	0.035386	58.742
25.72	25.75	0.035403	58.846
25.72	25.75	0.035419	58.941
25.72	25.75	0.035436	59.041
25.75	25.75	0.035452	59.146
25.75	25.75	0.035469	59.241
25.75	25.75	0.035486	59.340
25.75	25.75	0.035502	59.445
25.75	25.75	0.035519	59.539
25.75	25.76	0.035536	59.639
25.75	25.76	0.035552	59.743
25.75	25.76	0.035569	59.838
25.75	25.76	0.035586	59.938
25.75	25.76	0.035602	00.042
25.75	25.76	0.035619	00.137
25.75	25.76	0.035636	00.236
25.77	25.76	0.035652	00.341
25.77	25.76	0.035669	00.435
25.77	25.76	0.035686	00.535
25.77	25.76	0.035702	00.639
25.77	25.76	0.035719	00.734
25.77	25.76	0.035736	00.835
25.77	25.77	0.035752	00.938
25.77	25.77	0.035769	01.033
25.77	25.77	0.035786	01.134
25.77	25.77	0.035802	01.237
25.77	25.77	0.035819	01.331
25.77	25.77	0.035836	01.434
25.77	25.77	0.035852	01.536
25.77	25.77	0.035869	01.630
25.77	25.77	0.035886	01.734
25.77	25.77	0.035902	01.834
25.77	25.77	0.035919	01.929
25.77	25.77	0.035936	02.033
25.77	25.77	0.035952	02.133
25.77	25.78	0.035969	02.228
25.77	25.78	0.035986	02.332
25.77	25.78	0.036002	02.432
25.77	25.78	0.036019	02.526
25.77	25.78	0.036036	02.631
25.77	25.78	0.036052	02.730
25.77	25.78	0.036069	02.826
25.80	25.78	0.036086	02.930
25.80	25.78	0.036102	03.030
25.80	25.78	0.036119	03.126
25.80	25.78	0.036136	03.229
25.80	25.78	0.036152	03.330
25.80	25.78	0.036169	03.425
25.80	25.79	0.036186	03.528
25.80	25.79	0.036202	03.629
25.80	25.79	0.036219	03.726
25.80	25.79	0.036236	03.827
25.80	25.79	0.036252	03.929
25.80	25.79	0.036269	04.025
25.80	25.79	0.036285	04.126
25.80	25.79	0.036302	04.229
25.80	25.79	0.036319	04.326
25.80	25.79	0.036335	04.425
25.77	25.79	0.036352	04.529
25.77	25.79	0.036369	04.625
25.77	25.79	0.036385	04.726
25.77	25.80	0.036402	04.830
25.77	25.80	0.036419	04.925
25.77	25.80	0.036435	05.026
25.77	25.80	0.036452	05.129
25.80	25.80	0.036469	05.226
25.80	25.80	0.036485	05.325
25.80	25.80	0.036502	05.429
25.80	25.80	0.036519	05.525
25.80	25.80	0.036535	05.626
25.80	25.80	0.036552	05.729
25.80	25.80	0.036569	05.825
25.80	25.80	0.036585	05.927
25.80	25.80	0.036602	06.029
25.80	25.81	0.036619	06.127
25.80	25.81	0.036635	06.226
25.80	25.81	0.036652	06.329
25.83	25.81	0.036669	06.426
25.83	25.81	0.036685	06.526
25.83	25.81	0.036702	06.629
25.83	25.81	0.036719	06.726
25.83	25.81	0.036735	06.827
25.83	25.81	0.036752	06.929
25.83	25.81	0.036769	07.027
25.83	25.81	0.036785	07.126
25.83	25.81	0.036802	07.229
25.83	25.81	0.036819	07.328
25.83	25.82	0.036835	07.427
25.83	25.82	0.036852	07.529
25.83	25.82	0.036869	07.627
25.80	25.82	0.036885	07.728
25.80	25.82	0.036902	07.828
25.80	25.82	0.036919	07.928
25.80	25.82	0.036935	08.027
25.80	25.82	0.036952	08.129
25.80	25.82	0.036969	08.228
25.80	25.82	0.036985	08.327
25.80	25.82	0.037002	08.429
25.80	25.82	0.037019	08.527
25.83	25.82	0.037035	08.652
25.83	25.83	0.037052	08.728
25.83	25.83	0.037069	08.856
25.83	25.83	0.037085	08.950
25.83	25.83	0.037102	09.028
25.83	25.83	0.037118	09.155
25.83	25.83	0.037135	09.249
25.83	25.83	0.037152	09.328
25.83	25.83	0.037168	09.454
25.83	25.83	0.037185	09.548
25.83	25.83	0.037202	09.653
25.83	25.83	0.037218	09.752
25.83	25.83	0.037235	09.847
25.83	25.83	0.037252	09.951
25.83	25.84	0.037268	10.051
25.85	25.84	0.037285	10.146
25.85	25.84	0.037302	10.250
25.85	25.84	0.037318	10.350
25.85	25.84	0.037335	10.444
25.85	25.84	0.037352	10.549
25.85	25.84	0.037368	10.648
25.85	25.84	0.037385	10.743
25.85	25.84	0.037402	10.847
25.85	25.84	0.037418	10.942
25.85	25.84	0.037435	11.042
25.85	25.84	0.037452	11.146
25.85	25.84	0.037468	11.241
25.85	25.84	0.037485	11.340
25.85	25.85	0.037502	11.445
25.85	25.85	0.037518	11.539
25.85	25.85	0.037535	11.639
25.85	25.85	0.037552	11.744
25.83	25.85	0.037568	11.838
25.83	25.85	0.037585	11.938
25.83	25.85	0.037602	12.042
25.83	25.85	0.037618	12.137
25.83	25.85	0.037635	12.236
25.83	25.85	0.037652	12.341
25.83	25.85	0.037668	12.435
25.85	25.85	0.037685	12.535
25.85	25.85	0.037702	12.640
25.85	25.86	0.037718	12.734
25.85	25.86	0.037735	12.834
25.85	25.86	0.037752	12.938
25.85	25.86	0.037768	13.033
25.85	25.86	0.037785	13.132
25.85	25.86	0.037802	13.237
25.85	25.86	0.037818	13.332
25.85	25.86	0.037835	13.432
25.85	25.86	0.037852	13.537
25.88	25.86	0.037868	13.631
25.88	25.86	0.037885	13.732
25.88	25.86	0.037902	13.835
25.88	25.86	0.037918	13.930
25.88	25.87	0.037935	14.031
25.88	25.87	0.037951	14.134
25.88	25.87	0.037968	14.229
25.88	25.87	0.037985	14.332
25.88	25.87	0.038001	14.433
25.88	25.87	0.038018	14.528
25.88	25.87	0.038035	14.632
25.88	25.87	0.038051	14.731
25.88	25.87	0.038068	14.829
25.88	25.87	0.038085	14.931
25.88	25.87	0.038101	15.030
25.88	25.87	0.038118	15.129
25.88	25.87	0.038135	15.229
25.88	25.88	0.038151	15.329
25.88	25.88	0.038168	15.428
25.88	25.88	0.038185	15.529
25.88	25.88	0.038201	15.628
25.88	25.88	0.038218	15.729
25.88	25.88	0.038235	15.829
25.88	25.88	0.038251	15.928
25.88	25.88	0.038268	16.029
25.88	25.88	0.038285	16.128
25.88	25.88	0.038301	16.229
25.88	25.88	0.038318	16.328
25.88	25.88	0.038335	16.429
25.88	25.88	0.038351	16.529
25.88	25.89	0.038368	16.628
25.88	25.89	0.038385	16.728
25.88	25.89	0.038401	16.828
25.88	25.89	0.038418	16.929
25.88	25.89	0.038435	17.028
25.88	25.89	0.038451	17.129
25.88	25.89	0.038468	17.228
25.88	25.89	0.038485	17.329
25.88	25.89	0.038501	17.429
25.88	25.89	0.038518	17.528
25.88	25.89	0.038535	17.629
25.88	25.89	0.038551	17.728
25.88	25.89	0.038568	17.829
25.88	25.90	0.038585	17.928
25.90	25.90	0.038601	18.029
25.90	25.90	0.038618	18.128
25.90	25.90	0.038635	18.229
25.90	25.90	0.038651	18.329
25.90	25.90	0.038668	18.428
25.90	25.90	0.038685	18.529
25.90	25.90	0.038701	18.628
25.90	25.90	0.038718	18.729
25.90	25.90	0.038735	18.828
25.90	25.90	0.038751	18.928
25.90	25.90	0.038768	19.029
25.90	25.90	0.038784	19.128
25.90	25.91	0.038801	19.229
25.90	25.91	0.038818	19.328
25.90	25.91	0.038834	19.429
25.90	25.91	0.038851	19.528
25.90	25.91	0.038868	19.629
25.93	25.91	0.038884	19.729
25.93	25.91	0.038901	19.828
25.93	25.91	0.038918	19.929
25.93	25.91	0.038934	20.028
25.93	25.91	0.038951	20.129
25.93	25.91	0.038968	20.228
25.93	25.91	0.038984	20.329
25.93	25.91	0.039001	20.428
25.93	25.92	0.039018	20.528
25.93	25.92	0.039034	20.652
25.93	25.92	0.039051	20.752
25.93	25.92	0.039068	20.856
25.93	25.92	0.039084	20.951
25.93	25.92	0.039101	21.051
25.90	25.92	0.039118	21.155
25.90	25.92	0.039134	21.250
25.90	25.92	0.039151	21.350
25.90	25.92	0.039168	21.454
25.90	25.92	0.039184	21.548
25.90	25.92	0.039201	21.650
25.90	25.92	0.039218	21.753
25.90	25.93	0.039234	21.847
25.93	25.93	0.039251	21.951
25.93	25.93	0.039268	22.051
25.93	25.93	0.039284	22.146
25.93	25.93	0.039301	22.250
25.93	25.93	0.039318	22.350
25.93	25.93	0.039334	22.445
25.93	25.93	0.039351	22.549
25.93	25.93	0.039368	22.649
25.93	25.93	0.039384	22.743
25.93	25.93	0.039401	22.848
25.93	25.93	0.039418	22.947
25.93	25.93	0.039434	23.042
25.93	25.94	0.039451	23.146
25.93	25.94	0.039468	23.246
25.93	25.94	0.039484	23.341
25.93	25.94	0.039501	23.445
25.95	25.94	0.039518	23.540
25.95	25.94	0.039534	23.639
25.95	25.94	0.039551	23.745
25.95	25.94	0.039568	23.838
25.95	25.94	0.039584	23.939
25.95	25.94	0.039601	24.043
25.95	25.94	0.039617	24.138
25.95	25.94	0.039634	24.237
25.95	25.94	0.039651	24.342
25.95	25.95	0.039667	24.436
25.95	25.95	0.039684	24.536
25.95	25.95	0.039701	24.640
25.95	25.95	0.039717	24.735
25.95	25.95	0.039734	24.835
25.95	25.95	0.039751	24.939
25.95	25.95	0.039767	25.034
25.95	25.95	0.039784	25.133
25.95	25.95	0.039801	25.238
25.95	25.95	0.039817	25.332
25.95	25.95	0.039834	25.432
25.95	25.95	0.039851	25.536
25.95	25.95	0.039867	25.631
25.95	25.96	0.039884	25.731
25.95	25.96	0.039901	25.835
25.95	25.96	0.039917	25.930
25.95	25.96	0.039934	26.029
25.95	25.96	0.039951	26.134
25.95	25.96	0.039967	26.229
25.95	25.96	0.039984	26.330
25.95	25.96	0.040001	26.433
25.95	25.96	0.040017	26.529
25.95	25.96	0.040034	26.630
25.95	25.96	0.040051	26.731
25.98	25.96	0.040067	26.830
25.98	25.96	0.040084	26.929
25.98	25.97	0.040101	27.031
25.98	25.97	0.040117	27.129
25.98	25.97	0.040134	27.229
25.98	25.97	0.040151	27.330
25.98	25.97	0.040167	27.429
25.98	25.97	0.040184	27.530
25.98	25.97	0.040201	27.629
25.98	25.97	0.040217	27.730
25.98	25.97	0.040234	27.829
25.98	25.97	0.040251	27.930
25.98	25.97	0.040267	28.031
25.98	25.97	0.040284	28.131
25.98	25.97	0.040301	28.230
25.98	25.98	0.040317	28.331
25.98	25.98	0.040334	28.430
25.98	25.98	0.040351	28.531
25.98	25.98	0.040367	28.630
25.98	25.98	0.040384	28.730
25.98	25.98	0.040401	28.832
25.98	25.98	0.040417	28.932
25.98	25.98	0.040434	29.031
25.98	25.98	0.040450	29.132
25.98	25.98	0.040467	29.231
25.98	25.98	0.040484	29.332
25.98	25.98	0.040500	29.431
25.98	25.98	0.040517	29.532
25.98	25.99	0.040534	29.631
25.98	25.99	0.040550	29.731
25.98	25.99	0.040567	29.832
25.98	25.99	0.040584	29.931
25.98	25.99	0.040600	30.032
25.98	25.99	0.040617	30.131
25.98	25.99	0.040634	30.232
25.98	25.99	0.040650	30.331
25.98	25.99	0.040667	30.432
25.98	25.99	0.040684	30.532
25.98	25.99	0.040700	30.631
25.98	25.99	0.040717	30.731
25.98	25.99	0.040734	30.833
25.98	26.00	0.040750	30.932
25.98	26.00	0.040767	31.033
25.98	26.00	0.040784	31.132
25.98	26.00	0.040800	31.233
25.98	26.00	0.040817	31.333
26.00	26.00	0.040834	31.432
26.00	26.00	0.040850	31.533
26.00	26.00	0.040867	31.632
26.00	26.00	0.040884	31.757
26.00	26.00	0.040900	31.856
26.00	26.00	0.040917	31.961
26.00	26.00	0.040934	32.055
26.00	26.00	0.040950	32.155
26.00	26.01	0.040967	32.259
26.03	26.01	0.040984	32.354
26.03	26.01	0.041000	32.453
26.03	26.01	0.041017	32.558
26.03	26.01	0.041034	32.652
26.03	26.01	0.041050	32.752
26.03	26.01	0.041067	32.857
26.03	26.01	0.041084	32.951
26.03	26.01	0.041100	33.051
26.03	26.01	0.041117	33.156
26.03	26.01	0.041134	33.250
26.03	26.01	0.041150	33.350
26.03	26.01	0.041167	33.455
26.03	26.02	0.041184	33.549
26.03	26.02	0.041200	33.649
26.03	26.02	0.041217	33.753
26.00	26.02	0.041234	33.848
26.00	26.02	0.041250	33.949
26.00	26.02	0.041267	34.052
26.00	26.02	0.041283	34.147
26.00	26.02	0.041300	34.248
26.00	26.02	0.041317	34.351
26.00	26.02	0.041333	34.445
26.03	26.02	0.041350	34.548
26.03	26.02	0.041367	34.649
26.03	26.02	0.041383	34.744
26.03	26.03	0.041400	34.849
26.03	26.03	0.041417	34.948
26.03	26.03	0.041433	35.043
26.03	26.03	0.041450	35.147
26.03	26.03	0.041467	35.247
26.03	26.03	0.041483	35.341
26.03	26.03	0.041500	35.446
26.03	26.03	0.041517	35.545
26.03	26.03	0.041533	35.640
26.03	26.03	0.041550	35.745
26.03	26.03	0.041567	35.844
26.03	26.03	0.041583	35.939
26.03	26.03	0.041600	36.043
26.03	26.04	0.041617	36.138
26.03	26.04	0.041633	36.237
26.03	26.04	0.041650	36.342
26.03	26.04	0.041667	36.437
26.06	26.04	0.041683	36.537
26.06	26.04	0.041700	36.642
26.06	26.04	0.041717	36.736
26.06	26.04	0.041733	36.836
26.06	26.04	0.041750	36.940
26.06	26.04	0.041767	37.035
26.06	26.04	0.041783	37.134
26.06	26.04	0.041800	37.239
26.06	26.04	0.041817	37.334
26.06	26.05	0.041833	37.433
26.06	26.05	0.041850	37.538
26.06	26.05	0.041867	37.633
26.03	26.05	0.041883	37.734
26.03	26.05	0.041900	37.836
26.03	26.05	0.041917	37.934
26.03	26.05	0.041933	38.034
26.03	26.05	0.041950	38.135
26.03	26.05	0.041967	38.234
26.03	26.05	0.041983	38.333
26.03	26.05	0.042000	38.434
26.03	26.05	0.042017	38.533
26.03	26.05	0.042033	38.634
26.06	26.06	0.042050	38.733
26.06	26.06	0.042067	38.834
26.06	26.06	0.042083	38.934
26.06	26.06	0.042100	39.033
26.06	26.06	0.042116	39.134
26.06	26.06	0.042133	39.233
26.06	26.06	0.042150	39.334
26.06	26.06	0.042166	39.433
26.06	26.06	0.042183	39.534
26.06	26.06	0.042200	39.633
26.06	26.06	0.042216	39.734
26.06	26.06	0.042233	39.834
26.06	26.06	0.042250	39.933
26.06	26.07	0.042266	40.034
26.06	26.07	0.042283	40.133
26.06	26.07	0.042300	40.234
26.08	26.07	0.042316	40.333
26.08	26.07	0.042333	40.434
26.08	26.07	0.042350	40.534
26.08	26.07	0.042366	40.635
26.08	26.07	0.042383	40.735
26.08	26.07	0.042400	40.834
26.08	26.07	0.042416	40.935
26.08	26.07	0.042433	41.034
26.08	26.07	0.042450	41.135
26.08	26.07	0.042466	41.234
26.08	26.08	0.042483	41.335
26.08	26.08	0.042500	41.435
26.08	26.08	0.042516	41.534
26.08	26.08	0.042533	41.635
26.08	26.08	0.042550	41.734
26.08	26.08	0.042566	41.835
26.08	26.08	0.042583	41.934
26.08	26.08	0.042600	42.035
26.08	26.08	0.042616	42.134
26.08	26.08	0.042633	42.235
26.08	26.08	0.042650	42.334
26.08	26.08	0.042666	42.434
26.08	26.08	0.042683	42.535
26.08	26.08	0.042700	42.634
26.08	26.09	0.042716	42.735
26.08	26.09	0.042733	42.834
26.08	26.09	0.042750	42.935
26.08	26.09	0.042766	43.034
26.08	26.09	0.042783	43.135
26.08	26.09	0.042800	43.235
26.08	26.09	0.042816	43.363
26.08	26.09	0.042833	43.463
26.08	26.09	0.042850	43.558
26.08	26.09	0.042866	43.663
26.11	26.09	0.042883	43.757
26.11	26.09	0.042900	43.857
26.11	26.09	0.042916	43.961
26.11	26.10	0.042933	44.056
26.11	26.10	0.042949	44.156
26.11	26.10	0.042966	44.260
26.11	26.10	0.042983	44.355
26.11	26.10	0.042999	44.454
26.11	26.10	0.043016	44.559
26.11	26.10	0.043033	44.653
26.11	26.10	0.043049	44.753
26.11	26.10	0.043066	44.857
26.11	26.10	0.043083	44.952
26.11	26.10	0.043099	45.052
26.11	26.10	0.043116	45.156
26.11	26.10	0.043133	45.251
26.11	26.11	0.043149	45.350
26.11	26.11	0.043166	45.455
26.11	26.11	0.043183	45.549
26.11	26.11	0.043199	45.649
26.11	26.11	0.043216	45.753
26.11	26.11	0.043233	45.848
26.11	26.11	0.043249	45.948
26.11	26.11	0.043266	46.052
26.11	26.11	0.043283	46.147
26.11	26.11	0.043299	46.246
26.11	26.11	0.043316	46.351
26.11	26.11	0.043333	46.445
26.11	26.11	0.043349	46.547
26.11	26.12	0.043366	46.650
26.11	26.12	0.043383	46.744
26.11	26.12	0.043399	46.847
26.11	26.12	0.043416	46.948
26.11	26.12	0.043433	47.043
26.11	26.12	0.043449	47.146
26.11	26.12	0.043466	47.247
26.11	26.12	0.043483	47.341
26.11	26.12	0.043499	47.446
26.11	26.12	0.043516	47.546
26.11	26.12	0.043533	47.641
26.11	26.12	0.043549	47.746
26.11	26.12	0.043566	47.845
26.11	26.13	0.043583	47.939
26.11	26.13	0.043599	48.044
26.11	26.13	0.043616	48.143
26.11	26.13	0.043633	48.238
26.11	26.13	0.043649	48.343
26.11	26.13	0.043666	48.442
26.13	26.13	0.043683	48.537
26.13	26.13	0.043699	48.641
26.13	26.13	0.043716	48.736
26.13	26.13	0.043733	48.835
26.13	26.13	0.043749	48.940
26.13	26.13	0.043766	49.036
26.13	26.13	0.043782	49.135
26.13	26.14	0.043799	49.240
26.13	26.14	0.043816	49.335
26.13	26.14	0.043832	49.436
26.13	26.14	0.043849	49.537
26.13	26.14	0.043866	49.636
26.16	26.14	0.043882	49.735
26.16	26.14	0.043899	49.837
26.16	26.14	0.043916	49.936
26.16	26.14	0.043932	50.035
26.16	26.14	0.043949	50.136
26.16	26.14	0.043966	50.235
26.16	26.14	0.043982	50.336
26.16	26.14	0.043999	50.435
26.16	26.15	0.044016	50.536
26.16	26.15	0.044032	50.636
26.16	26.15	0.044049	50.735
26.16	26.15	0.044066	50.836
26.16	26.15	0.044082	50.935
26.16	26.15	0.044099	51.036
26.16	26.15	0.044116	51.135
26.16	26.15	0.044132	51.236
26.16	26.15	0.044149	51.335
26.13	26.15	0.044166	51.436
26.13	26.15	0.044182	51.536
26.13	26.15	0.044199	51.635
26.13	26.15	0.044216	51.736
26.13	26.16	0.044232	51.835
26.13	26.16	0.044249	51.936
26.13	26.16	0.044266	52.035
26.13	26.16	0.044282	52.136
26.16	26.16	0.044299	52.236
26.16	26.16	0.044316	52.335
26.16	26.16	0.044332	52.436
26.16	26.16	0.044349	52.535
26.16	26.16	0.044366	52.636
26.16	26.16	0.044382	52.735
26.16	26.16	0.044399	52.836
26.16	26.16	0.044416	52.935
26.16	26.16	0.044432	53.036
26.16	26.17	0.044449	53.136
26.16	26.17	0.044466	53.235
26.18	26.17	0.044482	53.336
26.18	26.17	0.044499	53.435
26.18	26.17	0.044516	53.536
26.18	26.17	0.044532	53.635
26.18	26.17	0.044549	53.736
26.18	26.17	0.044566	53.835
26.18	26.17	0.044582	53.936
26.18	26.17	0.044599	54.036
26.18	26.17	0.044615	54.135
26.18	26.17	0.044632	54.236
26.18	26.17	0.044649	54.335
26.18	26.18	0.044665	54.436
26.18	26.18	0.044682	54.535
26.18	26.18	0.044699	54.636
26.18	26.18	0.044715	54.736
26.18	26.18	0.044732	54.835
26.18	26.18	0.044749	54.936
26.18	26.18	0.044765	55.035
26.18	26.18	0.044782	55.135
26.18	26.18	0.044799	55.234
26.18	26.18	0.044815	55.364
26.18	26.18	0.044832	55.463
26.18	26.18	0.044849	55.558
26.18	26.18	0.044865	55.662
26.18	26.19	0.044882	55.763
26.18	26.19	0.044899	55.857
26.18	26.19	0.044915	55.962
26.18	26.19	0.044932	56.061
26.21	26.19	0.044949	56.156
26.21	26.19	0.044965	56.261
26.21	26.19	0.044982	56.355
26.21	26.19	0.044999	56.455
26.21	26.19	0.045015	56.560
26.21	26.19	0.045032	56.654
26.21	26.19	0.045049	56.754
26.21	26.19	0.045065	56.858
26.21	26.19	0.045082	56.953
26.21	26.20	0.045099	57.052
26.21	26.20	0.045115	57.157
26.21	26.20	0.045132	57.251
26.21	26.20	0.045149	57.351
26.18	26.20	0.045165	57.456
26.18	26.20	0.045182	57.550
26.18	26.20	0.045199	57.650
26.18	26.20	0.045215	57.754
26.18	26.20	0.045232	57.849
26.18	26.20	0.045249	57.948
26.18	26.20	0.045265	58.053
26.18	26.20	0.045282	58.148
26.18	26.20	0.045299	58.247
26.18	26.21	0.045315	58.352
26.18	26.21	0.045332	58.446
26.21	26.21	0.045349	58.546
26.21	26.21	0.045365	58.650
26.21	26.21	0.045382	58.745
26.21	26.21	0.045399	58.844
26.21	26.21	0.045415	58.950
26.21	26.21	0.045432	59.044
26.21	26.21	0.045448	59.145
26.21	26.21	0.045465	59.248
26.21	26.21	0.045482	59.343
26.21	26.21	0.045498	59.444
26.21	26.21	0.045515	59.547
26.21	26.22	0.045532	59.641
26.24	26.22	0.045548	59.745
26.24	26.22	0.045565	59.846
26.24	26.22	0.045582	59.940
26.24	26.22	0.045598	00.045
26.24	26.22	0.045615	00.144
26.24	26.22	0.045632	00.239
26.24	26.22	0.045648	00.343
26.24	26.22	0.045665	00.443
26.24	26.22	0.045682	00.538
26.24	26.22	0.045698	00.642
26.21	26.22	0.045715	00.742
26.21	26.22	0.045732	00.837
26.21	26.23	0.045748	00.941
26.21	26.23	0.045765	01.040
26.21	26.23	0.045782	01.138
26.21	26.23	0.045798	01.239
26.21	26.23	0.045815	01.340
26.21	26.23	0.045832	01.438
26.21	26.23	0.045848	01.538
26.21	26.23	0.045865	01.640
26.24	26.23	0.045882	01.737
26.24	26.23	0.045898	01.838
26.24	26.23	0.045915	01.940
26.24	26.23	0.045932	02.037
26.24	26.23	0.045948	02.138
26.24	26.24	0.045965	02.240
26.24	26.24	0.045982	02.337
26.24	26.24	0.045998	02.438
26.24	26.24	0.046015	02.539
26.24	26.24	0.046032	02.638
26.24	26.24	0.046048	02.737
26.24	26.24	0.046065	02.840
26.24	26.24	0.046082	02.938
26.24	26.24	0.046098	03.037
26.24	26.24	0.046115	03.140
26.24	26.24	0.046132	03.237
26.24	26.24	0.046148	03.338
26.24	26.24	0.046165	03.439
26.24	26.25	0.046182	03.538
26.26	26.25	0.046198	03.637
26.26	26.25	0.046215	03.739
26.26	26.25	0.046232	03.838
26.26	26.25	0.046248	03.937
26.26	26.25	0.046265	04.040
26.26	26.25	0.046281	04.137
26.26	26.25	0.046298	04.238
26.26	26.25	0.046315	04.339
26.26	26.25	0.046331	04.438
26.26	26.25	0.046348	04.537
26.26	26.25	0.046365	04.639
26.26	26.25	0.046381	04.738
26.26	26.26	0.046398	04.837
26.26	26.26	0.046415	04.940
26.26	26.26	0.046431	05.037
26.26	26.26	0.046448	05.138
26.26	26.26	0.046465	05.239
26.26	26.26	0.046481	05.338
26.26	26.26	0.046498	05.438
26.26	26.26	0.046515	05.539
26.26	26.26	0.046531	05.638
26.26	26.26	0.046548	05.737
26.26	26.26	0.046565	05.839
26.26	26.26	0.046581	05.937
26.26	26.26	0.046598	06.038
26.26	26.27	0.046615	06.139
26.26	26.27	0.046631	06.238
26.26	26.27	0.046648	06.338
26.26	26.27	0.046665	06.439
26.26	26.27	0.046681	06.538
26.26	26.27	0.046698	06.637
26.26	26.27	0.046715	06.739
26.26	26.27	0.046731	06.837
26.26	26.27	0.046748	06.961
26.26	26.27	0.046765	07.038
26.26	26.27	0.046781	07.166
26.26	26.27	0.046798	07.261
26.26	26.27	0.046815	07.339
26.26	26.28	0.046831	07.465
26.26	26.28	0.046848	07.559
26.26	26.28	0.046865	07.639
26.26	26.28	0.046881	07.763
26.26	26.28	0.046898	07.858
26.26	26.28	0.046915	07.962
26.29	26.28	0.046931	08.062
26.29	26.28	0.046948	08.157
26.29	26.28	0.046965	08.261
26.29	26.28	0.046981	08.361
26.29	26.28	0.046998	08.455
26.29	26.28	0.047015	08.560
26.29	26.28	0.047031	08.659
26.29	26.29	0.047048	08.754
26.29	26.29	0.047065	08.858
26.29	26.29	0.047081	08.953
26.29	26.29	0.047098	09.053
26.29	26.29	0.047114	09.157
26.29	26.29	0.047131	09.252
26.29	26.29	0.047148	09.351
26.31	26.29	0.047164	09.456
26.31	26.29	0.047181	09.550
26.31	26.29	0.047198	09.650
26.31	26.29	0.047214	09.755
26.31	26.29	0.047231	09.849
26.31	26.29	0.047248	09.949
26.31	26.30	0.047264	10.054
26.31	26.30	0.047281	10.148
26.31	26.30	0.047298	10.247
26.31	26.30	0.047314	10.352
26.31	26.30	0.047331	10.447
26.29	26.30	0.047348	10.546
26.29	26.30	0.047364	10.651
26.29	26.30	0.047381	10.745
26.29	26.30	0.047398	10.845
26.29	26.30	0.047414	10.950
26.29	26.30	0.047431	11.044
26.29	26.30	0.047448	11.144
26.29	26.30	0.047464	11.249
26.29	26.30	0.047481	11.343
26.29	26.31	0.047498	11.443
26.31	26.31	0.047514	11.547
26.31	26.31	0.047531	11.642
26.31	26.31	0.047548	11.742
26.31	26.31	0.047564	11.846
26.31	26.31	0.047581	11.940
26.31	26.31	0.047598	12.043
26.31	26.31	0.047614	12.145
26.31	26.31	0.047631	12.239
26.31	26.31	0.047648	12.343
26.31	26.31	0.047664	12.443
26.31	26.31	0.047681	12.538
26.31	26.31	0.047698	12.642
26.31	26.32	0.047714	12.742
26.31	26.32	0.047731	12.838
26.31	26.32	0.047748	12.941
26.31	26.32	0.047764	13.041
26.31	26.32	0.047781	13.137
26.31	26.32	0.047798	13.240
26.31	26.32	0.047814	13.340
26.34	26.32	0.047831	13.438
26.34	26.32	0.047848	13.539
26.34	26.32	0.047864	13.639
26.34	26.32	0.047881	13.738
26.34	26.32	0.047898	13.838
26.34	26.32	0.047914	13.938
26.34	26.33	0.047931	14.037
26.34	26.33	0.047947	14.138
26.34	26.33	0.047964	14.238
26.34	26.33	0.047981	14.338
26.34	26.33	0.047997	14.437
26.34	26.33	0.048014	14.538
26.34	26.33	0.048031	14.638
26.34	26.33	0.048047	14.737
26.34	26.33	0.048064	14.838
26.31	26.33	0.048081	14.937
26.31	26.33	0.048097	15.038
26.31	26.33	0.048114	15.137
26.31	26.33	0.048131	15.238
26.31	26.34	0.048147	15.338
26.31	26.34	0.048164	15.438
26.31	26.34	0.048181	15.538
26.31	26.34	0.048197	15.637
26.31	26.34	0.048214	15.738
26.34	26.34	0.048231	15.837
26.34	26.34	0.048247	15.938
26.34	26.34	0.048264	16.037
26.34	26.34	0.048281	16.138
26.34	26.34	0.048297	16.238
26.34	26.34	0.048314	16.337
26.34	26.34	0.048331	16.438
26.34	26.34	0.048347	16.537
26.34	26.35	0.048364	16.638
26.36	26.35	0.048381	16.737
26.36	26.35	0.048397	16.838
26.36	26.35	0.048414	16.937
26.36	26.35	0.048431	17.038
26.36	26.35	0.048447	17.138
26.36	26.35	0.048464	17.237
26.36	26.35	0.048481	17.338
26.36	26.35	0.048497	17.437
26.36	26.35	0.048514	17.538
26.36	26.35	0.048531	17.637
26.36	26.35	0.048547	17.738
26.36	26.35	0.048564	17.838
26.36	26.36	0.048581	17.937
26.36	26.36	0.048597	18.038
26.36	26.36	0.048614	18.137
26.36	26.36	0.048631	18.238
26.36	26.36	0.048647	18.337
26.36	26.36	0.048664	18.438
26.36	26.36	0.048681	18.538
26.36	26.36	0.048697	18.638
26.36	26.36	0.048714	18.737
26.36	26.36	0.048731	18.838
26.36	26.36	0.048747	18.937
26.36	26.36	0.048764	19.062
26.36	26.36	0.048780	19.166
26.36	26.37	0.048797	19.261
26.36	26.37	0.048814	19.336
26.36	26.37	0.048830	19.465
26.36	26.37	0.048847	19.559
26.36	26.37	0.048864	19.637
26.36	26.37	0.048880	19.764
26.36	26.37	0.048897	19.858
26.36	26.37	0.048914	19.936
26.36	26.37	0.048930	20.062
26.36	26.37	0.048947	20.157
26.36	26.37	0.048964	20.237
26.36	26.37	0.048980	20.361
26.39	26.37	0.048997	20.456
26.39	26.38	0.049014	20.560
26.39	26.38	0.049030	20.660
26.39	26.38	0.049047	20.754
26.39	26.38	0.049064	20.859
26.39	26.38	0.049080	20.958
26.39	26.38	0.049097	21.053
26.39	26.38	0.049114	21.158
26.39	26.38	0.049130	21.257
26.39	26.38	0.049147	21.352
26.39	26.38	0.049164	21.457
26.39	26.38	0.049180	21.551
26.39	26.38	0.049197	21.650
26.39	26.38	0.049214	21.756
26.39	26.39	0.049230	21.849
26.39	26.39	0.049247	21.950
26.39	26.39	0.049264	22.055
26.39	26.39	0.049280	22.149
26.39	26.39	0.049297	22.249
26.39	26.39	0.049314	22.353
26.39	26.39	0.049330	22.448
26.39	26.39	0.049347	22.547
26.39	26.39	0.049364	22.652
26.39	26.39	0.049380	22.747
26.39	26.39	0.049397	22.846
26.39	26.39	0.049414	22.951
26.39	26.39	0.049430	23.045
26.39	26.40	0.049447	23.145
26.39	26.40	0.049464	23.249
26.39	26.40	0.049480	23.344
26.39	26.40	0.049497	23.443
26.39	26.40	0.049514	23.548
26.39	26.40	0.049530	23.643
26.39	26.40	0.049547	23.742
26.39	26.40	0.049564	23.847
26.39	26.40	0.049580	23.941
26.39	26.40	0.049597	24.041
26.39	26.40	0.049613	24.145
26.39	26.40	0.049630	24.239
26.39	26.40	0.049647	24.341
26.39	26.41	0.049663	24.445
26.39	26.41	0.049680	24.539
26.42	26.41	0.049697	24.641
26.42	26.41	0.049713	24.743
26.42	26.41	0.049730	24.838
26.42	26.41	0.049747	24.940
26.42	26.41	0.049763	25.042
26.42	26.41	0.049780	25.140
26.42	26.41	0.049797	25.240
26.42	26.41	0.049813	25.341
26.42	26.41	0.049830	25.439
26.42	26.41	0.049847	25.540
26.42	26.41	0.049863	25.639
26.42	26.42	0.049880	25.740
26.42	26.42	0.049897	25.839
26.42	26.42	0.049913	25.940
26.42	26.42	0.049930	26.040
26.42	26.42	0.049947	26.139
26.42	26.42	0.049963	26.240
26.42	26.42	0.049980	26.339
26.42	26.42	0.049997	26.440
26.42	26.42	0.050013	26.539
26.42	26.42	0.050030	26.640
26.42	26.42	0.050047	26.739
26.42	26.42	0.050063	26.839
26.42	26.42	0.050080	26.940
26.42	26.43	0.050097	27.039
26.42	26.43	0.050113	27.140
26.42	26.43	0.050130	27.239
26.42	26.43	0.050147	27.340
26.42	26.43	0.050163	27.439
26.42	26.43	0.050180	27.540
26.42	26.43	0.050197	27.640
26.42	26.43	0.050213	27.739
26.42	26.43	0.050230	27.840
26.42	26.43	0.050247	27.939
26.42	26.43	0.050263	28.040
26.42	26.43	0.050280	28.139
26.42	26.43	0.050297	28.240
26.42	26.44	0.050313	28.339
26.42	26.44	0.050330	28.440
26.44	26.44	0.050347	28.540
26.44	26.44	0.050363	28.639
26.44	26.44	0.050380	28.740
26.44	26.44	0.050397	28.839
26.44	26.44	0.050413	28.940
26.44	26.44	0.050430	29.039
26.44	26.44	0.050446	29.140
26.44	26.44	0.050463	29.239
26.44	26.44	0.050480	29.340
26.44	26.44	0.050496	29.440
26.44	26.44	0.050513	29.539
26.44	26.45	0.050530	29.640
26.44	26.45	0.050546	29.739
26.44	26.45	0.050563	29.840
26.44	26.45	0.050580	29.939
26.44	26.45	0.050596	30.040
26.44	26.45	0.050613	30.140
26.44	26.45	0.050630	30.239
26.47	26.45	0.050646	30.340
26.47	26.45	0.050663	30.439
26.47	26.45	0.050680	30.540
26.47	26.45	0.050696	30.639
26.47	26.45	0.050713	30.764
26.47	26.45	0.050730	30.868
26.47	26.46	0.050746	30.963
26.47	26.46	0.050763	31.062
26.47	26.46	0.050780	31.167
26.47	26.46	0.050796	31.262
26.47	26.46	0.050813	31.361
26.47	26.46	0.050830	31.466
26.44	26.46	0.050846	31.560
26.44	26.46	0.050863	31.660
26.44	26.46	0.050880	31.764
26.44	26.46	0.050896	31.859
26.44	26.46	0.050913	31.960
26.44	26.46	0.050930	32.063
26.44	26.46	0.050946	32.158
26.44	26.47	0.050963	32.259
26.44	26.47	0.050980	32.362
26.44	26.47	0.050996	32.456
26.47	26.47	0.051013	32.560
26.47	26.47	0.051030	32.660
26.47	26.47	0.051046	32.755
26.47	26.47	0.051063	32.860
26.47	26.47	0.051080	32.959
26.47	26.47	0.051096	33.054
26.47	26.47	0.051113	33.158
26.47	26.47	0.051130	33.258
26.47	26.47	0.051146	33.352
26.47	26.47	0.051163	33.457
26.47	26.48	0.051180	33.557
26.47	26.48	0.051196	33.651
26.47	26.48	0.051213	33.756
26.47	26.48	0.051230	33.855
26.47	26.48	0.051246	33.950
26.47	26.48	0.051263	34.054
26.47	26.48	0.051279	34.149
26.49	26.48	0.051296	34.249
26.49	26.48	0.051313	34.354
26.49	26.48	0.051329	34.449
26.49	26.48	0.051346	34.548
26.49	26.48	0.051363	34.653
26.49	26.48	0.051379	34.747
26.49	26.49	0.051396	34.847
26.49	26.49	0.051413	34.951
26.49	26.49	0.051429	35.046
26.49	26.49	0.051446	35.146
26.49	26.49	0.051463	35.250
26.49	26.49	0.051479	35.345
26.49	26.49	0.051496	35.444
26.49	26.49	0.051513	35.549
26.49	26.49	0.051529	35.643
26.49	26.49	0.051546	35.743
26.49	26.49	0.051563	35.848
26.49	26.49	0.051579	35.942
26.49	26.49	0.051596	36.042
26.49	26.50	0.051613	36.146
26.49	26.50	0.051629	36.241
26.49	26.50	0.051646	36.340
26.49	26.50	0.051663	36.445
26.49	26.50	0.051679	36.539
26.49	26.50	0.051696	36.640
26.49	26.50	0.051713	36.744
26.49	26.50	0.051729	36.839
