100.00	0.00	7.23	30.00	150.00	2.70	97.30	3.00	

15.00	25.50	0.000000	38.552
15.00	25.50	0.000017	38.651
15.00	25.50	0.000033	38.756
15.26	25.50	0.000050	38.850
15.85	25.50	0.000067	38.950
17.83	25.50	0.000083	39.054
18.21	25.50	0.000100	39.149
20.54	25.50	0.000117	39.251
20.67	25.50	0.000133	39.356
21.11	25.50	0.000150	39.451
21.60	25.50	0.000167	39.550
21.81	25.50	0.000183	39.655
22.17	25.50	0.000200	39.749
22.46	25.50	0.000217	39.849
22.59	25.50	0.000233	39.953
22.75	25.50	0.000250	40.048
22.90	25.50	0.000267	40.148
22.95	25.50	0.000283	40.252
23.08	25.50	0.000300	40.347
23.24	25.50	0.000317	40.448
23.34	25.50	0.000333	40.552
23.52	25.50	0.000350	40.646
23.75	25.50	0.000367	40.748
23.88	25.50	0.000383	40.850
24.13	25.50	0.000400	40.945
24.36	25.50	0.000416	41.048
24.49	25.50	0.000433	41.149
24.72	25.50	0.000450	41.244
24.93	25.50	0.000466	41.347
25.00	25.50	0.000483	41.448
25.16	25.50	0.000500	41.542
25.21	25.50	0.000516	41.647
25.31	25.50	0.000533	41.747
25.34	25.50	0.000550	41.841
25.36	25.50	0.000566	41.946
25.36	25.50	0.000583	42.045
25.42	25.50	0.000600	42.140
25.47	25.50	0.000616	42.244
25.54	25.50	0.000633	42.344
25.62	25.50	0.000650	42.438
25.65	25.50	0.000666	42.543
25.72	25.50	0.000683	42.643
25.80	25.50	0.000700	42.737
25.85	25.50	0.000716	42.842
25.88	25.50	0.000733	42.937
25.90	25.50	0.000750	43.038
25.90	25.50	0.000766	43.140
25.93	25.50	0.000783	43.238
25.93	25.50	0.000800	43.338
25.98	25.50	0.000816	43.439
25.98	25.50	0.000833	43.538
26.00	25.50	0.000850	43.637
26.00	25.50	0.000866	43.738
26.00	25.50	0.000883	43.837
26.03	25.50	0.000900	43.938
26.03	25.50	0.000916	44.037
26.03	25.50	0.000933	44.143
26.06	25.50	0.000950	44.238
26.06	25.50	0.000966	44.337
26.08	25.50	0.000983	44.438
26.08	25.50	0.001000	44.537
26.08	25.50	0.001016	44.638
26.08	25.50	0.001033	44.737
26.11	25.50	0.001050	44.838
26.11	25.50	0.001066	44.937
26.11	25.50	0.001083	45.037
26.11	25.50	0.001100	45.138
26.11	25.50	0.001116	45.237
26.11	25.50	0.001133	45.343
26.08	25.50	0.001150	45.437
26.08	25.50	0.001166	45.538
26.06	25.50	0.001183	45.637
26.03	25.50	0.001200	45.738
25.98	25.50	0.001216	45.838
25.98	25.50	0.001233	45.937
25.95	25.50	0.001250	46.038
25.95	25.50	0.001266	46.137
25.90	25.50	0.001283	46.242
25.90	25.50	0.001299	46.337
25.90	25.50	0.001316	46.438
25.88	25.50	0.001333	46.542
25.88	25.50	0.001349	46.638
25.88	25.50	0.001366	46.738
25.85	25.50	0.001383	46.837
25.85	25.50	0.001399	46.938
25.85	25.50	0.001416	47.037
25.85	25.50	0.001433	47.142
25.85	25.50	0.001449	47.237
25.83	25.50	0.001466	47.338
25.83	25.50	0.001483	47.442
25.83	25.50	0.001499	47.538
25.80	25.50	0.001516	47.637
25.80	25.50	0.001533	47.742
25.77	25.50	0.001549	47.838
25.77	25.50	0.001566	47.937
25.72	25.50	0.001583	48.042
25.72	25.50	0.001599	48.138
25.72	25.50	0.001616	48.239
25.70	25.50	0.001633	48.341
25.70	25.50	0.001649	48.439
25.70	25.50	0.001666	48.539
25.67	25.50	0.001683	48.642
25.67	25.50	0.001699	48.738
25.67	25.50	0.001716	48.837
25.65	25.50	0.001733	48.942
25.65	25.50	0.001749	49.067
25.65	25.50	0.001766	49.162
25.65	25.50	0.001783	49.266
25.62	25.50	0.001799	49.366
25.62	25.50	0.001816	49.461
25.62	25.50	0.001833	49.565
25.62	25.50	0.001849	49.665
25.59	25.50	0.001866	49.759
25.59	25.50	0.001883	49.864
25.59	25.50	0.001899	49.963
25.59	25.50	0.001916	50.058
25.59	25.50	0.001933	50.162
25.59	25.50	0.001949	50.262
25.57	25.50	0.001966	50.357
25.57	25.50	0.001983	50.461
25.57	25.50	0.001999	50.556
25.57	25.50	0.002016	50.655
25.57	25.50	0.002033	50.760
25.57	25.50	0.002049	50.854
25.54	25.50	0.002066	50.954
25.54	25.50	0.002082	51.058
25.54	25.50	0.002099	51.153
25.54	25.50	0.002116	51.253
25.54	25.50	0.002132	51.357
25.54	25.50	0.002149	51.452
25.54	25.50	0.002166	51.551
25.54	25.50	0.002182	51.656
25.54	25.50	0.002199	51.750
25.54	25.50	0.002216	51.850
25.54	25.50	0.002232	51.955
25.54	25.50	0.002249	52.049
25.54	25.50	0.002266	52.149
25.54	25.50	0.002282	52.254
25.52	25.50	0.002299	52.348
25.52	25.50	0.002316	52.448
25.52	25.50	0.002332	52.553
25.52	25.50	0.002349	52.647
25.52	25.50	0.002366	52.747
25.52	25.50	0.002382	52.852
25.52	25.50	0.002399	52.946
25.52	25.50	0.002416	53.046
25.52	25.50	0.002432	53.150
25.52	25.50	0.002449	53.245
25.52	25.50	0.002466	53.345
25.52	25.50	0.002482	53.449
25.52	25.50	0.002499	53.544
25.52	25.50	0.002516	53.645
25.52	25.50	0.002532	53.748
25.52	25.50	0.002549	53.842
25.52	25.50	0.002566	53.945
25.52	25.50	0.002582	54.046
25.52	25.50	0.002599	54.141
25.52	25.50	0.002616	54.245
25.52	25.50	0.002632	54.345
25.52	25.50	0.002649	54.440
25.52	25.50	0.002666	54.544
25.52	25.50	0.002682	54.644
25.52	25.50	0.002699	54.738
25.52	25.50	0.002716	54.843
25.52	25.50	0.002732	54.942
25.52	25.50	0.002749	55.039
25.52	25.50	0.002766	55.142
25.49	25.50	0.002782	55.241
25.49	25.50	0.002799	55.339
25.49	25.50	0.002816	55.440
25.49	25.50	0.002832	55.540
25.49	25.50	0.002849	55.638
25.49	25.50	0.002866	55.739
25.49	25.50	0.002882	55.840
25.49	25.50	0.002899	55.938
25.49	25.50	0.002915	56.039
25.49	25.50	0.002932	56.140
25.52	25.50	0.002949	56.239
25.52	25.50	0.002965	56.338
25.52	25.50	0.002982	56.440
25.52	25.50	0.002999	56.538
25.52	25.50	0.003015	56.639
25.52	25.50	0.003032	56.740
25.52	25.50	0.003049	56.839
25.52	25.50	0.003065	56.938
25.52	25.50	0.003082	57.040
25.52	25.50	0.003099	57.139
25.52	25.50	0.003115	57.238
25.52	25.50	0.003132	57.340
25.52	25.50	0.003149	57.438
25.52	25.50	0.003165	57.539
25.52	25.50	0.003182	57.639
25.52	25.50	0.003199	57.739
25.52	25.50	0.003215	57.839
25.52	25.50	0.003232	57.940
25.52	25.50	0.003249	58.039
25.52	25.50	0.003265	58.138
25.49	25.50	0.003282	58.240
25.49	25.50	0.003299	58.338
25.49	25.50	0.003315	58.439
25.49	25.50	0.003332	58.539
25.49	25.50	0.003349	58.639
25.49	25.50	0.003365	58.739
25.49	25.50	0.003382	58.839
25.49	25.50	0.003399	58.939
25.49	25.50	0.003415	59.038
25.49	25.50	0.003432	59.140
25.49	25.50	0.003449	59.238
25.49	25.50	0.003465	59.339
25.52	25.50	0.003482	59.440
25.52	25.50	0.003499	59.538
25.52	25.50	0.003515	59.639
25.52	25.50	0.003532	59.739
25.52	25.50	0.003549	59.839
25.52	25.50	0.003565	59.938
25.52	25.50	0.003582	00.039
25.52	25.50	0.003599	00.138
25.52	25.50	0.003615	00.239
25.52	25.50	0.003632	00.340
25.52	25.50	0.003649	00.438
25.52	25.50	0.003665	00.539
25.52	25.50	0.003682	00.639
25.52	25.50	0.003699	00.739
25.52	25.50	0.003715	00.838
25.52	25.50	0.003732	00.939
25.52	25.50	0.003748	01.039
25.49	25.50	0.003765	01.138
25.49	25.50	0.003782	01.240
25.49	25.50	0.003798	01.367
25.49	25.50	0.003815	01.462
25.49	25.50	0.003832	01.539
25.49	25.50	0.003848	01.666
25.49	25.50	0.003865	01.760
25.49	25.50	0.003882	01.839
25.49	25.50	0.003898	01.964
25.49	25.50	0.003915	02.059
25.49	25.50	0.003932	02.164
25.52	25.50	0.003948	02.263
25.52	25.50	0.003965	02.358
25.52	25.50	0.003982	02.462
25.52	25.50	0.003998	02.562
25.52	25.50	0.004015	02.656
25.52	25.50	0.004032	02.761
25.52	25.50	0.004048	02.861
25.52	25.50	0.004065	02.955
25.52	25.50	0.004082	03.060
25.52	25.50	0.004098	03.159
25.52	25.50	0.004115	03.254
25.52	25.50	0.004132	03.358
25.52	25.50	0.004148	03.453
25.52	25.50	0.004165	03.552
25.52	25.50	0.004182	03.657
25.52	25.50	0.004198	03.752
25.52	25.50	0.004215	03.851
25.52	25.50	0.004232	03.956
25.52	25.50	0.004248	04.050
25.52	25.50	0.004265	04.151
25.52	25.50	0.004282	04.255
25.49	25.50	0.004298	04.350
25.49	25.50	0.004315	04.450
25.49	25.50	0.004332	04.554
25.49	25.50	0.004348	04.649
25.49	25.50	0.004365	04.748
25.49	25.50	0.004382	04.853
25.49	25.50	0.004398	04.947
25.49	25.50	0.004415	05.047
25.49	25.50	0.004432	05.151
25.49	25.50	0.004448	05.246
25.49	25.50	0.004465	05.346
25.49	25.50	0.004482	05.450
25.49	25.50	0.004498	05.545
25.49	25.50	0.004515	05.644
25.52	25.50	0.004532	05.749
25.52	25.50	0.004548	05.843
25.52	25.50	0.004565	05.943
25.52	25.50	0.004581	06.048
25.52	25.50	0.004598	06.142
25.52	25.50	0.004615	06.243
25.52	25.50	0.004631	06.346
25.52	25.50	0.004648	06.441
25.52	25.50	0.004665	06.543
25.52	25.50	0.004681	06.645
25.52	25.50	0.004698	06.740
25.52	25.50	0.004715	06.843
25.52	25.50	0.004731	06.944
25.52	25.50	0.004748	07.040
25.52	25.50	0.004765	07.142
25.49	25.50	0.004781	07.243
25.49	25.50	0.004798	07.339
25.49	25.50	0.004815	07.442
25.49	25.50	0.004831	07.541
25.49	25.50	0.004848	07.640
25.49	25.50	0.004865	07.741
25.49	25.50	0.004881	07.840
25.49	25.50	0.004898	07.940
25.49	25.50	0.004915	08.039
25.49	25.50	0.004931	08.140
25.49	25.50	0.004948	08.239
25.49	25.50	0.004965	08.340
25.49	25.50	0.004981	08.440
25.49	25.50	0.004998	08.539
25.49	25.50	0.005015	08.640
25.49	25.50	0.005031	08.739
25.49	25.50	0.005048	08.840
25.52	25.50	0.005065	08.939
25.52	25.50	0.005081	09.040
25.52	25.50	0.005098	09.139
25.52	25.50	0.005115	09.240
25.52	25.50	0.005131	09.340
25.52	25.50	0.005148	09.439
25.52	25.50	0.005165	09.540
25.52	25.50	0.005181	09.639
25.52	25.50	0.005198	09.740
25.52	25.50	0.005215	09.839
25.52	25.50	0.005231	09.940
25.52	25.50	0.005248	10.039
25.52	25.50	0.005265	10.140
25.52	25.50	0.005281	10.239
25.49	25.50	0.005298	10.340
25.49	25.50	0.005315	10.439
25.49	25.50	0.005331	10.540
25.49	25.50	0.005348	10.639
25.49	25.50	0.005365	10.740
25.49	25.50	0.005381	10.839
25.49	25.50	0.005398	10.940
25.49	25.50	0.005414	11.040
25.49	25.50	0.005431	11.139
25.49	25.50	0.005448	11.240
25.49	25.50	0.005464	11.339
25.49	25.50	0.005481	11.440
25.49	25.50	0.005498	11.539
25.49	25.50	0.005514	11.640
25.49	25.50	0.005531	11.740
25.52	25.50	0.005548	11.839
25.52	25.50	0.005564	11.940
25.52	25.50	0.005581	12.038
25.52	25.50	0.005598	12.140
25.52	25.50	0.005614	12.239
25.52	25.50	0.005631	12.340
25.52	25.50	0.005648	12.439
25.52	25.50	0.005664	12.540
25.52	25.50	0.005681	12.640
25.52	25.50	0.005698	12.739
25.52	25.50	0.005714	12.840
25.52	25.50	0.005731	12.939
25.52	25.50	0.005748	13.040
25.49	25.50	0.005764	13.139
25.49	25.50	0.005781	13.264
25.49	25.50	0.005798	13.368
25.49	25.50	0.005814	13.463
25.49	25.50	0.005831	13.563
25.49	25.50	0.005848	13.667
25.49	25.50	0.005864	13.762
25.49	25.50	0.005881	13.861
25.49	25.50	0.005898	13.966
25.49	25.50	0.005914	14.060
25.49	25.50	0.005931	14.161
25.49	25.50	0.005948	14.264
25.49	25.50	0.005964	14.359
25.49	25.50	0.005981	14.462
25.52	25.50	0.005998	14.563
25.52	25.50	0.006014	14.658
25.52	25.50	0.006031	14.761
25.52	25.50	0.006048	14.862
25.52	25.50	0.006064	14.956
25.52	25.50	0.006081	15.061
25.52	25.50	0.006098	15.160
25.52	25.50	0.006114	15.255
25.52	25.50	0.006131	15.360
25.52	25.50	0.006148	15.459
25.52	25.50	0.006164	15.554
25.52	25.50	0.006181	15.658
25.52	25.50	0.006198	15.758
25.49	25.50	0.006214	15.852
25.49	25.50	0.006231	15.957
25.49	25.50	0.006247	16.057
25.49	25.50	0.006264	16.151
25.49	25.50	0.006281	16.256
25.49	25.50	0.006297	16.350
25.49	25.50	0.006314	16.451
25.49	25.50	0.006331	16.555
25.49	25.50	0.006347	16.650
25.49	25.50	0.006364	16.749
25.49	25.50	0.006381	16.854
25.49	25.50	0.006397	16.949
25.49	25.50	0.006414	17.048
25.49	25.50	0.006431	17.153
25.49	25.50	0.006447	17.247
25.49	25.50	0.006464	17.347
25.49	25.50	0.006481	17.451
25.52	25.50	0.006497	17.546
25.52	25.50	0.006514	17.646
25.52	25.50	0.006531	17.750
25.52	25.50	0.006547	17.845
25.52	25.50	0.006564	17.944
25.52	25.50	0.006581	18.049
25.52	25.50	0.006597	18.143
25.52	25.50	0.006614	18.243
25.52	25.50	0.006631	18.347
25.52	25.50	0.006647	18.442
25.52	25.50	0.006664	18.542
25.52	25.50	0.006681	18.646
25.52	25.50	0.006697	18.741
25.52	25.50	0.006714	18.842
25.49	25.50	0.006731	18.945
25.49	25.50	0.006747	19.042
25.49	25.50	0.006764	19.141
25.49	25.50	0.006781	19.244
25.49	25.50	0.006797	19.342
25.49	25.50	0.006814	19.441
25.49	25.50	0.006831	19.543
25.49	25.50	0.006847	19.641
25.49	25.50	0.006864	19.742
25.49	25.50	0.006881	19.841
25.49	25.50	0.006897	19.942
25.49	25.50	0.006914	20.042
25.49	25.50	0.006931	20.141
25.49	25.50	0.006947	20.242
25.49	25.50	0.006964	20.341
25.49	25.50	0.006981	20.442
25.49	25.50	0.006997	20.541
25.49	25.50	0.007014	20.642
25.49	25.50	0.007031	20.741
25.49	25.50	0.007047	20.841
25.49	25.50	0.007064	20.942
25.52	25.50	0.007080	21.041
25.52	25.50	0.007097	21.142
25.52	25.50	0.007114	21.241
25.52	25.50	0.007130	21.342
25.52	25.50	0.007147	21.441
25.52	25.50	0.007164	21.542
25.52	25.50	0.007180	21.641
25.52	25.50	0.007197	21.742
25.52	25.50	0.007214	21.841
25.52	25.50	0.007230	21.942
25.52	25.50	0.007247	22.040
25.52	25.50	0.007264	22.141
25.49	25.50	0.007280	22.241
25.49	25.50	0.007297	22.341
25.49	25.50	0.007314	22.442
25.49	25.50	0.007330	22.540
25.49	25.50	0.007347	22.641
25.49	25.50	0.007364	22.741
25.49	25.50	0.007380	22.842
25.49	25.50	0.007397	22.942
25.49	25.50	0.007414	23.041
25.49	25.50	0.007430	23.142
25.49	25.50	0.007447	23.241
25.49	25.50	0.007464	23.341
25.49	25.50	0.007480	23.442
25.49	25.50	0.007497	23.541
25.52	25.50	0.007514	23.642
25.52	25.50	0.007530	23.741
25.52	25.50	0.007547	23.842
25.52	25.50	0.007564	23.941
25.52	25.50	0.007580	24.042
25.52	25.50	0.007597	24.142
25.52	25.50	0.007614	24.241
25.52	25.50	0.007630	24.342
25.52	25.50	0.007647	24.441
25.52	25.50	0.007664	24.542
25.52	25.50	0.007680	24.641
25.52	25.50	0.007697	24.742
25.52	25.50	0.007714	24.841
25.52	25.50	0.007730	24.941
25.49	25.50	0.007747	25.071
25.49	25.50	0.007764	25.165
25.49	25.50	0.007780	25.265
25.49	25.50	0.007797	25.369
25.49	25.50	0.007814	25.464
25.49	25.50	0.007830	25.563
25.49	25.50	0.007847	25.668
25.49	25.50	0.007864	25.762
25.49	25.50	0.007880	25.862
25.49	25.50	0.007897	25.967
25.49	25.50	0.007913	26.061
25.49	25.50	0.007930	26.161
25.49	25.50	0.007947	26.265
25.49	25.50	0.007963	26.360
25.49	25.50	0.007980	26.459
25.49	25.50	0.007997	26.564
25.49	25.50	0.008013	26.659
25.52	25.50	0.008030	26.759
25.52	25.50	0.008047	26.863
25.52	25.50	0.008063	26.958
25.52	25.50	0.008080	27.059
25.52	25.50	0.008097	27.162
25.52	25.50	0.008113	27.257
25.52	25.50	0.008130	27.359
25.52	25.50	0.008147	27.461
25.52	25.50	0.008163	27.556
25.52	25.50	0.008180	27.659
25.52	25.50	0.008197	27.760
25.52	25.50	0.008213	27.854
25.49	25.50	0.008230	27.959
25.49	25.50	0.008247	28.058
25.49	25.50	0.008263	28.153
25.49	25.50	0.008280	28.258
25.49	25.50	0.008297	28.357
25.49	25.50	0.008313	28.452
25.49	25.50	0.008330	28.556
25.49	25.50	0.008347	28.656
25.49	25.50	0.008363	28.750
25.49	25.50	0.008380	28.855
25.49	25.50	0.008397	28.954
25.49	25.50	0.008413	29.049
25.49	25.50	0.008430	29.154
25.49	25.50	0.008447	29.248
25.49	25.50	0.008463	29.348
25.49	25.50	0.008480	29.452
25.49	25.50	0.008497	29.547
25.52	25.50	0.008513	29.646
25.52	25.50	0.008530	29.752
25.52	25.50	0.008547	29.846
25.52	25.50	0.008563	29.946
25.52	25.50	0.008580	30.050
25.52	25.50	0.008597	30.145
25.52	25.50	0.008613	30.244
25.52	25.50	0.008630	30.349
25.52	25.50	0.008647	30.443
25.52	25.50	0.008663	30.544
25.49	25.50	0.008680	30.648
25.49	25.50	0.008697	30.743
25.49	25.50	0.008713	30.844
25.49	25.50	0.008730	30.946
25.49	25.50	0.008746	31.043
25.49	25.50	0.008763	31.144
25.49	25.50	0.008780	31.245
25.49	25.50	0.008796	31.343
25.49	25.50	0.008813	31.444
25.49	25.50	0.008830	31.544
25.49	25.50	0.008846	31.644
25.49	25.50	0.008863	31.743
25.49	25.50	0.008880	31.844
25.49	25.50	0.008896	31.943
25.49	25.50	0.008913	32.044
25.49	25.50	0.008930	32.144
25.49	25.50	0.008946	32.243
25.52	25.50	0.008963	32.344
25.52	25.50	0.008980	32.443
25.52	25.50	0.008996	32.544
25.52	25.50	0.009013	32.643
25.52	25.50	0.009030	32.744
25.52	25.50	0.009046	32.843
25.52	25.50	0.009063	32.943
25.52	25.50	0.009080	33.044
25.52	25.50	0.009096	33.143
25.52	25.50	0.009113	33.244
25.49	25.50	0.009130	33.343
25.49	25.50	0.009146	33.444
25.49	25.50	0.009163	33.543
25.49	25.50	0.009180	33.644
25.49	25.50	0.009196	33.744
25.49	25.50	0.009213	33.843
25.49	25.50	0.009230	33.944
25.49	25.50	0.009246	34.043
25.49	25.50	0.009263	34.144
25.49	25.50	0.009280	34.243
25.49	25.50	0.009296	34.344
25.49	25.50	0.009313	34.443
25.49	25.50	0.009330	34.544
25.49	25.50	0.009346	34.644
25.49	25.50	0.009363	34.743
25.49	25.50	0.009380	34.844
25.49	25.50	0.009396	34.943
25.52	25.50	0.009413	35.044
25.52	25.50	0.009430	35.143
25.52	25.50	0.009446	35.244
25.52	25.50	0.009463	35.344
25.52	25.50	0.009480	35.443
25.52	25.50	0.009496	35.544
25.52	25.50	0.009513	35.643
25.52	25.50	0.009530	35.744
25.52	25.50	0.009546	35.843
25.52	25.50	0.009563	35.944
25.52	25.50	0.009579	36.043
25.49	25.50	0.009596	36.144
25.49	25.50	0.009613	36.244
25.49	25.50	0.009629	36.343
25.49	25.50	0.009646	36.444
25.49	25.50	0.009663	36.543
25.49	25.50	0.009679	36.644
25.49	25.50	0.009696	36.743
25.49	25.50	0.009713	36.873
25.49	25.50	0.009729	36.967
25.49	25.50	0.009746	37.072
25.49	25.50	0.009763	37.166
25.49	25.50	0.009779	37.266
25.49	25.50	0.009796	37.371
25.49	25.50	0.009813	37.465
25.49	25.50	0.009829	37.565
25.49	25.50	0.009846	37.669
25.49	25.50	0.009863	37.764
25.52	25.50	0.009879	37.863
25.52	25.50	0.009896	37.968
25.52	25.50	0.009913	38.063
25.52	25.50	0.009929	38.162
25.52	25.50	0.009946	38.267
25.52	25.50	0.009963	38.361
25.52	25.50	0.009979	38.461
25.52	25.50	0.009996	38.565
25.52	25.50	0.010013	38.660
25.52	25.50	0.010029	38.760
25.52	25.50	0.010046	38.864
25.52	25.50	0.010063	38.959
25.49	25.50	0.010079	39.058
25.49	25.50	0.010096	39.163
25.49	25.50	0.010113	39.257
25.49	25.50	0.010129	39.357
25.49	25.50	0.010146	39.461
25.49	25.50	0.010163	39.556
25.49	25.50	0.010179	39.657
25.49	25.50	0.010196	39.761
25.49	25.50	0.010213	39.856
25.49	25.50	0.010229	39.956
25.49	25.50	0.010246	40.060
25.49	25.50	0.010263	40.154
25.49	25.50	0.010279	40.256
25.49	25.50	0.010296	40.358
25.49	25.50	0.010313	40.453
25.49	25.50	0.010329	40.557
25.49	25.50	0.010346	40.657
25.49	25.50	0.010363	40.752
25.49	25.50	0.010379	40.856
25.52	25.50	0.010396	40.956
25.52	25.50	0.010412	41.050
25.52	25.50	0.010429	41.155
25.52	25.50	0.010446	41.255
25.52	25.50	0.010462	41.349
25.52	25.50	0.010479	41.454
25.52	25.50	0.010496	41.554
25.52	25.50	0.010512	41.648
25.52	25.50	0.010529	41.753
25.52	25.50	0.010546	41.852
25.52	25.50	0.010562	41.947
25.52	25.50	0.010579	42.051
25.52	25.50	0.010596	42.146
25.49	25.50	0.010612	42.246
25.49	25.50	0.010629	42.350
25.49	25.50	0.010646	42.445
25.49	25.50	0.010662	42.544
25.49	25.50	0.010679	42.649
25.49	25.50	0.010696	42.743
25.49	25.50	0.010712	42.844
25.49	25.50	0.010729	42.947
25.49	25.50	0.010746	43.043
25.49	25.50	0.010762	43.144
25.49	25.50	0.010779	43.246
25.49	25.50	0.010796	43.343
25.49	25.50	0.010812	43.444
25.49	25.50	0.010829	43.545
25.49	25.50	0.010846	43.644
25.49	25.50	0.010862	43.744
25.49	25.50	0.010879	43.844
25.49	25.50	0.010896	43.944
25.52	25.50	0.010912	44.043
25.52	25.50	0.010929	44.144
25.52	25.50	0.010946	44.243
25.52	25.50	0.010962	44.344
25.52	25.50	0.010979	44.443
25.52	25.50	0.010996	44.544
25.52	25.50	0.011012	44.644
25.52	25.50	0.011029	44.743
25.52	25.50	0.011046	44.844
25.52	25.50	0.011062	44.943
25.52	25.50	0.011079	45.044
25.52	25.50	0.011096	45.143
25.49	25.50	0.011112	45.244
25.49	25.50	0.011129	45.344
25.49	25.50	0.011146	45.443
25.49	25.50	0.011162	45.543
25.49	25.50	0.011179	45.644
25.49	25.50	0.011196	45.743
25.49	25.50	0.011212	45.844
25.49	25.50	0.011229	45.943
25.49	25.50	0.011245	46.044
25.49	25.50	0.011262	46.145
25.49	25.50	0.011279	46.244
25.49	25.50	0.011295	46.344
25.49	25.50	0.011312	46.445
25.49	25.50	0.011329	46.544
25.49	25.50	0.011345	46.645
25.49	25.50	0.011362	46.744
25.49	25.50	0.011379	46.845
25.49	25.50	0.011395	46.945
25.49	25.50	0.011412	47.044
25.49	25.50	0.011429	47.144
25.52	25.50	0.011445	47.245
25.52	25.50	0.011462	47.344
25.52	25.50	0.011479	47.446
25.52	25.50	0.011495	47.545
25.52	25.50	0.011512	47.646
25.52	25.50	0.011529	47.746
25.52	25.50	0.011545	47.845
25.52	25.50	0.011562	47.946
25.52	25.50	0.011579	48.045
25.52	25.50	0.011595	48.151
25.52	25.50	0.011612	48.245
25.49	25.50	0.011629	48.346
25.49	25.50	0.011645	48.445
25.49	25.50	0.011662	48.575
25.49	25.50	0.011679	48.669
25.49	25.50	0.011695	48.774
25.49	25.50	0.011712	48.874
25.49	25.50	0.011729	48.968
25.49	25.50	0.011745	49.073
25.49	25.50	0.011762	49.172
25.49	25.50	0.011779	49.267
25.49	25.50	0.011795	49.371
25.49	25.50	0.011812	49.471
25.49	25.50	0.011829	49.566
25.49	25.50	0.011845	49.670
25.49	25.50	0.011862	49.770
25.49	25.50	0.011879	49.864
25.49	25.50	0.011895	49.969
25.52	25.50	0.011912	50.064
25.52	25.50	0.011929	50.164
25.52	25.50	0.011945	50.268
25.52	25.50	0.011962	50.363
25.52	25.50	0.011979	50.463
25.52	25.50	0.011995	50.567
25.52	25.50	0.012012	50.662
25.52	25.50	0.012029	50.761
25.52	25.50	0.012045	50.866
25.52	25.50	0.012062	50.960
25.52	25.50	0.012078	51.060
25.49	25.50	0.012095	51.165
25.49	25.50	0.012112	51.259
25.49	25.50	0.012128	51.359
25.49	25.50	0.012145	51.463
25.49	25.50	0.012162	51.558
25.49	25.50	0.012178	51.657
25.49	25.50	0.012195	51.762
25.49	25.50	0.012212	51.856
25.49	25.50	0.012228	51.956
25.49	25.50	0.012245	52.061
25.49	25.50	0.012262	52.155
25.49	25.50	0.012278	52.255
25.49	25.50	0.012295	52.359
25.49	25.50	0.012312	52.454
25.49	25.50	0.012328	52.554
25.49	25.50	0.012345	52.658
25.49	25.50	0.012362	52.753
25.49	25.50	0.012378	52.854
25.52	25.50	0.012395	52.957
25.52	25.50	0.012412	53.051
25.52	25.50	0.012428	53.154
25.52	25.50	0.012445	53.256
25.52	25.50	0.012462	53.351
25.52	25.50	0.012478	53.453
25.52	25.50	0.012495	53.555
25.52	25.50	0.012512	53.650
25.52	25.50	0.012528	53.754
25.52	25.50	0.012545	53.854
25.52	25.50	0.012562	53.948
25.49	25.50	0.012578	54.053
25.49	25.50	0.012595	54.152
25.49	25.50	0.012612	54.247
25.49	25.50	0.012628	54.351
25.49	25.50	0.012645	54.451
25.49	25.50	0.012662	54.545
25.49	25.50	0.012678	54.650
25.49	25.50	0.012695	54.749
25.49	25.50	0.012712	54.846
25.49	25.50	0.012728	54.948
25.49	25.50	0.012745	55.049
25.49	25.50	0.012762	55.146
25.49	25.50	0.012778	55.247
25.49	25.50	0.012795	55.349
25.49	25.50	0.012812	55.445
25.49	25.50	0.012828	55.546
25.49	25.50	0.012845	55.649
25.52	25.50	0.012862	55.746
25.52	25.50	0.012878	55.845
25.52	25.50	0.012895	55.949
25.52	25.50	0.012911	56.046
25.52	25.50	0.012928	56.145
25.52	25.50	0.012945	56.249
25.52	25.50	0.012961	56.345
25.52	25.50	0.012978	56.446
25.52	25.50	0.012995	56.548
25.52	25.50	0.013011	56.646
25.52	25.50	0.013028	56.745
25.52	25.50	0.013045	56.849
25.52	25.50	0.013061	56.946
25.49	25.50	0.013078	57.045
25.49	25.50	0.013095	57.149
25.49	25.50	0.013111	57.245
25.49	25.50	0.013128	57.345
25.49	25.50	0.013145	57.448
25.49	25.50	0.013161	57.546
25.49	25.50	0.013178	57.646
25.49	25.50	0.013195	57.748
25.49	25.50	0.013211	57.846
25.49	25.50	0.013228	57.945
25.49	25.50	0.013245	58.049
25.49	25.50	0.013261	58.145
25.49	25.50	0.013278	58.246
25.49	25.50	0.013295	58.348
25.49	25.50	0.013311	58.446
25.49	25.50	0.013328	58.546
25.49	25.50	0.013345	58.648
25.52	25.50	0.013361	58.746
25.52	25.50	0.013378	58.845
25.52	25.50	0.013395	58.949
25.52	25.50	0.013411	59.045
25.52	25.50	0.013428	59.146
25.52	25.50	0.013445	59.248
25.52	25.50	0.013461	59.346
25.52	25.50	0.013478	59.446
25.52	25.50	0.013495	59.548
25.52	25.50	0.013511	59.646
25.49	25.50	0.013528	59.745
25.49	25.50	0.013545	59.848
25.49	25.50	0.013561	59.945
25.49	25.50	0.013578	00.045
25.49	25.50	0.013595	00.148
25.49	25.50	0.013611	00.246
25.49	25.50	0.013628	00.345
25.49	25.50	0.013645	00.448
25.49	25.50	0.013661	00.545
25.49	25.50	0.013678	00.646
25.49	25.50	0.013695	00.748
25.49	25.50	0.013711	00.875
25.49	25.50	0.013728	00.945
25.49	25.50	0.013744	01.048
25.49	25.50	0.013761	01.174
25.49	25.50	0.013778	01.268
25.49	25.50	0.013794	01.348
25.49	25.50	0.013811	01.472
25.49	25.50	0.013828	01.567
25.52	25.50	0.013844	01.671
25.52	25.50	0.013861	01.771
25.52	25.50	0.013878	01.866
25.52	25.50	0.013894	01.971
25.52	25.50	0.013911	02.071
25.52	25.50	0.013928	02.165
25.52	25.50	0.013944	02.270
25.52	25.50	0.013961	02.369
25.52	25.50	0.013978	02.464
25.52	25.50	0.013994	02.568
25.49	25.50	0.014011	02.668
25.49	25.50	0.014028	02.763
25.49	25.50	0.014044	02.867
25.49	25.50	0.014061	02.962
25.49	25.50	0.014078	03.061
25.49	25.50	0.014094	03.166
25.49	25.50	0.014111	03.260
25.49	25.50	0.014128	03.360
25.49	25.50	0.014144	03.464
25.49	25.50	0.014161	03.559
25.49	25.50	0.014178	03.659
25.49	25.50	0.014194	03.763
25.49	25.50	0.014211	03.858
25.49	25.50	0.014228	03.957
25.49	25.50	0.014244	04.062
25.49	25.50	0.014261	04.156
25.52	25.50	0.014278	04.256
25.52	25.50	0.014294	04.361
25.52	25.50	0.014311	04.455
25.52	25.50	0.014328	04.555
25.52	25.50	0.014344	04.659
25.52	25.50	0.014361	04.754
25.52	25.50	0.014378	04.853
25.52	25.50	0.014394	04.958
25.52	25.50	0.014411	05.052
25.52	25.50	0.014428	05.152
25.52	25.50	0.014444	05.258
25.52	25.50	0.014461	05.351
25.49	25.50	0.014478	05.452
25.49	25.50	0.014494	05.555
25.49	25.50	0.014511	05.650
25.49	25.50	0.014528	05.751
25.49	25.50	0.014544	05.855
25.49	25.50	0.014561	05.949
25.49	25.50	0.014577	06.051
25.49	25.50	0.014594	06.154
25.49	25.50	0.014611	06.248
25.49	25.50	0.014627	06.351
25.49	25.50	0.014644	06.452
25.49	25.50	0.014661	06.548
25.49	25.50	0.014677	06.651
25.49	25.50	0.014694	06.751
25.49	25.50	0.014711	06.848
25.49	25.50	0.014727	06.950
25.49	25.50	0.014744	07.050
25.49	25.50	0.014761	07.147
25.49	25.50	0.014777	07.249
25.49	25.50	0.014794	07.348
25.49	25.50	0.014811	07.448
25.49	25.50	0.014827	07.547
25.52	25.50	0.014844	07.647
25.52	25.50	0.014861	07.748
25.52	25.50	0.014877	07.847
25.52	25.50	0.014894	07.948
25.52	25.50	0.014911	08.047
25.52	25.50	0.014927	08.148
25.52	25.50	0.014944	08.247
25.52	25.50	0.014961	08.348
25.52	25.50	0.014977	08.448
25.52	25.50	0.014994	08.547
25.52	25.50	0.015011	08.648
25.49	25.50	0.015027	08.747
25.49	25.50	0.015044	08.848
25.49	25.50	0.015061	08.947
25.49	25.50	0.015077	09.048
25.49	25.50	0.015094	09.147
25.49	25.50	0.015111	09.248
25.49	25.50	0.015127	09.348
25.49	25.50	0.015144	09.447
25.49	25.50	0.015161	09.548
25.49	25.50	0.015177	09.647
25.49	25.50	0.015194	09.748
25.49	25.50	0.015211	09.847
25.49	25.50	0.015227	09.948
25.49	25.50	0.015244	10.047
25.49	25.50	0.015261	10.147
25.49	25.50	0.015277	10.248
25.49	25.50	0.015294	10.347
25.52	25.50	0.015311	10.448
25.52	25.50	0.015327	10.547
25.52	25.50	0.015344	10.648
25.52	25.50	0.015361	10.747
25.52	25.50	0.015377	10.848
25.52	25.50	0.015394	10.949
25.52	25.50	0.015410	11.048
25.52	25.50	0.015427	11.149
25.52	25.50	0.015444	11.248
25.52	25.50	0.015460	11.349
25.52	25.50	0.015477	11.448
25.52	25.50	0.015494	11.549
25.49	25.50	0.015510	11.648
25.49	25.50	0.015527	11.749
25.49	25.50	0.015544	11.849
25.49	25.50	0.015560	11.948
25.49	25.50	0.015577	12.049
25.49	25.50	0.015594	12.148
25.49	25.50	0.015610	12.249
25.49	25.50	0.015627	12.348
25.49	25.50	0.015644	12.473
25.49	25.50	0.015660	12.577
25.49	25.50	0.015677	12.672
25.49	25.50	0.015694	12.771
25.49	25.50	0.015710	12.876
25.49	25.50	0.015727	12.971
25.49	25.50	0.015744	13.070
25.49	25.50	0.015760	13.175
25.49	25.50	0.015777	13.270
25.49	25.50	0.015794	13.370
25.49	25.50	0.015810	13.474
25.49	25.50	0.015827	13.569
25.49	25.50	0.015844	13.670
25.49	25.50	0.015860	13.773
25.52	25.50	0.015877	13.867
25.52	25.50	0.015894	13.970
25.52	25.50	0.015910	14.071
25.52	25.50	0.015927	14.166
25.52	25.50	0.015944	14.270
25.52	25.50	0.015960	14.370
25.52	25.50	0.015977	14.465
25.52	25.50	0.015994	14.569
25.52	25.50	0.016010	14.669
25.52	25.50	0.016027	14.763
25.52	25.50	0.016044	14.868
25.49	25.50	0.016060	14.967
25.49	25.50	0.016077	15.062
25.49	25.50	0.016094	15.166
25.49	25.50	0.016110	15.266
25.49	25.50	0.016127	15.361
25.49	25.50	0.016144	15.465
25.49	25.50	0.016160	15.560
25.49	25.50	0.016177	15.659
25.49	25.50	0.016194	15.764
25.49	25.50	0.016210	15.859
25.49	25.50	0.016227	15.958
25.49	25.50	0.016244	16.064
25.49	25.50	0.016260	16.158
25.49	25.50	0.016277	16.258
25.49	25.50	0.016293	16.362
25.49	25.50	0.016310	16.457
25.49	25.50	0.016327	16.556
25.52	25.50	0.016343	16.661
25.52	25.50	0.016360	16.755
25.52	25.50	0.016377	16.855
25.52	25.50	0.016393	16.960
25.52	25.50	0.016410	17.054
25.52	25.50	0.016427	17.154
25.52	25.50	0.016443	17.258
25.52	25.50	0.016460	17.353
25.52	25.50	0.016477	17.452
25.52	25.50	0.016493	17.557
25.49	25.50	0.016510	17.652
25.49	25.50	0.016527	17.751
25.49	25.50	0.016543	17.856
25.49	25.50	0.016560	17.950
25.49	25.50	0.016577	18.050
25.49	25.50	0.016593	18.154
25.49	25.50	0.016610	18.249
25.49	25.50	0.016627	18.349
25.49	25.50	0.016643	18.454
25.49	25.50	0.016660	18.548
25.49	25.50	0.016677	18.649
25.49	25.50	0.016693	18.752
25.49	25.50	0.016710	18.849
25.49	25.50	0.016727	18.949
25.49	25.50	0.016743	19.051
25.49	25.50	0.016760	19.148
25.49	25.50	0.016777	19.249
25.49	25.50	0.016793	19.350
25.52	25.50	0.016810	19.448
25.52	25.50	0.016827	19.549
25.52	25.50	0.016843	19.648
25.52	25.50	0.016860	19.749
25.52	25.50	0.016877	19.848
25.52	25.50	0.016893	19.949
25.52	25.50	0.016910	20.049
25.52	25.50	0.016927	20.148
25.52	25.50	0.016943	20.249
25.52	25.50	0.016960	20.348
25.52	25.50	0.016977	20.449
25.52	25.50	0.016993	20.548
25.49	25.50	0.017010	20.649
25.49	25.50	0.017027	20.748
25.49	25.50	0.017043	20.849
25.49	25.50	0.017060	20.949
25.49	25.50	0.017077	21.048
25.49	25.50	0.017093	21.149
25.49	25.50	0.017110	21.248
25.49	25.50	0.017126	21.349
25.49	25.50	0.017143	21.448
25.49	25.50	0.017160	21.549
25.49	25.50	0.017176	21.648
25.49	25.50	0.017193	21.749
25.49	25.50	0.017210	21.849
25.49	25.50	0.017226	21.948
25.49	25.50	0.017243	22.049
25.49	25.50	0.017260	22.148
25.49	25.50	0.017276	22.249
25.49	25.50	0.017293	22.348
25.49	25.50	0.017310	22.449
25.49	25.50	0.017326	22.549
25.49	25.50	0.017343	22.648
25.49	25.50	0.017360	22.749
25.52	25.50	0.017376	22.848
25.52	25.50	0.017393	22.949
25.52	25.50	0.017410	23.048
25.52	25.50	0.017426	23.149
25.52	25.50	0.017443	23.248
25.52	25.50	0.017460	23.349
25.52	25.50	0.017476	23.448
25.52	25.50	0.017493	23.549
25.52	25.50	0.017510	23.648
25.52	25.50	0.017526	23.749
25.52	25.50	0.017543	23.848
25.49	25.50	0.017560	23.949
25.49	25.50	0.017576	24.049
25.49	25.50	0.017593	24.148
25.49	25.50	0.017610	24.249
25.49	25.50	0.017626	24.348
25.49	25.50	0.017643	24.449
25.49	25.50	0.017660	24.548
25.49	25.50	0.017676	24.673
25.49	25.50	0.017693	24.748
25.49	25.50	0.017710	24.878
25.49	25.50	0.017726	24.971
25.49	25.50	0.017743	25.071
25.49	25.50	0.017760	25.177
25.49	25.50	0.017776	25.271
25.49	25.50	0.017793	25.371
25.49	25.50	0.017810	25.475
25.49	25.50	0.017826	25.570
25.49	25.50	0.017843	25.669
25.52	25.50	0.017860	25.774
25.52	25.50	0.017876	25.869
25.52	25.50	0.017893	25.968
25.52	25.50	0.017910	26.073
25.52	25.50	0.017926	26.167
25.52	25.50	0.017943	26.268
25.52	25.50	0.017959	26.371
25.52	25.50	0.017976	26.466
25.52	25.50	0.017993	26.568
25.52	25.50	0.018009	26.670
25.52	25.50	0.018026	26.765
25.52	25.50	0.018043	26.868
25.49	25.50	0.018059	26.969
25.49	25.50	0.018076	27.063
25.49	25.50	0.018093	27.168
25.49	25.50	0.018109	27.267
25.49	25.50	0.018126	27.362
25.49	25.50	0.018143	27.467
25.49	25.50	0.018159	27.566
25.49	25.50	0.018176	27.661
25.49	25.50	0.018193	27.765
25.49	25.50	0.018209	27.865
25.49	25.50	0.018226	27.960
25.49	25.50	0.018243	28.064
25.49	25.50	0.018259	28.164
25.49	25.50	0.018276	28.259
25.49	25.50	0.018293	28.363
25.49	25.50	0.018309	28.458
25.49	25.50	0.018326	28.557
25.49	25.50	0.018343	28.662
25.52	25.50	0.018359	28.756
25.52	25.50	0.018376	28.856
25.52	25.50	0.018393	28.960
25.52	25.50	0.018409	29.055
25.52	25.50	0.018426	29.155
25.52	25.50	0.018443	29.259
25.52	25.50	0.018459	29.354
25.52	25.50	0.018476	29.453
25.52	25.50	0.018493	29.559
25.52	25.50	0.018509	29.653
25.49	25.50	0.018526	29.752
25.49	25.50	0.018543	29.857
25.49	25.50	0.018559	29.951
25.49	25.50	0.018576	30.051
25.49	25.50	0.018593	30.156
25.49	25.50	0.018609	30.251
25.49	25.50	0.018626	30.350
25.49	25.50	0.018643	30.455
25.49	25.50	0.018659	30.549
25.49	25.50	0.018676	30.649
25.49	25.50	0.018693	30.754
25.49	25.50	0.018709	30.848
25.49	25.50	0.018726	30.949
25.49	25.50	0.018743	31.052
25.49	25.50	0.018759	31.149
25.49	25.50	0.018776	31.248
25.49	25.50	0.018792	31.351
25.49	25.50	0.018809	31.449
25.49	25.50	0.018826	31.548
25.49	25.50	0.018842	31.650
25.49	25.50	0.018859	31.748
25.49	25.50	0.018876	31.849
25.49	25.50	0.018892	31.948
25.52	25.50	0.018909	32.049
25.52	25.50	0.018926	32.148
25.52	25.50	0.018942	32.249
25.52	25.50	0.018959	32.349
25.52	25.50	0.018976	32.448
25.52	25.50	0.018992	32.549
25.52	25.50	0.019009	32.648
25.52	25.50	0.019026	32.749
25.52	25.50	0.019042	32.848
25.52	25.50	0.019059	32.949
25.52	25.50	0.019076	33.048
25.49	25.50	0.019092	33.149
25.49	25.50	0.019109	33.249
25.49	25.50	0.019126	33.348
25.49	25.50	0.019142	33.449
25.49	25.50	0.019159	33.548
25.49	25.50	0.019176	33.649
25.49	25.50	0.019192	33.748
25.49	25.50	0.019209	33.849
25.49	25.50	0.019226	33.949
25.49	25.50	0.019242	34.048
25.49	25.50	0.019259	34.149
25.49	25.50	0.019276	34.248
25.49	25.50	0.019292	34.349
25.49	25.50	0.019309	34.448
25.49	25.50	0.019326	34.549
25.49	25.50	0.019342	34.648
25.52	25.50	0.019359	34.749
25.52	25.50	0.019376	34.849
25.52	25.50	0.019392	34.948
25.52	25.50	0.019409	35.049
25.52	25.50	0.019426	35.148
25.52	25.50	0.019442	35.249
25.52	25.50	0.019459	35.348
25.52	25.50	0.019476	35.449
25.52	25.50	0.019492	35.548
25.52	25.50	0.019509	35.649
25.52	25.50	0.019526	35.749
25.49	25.50	0.019542	35.848
25.49	25.50	0.019559	35.949
25.49	25.50	0.019576	36.048
25.49	25.50	0.019592	36.149
25.49	25.50	0.019609	36.248
25.49	25.50	0.019625	36.349
25.49	25.50	0.019642	36.449
25.49	25.50	0.019659	36.548
25.49	25.50	0.019675	36.649
25.49	25.50	0.019692	36.748
25.49	25.50	0.019709	36.849
25.49	25.50	0.019725	36.948
25.49	25.50	0.019742	37.073
25.49	25.50	0.019759	37.177
25.49	25.50	0.019775	37.272
25.49	25.50	0.019792	37.371
25.49	25.50	0.019809	37.476
25.49	25.50	0.019825	37.571
25.52	25.50	0.019842	37.670
25.52	25.50	0.019859	37.775
25.52	25.50	0.019875	37.869
25.52	25.50	0.019892	37.970
25.52	25.50	0.019909	38.074
25.52	25.50	0.019925	38.169
25.52	25.50	0.019942	38.268
25.52	25.50	0.019959	38.373
25.52	25.50	0.019975	38.468
25.52	25.50	0.019992	38.567
25.52	25.50	0.020009	38.672
25.52	25.50	0.020025	38.766
25.49	25.50	0.020042	38.866
25.49	25.50	0.020059	38.970
25.49	25.50	0.020075	39.065
25.49	25.50	0.020092	39.166
25.49	25.50	0.020109	39.269
25.49	25.50	0.020125	39.364
25.49	25.50	0.020142	39.465
25.49	25.50	0.020159	39.568
25.49	25.50	0.020175	39.662
25.49	25.50	0.020192	39.766
25.49	25.50	0.020209	39.866
25.49	25.50	0.020225	39.961
25.49	25.50	0.020242	40.066
25.49	25.50	0.020259	40.165
25.49	25.50	0.020275	40.260
25.49	25.50	0.020292	40.364
25.49	25.50	0.020309	40.464
25.49	25.50	0.020325	40.558
25.49	25.50	0.020342	40.663
25.52	25.50	0.020359	40.763
25.52	25.50	0.020375	40.857
25.52	25.50	0.020392	40.962
25.52	25.50	0.020409	41.061
25.52	25.50	0.020425	41.156
25.52	25.50	0.020442	41.261
25.52	25.50	0.020458	41.356
25.52	25.50	0.020475	41.455
25.52	25.50	0.020492	41.560
25.52	25.50	0.020508	41.655
25.52	25.50	0.020525	41.754
25.49	25.50	0.020542	41.859
25.49	25.50	0.020558	41.953
25.49	25.50	0.020575	42.052
25.49	25.50	0.020592	42.157
25.49	25.50	0.020608	42.252
25.49	25.50	0.020625	42.352
25.49	25.50	0.020642	42.456
25.49	25.50	0.020658	42.551
25.49	25.50	0.020675	42.650
25.49	25.50	0.020692	42.755
25.49	25.50	0.020708	42.849
25.49	25.50	0.020725	42.950
25.49	25.50	0.020742	43.053
25.49	25.50	0.020758	43.149
25.49	25.50	0.020775	43.250
25.49	25.50	0.020792	43.352
25.49	25.50	0.020808	43.450
25.49	25.50	0.020825	43.549
25.49	25.50	0.020842	43.651
25.49	25.50	0.020858	43.749
25.52	25.50	0.020875	43.850
25.52	25.50	0.020892	43.950
25.52	25.50	0.020908	44.049
25.52	25.50	0.020925	44.150
25.52	25.50	0.020942	44.249
25.52	25.50	0.020958	44.350
25.52	25.50	0.020975	44.449
25.52	25.50	0.020992	44.550
25.52	25.50	0.021008	44.649
25.52	25.50	0.021025	44.750
25.52	25.50	0.021042	44.850
25.52	25.50	0.021058	44.949
25.49	25.50	0.021075	45.050
25.49	25.50	0.021092	45.149
25.49	25.50	0.021108	45.250
25.49	25.50	0.021125	45.349
25.49	25.50	0.021142	45.450
25.49	25.50	0.021158	45.550
25.49	25.50	0.021175	45.649
25.49	25.50	0.021192	45.750
25.49	25.50	0.021208	45.849
25.49	25.50	0.021225	45.950
25.49	25.50	0.021242	46.049
25.49	25.50	0.021258	46.150
25.49	25.50	0.021275	46.249
25.49	25.50	0.021291	46.350
25.49	25.50	0.021308	46.450
25.49	25.50	0.021325	46.549
25.49	25.50	0.021341	46.650
25.52	25.50	0.021358	46.749
25.52	25.50	0.021375	46.850
25.52	25.50	0.021391	46.949
25.52	25.50	0.021408	47.050
25.52	25.50	0.021425	47.149
25.52	25.50	0.021441	47.250
25.52	25.50	0.021458	47.350
25.52	25.50	0.021475	47.449
25.52	25.50	0.021491	47.550
25.52	25.50	0.021508	47.649
25.52	25.50	0.021525	47.750
25.52	25.50	0.021541	47.849
25.49	25.50	0.021558	47.950
25.49	25.50	0.021575	48.050
25.49	25.50	0.021591	48.149
25.49	25.50	0.021608	48.250
25.49	25.50	0.021625	48.349
25.49	25.50	0.021641	48.450
25.49	25.50	0.021658	48.549
25.49	25.50	0.021675	48.650
25.49	25.50	0.021691	48.749
25.49	25.50	0.021708	48.850
25.49	25.50	0.021725	48.950
25.49	25.50	0.021741	49.049
25.49	25.50	0.021758	49.179
25.49	25.50	0.021775	49.273
25.49	25.50	0.021791	49.373
25.49	25.50	0.021808	49.477
25.49	25.50	0.021825	49.572
25.49	25.50	0.021841	49.671
25.49	25.50	0.021858	49.776
25.49	25.50	0.021875	49.871
25.52	25.50	0.021891	49.970
25.52	25.50	0.021908	50.076
25.52	25.50	0.021925	50.170
25.52	25.50	0.021941	50.270
25.52	25.50	0.021958	50.374
25.52	25.50	0.021975	50.469
25.52	25.50	0.021991	50.568
25.52	25.50	0.022008	50.673
25.52	25.50	0.022025	50.768
25.52	25.50	0.022041	50.867
25.52	25.50	0.022058	50.972
25.52	25.50	0.022075	51.066
25.49	25.50	0.022091	51.166
25.49	25.50	0.022108	51.270
25.49	25.50	0.022124	51.365
25.49	25.50	0.022141	51.465
25.49	25.50	0.022158	51.569
25.49	25.50	0.022174	51.664
25.49	25.50	0.022191	51.763
25.49	25.50	0.022208	51.868
25.49	25.50	0.022224	51.962
25.49	25.50	0.022241	52.064
25.49	25.50	0.022258	52.166
25.49	25.50	0.022274	52.261
25.49	25.50	0.022291	52.364
25.49	25.50	0.022308	52.465
25.49	25.50	0.022324	52.560
25.49	25.50	0.022341	52.663
25.49	25.50	0.022358	52.764
25.49	25.50	0.022374	52.858
25.49	25.50	0.022391	52.963
25.49	25.50	0.022408	53.062
25.52	25.50	0.022424	53.157
25.52	25.50	0.022441	53.263
25.52	25.50	0.022458	53.361
25.52	25.50	0.022474	53.456
25.52	25.50	0.022491	53.561
25.52	25.50	0.022508	53.660
25.52	25.50	0.022524	53.755
25.52	25.50	0.022541	53.859
25.52	25.50	0.022558	53.959
25.52	25.50	0.022574	54.053
25.49	25.50	0.022591	54.158
25.49	25.50	0.022608	54.253
25.49	25.50	0.022624	54.352
25.49	25.50	0.022641	54.457
25.49	25.50	0.022658	54.551
25.49	25.50	0.022674	54.651
25.49	25.50	0.022691	54.756
25.49	25.50	0.022708	54.851
25.49	25.50	0.022724	54.950
25.49	25.50	0.022741	55.055
25.49	25.50	0.022758	55.150
25.49	25.50	0.022774	55.251
25.49	25.50	0.022791	55.353
25.49	25.50	0.022808	55.451
25.49	25.50	0.022824	55.550
25.49	25.50	0.022841	55.652
25.49	25.50	0.022858	55.750
25.49	25.50	0.022874	55.851
25.49	25.50	0.022891	55.951
25.52	25.50	0.022908	56.050
25.52	25.50	0.022924	56.151
25.52	25.50	0.022941	56.250
25.52	25.50	0.022957	56.351
25.52	25.50	0.022974	56.450
25.52	25.50	0.022991	56.551
25.52	25.50	0.023007	56.651
25.52	25.50	0.023024	56.750
25.52	25.50	0.023041	56.851
25.52	25.50	0.023057	56.950
25.52	25.50	0.023074	57.051
25.52	25.50	0.023091	57.150
25.49	25.50	0.023107	57.251
25.49	25.50	0.023124	57.350
25.49	25.50	0.023141	57.451
25.49	25.50	0.023157	57.550
25.49	25.50	0.023174	57.649
25.49	25.50	0.023191	57.751
25.49	25.50	0.023207	57.850
25.49	25.50	0.023224	57.951
25.49	25.50	0.023241	58.050
25.49	25.50	0.023257	58.151
25.49	25.50	0.023274	58.250
25.49	25.50	0.023291	58.351
25.49	25.50	0.023307	58.451
25.49	25.50	0.023324	58.550
25.49	25.50	0.023341	58.651
25.49	25.50	0.023357	58.750
25.49	25.50	0.023374	58.851
25.49	25.50	0.023391	58.950
25.49	25.50	0.023407	59.051
25.49	25.50	0.023424	59.151
25.52	25.50	0.023441	59.250
25.52	25.50	0.023457	59.351
25.52	25.50	0.023474	59.450
25.52	25.50	0.023491	59.551
25.52	25.50	0.023507	59.650
25.52	25.50	0.023524	59.751
25.52	25.50	0.023541	59.850
25.52	25.50	0.023557	59.951
25.52	25.50	0.023574	00.050
25.52	25.50	0.023591	00.151
25.52	25.50	0.023607	00.250
25.52	25.50	0.023624	00.351
25.49	25.50	0.023641	00.451
25.49	25.50	0.023657	00.550
25.49	25.50	0.023674	00.651
25.49	25.50	0.023691	00.750
25.49	25.50	0.023707	00.851
25.49	25.50	0.023724	00.950
25.49	25.50	0.023741	01.051
25.49	25.50	0.023757	01.150
25.49	25.50	0.023774	01.250
25.49	25.50	0.023790	01.374
25.49	25.50	0.023807	01.479
25.49	25.50	0.023824	01.579
25.49	25.50	0.023840	01.673
25.49	25.50	0.023857	01.778
25.49	25.50	0.023874	01.872
25.49	25.50	0.023890	01.972
25.49	25.50	0.023907	02.076
25.49	25.50	0.023924	02.171
25.49	25.50	0.023940	02.271
25.49	25.50	0.023957	02.375
25.52	25.50	0.023974	02.470
25.52	25.50	0.023990	02.569
25.52	25.50	0.024007	02.674
25.52	25.50	0.024024	02.768
25.52	25.50	0.024040	02.868
25.52	25.50	0.024057	02.972
25.52	25.50	0.024074	03.067
25.52	25.50	0.024090	03.167
25.52	25.50	0.024107	03.271
25.52	25.50	0.024124	03.366
25.49	25.50	0.024140	03.465
25.49	25.50	0.024157	03.570
25.49	25.50	0.024174	03.665
25.49	25.50	0.024190	03.765
25.49	25.50	0.024207	03.869
25.49	25.50	0.024224	03.964
25.49	25.50	0.024240	04.063
25.49	25.50	0.024257	04.168
25.49	25.50	0.024274	04.262
25.49	25.50	0.024290	04.362
25.49	25.50	0.024307	04.466
25.49	25.50	0.024324	04.561
25.49	25.50	0.024340	04.662
25.49	25.50	0.024357	04.765
25.49	25.50	0.024374	04.860
25.49	25.50	0.024390	04.961
25.49	25.50	0.024407	05.064
25.49	25.50	0.024424	05.158
25.52	25.50	0.024440	05.261
25.52	25.50	0.024457	05.363
25.52	25.50	0.024474	05.457
25.52	25.50	0.024490	05.562
25.52	25.50	0.024507	05.662
25.52	25.50	0.024524	05.756
25.52	25.50	0.024540	05.861
25.52	25.50	0.024557	05.961
25.52	25.50	0.024574	06.055
25.52	25.50	0.024590	06.160
25.52	25.50	0.024607	06.260
25.49	25.50	0.024623	06.353
25.49	25.50	0.024640	06.459
25.49	25.50	0.024657	06.558
25.49	25.50	0.024673	06.653
25.49	25.50	0.024690	06.757
25.49	25.50	0.024707	06.857
25.49	25.50	0.024723	06.952
25.49	25.50	0.024740	07.056
25.49	25.50	0.024757	07.151
25.49	25.50	0.024773	07.250
25.49	25.50	0.024790	07.355
25.49	25.50	0.024807	07.450
25.49	25.50	0.024823	07.551
25.49	25.50	0.024840	07.653
25.49	25.50	0.024857	07.751
25.49	25.50	0.024873	07.851
25.49	25.50	0.024890	07.952
25.49	25.50	0.024907	08.051
25.49	25.50	0.024923	08.150
25.49	25.50	0.024940	08.251
25.49	25.50	0.024957	08.350
25.52	25.50	0.024973	08.451
25.52	25.50	0.024990	08.551
25.52	25.50	0.025007	08.650
25.52	25.50	0.025023	08.751
25.52	25.50	0.025040	08.850
25.52	25.50	0.025057	08.951
25.52	25.50	0.025073	09.050
25.52	25.50	0.025090	09.151
25.52	25.50	0.025107	09.250
25.52	25.50	0.025123	09.351
25.52	25.50	0.025140	09.451
25.52	25.50	0.025157	09.550
25.49	25.50	0.025173	09.651
25.49	25.50	0.025190	09.750
25.49	25.50	0.025207	09.851
25.49	25.50	0.025223	09.950
25.49	25.50	0.025240	10.051
25.49	25.50	0.025257	10.151
25.49	25.50	0.025273	10.250
25.49	25.50	0.025290	10.351
25.49	25.50	0.025307	10.450
25.49	25.50	0.025323	10.551
25.49	25.50	0.025340	10.650
25.49	25.50	0.025357	10.751
25.49	25.50	0.025373	10.850
25.49	25.50	0.025390	10.951
25.49	25.50	0.025407	11.051
25.49	25.50	0.025423	11.150
25.49	25.50	0.025440	11.251
25.49	25.50	0.025456	11.350
25.49	25.50	0.025473	11.451
25.49	25.50	0.025490	11.550
25.52	25.50	0.025506	11.656
25.52	25.50	0.025523	11.750
25.52	25.50	0.025540	11.851
25.52	25.50	0.025556	11.951
25.52	25.50	0.025573	12.050
25.52	25.50	0.025590	12.151
25.52	25.50	0.025606	12.250
25.52	25.50	0.025623	12.351
25.52	25.50	0.025640	12.450
25.49	25.50	0.025656	12.555
25.49	25.50	0.025673	12.650
25.49	25.50	0.025690	12.751
25.49	25.50	0.025706	12.856
25.49	25.50	0.025723	12.950
25.49	25.50	0.025740	13.051
25.49	25.50	0.025756	13.150
25.49	25.50	0.025773	13.251
25.49	25.50	0.025790	13.350
25.49	25.50	0.025806	13.455
25.49	25.50	0.025823	13.580
25.49	25.50	0.025840	13.674
25.49	25.50	0.025856	13.779
25.52	25.50	0.025873	13.879
25.52	25.50	0.025890	13.973
25.52	25.50	0.025906	14.078
25.52	25.50	0.025923	14.177
25.52	25.50	0.025940	14.272
25.52	25.50	0.025956	14.376
25.52	25.50	0.025973	14.476
25.52	25.50	0.025990	14.571
25.52	25.50	0.026006	14.675
25.49	25.50	0.026023	14.775
25.49	25.50	0.026040	14.869
25.49	25.50	0.026056	14.974
25.49	25.50	0.026073	15.068
25.49	25.50	0.026090	15.168
25.49	25.50	0.026106	15.272
25.49	25.50	0.026123	15.367
25.49	25.50	0.026140	15.467
25.49	25.50	0.026156	15.571
25.49	25.50	0.026173	15.666
25.49	25.50	0.026190	15.765
25.49	25.50	0.026206	15.870
25.49	25.50	0.026223	15.964
25.49	25.50	0.026240	16.064
25.49	25.50	0.026256	16.168
25.49	25.50	0.026273	16.263
25.49	25.50	0.026289	16.363
25.49	25.50	0.026306	16.467
25.49	25.50	0.026323	16.562
25.52	25.50	0.026339	16.662
25.52	25.50	0.026356	16.767
25.52	25.50	0.026373	16.861
25.52	25.50	0.026389	16.961
25.52	25.50	0.026406	17.066
25.52	25.50	0.026423	17.160
25.52	25.50	0.026439	17.260
25.52	25.50	0.026456	17.364
25.52	25.50	0.026473	17.459
25.52	25.50	0.026489	17.559
25.52	25.50	0.026506	17.663
25.49	25.50	0.026523	17.758
25.49	25.50	0.026539	17.859
25.49	25.50	0.026556	17.962
25.49	25.50	0.026573	18.056
25.49	25.50	0.026589	18.159
25.49	25.50	0.026606	18.260
25.49	25.50	0.026623	18.355
25.49	25.50	0.026639	18.458
25.49	25.50	0.026656	18.559
25.49	25.50	0.026673	18.654
25.49	25.50	0.026689	18.759
25.49	25.50	0.026706	18.858
25.49	25.50	0.026723	18.953
25.49	25.50	0.026739	19.057
25.49	25.50	0.026756	19.157
25.49	25.50	0.026773	19.251
25.49	25.50	0.026789	19.356
25.49	25.50	0.026806	19.455
25.52	25.50	0.026823	19.551
25.52	25.50	0.026839	19.655
25.52	25.50	0.026856	19.754
25.52	25.50	0.026873	19.851
25.52	25.50	0.026889	19.953
25.52	25.50	0.026906	20.054
25.52	25.50	0.026923	20.150
25.52	25.50	0.026939	20.252
25.52	25.50	0.026956	20.353
25.52	25.50	0.026973	20.451
25.49	25.50	0.026989	20.551
25.49	25.50	0.027006	20.654
25.49	25.50	0.027023	20.751
25.49	25.50	0.027039	20.850
25.49	25.50	0.027056	20.954
25.49	25.50	0.027073	21.050
25.49	25.50	0.027089	21.151
25.49	25.50	0.027106	21.254
25.49	25.50	0.027122	21.350
25.49	25.50	0.027139	21.451
25.49	25.50	0.027156	21.553
25.49	25.50	0.027172	21.651
25.49	25.50	0.027189	21.750
25.49	25.50	0.027206	21.854
25.49	25.50	0.027222	21.950
25.49	25.50	0.027239	22.051
25.49	25.50	0.027256	22.154
25.49	25.50	0.027272	22.250
25.49	25.50	0.027289	22.351
25.52	25.50	0.027306	22.453
25.52	25.50	0.027322	22.551
25.52	25.50	0.027339	22.650
25.52	25.50	0.027356	22.753
25.52	25.50	0.027372	22.850
25.52	25.50	0.027389	22.950
25.52	25.50	0.027406	23.054
25.52	25.50	0.027422	23.150
25.52	25.50	0.027439	23.251
25.52	25.50	0.027456	23.353
25.49	25.50	0.027472	23.451
25.49	25.50	0.027489	23.550
25.49	25.50	0.027506	23.653
25.49	25.50	0.027522	23.752
25.49	25.50	0.027539	23.851
25.49	25.50	0.027556	23.954
25.49	25.50	0.027572	24.051
25.49	25.50	0.027589	24.152
25.49	25.50	0.027606	24.253
25.49	25.50	0.027622	24.352
25.49	25.50	0.027639	24.451
25.49	25.50	0.027656	24.553
25.49	25.50	0.027672	24.652
25.49	25.50	0.027689	24.751
25.49	25.50	0.027706	24.853
25.49	25.50	0.027722	24.951
25.49	25.50	0.027739	25.052
25.49	25.50	0.027756	25.153
25.49	25.50	0.027772	25.252
25.49	25.50	0.027789	25.351
25.52	25.50	0.027806	25.453
25.52	25.50	0.027822	25.551
25.52	25.50	0.027839	25.650
25.52	25.50	0.027856	25.753
25.52	25.50	0.027872	25.879
25.52	25.50	0.027889	25.974
25.52	25.50	0.027906	26.052
25.52	25.50	0.027922	26.179
25.52	25.50	0.027939	26.273
25.52	25.50	0.027955	26.353
25.52	25.50	0.027972	26.478
25.49	25.50	0.027989	26.572
25.49	25.50	0.028005	26.677
25.49	25.50	0.028022	26.776
25.49	25.50	0.028039	26.871
25.49	25.50	0.028055	26.975
25.49	25.50	0.028072	27.075
25.49	25.50	0.028089	27.169
25.49	25.50	0.028105	27.274
25.49	25.50	0.028122	27.374
25.49	25.50	0.028139	27.468
25.49	25.50	0.028155	27.573
25.49	25.50	0.028172	27.667
25.49	25.50	0.028189	27.767
25.49	25.50	0.028205	27.871
25.49	25.50	0.028222	27.966
25.49	25.50	0.028239	28.066
25.49	25.50	0.028255	28.170
25.49	25.50	0.028272	28.265
25.49	25.50	0.028289	28.364
25.52	25.50	0.028305	28.469
25.52	25.50	0.028322	28.563
25.52	25.50	0.028339	28.663
25.52	25.50	0.028355	28.767
25.52	25.50	0.028372	28.862
25.52	25.50	0.028389	28.962
25.52	25.50	0.028405	29.066
25.52	25.50	0.028422	29.162
25.52	25.50	0.028439	29.261
25.52	25.50	0.028455	29.366
25.49	25.50	0.028472	29.459
25.49	25.50	0.028489	29.560
25.49	25.50	0.028505	29.664
25.49	25.50	0.028522	29.758
25.49	25.50	0.028539	29.858
25.49	25.50	0.028555	29.963
25.49	25.50	0.028572	30.058
25.49	25.50	0.028589	30.157
25.49	25.50	0.028605	30.262
25.49	25.50	0.028622	30.356
25.49	25.50	0.028639	30.456
25.49	25.50	0.028655	30.561
25.49	25.50	0.028672	30.655
25.49	25.50	0.028689	30.757
25.49	25.50	0.028705	30.859
25.49	25.50	0.028722	30.955
25.52	25.50	0.028739	31.056
25.52	25.50	0.028755	31.158
25.52	25.50	0.028772	31.254
25.52	25.50	0.028788	31.356
25.52	25.50	0.028805	31.457
25.52	25.50	0.028822	31.554
25.52	25.50	0.028838	31.656
25.52	25.50	0.028855	31.755
25.52	25.50	0.028872	31.855
25.52	25.50	0.028888	31.954
25.49	25.50	0.028905	32.055
25.49	25.50	0.028922	32.154
25.49	25.50	0.028938	32.254
25.49	25.50	0.028955	32.355
25.49	25.50	0.028972	32.454
25.49	25.50	0.028988	32.555
25.49	25.50	0.029005	32.654
25.49	25.50	0.029022	32.755
25.49	25.50	0.029038	32.854
25.49	25.50	0.029055	32.955
25.49	25.50	0.029072	33.055
25.49	25.50	0.029088	33.154
25.49	25.50	0.029105	33.255
25.49	25.50	0.029122	33.354
25.49	25.50	0.029138	33.455
25.49	25.50	0.029155	33.554
25.49	25.50	0.029172	33.655
25.49	25.50	0.029188	33.754
25.49	25.50	0.029205	33.854
25.49	25.50	0.029222	33.955
25.49	25.50	0.029238	34.054
25.49	25.50	0.029255	34.155
25.49	25.50	0.029272	34.254
25.49	25.50	0.029288	34.355
25.52	25.50	0.029305	34.454
25.52	25.50	0.029322	34.555
25.52	25.50	0.029338	34.655
25.52	25.50	0.029355	34.754
25.52	25.50	0.029372	34.855
25.52	25.50	0.029388	34.954
25.52	25.50	0.029405	35.055
25.52	25.50	0.029422	35.154
25.52	25.50	0.029438	35.255
25.52	25.50	0.029455	35.354
25.52	25.50	0.029472	35.455
25.52	25.50	0.029488	35.555
25.49	25.50	0.029505	35.654
25.49	25.50	0.029522	35.755
25.49	25.50	0.029538	35.854
25.49	25.50	0.029555	35.955
25.49	25.50	0.029572	36.054
25.49	25.50	0.029588	36.155
25.49	25.50	0.029605	36.255
25.49	25.50	0.029621	36.354
25.49	25.50	0.029638	36.455
25.49	25.50	0.029655	36.554
25.49	25.50	0.029671	36.655
25.49	25.50	0.029688	36.754
25.49	25.50	0.029705	36.855
25.49	25.50	0.029721	36.954
25.49	25.50	0.029738	37.079
25.52	25.50	0.029755	37.154
25.52	25.50	0.029771	37.253
25.52	25.50	0.029788	37.378
25.52	25.50	0.029805	37.477
25.52	25.50	0.029821	37.582
25.52	25.50	0.029838	37.676
25.52	25.50	0.029855	37.776
25.52	25.50	0.029871	37.881
25.52	25.50	0.029888	37.975
25.52	25.50	0.029905	38.075
25.49	25.50	0.029921	38.179
25.49	25.50	0.029938	38.274
25.49	25.50	0.029955	38.375
25.49	25.50	0.029971	38.478
25.49	25.50	0.029988	38.573
25.49	25.50	0.030005	38.675
25.49	25.50	0.030021	38.777
25.49	25.50	0.030038	38.871
25.49	25.50	0.030055	38.975
25.49	25.50	0.030071	39.076
25.49	25.50	0.030088	39.170
25.49	25.51	0.030105	39.275
25.49	25.51	0.030121	39.374
25.49	25.51	0.030138	39.469
25.49	25.51	0.030155	39.573
25.49	25.51	0.030171	39.673
25.49	25.51	0.030188	39.767
25.49	25.51	0.030205	39.872
25.52	25.51	0.030221	39.973
25.52	25.51	0.030238	40.067
25.52	25.51	0.030255	40.172
25.52	25.51	0.030271	40.271
25.52	25.51	0.030288	40.366
25.52	25.51	0.030305	40.470
25.52	25.52	0.030321	40.565
25.52	25.52	0.030338	40.665
25.52	25.52	0.030355	40.769
25.52	25.52	0.030371	40.864
25.52	25.52	0.030388	40.963
25.52	25.52	0.030405	41.068
25.52	25.52	0.030421	41.162
25.52	25.52	0.030438	41.262
25.52	25.52	0.030454	41.366
25.52	25.52	0.030471	41.461
25.52	25.52	0.030488	41.561
25.52	25.52	0.030504	41.665
25.52	25.52	0.030521	41.760
25.52	25.53	0.030538	41.860
25.52	25.53	0.030554	41.964
25.52	25.53	0.030571	42.059
25.52	25.53	0.030588	42.158
25.52	25.53	0.030604	42.263
25.52	25.53	0.030621	42.358
25.52	25.53	0.030638	42.457
25.52	25.53	0.030654	42.562
25.52	25.53	0.030671	42.656
25.52	25.53	0.030688	42.756
25.52	25.53	0.030704	42.860
25.54	25.53	0.030721	42.955
25.54	25.53	0.030738	43.055
25.54	25.54	0.030754	43.159
25.54	25.54	0.030771	43.255
25.54	25.54	0.030788	43.354
25.54	25.54	0.030804	43.458
25.54	25.54	0.030821	43.554
25.54	25.54	0.030838	43.655
25.54	25.54	0.030854	43.756
25.54	25.54	0.030871	43.855
25.54	25.54	0.030888	43.955
25.54	25.54	0.030904	44.055
25.54	25.54	0.030921	44.155
25.54	25.54	0.030938	44.254
25.54	25.54	0.030954	44.355
25.54	25.55	0.030971	44.454
25.54	25.55	0.030988	44.555
25.54	25.55	0.031004	44.655
25.54	25.55	0.031021	44.754
25.54	25.55	0.031038	44.855
25.54	25.55	0.031054	44.954
25.57	25.55	0.031071	45.056
25.57	25.55	0.031088	45.155
25.57	25.55	0.031104	45.256
25.57	25.55	0.031121	45.355
25.57	25.55	0.031138	45.456
25.57	25.55	0.031154	45.556
25.57	25.55	0.031171	45.655
25.57	25.56	0.031188	45.756
25.57	25.56	0.031204	45.855
25.57	25.56	0.031221	45.956
25.57	25.56	0.031238	46.055
25.57	25.56	0.031254	46.156
25.57	25.56	0.031271	46.255
25.57	25.56	0.031287	46.356
25.54	25.56	0.031304	46.456
25.54	25.56	0.031321	46.555
25.54	25.56	0.031337	46.656
25.54	25.56	0.031354	46.755
25.54	25.56	0.031371	46.856
25.54	25.56	0.031387	46.955
25.54	25.57	0.031404	47.056
25.54	25.57	0.031421	47.156
25.54	25.57	0.031437	47.255
25.57	25.57	0.031454	47.356
25.57	25.57	0.031471	47.455
25.57	25.57	0.031487	47.557
25.57	25.57	0.031504	47.656
25.57	25.57	0.031521	47.757
25.57	25.57	0.031537	47.856
25.57	25.57	0.031554	47.957
25.57	25.57	0.031571	48.057
25.57	25.57	0.031587	48.156
25.57	25.57	0.031604	48.257
25.57	25.58	0.031621	48.356
25.57	25.58	0.031637	48.457
25.59	25.58	0.031654	48.556
25.59	25.58	0.031671	48.657
25.59	25.58	0.031687	48.756
25.59	25.58	0.031704	48.881
25.59	25.58	0.031721	48.985
25.59	25.58	0.031737	49.080
25.59	25.58	0.031754	49.180
25.59	25.58	0.031771	49.284
25.59	25.58	0.031787	49.379
25.59	25.58	0.031804	49.478
25.59	25.58	0.031821	49.583
25.59	25.59	0.031837	49.677
25.59	25.59	0.031854	49.777
25.59	25.59	0.031871	49.882
25.59	25.59	0.031887	49.976
25.59	25.59	0.031904	50.076
25.59	25.59	0.031921	50.180
25.59	25.59	0.031937	50.275
25.59	25.59	0.031954	50.374
25.59	25.59	0.031971	50.480
25.59	25.59	0.031987	50.574
25.59	25.59	0.032004	50.674
25.59	25.59	0.032021	50.779
25.59	25.59	0.032037	50.873
25.59	25.60	0.032054	50.973
25.59	25.60	0.032071	51.077
25.59	25.60	0.032087	51.172
25.59	25.60	0.032104	51.272
25.59	25.60	0.032120	51.376
25.59	25.60	0.032137	51.471
25.59	25.60	0.032154	51.572
25.59	25.60	0.032170	51.675
25.59	25.60	0.032187	51.769
25.59	25.60	0.032204	51.873
25.59	25.60	0.032220	51.973
25.59	25.60	0.032237	52.068
25.59	25.60	0.032254	52.172
25.62	25.61	0.032270	52.272
25.62	25.61	0.032287	52.367
25.62	25.61	0.032304	52.471
25.62	25.61	0.032320	52.571
25.62	25.61	0.032337	52.665
25.62	25.61	0.032354	52.770
25.62	25.61	0.032370	52.869
25.62	25.61	0.032387	52.964
25.62	25.61	0.032404	53.070
25.62	25.61	0.032420	53.169
25.62	25.61	0.032437	53.264
25.62	25.61	0.032454	53.367
25.62	25.61	0.032470	53.463
25.62	25.62	0.032487	53.561
25.62	25.62	0.032504	53.667
25.62	25.62	0.032520	53.760
25.62	25.62	0.032537	53.861
25.62	25.62	0.032554	53.966
25.62	25.62	0.032570	54.060
25.62	25.62	0.032587	54.160
25.62	25.62	0.032604	54.264
25.62	25.62	0.032620	54.359
25.62	25.62	0.032637	54.458
25.62	25.62	0.032654	54.563
25.62	25.62	0.032670	54.658
25.62	25.62	0.032687	54.757
25.62	25.62	0.032704	54.862
25.62	25.63	0.032720	54.956
25.62	25.63	0.032737	55.057
25.62	25.63	0.032754	55.160
25.62	25.63	0.032770	55.257
25.62	25.63	0.032787	55.356
25.62	25.63	0.032804	55.459
25.62	25.63	0.032820	55.557
25.62	25.63	0.032837	55.656
25.62	25.63	0.032854	55.758
25.62	25.63	0.032870	55.856
25.65	25.63	0.032887	55.957
25.65	25.63	0.032904	56.056
25.65	25.63	0.032920	56.157
25.65	25.64	0.032937	56.256
25.65	25.64	0.032953	56.356
25.65	25.64	0.032970	56.457
25.65	25.64	0.032987	56.556
25.65	25.64	0.033003	56.657
25.65	25.64	0.033020	56.756
25.65	25.64	0.033037	56.857
25.65	25.64	0.033053	56.956
25.65	25.64	0.033070	57.057
25.65	25.64	0.033087	57.157
25.65	25.64	0.033103	57.256
25.65	25.64	0.033120	57.357
25.65	25.64	0.033137	57.456
25.65	25.65	0.033153	57.557
25.65	25.65	0.033170	57.656
25.65	25.65	0.033187	57.757
25.62	25.65	0.033203	57.856
25.62	25.65	0.033220	57.957
25.62	25.65	0.033237	58.057
25.62	25.65	0.033253	58.156
25.62	25.65	0.033270	58.257
25.62	25.65	0.033287	58.356
25.65	25.65	0.033303	58.457
25.65	25.65	0.033320	58.556
25.65	25.65	0.033337	58.657
25.65	25.65	0.033353	58.757
25.65	25.66	0.033370	58.856
25.65	25.66	0.033387	58.957
25.65	25.66	0.033403	59.056
25.65	25.66	0.033420	59.157
25.65	25.66	0.033437	59.256
25.65	25.66	0.033453	59.357
25.67	25.66	0.033470	59.456
25.67	25.66	0.033487	59.556
25.67	25.66	0.033503	59.657
25.67	25.66	0.033520	59.756
25.67	25.66	0.033537	59.857
25.67	25.66	0.033553	59.956
25.67	25.66	0.033570	00.057
25.67	25.67	0.033587	00.156
25.67	25.67	0.033603	00.257
25.67	25.67	0.033620	00.357
25.67	25.67	0.033637	00.456
25.67	25.67	0.033653	00.557
25.67	25.67	0.033670	00.656
25.67	25.67	0.033687	00.757
25.67	25.67	0.033703	00.856
25.67	25.67	0.033720	00.957
25.67	25.67	0.033737	01.056
25.67	25.67	0.033753	01.181
25.67	25.67	0.033770	01.285
25.67	25.67	0.033786	01.380
25.67	25.68	0.033803	01.480
25.67	25.68	0.033820	01.584
25.67	25.68	0.033836	01.679
25.67	25.68	0.033853	01.778
25.67	25.68	0.033870	01.883
25.67	25.68	0.033886	01.977
25.67	25.68	0.033903	02.077
25.67	25.68	0.033920	02.182
25.67	25.68	0.033936	02.276
25.67	25.68	0.033953	02.376
25.67	25.68	0.033970	02.481
25.70	25.68	0.033986	02.576
25.70	25.68	0.034003	02.675
25.70	25.69	0.034020	02.780
25.70	25.69	0.034036	02.874
25.70	25.69	0.034053	02.974
25.70	25.69	0.034070	03.079
25.70	25.69	0.034086	03.173
25.70	25.69	0.034103	03.273
25.70	25.69	0.034120	03.377
25.70	25.69	0.034136	03.472
25.70	25.69	0.034153	03.571
25.70	25.69	0.034170	03.676
25.70	25.69	0.034186	03.771
25.70	25.69	0.034203	03.870
25.70	25.69	0.034220	03.975
25.70	25.70	0.034236	04.069
25.70	25.70	0.034253	04.171
25.70	25.70	0.034270	04.273
25.70	25.70	0.034286	04.368
25.70	25.70	0.034303	04.470
25.70	25.70	0.034320	04.572
25.70	25.70	0.034336	04.667
25.70	25.70	0.034353	04.770
25.70	25.70	0.034370	04.871
25.70	25.70	0.034386	04.965
25.70	25.70	0.034403	05.070
25.70	25.70	0.034420	05.169
25.70	25.70	0.034436	05.264
25.70	25.71	0.034453	05.369
25.70	25.71	0.034470	05.468
25.70	25.71	0.034486	05.563
25.70	25.71	0.034503	05.667
25.70	25.71	0.034520	05.767
25.70	25.71	0.034536	05.861
25.70	25.71	0.034553	05.967
25.70	25.71	0.034570	06.066
25.70	25.71	0.034586	06.161
25.70	25.71	0.034603	06.266
25.70	25.71	0.034619	06.360
25.70	25.71	0.034636	06.460
25.70	25.71	0.034653	06.564
25.70	25.72	0.034669	06.658
25.70	25.72	0.034686	06.758
25.70	25.72	0.034703	06.862
25.70	25.72	0.034719	06.957
25.70	25.72	0.034736	07.057
25.72	25.72	0.034753	07.161
25.72	25.72	0.034769	07.257
25.72	25.72	0.034786	07.356
25.72	25.72	0.034803	07.460
25.72	25.72	0.034819	07.556
25.72	25.72	0.034836	07.657
25.72	25.72	0.034853	07.759
25.72	25.72	0.034869	07.856
25.72	25.73	0.034886	07.957
25.72	25.73	0.034903	08.058
25.72	25.73	0.034919	08.157
25.75	25.73	0.034936	08.256
25.75	25.73	0.034953	08.357
25.75	25.73	0.034969	08.456
25.75	25.73	0.034986	08.557
25.75	25.73	0.035003	08.657
25.75	25.73	0.035019	08.756
25.75	25.73	0.035036	08.857
25.75	25.73	0.035053	08.956
25.75	25.73	0.035069	09.057
25.75	25.73	0.035086	09.156
25.75	25.74	0.035103	09.257
25.75	25.74	0.035119	09.356
25.75	25.74	0.035136	09.457
25.75	25.74	0.035153	09.557
25.75	25.74	0.035169	09.656
25.75	25.74	0.035186	09.757
25.72	25.74	0.035203	09.856
25.72	25.74	0.035219	09.957
25.72	25.74	0.035236	10.056
25.72	25.74	0.035253	10.156
25.72	25.74	0.035269	10.257
25.72	25.74	0.035286	10.356
25.72	25.74	0.035303	10.457
25.72	25.75	0.035319	10.556
25.72	25.75	0.035336	10.657
25.72	25.75	0.035353	10.756
25.75	25.75	0.035369	10.857
25.75	25.75	0.035386	10.957
25.75	25.75	0.035403	11.056
25.75	25.75	0.035419	11.157
25.75	25.75	0.035436	11.256
25.75	25.75	0.035452	11.357
25.75	25.75	0.035469	11.456
25.75	25.75	0.035486	11.557
25.75	25.75	0.035502	11.655
25.77	25.75	0.035519	11.757
25.77	25.76	0.035536	11.857
25.77	25.76	0.035552	11.956
25.77	25.76	0.035569	12.057
25.77	25.76	0.035586	12.156
25.77	25.76	0.035602	12.257
25.77	25.76	0.035619	12.356
25.77	25.76	0.035636	12.457
25.77	25.76	0.035652	12.557
25.77	25.76	0.035669	12.656
25.77	25.76	0.035686	12.757
25.77	25.76	0.035702	12.856
25.77	25.76	0.035719	12.957
25.77	25.76	0.035736	13.056
25.77	25.77	0.035752	13.157
25.77	25.77	0.035769	13.256
25.77	25.77	0.035786	13.357
25.77	25.77	0.035802	13.457
25.77	25.77	0.035819	13.556
25.77	25.77	0.035836	13.686
25.77	25.77	0.035852	13.780
25.77	25.77	0.035869	13.885
25.77	25.77	0.035886	13.984
25.77	25.77	0.035902	14.079
25.77	25.77	0.035919	14.183
25.77	25.77	0.035936	14.278
25.77	25.77	0.035952	14.378
25.77	25.78	0.035969	14.482
25.77	25.78	0.035986	14.577
25.77	25.78	0.036002	14.676
25.77	25.78	0.036019	14.781
25.77	25.78	0.036036	14.875
25.77	25.78	0.036052	14.975
25.77	25.78	0.036069	15.079
25.77	25.78	0.036086	15.174
25.77	25.78	0.036102	15.274
25.77	25.78	0.036119	15.378
25.77	25.78	0.036136	15.473
25.77	25.78	0.036152	15.572
25.77	25.78	0.036169	15.677
25.77	25.79	0.036186	15.771
25.77	25.79	0.036202	15.871
25.77	25.79	0.036219	15.975
25.77	25.79	0.036236	16.070
25.80	25.79	0.036252	16.170
25.80	25.79	0.036269	16.274
25.80	25.79	0.036285	16.369
25.80	25.79	0.036302	16.469
25.80	25.79	0.036319	16.574
25.80	25.79	0.036335	16.668
25.80	25.79	0.036352	16.768
25.80	25.79	0.036369	16.873
25.80	25.79	0.036385	16.967
25.80	25.80	0.036402	17.069
25.80	25.80	0.036419	17.171
25.80	25.80	0.036435	17.266
25.80	25.80	0.036452	17.368
25.80	25.80	0.036469	17.470
25.80	25.80	0.036485	17.564
25.80	25.80	0.036502	17.668
25.80	25.80	0.036519	17.769
25.80	25.80	0.036535	17.863
25.80	25.80	0.036552	17.968
25.80	25.80	0.036569	18.067
25.80	25.80	0.036585	18.162
25.80	25.80	0.036602	18.266
25.80	25.81	0.036619	18.366
25.80	25.81	0.036635	18.461
25.80	25.81	0.036652	18.565
25.80	25.81	0.036669	18.665
25.80	25.81	0.036685	18.759
25.80	25.81	0.036702	18.864
25.80	25.81	0.036719	18.963
25.80	25.81	0.036735	19.058
25.83	25.81	0.036752	19.162
25.83	25.81	0.036769	19.257
25.83	25.81	0.036785	19.357
25.83	25.81	0.036802	19.461
25.83	25.81	0.036819	19.557
25.83	25.82	0.036835	19.656
25.83	25.82	0.036852	19.760
25.83	25.82	0.036869	19.856
25.83	25.82	0.036885	19.957
25.83	25.82	0.036902	20.060
25.83	25.82	0.036919	20.156
25.83	25.82	0.036935	20.257
25.83	25.82	0.036952	20.358
25.83	25.82	0.036969	20.457
25.80	25.82	0.036985	20.556
25.80	25.82	0.037002	20.657
25.80	25.82	0.037019	20.756
25.80	25.82	0.037035	20.857
25.80	25.83	0.037052	20.957
25.80	25.83	0.037069	21.056
25.80	25.83	0.037085	21.157
25.80	25.83	0.037102	21.256
25.80	25.83	0.037118	21.357
25.83	25.83	0.037135	21.456
25.83	25.83	0.037152	21.557
25.83	25.83	0.037168	21.657
25.83	25.83	0.037185	21.756
25.83	25.83	0.037202	21.857
25.83	25.83	0.037218	21.956
25.83	25.83	0.037235	22.057
25.83	25.83	0.037252	22.156
25.83	25.84	0.037268	22.257
25.85	25.84	0.037285	22.356
25.85	25.84	0.037302	22.457
25.85	25.84	0.037318	22.557
25.85	25.84	0.037335	22.656
25.85	25.84	0.037352	22.757
25.85	25.84	0.037368	22.856
25.85	25.84	0.037385	22.957
25.85	25.84	0.037402	23.056
25.85	25.84	0.037418	23.157
25.85	25.84	0.037435	23.256
25.85	25.84	0.037452	23.357
25.85	25.84	0.037468	23.457
25.85	25.84	0.037485	23.556
25.85	25.85	0.037502	23.657
25.85	25.85	0.037518	23.756
25.85	25.85	0.037535	23.857
25.85	25.85	0.037552	23.956
25.85	25.85	0.037568	24.057
25.85	25.85	0.037585	24.157
25.85	25.85	0.037602	24.256
25.85	25.85	0.037618	24.357
25.85	25.85	0.037635	24.456
25.85	25.85	0.037652	24.557
25.85	25.85	0.037668	24.656
25.85	25.85	0.037685	24.757
25.85	25.85	0.037702	24.856
25.85	25.86	0.037718	24.957
25.85	25.86	0.037735	25.057
25.85	25.86	0.037752	25.156
25.85	25.86	0.037768	25.257
25.85	25.86	0.037785	25.356
25.85	25.86	0.037802	25.457
25.85	25.86	0.037818	25.556
25.85	25.86	0.037835	25.657
25.85	25.86	0.037852	25.756
25.85	25.86	0.037868	25.886
25.85	25.86	0.037885	25.985
25.85	25.86	0.037902	26.080
25.88	25.86	0.037918	26.185
25.88	25.87	0.037935	26.284
25.88	25.87	0.037951	26.379
25.88	25.87	0.037968	26.483
25.88	25.87	0.037985	26.583
25.88	25.87	0.038001	26.677
25.88	25.87	0.038018	26.782
25.88	25.87	0.038035	26.882
25.88	25.87	0.038051	26.976
25.88	25.87	0.038068	27.081
25.88	25.87	0.038085	27.175
25.88	25.87	0.038101	27.275
25.88	25.87	0.038118	27.379
25.88	25.87	0.038135	27.474
25.88	25.88	0.038151	27.573
25.88	25.88	0.038168	27.678
25.88	25.88	0.038185	27.773
25.88	25.88	0.038201	27.872
25.88	25.88	0.038218	27.977
25.88	25.88	0.038235	28.071
25.88	25.88	0.038251	28.171
25.88	25.88	0.038268	28.275
25.88	25.88	0.038285	28.370
25.88	25.88	0.038301	28.470
25.88	25.88	0.038318	28.574
25.88	25.88	0.038335	28.669
25.88	25.88	0.038351	28.769
25.88	25.89	0.038368	28.874
25.88	25.89	0.038385	28.968
25.88	25.89	0.038401	29.068
25.88	25.89	0.038418	29.172
25.88	25.89	0.038435	29.267
25.88	25.89	0.038451	29.366
25.88	25.89	0.038468	29.471
25.88	25.89	0.038485	29.565
25.88	25.89	0.038501	29.666
25.88	25.89	0.038518	29.770
25.88	25.89	0.038535	29.864
25.88	25.89	0.038551	29.966
25.88	25.89	0.038568	30.068
25.88	25.90	0.038585	30.163
25.88	25.90	0.038601	30.265
25.88	25.90	0.038618	30.367
25.88	25.90	0.038635	30.461
25.88	25.90	0.038651	30.565
25.88	25.90	0.038668	30.666
25.90	25.90	0.038685	30.760
25.90	25.90	0.038701	30.866
25.90	25.90	0.038718	30.965
25.90	25.90	0.038735	31.059
25.90	25.90	0.038751	31.164
25.90	25.90	0.038768	31.263
25.90	25.90	0.038784	31.359
25.90	25.91	0.038801	31.463
25.90	25.91	0.038818	31.562
25.90	25.91	0.038834	31.659
25.93	25.91	0.038851	31.761
25.93	25.91	0.038868	31.861
25.93	25.91	0.038884	31.958
25.93	25.91	0.038901	32.060
25.93	25.91	0.038918	32.160
25.93	25.91	0.038934	32.258
25.93	25.91	0.038951	32.360
25.93	25.91	0.038968	32.461
25.93	25.91	0.038984	32.559
25.93	25.91	0.039001	32.658
25.93	25.92	0.039018	32.761
25.93	25.92	0.039034	32.858
25.93	25.92	0.039051	32.959
25.90	25.92	0.039068	33.061
25.90	25.92	0.039084	33.158
25.90	25.92	0.039101	33.259
25.90	25.92	0.039118	33.360
25.90	25.92	0.039134	33.459
25.90	25.92	0.039151	33.558
25.90	25.92	0.039168	33.661
25.90	25.92	0.039184	33.758
25.93	25.92	0.039201	33.859
25.93	25.92	0.039218	33.961
25.93	25.93	0.039234	34.058
25.93	25.93	0.039251	34.159
25.93	25.93	0.039268	34.260
25.93	25.93	0.039284	34.359
25.93	25.93	0.039301	34.458
25.93	25.93	0.039318	34.560
25.93	25.93	0.039334	34.659
25.93	25.93	0.039351	34.758
25.93	25.93	0.039368	34.861
25.93	25.93	0.039384	34.958
25.93	25.93	0.039401	35.060
25.95	25.93	0.039418	35.160
25.95	25.93	0.039434	35.260
25.95	25.94	0.039451	35.359
25.95	25.94	0.039468	35.460
25.95	25.94	0.039484	35.560
25.95	25.94	0.039501	35.659
25.95	25.94	0.039518	35.761
25.95	25.94	0.039534	35.859
25.95	25.94	0.039551	35.960
25.95	25.94	0.039568	36.060
25.95	25.94	0.039584	36.160
25.95	25.94	0.039601	36.259
25.95	25.94	0.039617	36.360
25.95	25.94	0.039634	36.460
25.95	25.94	0.039651	36.559
25.95	25.95	0.039667	36.661
25.95	25.95	0.039684	36.759
25.95	25.95	0.039701	36.860
25.95	25.95	0.039717	36.960
25.95	25.95	0.039734	37.060
25.95	25.95	0.039751	37.159
25.95	25.95	0.039767	37.260
25.95	25.95	0.039784	37.359
25.95	25.95	0.039801	37.458
25.95	25.95	0.039817	37.560
25.95	25.95	0.039834	37.687
25.95	25.95	0.039851	37.782
25.95	25.95	0.039867	37.859
25.95	25.96	0.039884	37.987
25.95	25.96	0.039901	38.080
25.95	25.96	0.039917	38.160
25.95	25.96	0.039934	38.286
25.95	25.96	0.039951	38.380
25.95	25.96	0.039967	38.485
25.95	25.96	0.039984	38.584
25.95	25.96	0.040001	38.679
25.95	25.96	0.040017	38.783
25.95	25.96	0.040034	38.883
25.95	25.96	0.040051	38.978
25.95	25.96	0.040067	39.082
25.95	25.96	0.040084	39.182
25.95	25.97	0.040101	39.276
25.95	25.97	0.040117	39.381
25.95	25.97	0.040134	39.480
25.95	25.97	0.040151	39.575
25.95	25.97	0.040167	39.679
25.95	25.97	0.040184	39.774
25.98	25.97	0.040201	39.874
25.98	25.97	0.040217	39.978
25.98	25.97	0.040234	40.073
25.98	25.97	0.040251	40.172
25.98	25.97	0.040267	40.277
25.98	25.97	0.040284	40.371
25.98	25.97	0.040301	40.471
25.98	25.98	0.040317	40.575
25.98	25.98	0.040334	40.670
25.98	25.98	0.040351	40.770
25.98	25.98	0.040367	40.875
25.98	25.98	0.040384	40.970
25.98	25.98	0.040401	41.068
25.98	25.98	0.040417	41.174
25.98	25.98	0.040434	41.268
25.98	25.98	0.040450	41.367
25.98	25.98	0.040467	41.472
25.98	25.98	0.040484	41.567
25.98	25.98	0.040500	41.666
25.98	25.98	0.040517	41.771
25.98	25.99	0.040534	41.865
26.00	25.99	0.040550	41.965
26.00	25.99	0.040567	42.070
26.00	25.99	0.040584	42.164
26.00	25.99	0.040600	42.263
26.00	25.99	0.040617	42.369
26.00	25.99	0.040634	42.464
26.00	25.99	0.040650	42.564
26.00	25.99	0.040667	42.668
26.00	25.99	0.040684	42.762
26.00	25.99	0.040700	42.864
26.00	25.99	0.040717	42.966
26.00	25.99	0.040734	43.061
26.00	26.00	0.040750	43.163
26.00	26.00	0.040767	43.265
25.98	26.00	0.040784	43.361
25.98	26.00	0.040800	43.463
25.98	26.00	0.040817	43.564
25.98	26.00	0.040834	43.660
25.98	26.00	0.040850	43.763
25.98	26.00	0.040867	43.862
25.98	26.00	0.040884	43.961
26.00	26.00	0.040900	44.062
26.00	26.00	0.040917	44.161
26.00	26.00	0.040934	44.261
26.00	26.00	0.040950	44.360
26.00	26.01	0.040967	44.461
26.00	26.01	0.040984	44.560
26.00	26.01	0.041000	44.661
26.00	26.01	0.041017	44.760
26.00	26.01	0.041034	44.861
26.00	26.01	0.041050	44.961
26.00	26.01	0.041067	45.060
26.00	26.01	0.041084	45.161
26.00	26.01	0.041100	45.260
26.00	26.01	0.041117	45.361
26.03	26.01	0.041134	45.460
26.03	26.01	0.041150	45.561
26.03	26.01	0.041167	45.660
26.03	26.02	0.041184	45.760
26.03	26.02	0.041200	45.861
26.03	26.02	0.041217	45.960
26.03	26.02	0.041234	46.061
26.03	26.02	0.041250	46.160
26.03	26.02	0.041267	46.261
26.03	26.02	0.041283	46.360
26.03	26.02	0.041300	46.461
26.03	26.02	0.041317	46.561
26.03	26.02	0.041333	46.660
26.03	26.02	0.041350	46.761
26.03	26.02	0.041367	46.860
26.03	26.02	0.041383	46.961
26.03	26.03	0.041400	47.060
26.03	26.03	0.041417	47.161
26.03	26.03	0.041433	47.260
26.03	26.03	0.041450	47.361
26.03	26.03	0.041467	47.461
26.03	26.03	0.041483	47.560
26.03	26.03	0.041500	47.661
26.03	26.03	0.041517	47.760
26.03	26.03	0.041533	47.861
26.03	26.03	0.041550	47.960
26.03	26.03	0.041567	48.061
26.03	26.03	0.041583	48.160
26.03	26.03	0.041600	48.261
26.03	26.04	0.041617	48.361
26.03	26.04	0.041633	48.460
26.03	26.04	0.041650	48.561
26.03	26.04	0.041667	48.660
26.03	26.04	0.041683	48.761
26.03	26.04	0.041700	48.860
26.03	26.04	0.041717	48.961
26.03	26.04	0.041733	49.061
26.03	26.04	0.041750	49.160
26.03	26.04	0.041767	49.261
26.03	26.04	0.041783	49.360
26.03	26.04	0.041800	49.485
26.03	26.04	0.041817	49.584
26.03	26.05	0.041833	49.689
26.06	26.05	0.041850	49.783
26.06	26.05	0.041867	49.883
26.06	26.05	0.041883	49.987
26.06	26.05	0.041900	50.082
26.06	26.05	0.041917	50.183
26.06	26.05	0.041933	50.286
26.06	26.05	0.041950	50.381
26.06	26.05	0.041967	50.482
26.06	26.05	0.041983	50.585
26.06	26.05	0.042000	50.679
26.06	26.05	0.042017	50.782
26.06	26.05	0.042033	50.884
26.06	26.06	0.042050	50.978
26.06	26.06	0.042067	51.083
26.06	26.06	0.042083	51.183
26.06	26.06	0.042100	51.277
26.06	26.06	0.042116	51.382
26.06	26.06	0.042133	51.482
26.06	26.06	0.042150	51.576
26.06	26.06	0.042166	51.681
26.06	26.06	0.042183	51.781
26.06	26.06	0.042200	51.875
26.06	26.06	0.042216	51.980
26.06	26.06	0.042233	52.079
26.06	26.06	0.042250	52.174
26.06	26.07	0.042266	52.278
26.06	26.07	0.042283	52.378
26.06	26.07	0.042300	52.473
26.06	26.07	0.042316	52.577
26.06	26.07	0.042333	52.672
26.06	26.07	0.042350	52.771
26.06	26.07	0.042366	52.876
26.06	26.07	0.042383	52.970
26.06	26.07	0.042400	53.070
26.08	26.07	0.042416	53.174
26.08	26.07	0.042433	53.269
26.08	26.07	0.042450	53.369
26.08	26.07	0.042466	53.473
26.08	26.08	0.042483	53.568
26.08	26.08	0.042500	53.667
26.08	26.08	0.042516	53.772
26.08	26.08	0.042533	53.866
26.08	26.08	0.042550	53.967
26.08	26.08	0.042566	54.071
26.08	26.08	0.042583	54.166
26.08	26.08	0.042600	54.265
26.08	26.08	0.042616	54.370
26.08	26.08	0.042633	54.464
26.08	26.08	0.042650	54.564
26.08	26.08	0.042666	54.668
26.08	26.08	0.042683	54.763
26.08	26.08	0.042700	54.863
26.08	26.09	0.042716	54.967
26.08	26.09	0.042733	55.062
26.08	26.09	0.042750	55.161
26.08	26.09	0.042766	55.266
26.08	26.09	0.042783	55.361
26.08	26.09	0.042800	55.462
26.08	26.09	0.042816	55.565
26.08	26.09	0.042833	55.661
26.08	26.09	0.042850	55.762
26.08	26.09	0.042866	55.863
26.08	26.09	0.042883	55.962
26.08	26.09	0.042900	56.061
26.08	26.09	0.042916	56.162
26.08	26.10	0.042933	56.261
26.11	26.10	0.042949	56.362
26.11	26.10	0.042966	56.461
26.11	26.10	0.042983	56.562
26.11	26.10	0.042999	56.661
26.11	26.10	0.043016	56.762
26.11	26.10	0.043033	56.861
26.11	26.10	0.043049	56.962
26.11	26.10	0.043066	57.061
26.11	26.10	0.043083	57.162
26.11	26.10	0.043099	57.262
26.11	26.10	0.043116	57.361
26.11	26.10	0.043133	57.462
26.11	26.11	0.043149	57.561
26.11	26.11	0.043166	57.662
26.11	26.11	0.043183	57.761
26.11	26.11	0.043199	57.862
26.11	26.11	0.043216	57.961
26.11	26.11	0.043233	58.061
26.11	26.11	0.043249	58.162
26.11	26.11	0.043266	58.261
26.11	26.11	0.043283	58.362
26.11	26.11	0.043299	58.461
26.11	26.11	0.043316	58.562
26.11	26.11	0.043333	58.661
26.11	26.11	0.043349	58.762
26.11	26.12	0.043366	58.862
26.11	26.12	0.043383	58.961
26.11	26.12	0.043399	59.062
26.11	26.12	0.043416	59.161
26.13	26.12	0.043433	59.262
26.13	26.12	0.043449	59.361
26.13	26.12	0.043466	59.462
26.13	26.12	0.043483	59.561
26.13	26.12	0.043499	59.662
26.13	26.12	0.043516	59.762
26.13	26.12	0.043533	59.861
26.13	26.12	0.043549	59.962
26.13	26.12	0.043566	00.061
26.13	26.13	0.043583	00.162
26.13	26.13	0.043599	00.261
26.13	26.13	0.043616	00.362
26.13	26.13	0.043633	00.462
26.13	26.13	0.043649	00.561
26.13	26.13	0.043666	00.662
26.13	26.13	0.043683	00.761
26.13	26.13	0.043699	00.862
26.13	26.13	0.043716	00.961
26.13	26.13	0.043733	01.062
26.13	26.13	0.043749	01.161
26.13	26.13	0.043766	01.262
26.13	26.13	0.043782	01.362
26.13	26.14	0.043799	01.461
26.13	26.14	0.043816	01.586
26.13	26.14	0.043832	01.690
26.13	26.14	0.043849	01.785
26.13	26.14	0.043866	01.884
26.13	26.14	0.043882	01.989
26.13	26.14	0.043899	02.083
26.13	26.14	0.043916	02.183
26.13	26.14	0.043932	02.287
26.13	26.14	0.043949	02.382
26.13	26.14	0.043966	02.482
26.13	26.14	0.043982	02.586
26.13	26.14	0.043999	02.681
26.13	26.15	0.044016	02.780
26.13	26.15	0.044032	02.885
26.16	26.15	0.044049	02.979
26.16	26.15	0.044066	03.081
26.16	26.15	0.044082	03.185
26.16	26.15	0.044099	03.278
26.16	26.15	0.044116	03.381
26.16	26.15	0.044132	03.483
26.16	26.15	0.044149	03.578
26.16	26.15	0.044166	03.680
26.16	26.15	0.044182	03.782
26.16	26.15	0.044199	03.876
26.16	26.15	0.044216	03.980
26.16	26.16	0.044232	04.081
26.16	26.16	0.044249	04.175
26.16	26.16	0.044266	04.280
26.16	26.16	0.044282	04.379
26.16	26.16	0.044299	04.474
26.16	26.16	0.044316	04.578
26.16	26.16	0.044332	04.678
26.16	26.16	0.044349	04.773
26.16	26.16	0.044366	04.877
26.16	26.16	0.044382	04.977
26.16	26.16	0.044399	05.071
26.16	26.16	0.044416	05.176
26.16	26.16	0.044432	05.270
26.16	26.17	0.044449	05.370
26.16	26.17	0.044466	05.474
26.16	26.17	0.044482	05.569
26.16	26.17	0.044499	05.669
26.16	26.17	0.044516	05.773
26.16	26.17	0.044532	05.868
26.16	26.17	0.044549	05.967
26.16	26.17	0.044566	06.072
26.16	26.17	0.044582	06.166
26.16	26.17	0.044599	06.266
26.16	26.17	0.044615	06.371
26.16	26.17	0.044632	06.465
26.18	26.17	0.044649	06.566
26.18	26.18	0.044665	06.669
26.18	26.18	0.044682	06.764
26.18	26.18	0.044699	06.863
26.18	26.18	0.044715	06.968
26.18	26.18	0.044732	07.062
26.18	26.18	0.044749	07.162
26.18	26.18	0.044765	07.268
26.18	26.18	0.044782	07.362
26.18	26.18	0.044799	07.462
26.18	26.18	0.044815	07.566
26.18	26.18	0.044832	07.662
26.18	26.18	0.044849	07.761
26.18	26.18	0.044865	07.865
26.18	26.19	0.044882	07.962
26.18	26.19	0.044899	08.061
26.18	26.19	0.044915	08.164
26.18	26.19	0.044932	08.261
26.18	26.19	0.044949	08.362
26.18	26.19	0.044965	08.462
26.18	26.19	0.044982	08.562
26.18	26.19	0.044999	08.661
26.21	26.19	0.045015	08.762
26.21	26.19	0.045032	08.862
26.21	26.19	0.045049	08.961
26.21	26.19	0.045065	09.062
26.21	26.19	0.045082	09.161
26.21	26.20	0.045099	09.262
26.21	26.20	0.045115	09.361
26.21	26.20	0.045132	09.462
26.21	26.20	0.045149	09.561
26.21	26.20	0.045165	09.662
26.21	26.20	0.045182	09.762
26.21	26.20	0.045199	09.861
26.21	26.20	0.045215	09.962
26.21	26.20	0.045232	10.061
26.21	26.20	0.045249	10.162
26.21	26.20	0.045265	10.261
26.21	26.20	0.045282	10.362
26.21	26.20	0.045299	10.462
26.21	26.21	0.045315	10.561
26.18	26.21	0.045332	10.662
26.18	26.21	0.045349	10.761
26.18	26.21	0.045365	10.862
26.18	26.21	0.045382	10.961
26.18	26.21	0.045399	11.062
26.18	26.21	0.045415	11.161
26.21	26.21	0.045432	11.262
26.21	26.21	0.045448	11.362
26.21	26.21	0.045465	11.461
26.21	26.21	0.045482	11.562
26.21	26.21	0.045498	11.661
26.21	26.21	0.045515	11.761
26.21	26.22	0.045532	11.860
26.21	26.22	0.045548	11.962
26.21	26.22	0.045565	12.061
26.21	26.22	0.045582	12.162
26.21	26.22	0.045598	12.262
26.24	26.22	0.045615	12.361
26.24	26.22	0.045632	12.462
26.24	26.22	0.045648	12.561
26.24	26.22	0.045665	12.662
26.24	26.22	0.045682	12.761
26.24	26.22	0.045698	12.862
26.24	26.22	0.045715	12.962
26.24	26.22	0.045732	13.061
26.24	26.23	0.045748	13.162
26.24	26.23	0.045765	13.261
26.24	26.23	0.045782	13.362
26.24	26.23	0.045798	13.461
26.24	26.23	0.045815	13.562
26.24	26.23	0.045832	13.661
26.24	26.23	0.045848	13.786
26.24	26.23	0.045865	13.885
26.24	26.23	0.045882	13.990
26.24	26.23	0.045898	14.085
26.21	26.23	0.045915	14.184
26.21	26.23	0.045932	14.289
26.21	26.23	0.045948	14.383
26.21	26.24	0.045965	14.483
26.21	26.24	0.045982	14.587
26.21	26.24	0.045998	14.682
26.21	26.24	0.046015	14.781
26.21	26.24	0.046032	14.886
26.21	26.24	0.046048	14.981
26.24	26.24	0.046065	15.080
26.24	26.24	0.046082	15.185
26.24	26.24	0.046098	15.279
26.24	26.24	0.046115	15.380
26.24	26.24	0.046132	15.484
26.24	26.24	0.046148	15.578
26.24	26.24	0.046165	15.679
26.24	26.25	0.046182	15.783
26.24	26.25	0.046198	15.878
26.24	26.25	0.046215	15.978
26.24	26.25	0.046232	16.082
26.26	26.25	0.046248	16.176
26.26	26.25	0.046265	16.279
26.26	26.25	0.046281	16.380
26.26	26.25	0.046298	16.475
26.26	26.25	0.046315	16.579
26.26	26.25	0.046331	16.679
26.26	26.25	0.046348	16.774
26.26	26.25	0.046365	16.878
26.26	26.25	0.046381	16.978
26.26	26.26	0.046398	17.072
26.26	26.26	0.046415	17.177
26.26	26.26	0.046431	17.277
26.26	26.26	0.046448	17.371
26.26	26.26	0.046465	17.476
26.26	26.26	0.046481	17.575
26.26	26.26	0.046498	17.670
26.26	26.26	0.046515	17.774
26.26	26.26	0.046531	17.874
26.26	26.26	0.046548	17.968
26.26	26.26	0.046565	18.073
26.26	26.26	0.046581	18.168
26.26	26.26	0.046598	18.267
26.26	26.27	0.046615	18.372
26.26	26.27	0.046631	18.466
26.26	26.27	0.046648	18.566
26.26	26.27	0.046665	18.670
26.26	26.27	0.046681	18.765
26.26	26.27	0.046698	18.865
26.26	26.27	0.046715	18.969
26.26	26.27	0.046731	19.065
26.26	26.27	0.046748	19.164
26.26	26.27	0.046765	19.269
26.26	26.27	0.046781	19.363
26.26	26.27	0.046798	19.463
26.26	26.27	0.046815	19.567
26.26	26.28	0.046831	19.663
26.29	26.28	0.046848	19.763
26.29	26.28	0.046865	19.866
26.29	26.28	0.046881	19.963
26.29	26.28	0.046898	20.062
26.29	26.28	0.046915	20.165
26.29	26.28	0.046931	20.262
26.29	26.28	0.046948	20.363
26.29	26.28	0.046965	20.464
26.29	26.28	0.046981	20.562
26.29	26.28	0.046998	20.663
26.29	26.28	0.047015	20.762
26.29	26.28	0.047031	20.863
26.29	26.29	0.047048	20.962
26.29	26.29	0.047065	21.063
26.29	26.29	0.047081	21.162
26.29	26.29	0.047098	21.263
26.29	26.29	0.047114	21.363
26.29	26.29	0.047131	21.462
26.29	26.29	0.047148	21.563
26.29	26.29	0.047164	21.662
26.29	26.29	0.047181	21.763
26.29	26.29	0.047198	21.862
26.29	26.29	0.047214	21.963
26.29	26.29	0.047231	22.063
26.29	26.29	0.047248	22.162
26.29	26.30	0.047264	22.265
26.29	26.30	0.047281	22.364
26.29	26.30	0.047298	22.465
26.29	26.30	0.047314	22.564
26.29	26.30	0.047331	22.665
26.29	26.30	0.047348	22.764
26.29	26.30	0.047364	22.865
26.29	26.30	0.047381	22.965
26.29	26.30	0.047398	23.064
26.29	26.30	0.047414	23.165
26.31	26.30	0.047431	23.264
26.31	26.30	0.047448	23.365
26.31	26.30	0.047464	23.464
26.31	26.30	0.047481	23.565
26.31	26.31	0.047498	23.664
26.31	26.31	0.047514	23.765
26.31	26.31	0.047531	23.865
26.31	26.31	0.047548	23.964
26.31	26.31	0.047564	24.065
26.31	26.31	0.047581	24.164
26.31	26.31	0.047598	24.265
26.31	26.31	0.047614	24.364
26.31	26.31	0.047631	24.465
26.31	26.31	0.047648	24.564
26.31	26.31	0.047664	24.664
26.31	26.31	0.047681	24.765
26.31	26.31	0.047698	24.864
26.31	26.32	0.047714	24.965
26.31	26.32	0.047731	25.064
26.31	26.32	0.047748	25.165
26.31	26.32	0.047764	25.264
26.31	26.32	0.047781	25.394
26.34	26.32	0.047798	25.493
26.34	26.32	0.047814	25.588
26.34	26.32	0.047831	25.693
26.34	26.32	0.047848	25.787
26.34	26.32	0.047864	25.887
26.34	26.32	0.047881	25.991
26.34	26.32	0.047898	26.086
26.34	26.32	0.047914	26.185
26.34	26.33	0.047931	26.290
26.34	26.33	0.047947	26.384
26.34	26.33	0.047964	26.484
26.34	26.33	0.047981	26.589
26.31	26.33	0.047997	26.683
26.31	26.33	0.048014	26.783
26.31	26.33	0.048031	26.887
26.31	26.33	0.048047	26.982
26.31	26.33	0.048064	27.081
26.31	26.33	0.048081	27.186
26.31	26.33	0.048097	27.281
26.31	26.33	0.048114	27.380
26.31	26.33	0.048131	27.485
26.31	26.34	0.048147	27.579
26.34	26.34	0.048164	27.680
26.34	26.34	0.048181	27.784
26.34	26.34	0.048197	27.878
26.34	26.34	0.048214	27.978
26.34	26.34	0.048231	28.083
26.34	26.34	0.048247	28.178
26.34	26.34	0.048264	28.277
26.34	26.34	0.048281	28.382
26.34	26.34	0.048297	28.476
26.34	26.34	0.048314	28.577
26.34	26.34	0.048331	28.680
26.36	26.34	0.048347	28.775
26.36	26.35	0.048364	28.877
26.36	26.35	0.048381	28.979
26.36	26.35	0.048397	29.073
26.36	26.35	0.048414	29.177
26.36	26.35	0.048431	29.277
26.36	26.35	0.048447	29.372
26.36	26.35	0.048464	29.477
26.36	26.35	0.048481	29.576
26.36	26.35	0.048497	29.671
26.36	26.35	0.048514	29.776
26.36	26.35	0.048531	29.876
26.36	26.35	0.048547	29.970
26.36	26.35	0.048564	30.075
26.36	26.36	0.048581	30.174
26.36	26.36	0.048597	30.269
26.36	26.36	0.048614	30.374
26.36	26.36	0.048631	30.473
26.36	26.36	0.048647	30.568
26.34	26.36	0.048664	30.672
26.34	26.36	0.048681	30.767
26.34	26.36	0.048697	30.866
26.34	26.36	0.048714	30.971
26.34	26.36	0.048731	31.066
26.34	26.36	0.048747	31.165
26.36	26.36	0.048764	31.269
26.36	26.36	0.048780	31.365
26.36	26.37	0.048797	31.464
26.36	26.37	0.048814	31.568
26.36	26.37	0.048830	31.664
26.36	26.37	0.048847	31.765
26.36	26.37	0.048864	31.867
26.36	26.37	0.048880	31.965
26.36	26.37	0.048897	32.064
26.36	26.37	0.048914	32.166
26.36	26.37	0.048930	32.264
26.36	26.37	0.048947	32.365
26.39	26.37	0.048964	32.464
26.39	26.37	0.048980	32.565
26.39	26.37	0.048997	32.665
26.39	26.38	0.049014	32.764
26.39	26.38	0.049030	32.865
26.39	26.38	0.049047	32.964
26.39	26.38	0.049064	33.065
26.39	26.38	0.049080	33.164
26.39	26.38	0.049097	33.265
26.39	26.38	0.049114	33.365
26.39	26.38	0.049130	33.464
26.39	26.38	0.049147	33.565
26.39	26.38	0.049164	33.664
26.39	26.38	0.049180	33.766
26.39	26.38	0.049197	33.865
26.39	26.38	0.049214	33.965
26.39	26.39	0.049230	34.066
26.39	26.39	0.049247	34.166
26.39	26.39	0.049264	34.265
26.39	26.39	0.049280	34.366
26.39	26.39	0.049297	34.465
26.39	26.39	0.049314	34.566
26.39	26.39	0.049330	34.665
26.39	26.39	0.049347	34.766
26.39	26.39	0.049364	34.865
26.39	26.39	0.049380	34.966
26.39	26.39	0.049397	35.065
26.39	26.39	0.049414	35.166
26.39	26.39	0.049430	35.265
26.39	26.40	0.049447	35.366
26.39	26.40	0.049464	35.465
26.39	26.40	0.049480	35.566
26.39	26.40	0.049497	35.665
26.39	26.40	0.049514	35.766
26.39	26.40	0.049530	35.865
26.39	26.40	0.049547	35.966
26.39	26.40	0.049564	36.065
26.39	26.40	0.049580	36.166
26.39	26.40	0.049597	36.265
26.39	26.40	0.049613	36.365
26.39	26.40	0.049630	36.466
26.39	26.40	0.049647	36.567
26.39	26.41	0.049663	36.666
26.39	26.41	0.049680	36.771
26.39	26.41	0.049697	36.866
26.39	26.41	0.049713	36.967
26.42	26.41	0.049730	37.070
26.42	26.41	0.049747	37.196
26.42	26.41	0.049763	37.290
26.42	26.41	0.049780	37.395
26.42	26.41	0.049797	37.494
26.42	26.41	0.049813	37.589
26.42	26.41	0.049830	37.694
26.42	26.41	0.049847	37.793
26.42	26.41	0.049863	37.888
26.42	26.42	0.049880	37.992
26.42	26.42	0.049897	38.092
26.42	26.42	0.049913	38.186
26.42	26.42	0.049930	38.291
26.42	26.42	0.049947	38.390
26.42	26.42	0.049963	38.485
26.42	26.42	0.049980	38.590
26.42	26.42	0.049997	38.684
26.42	26.42	0.050013	38.784
26.42	26.42	0.050030	38.888
26.42	26.42	0.050047	38.983
26.42	26.42	0.050063	39.082
26.42	26.42	0.050080	39.187
26.42	26.43	0.050097	39.282
26.42	26.43	0.050113	39.382
26.42	26.43	0.050130	39.487
26.42	26.43	0.050147	39.581
26.42	26.43	0.050163	39.681
26.42	26.43	0.050180	39.785
26.42	26.43	0.050197	39.880
26.44	26.43	0.050213	39.979
26.44	26.43	0.050230	40.084
26.44	26.43	0.050247	40.179
26.44	26.43	0.050263	40.278
26.44	26.43	0.050280	40.383
26.44	26.43	0.050297	40.477
26.44	26.44	0.050313	40.577
26.44	26.44	0.050330	40.681
26.44	26.44	0.050347	40.776
26.44	26.44	0.050363	40.876
26.44	26.44	0.050380	40.980
26.44	26.44	0.050397	41.075
26.44	26.44	0.050413	41.174
26.44	26.44	0.050430	41.279
26.44	26.44	0.050446	41.373
26.44	26.44	0.050463	41.474
26.44	26.44	0.050480	41.578
26.44	26.44	0.050496	41.672
26.44	26.44	0.050513	41.775
26.44	26.45	0.050530	41.876
26.44	26.45	0.050546	41.971
26.44	26.45	0.050563	42.074
26.44	26.45	0.050580	42.175
26.44	26.45	0.050596	42.269
26.44	26.45	0.050613	42.374
26.44	26.45	0.050630	42.474
26.44	26.45	0.050646	42.568
26.44	26.45	0.050663	42.673
26.44	26.45	0.050680	42.772
26.44	26.45	0.050696	42.868
26.44	26.45	0.050713	42.972
26.44	26.45	0.050730	43.071
26.47	26.46	0.050746	43.168
26.47	26.46	0.050763	43.271
26.47	26.46	0.050780	43.371
26.47	26.46	0.050796	43.467
26.47	26.46	0.050813	43.570
26.47	26.46	0.050830	43.669
26.47	26.46	0.050846	43.768
26.47	26.46	0.050863	43.868
26.47	26.46	0.050880	43.970
26.47	26.46	0.050896	44.068
26.47	26.46	0.050913	44.167
26.47	26.46	0.050930	44.270
26.47	26.46	0.050946	44.367
26.47	26.47	0.050963	44.468
26.47	26.47	0.050980	44.569
26.47	26.47	0.050996	44.668
26.47	26.47	0.051013	44.768
26.47	26.47	0.051030	44.869
26.47	26.47	0.051046	44.968
26.47	26.47	0.051063	45.067
26.47	26.47	0.051080	45.170
26.47	26.47	0.051096	45.267
26.47	26.47	0.051113	45.368
26.47	26.47	0.051130	45.470
26.47	26.47	0.051146	45.567
26.47	26.47	0.051163	45.668
26.47	26.48	0.051180	45.769
26.47	26.48	0.051196	45.868
26.47	26.48	0.051213	45.968
26.47	26.48	0.051230	46.069
26.47	26.48	0.051246	46.168
26.47	26.48	0.051263	46.269
26.47	26.48	0.051279	46.370
26.47	26.48	0.051296	46.468
26.47	26.48	0.051313	46.569
26.47	26.48	0.051329	46.669
26.49	26.48	0.051346	46.769
26.49	26.48	0.051363	46.868
26.49	26.48	0.051379	46.969
26.49	26.49	0.051396	47.068
26.49	26.49	0.051413	47.169
26.49	26.49	0.051429	47.269
26.49	26.49	0.051446	47.368
26.49	26.49	0.051463	47.469
26.49	26.49	0.051479	47.569
26.49	26.49	0.051496	47.669
26.49	26.49	0.051513	47.768
26.49	26.49	0.051529	47.869
26.49	26.49	0.051546	47.969
26.49	26.49	0.051563	48.068
26.49	26.49	0.051579	48.169
26.49	26.49	0.051596	48.268
26.49	26.50	0.051613	48.369
26.49	26.50	0.051629	48.469
26.49	26.50	0.051646	48.569
26.49	26.50	0.051663	48.668
26.49	26.50	0.051679	48.769
26.49	26.50	0.051696	48.869
26.49	26.50	0.051713	48.968
26.49	26.50	0.051729	49.069
