100.00	0.00	7.23	30.00	150.00	2.70	97.30	3.00	

25.00	25.50	0.000000	29.740
25.00	25.50	0.000017	29.843
24.95	25.50	0.000033	29.937
24.95	25.50	0.000050	30.040
24.95	25.50	0.000067	30.141
25.00	25.50	0.000083	30.236
25.13	25.50	0.000100	30.340
25.18	25.50	0.000117	30.440
25.34	25.50	0.000133	30.536
25.42	25.50	0.000150	30.639
25.54	25.50	0.000167	30.740
25.65	25.50	0.000183	30.834
25.65	25.50	0.000200	30.939
25.67	25.50	0.000217	31.038
25.67	25.50	0.000233	31.133
25.67	25.50	0.000250	31.237
25.65	25.50	0.000267	31.337
25.59	25.50	0.000283	31.432
25.57	25.50	0.000300	31.536
25.52	25.50	0.000317	31.636
25.47	25.50	0.000333	31.730
25.47	25.50	0.000350	31.835
25.47	25.50	0.000367	31.929
25.44	25.50	0.000383	32.029
25.44	25.50	0.000400	32.134
25.44	25.50	0.000416	32.228
25.44	25.50	0.000433	32.329
25.44	25.50	0.000450	32.432
25.44	25.50	0.000466	32.529
25.47	25.50	0.000483	32.628
25.47	25.50	0.000500	32.731
25.47	25.50	0.000516	32.828
25.52	25.50	0.000533	32.929
25.54	25.50	0.000550	33.030
25.54	25.50	0.000566	33.128
25.57	25.50	0.000583	33.229
25.57	25.50	0.000600	33.328
25.57	25.50	0.000616	33.429
25.57	25.50	0.000633	33.528
25.59	25.50	0.000650	33.629
25.59	25.50	0.000666	33.728
25.59	25.50	0.000683	33.829
25.59	25.50	0.000700	33.929
25.59	25.50	0.000716	34.028
25.59	25.50	0.000733	34.129
25.59	25.50	0.000750	34.228
25.59	25.50	0.000766	34.329
25.59	25.50	0.000783	34.428
25.59	25.50	0.000800	34.529
25.59	25.50	0.000816	34.629
25.59	25.50	0.000833	34.728
25.57	25.50	0.000850	34.829
25.57	25.50	0.000866	34.928
25.57	25.50	0.000883	35.029
25.57	25.50	0.000900	35.128
25.57	25.50	0.000916	35.229
25.54	25.50	0.000933	35.328
25.54	25.50	0.000950	35.429
25.54	25.50	0.000966	35.529
25.54	25.50	0.000983	35.628
25.54	25.50	0.001000	35.729
25.54	25.50	0.001016	35.828
25.52	25.50	0.001033	35.929
25.52	25.50	0.001050	36.028
25.52	25.50	0.001066	36.129
25.52	25.50	0.001083	36.229
25.52	25.50	0.001100	36.328
25.52	25.50	0.001116	36.429
25.52	25.50	0.001133	36.528
25.52	25.50	0.001150	36.629
25.52	25.50	0.001166	36.728
25.52	25.50	0.001183	36.829
25.52	25.50	0.001200	36.928
25.52	25.50	0.001216	37.029
25.52	25.50	0.001233	37.129
25.52	25.50	0.001250	37.228
25.52	25.50	0.001266	37.329
25.52	25.50	0.001283	37.428
25.52	25.50	0.001299	37.529
25.52	25.50	0.001316	37.628
25.52	25.50	0.001333	37.729
25.52	25.50	0.001349	37.828
25.49	25.50	0.001366	37.929
25.49	25.50	0.001383	38.029
25.49	25.50	0.001399	38.128
25.49	25.50	0.001416	38.229
25.49	25.50	0.001433	38.328
25.49	25.50	0.001449	38.453
25.49	25.50	0.001466	38.557
25.52	25.50	0.001483	38.657
25.52	25.50	0.001499	38.751
25.52	25.50	0.001516	38.856
25.52	25.50	0.001533	38.956
25.52	25.50	0.001549	39.050
25.52	25.50	0.001566	39.155
25.52	25.50	0.001583	39.254
25.52	25.50	0.001599	39.349
25.52	25.50	0.001616	39.453
25.52	25.50	0.001633	39.549
25.52	25.50	0.001649	39.647
25.52	25.50	0.001666	39.753
25.52	25.50	0.001683	39.847
25.52	25.50	0.001699	39.946
25.52	25.50	0.001716	40.052
25.52	25.50	0.001733	40.146
25.52	25.50	0.001749	40.245
25.52	25.50	0.001766	40.350
25.49	25.50	0.001783	40.444
25.49	25.50	0.001799	40.544
25.49	25.50	0.001816	40.649
25.49	25.50	0.001833	40.743
25.49	25.50	0.001849	40.843
25.49	25.50	0.001866	40.947
25.49	25.50	0.001883	41.042
25.49	25.50	0.001899	41.141
25.49	25.50	0.001916	41.246
25.49	25.50	0.001933	41.340
25.49	25.50	0.001949	41.440
25.49	25.50	0.001966	41.545
25.49	25.50	0.001983	41.639
25.49	25.50	0.001999	41.740
25.52	25.50	0.002016	41.844
25.52	25.50	0.002033	41.939
25.52	25.50	0.002049	42.038
25.52	25.50	0.002066	42.143
25.52	25.50	0.002082	42.238
25.52	25.50	0.002099	42.338
25.52	25.50	0.002116	42.442
25.52	25.50	0.002132	42.536
25.52	25.50	0.002149	42.638
25.52	25.50	0.002166	42.740
25.52	25.50	0.002182	42.835
25.52	25.50	0.002199	42.938
25.49	25.50	0.002216	43.039
25.49	25.50	0.002232	43.134
25.49	25.50	0.002249	43.237
25.49	25.50	0.002266	43.338
25.49	25.50	0.002282	43.432
25.49	25.50	0.002299	43.537
25.49	25.50	0.002316	43.636
25.49	25.50	0.002332	43.731
25.49	25.50	0.002349	43.835
25.49	25.50	0.002366	43.935
25.49	25.50	0.002382	44.030
25.49	25.50	0.002399	44.134
25.49	25.50	0.002416	44.234
25.49	25.50	0.002432	44.329
25.49	25.50	0.002449	44.433
25.49	25.50	0.002466	44.532
25.49	25.50	0.002482	44.630
25.49	25.50	0.002499	44.732
25.49	25.50	0.002516	44.833
25.49	25.50	0.002532	44.930
25.49	25.50	0.002549	45.030
25.52	25.50	0.002566	45.133
25.52	25.50	0.002582	45.229
25.52	25.50	0.002599	45.330
25.52	25.50	0.002616	45.432
25.52	25.50	0.002632	45.529
25.52	25.50	0.002649	45.630
25.52	25.50	0.002666	45.732
25.52	25.50	0.002682	45.830
25.52	25.50	0.002699	45.929
25.52	25.50	0.002716	46.033
25.52	25.50	0.002732	46.129
25.52	25.50	0.002749	46.230
25.49	25.50	0.002766	46.333
25.49	25.50	0.002782	46.429
25.49	25.50	0.002799	46.530
25.49	25.50	0.002816	46.632
25.49	25.50	0.002832	46.730
25.49	25.50	0.002849	46.829
25.49	25.50	0.002866	46.932
25.49	25.50	0.002882	47.030
25.49	25.50	0.002899	47.129
25.49	25.50	0.002915	47.233
25.49	25.50	0.002932	47.329
25.49	25.50	0.002949	47.430
25.49	25.50	0.002965	47.532
25.49	25.50	0.002982	47.630
25.49	25.50	0.002999	47.729
25.49	25.50	0.003015	47.832
25.49	25.50	0.003032	47.930
25.49	25.50	0.003049	48.029
25.49	25.50	0.003065	48.132
25.49	25.50	0.003082	48.229
25.49	25.50	0.003099	48.329
25.52	25.50	0.003115	48.432
25.52	25.50	0.003132	48.529
25.52	25.50	0.003149	48.630
25.52	25.50	0.003165	48.732
25.52	25.50	0.003182	48.829
25.52	25.50	0.003199	48.930
25.52	25.50	0.003215	49.032
25.52	25.50	0.003232	49.130
25.52	25.50	0.003249	49.229
25.52	25.50	0.003265	49.332
25.52	25.50	0.003282	49.429
25.52	25.50	0.003299	49.529
25.52	25.50	0.003315	49.632
25.49	25.50	0.003332	49.729
25.49	25.50	0.003349	49.830
25.49	25.50	0.003365	49.932
25.49	25.50	0.003382	50.030
25.49	25.50	0.003399	50.129
25.49	25.50	0.003415	50.232
25.49	25.50	0.003432	50.330
25.49	25.50	0.003449	50.429
25.49	25.50	0.003465	50.532
25.49	25.50	0.003482	50.658
25.49	25.50	0.003499	50.753
25.49	25.50	0.003515	50.831
25.49	25.50	0.003532	50.957
25.49	25.50	0.003549	51.051
25.52	25.50	0.003565	51.156
25.52	25.50	0.003582	51.256
25.52	25.50	0.003599	51.350
25.52	25.50	0.003615	51.455
25.52	25.50	0.003632	51.554
25.52	25.50	0.003649	51.649
25.52	25.50	0.003665	51.753
25.52	25.50	0.003682	51.853
25.52	25.50	0.003699	51.947
25.52	25.50	0.003715	52.052
25.52	25.50	0.003732	52.152
25.49	25.50	0.003748	52.246
25.49	25.50	0.003765	52.351
25.49	25.50	0.003782	52.445
25.49	25.50	0.003798	52.545
25.49	25.50	0.003815	52.649
25.49	25.50	0.003832	52.744
25.49	25.50	0.003848	52.844
25.49	25.50	0.003865	52.949
25.49	25.50	0.003882	53.044
25.49	25.50	0.003898	53.143
25.49	25.50	0.003915	53.248
25.49	25.50	0.003932	53.342
25.49	25.50	0.003948	53.442
25.49	25.50	0.003965	53.546
25.49	25.50	0.003982	53.641
25.49	25.50	0.003998	53.740
25.49	25.50	0.004015	53.845
25.49	25.50	0.004032	53.940
25.49	25.50	0.004048	54.039
25.49	25.50	0.004065	54.144
25.49	25.50	0.004082	54.238
25.49	25.50	0.004098	54.338
25.52	25.50	0.004115	54.442
25.52	25.50	0.004132	54.537
25.52	25.50	0.004148	54.637
25.52	25.50	0.004165	54.741
25.52	25.50	0.004182	54.836
25.52	25.50	0.004198	54.935
25.52	25.50	0.004215	55.040
25.52	25.50	0.004232	55.134
25.52	25.50	0.004248	55.235
25.52	25.50	0.004265	55.339
25.52	25.50	0.004282	55.433
25.52	25.50	0.004298	55.536
25.49	25.50	0.004315	55.638
25.49	25.50	0.004332	55.732
25.49	25.50	0.004348	55.835
25.49	25.50	0.004365	55.937
25.49	25.50	0.004382	56.030
25.49	25.50	0.004398	56.135
25.49	25.50	0.004415	56.236
25.49	25.50	0.004432	56.330
25.49	25.50	0.004448	56.435
25.49	25.50	0.004465	56.534
25.49	25.50	0.004482	56.630
25.49	25.50	0.004498	56.733
25.49	25.50	0.004515	56.833
25.49	25.50	0.004532	56.929
25.49	25.50	0.004548	57.032
25.49	25.50	0.004565	57.132
25.49	25.50	0.004581	57.229
25.49	25.50	0.004598	57.331
25.52	25.50	0.004615	57.430
25.52	25.50	0.004631	57.530
25.52	25.50	0.004648	57.629
25.52	25.50	0.004665	57.730
25.52	25.50	0.004681	57.830
25.52	25.50	0.004698	57.929
25.52	25.50	0.004715	58.031
25.52	25.50	0.004731	58.129
25.52	25.50	0.004748	58.230
25.52	25.50	0.004765	58.330
25.49	25.50	0.004781	58.430
25.49	25.50	0.004798	58.529
25.49	25.50	0.004815	58.630
25.49	25.50	0.004831	58.730
25.49	25.50	0.004848	58.829
25.49	25.50	0.004865	58.930
25.49	25.50	0.004881	59.029
25.49	25.50	0.004898	59.130
25.49	25.50	0.004915	59.230
25.49	25.50	0.004931	59.330
25.49	25.50	0.004948	59.429
25.49	25.50	0.004965	59.530
25.49	25.50	0.004981	59.630
25.49	25.50	0.004998	59.729
25.49	25.50	0.005015	59.830
25.49	25.50	0.005031	59.929
25.49	25.50	0.005048	00.030
25.49	25.50	0.005065	00.129
25.52	25.50	0.005081	00.230
25.52	25.50	0.005098	00.330
25.52	25.50	0.005115	00.430
25.52	25.50	0.005131	00.530
25.52	25.50	0.005148	00.629
25.52	25.50	0.005165	00.730
25.52	25.50	0.005181	00.829
25.52	25.50	0.005198	00.930
25.52	25.50	0.005215	01.029
25.52	25.50	0.005231	01.130
25.49	25.50	0.005248	01.230
25.49	25.50	0.005265	01.330
25.49	25.50	0.005281	01.430
25.49	25.50	0.005298	01.529
25.49	25.50	0.005315	01.630
25.49	25.50	0.005331	01.728
25.49	25.50	0.005348	01.830
25.49	25.50	0.005365	01.930
25.49	25.50	0.005381	02.029
25.49	25.50	0.005398	02.130
25.49	25.50	0.005414	02.229
25.49	25.50	0.005431	02.330
25.49	25.50	0.005448	02.429
25.49	25.50	0.005464	02.530
25.49	25.50	0.005481	02.629
25.49	25.50	0.005498	02.754
25.49	25.50	0.005514	02.830
25.49	25.50	0.005531	02.958
25.49	25.50	0.005548	03.053
25.52	25.50	0.005564	03.129
25.52	25.50	0.005581	03.257
25.52	25.50	0.005598	03.351
25.52	25.50	0.005614	03.454
25.52	25.50	0.005631	03.555
25.52	25.50	0.005648	03.650
25.52	25.50	0.005664	03.754
25.52	25.50	0.005681	03.854
25.52	25.50	0.005698	03.949
25.52	25.50	0.005714	04.053
25.52	25.50	0.005731	04.153
25.49	25.50	0.005748	04.247
25.49	25.50	0.005764	04.352
25.49	25.50	0.005781	04.451
25.49	25.50	0.005798	04.546
25.49	25.50	0.005814	04.651
25.49	25.50	0.005831	04.750
25.49	25.50	0.005848	04.845
25.49	25.50	0.005864	04.950
25.49	25.50	0.005881	05.049
25.49	25.50	0.005898	05.143
25.49	25.50	0.005914	05.249
25.49	25.50	0.005931	05.343
25.49	25.50	0.005948	05.443
25.49	25.50	0.005964	05.548
25.49	25.50	0.005981	05.642
25.49	25.50	0.005998	05.742
25.49	25.50	0.006014	05.846
25.49	25.50	0.006031	05.940
25.52	25.50	0.006048	06.040
25.52	25.50	0.006064	06.145
25.52	25.50	0.006081	06.239
25.52	25.50	0.006098	06.339
25.52	25.50	0.006114	06.444
25.52	25.50	0.006131	06.538
25.52	25.50	0.006148	06.638
25.52	25.50	0.006164	06.742
25.52	25.50	0.006181	06.837
25.52	25.50	0.006198	06.937
25.52	25.50	0.006214	07.041
25.52	25.50	0.006231	07.136
25.49	25.50	0.006247	07.235
25.49	25.50	0.006264	07.340
25.49	25.50	0.006281	07.434
25.49	25.50	0.006297	07.534
25.49	25.50	0.006314	07.639
25.49	25.50	0.006331	07.733
25.49	25.50	0.006347	07.833
25.49	25.50	0.006364	07.937
25.49	25.50	0.006381	08.032
25.49	25.50	0.006397	08.133
25.49	25.50	0.006414	08.236
25.49	25.50	0.006431	08.330
25.49	25.50	0.006447	08.433
25.49	25.50	0.006464	08.535
25.49	25.50	0.006481	08.630
25.49	25.50	0.006497	08.733
25.49	25.50	0.006514	08.833
25.49	25.50	0.006531	08.931
25.52	25.50	0.006547	09.032
25.52	25.50	0.006564	09.133
25.52	25.50	0.006581	09.230
25.52	25.50	0.006597	09.332
25.52	25.50	0.006614	09.432
25.52	25.50	0.006631	09.530
25.52	25.50	0.006647	09.631
25.52	25.50	0.006664	09.730
25.52	25.50	0.006681	09.831
25.52	25.50	0.006697	09.930
25.49	25.50	0.006714	10.031
25.49	25.50	0.006731	10.132
25.49	25.50	0.006747	10.231
25.49	25.50	0.006764	10.332
25.49	25.50	0.006781	10.431
25.49	25.50	0.006797	10.532
25.49	25.50	0.006814	10.631
25.49	25.50	0.006831	10.732
25.49	25.50	0.006847	10.831
25.49	25.50	0.006864	10.932
25.49	25.50	0.006881	11.032
25.49	25.50	0.006897	11.131
25.49	25.50	0.006914	11.232
25.52	25.50	0.006931	11.332
25.52	25.50	0.006947	11.431
25.52	25.50	0.006964	11.532
25.52	25.50	0.006981	11.631
25.52	25.50	0.006997	11.732
25.52	25.50	0.007014	11.831
25.52	25.50	0.007031	11.932
25.52	25.50	0.007047	12.031
25.52	25.50	0.007064	12.132
25.52	25.50	0.007080	12.232
25.52	25.50	0.007097	12.331
25.49	25.50	0.007114	12.432
25.49	25.50	0.007130	12.531
25.49	25.50	0.007147	12.632
25.49	25.50	0.007164	12.731
25.49	25.50	0.007180	12.832
25.49	25.50	0.007197	12.932
25.49	25.50	0.007214	13.031
25.49	25.50	0.007230	13.132
25.49	25.50	0.007247	13.231
25.49	25.50	0.007264	13.333
25.49	25.50	0.007280	13.432
25.49	25.50	0.007297	13.533
25.49	25.50	0.007314	13.632
25.49	25.50	0.007330	13.733
25.49	25.50	0.007347	13.833
25.49	25.50	0.007364	13.932
25.49	25.50	0.007380	14.033
25.49	25.50	0.007397	14.132
25.52	25.50	0.007414	14.232
25.52	25.50	0.007430	14.331
25.52	25.50	0.007447	14.456
25.52	25.50	0.007464	14.555
25.52	25.50	0.007480	14.660
25.52	25.50	0.007497	14.755
25.52	25.50	0.007514	14.854
25.52	25.50	0.007530	14.960
25.52	25.50	0.007547	15.054
25.49	25.50	0.007564	15.153
25.49	25.50	0.007580	15.258
25.49	25.50	0.007597	15.352
25.49	25.50	0.007614	15.451
25.49	25.50	0.007630	15.557
25.49	25.50	0.007647	15.651
25.49	25.50	0.007664	15.751
25.49	25.50	0.007680	15.856
25.49	25.50	0.007697	15.950
25.49	25.50	0.007714	16.052
25.49	25.50	0.007730	16.154
25.49	25.50	0.007747	16.249
25.49	25.50	0.007764	16.351
25.49	25.50	0.007780	16.453
25.49	25.50	0.007797	16.547
25.49	25.50	0.007814	16.652
25.49	25.50	0.007830	16.751
25.49	25.50	0.007847	16.846
25.49	25.50	0.007864	16.950
25.49	25.50	0.007880	17.050
25.52	25.50	0.007897	17.146
25.52	25.50	0.007913	17.250
25.52	25.50	0.007930	17.350
25.52	25.50	0.007947	17.444
25.52	25.50	0.007963	17.549
25.52	25.50	0.007980	17.648
25.52	25.50	0.007997	17.743
25.52	25.50	0.008013	17.847
25.52	25.50	0.008030	17.947
25.52	25.50	0.008047	18.042
25.52	25.50	0.008063	18.146
25.49	25.50	0.008080	18.240
25.49	25.50	0.008097	18.340
25.49	25.50	0.008113	18.444
25.49	25.50	0.008130	18.539
25.49	25.50	0.008147	18.638
25.49	25.50	0.008163	18.743
25.49	25.50	0.008180	18.838
25.49	25.50	0.008197	18.938
25.49	25.50	0.008213	19.043
25.49	25.50	0.008230	19.137
25.49	25.50	0.008247	19.237
25.49	25.50	0.008263	19.341
25.49	25.50	0.008280	19.436
25.49	25.50	0.008297	19.535
25.49	25.50	0.008313	19.640
25.49	25.50	0.008330	19.734
25.49	25.50	0.008347	19.834
25.49	25.50	0.008363	19.938
25.49	25.50	0.008380	20.034
25.49	25.50	0.008397	20.133
25.49	25.50	0.008413	20.237
25.52	25.50	0.008430	20.333
25.52	25.50	0.008447	20.434
25.52	25.50	0.008463	20.537
25.52	25.50	0.008480	20.633
25.52	25.50	0.008497	20.734
25.52	25.50	0.008513	20.835
25.52	25.50	0.008530	20.934
25.52	25.50	0.008547	21.033
25.52	25.50	0.008563	21.134
25.49	25.50	0.008580	21.233
25.49	25.50	0.008597	21.334
25.49	25.50	0.008613	21.433
25.49	25.50	0.008630	21.534
25.49	25.50	0.008647	21.633
25.49	25.50	0.008663	21.734
25.49	25.50	0.008680	21.834
25.49	25.50	0.008697	21.933
25.49	25.50	0.008713	22.034
25.49	25.50	0.008730	22.133
25.49	25.50	0.008746	22.234
25.49	25.50	0.008763	22.333
25.49	25.50	0.008780	22.434
25.49	25.50	0.008796	22.534
25.49	25.50	0.008813	22.633
25.49	25.50	0.008830	22.734
25.49	25.50	0.008846	22.833
25.49	25.50	0.008863	22.934
25.49	25.50	0.008880	23.033
25.49	25.50	0.008896	23.134
25.49	25.50	0.008913	23.233
25.49	25.50	0.008930	23.334
25.49	25.50	0.008946	23.434
25.49	25.50	0.008963	23.533
25.49	25.50	0.008980	23.634
25.52	25.50	0.008996	23.733
25.52	25.50	0.009013	23.834
25.52	25.50	0.009030	23.933
25.52	25.50	0.009046	24.034
25.52	25.50	0.009063	24.133
25.52	25.50	0.009080	24.234
25.52	25.50	0.009096	24.334
25.52	25.50	0.009113	24.433
25.52	25.50	0.009130	24.534
25.52	25.50	0.009146	24.633
25.52	25.50	0.009163	24.734
25.49	25.50	0.009180	24.833
25.49	25.50	0.009196	24.934
25.49	25.50	0.009213	25.034
25.49	25.50	0.009230	25.133
25.49	25.50	0.009246	25.234
25.49	25.50	0.009263	25.333
25.49	25.50	0.009280	25.434
25.49	25.50	0.009296	25.533
25.49	25.50	0.009313	25.634
25.49	25.50	0.009330	25.733
25.49	25.50	0.009346	25.834
25.49	25.50	0.009363	25.934
25.49	25.50	0.009380	26.033
25.49	25.50	0.009396	26.134
25.49	25.50	0.009413	26.233
25.49	25.50	0.009430	26.363
25.49	25.50	0.009446	26.457
25.49	25.50	0.009463	26.557
25.49	25.50	0.009480	26.661
25.49	25.50	0.009496	26.756
25.49	25.50	0.009513	26.856
25.49	25.50	0.009530	26.960
25.49	25.50	0.009546	27.055
25.49	25.50	0.009563	27.154
25.49	25.50	0.009579	27.259
25.52	25.50	0.009596	27.353
25.52	25.50	0.009613	27.453
25.52	25.50	0.009629	27.557
25.52	25.50	0.009646	27.652
25.52	25.50	0.009663	27.752
25.52	25.50	0.009679	27.856
25.52	25.50	0.009696	27.951
25.52	25.50	0.009713	28.050
25.52	25.50	0.009729	28.156
25.52	25.50	0.009746	28.249
25.52	25.50	0.009763	28.350
25.52	25.50	0.009779	28.455
25.49	25.50	0.009796	28.548
25.49	25.50	0.009813	28.650
25.49	25.50	0.009829	28.753
25.49	25.50	0.009846	28.848
25.49	25.50	0.009863	28.949
25.49	25.50	0.009879	29.052
25.49	25.50	0.009896	29.147
25.49	25.50	0.009913	29.249
25.49	25.50	0.009929	29.351
25.49	25.50	0.009946	29.445
25.49	25.50	0.009963	29.549
25.49	25.50	0.009979	29.649
25.49	25.50	0.009996	29.744
25.49	25.50	0.010013	29.848
25.49	25.50	0.010029	29.948
25.49	25.50	0.010046	30.043
25.49	25.50	0.010063	30.147
25.49	25.50	0.010079	30.247
25.49	25.50	0.010096	30.341
25.49	25.50	0.010113	30.446
25.49	25.50	0.010129	30.545
25.49	25.50	0.010146	30.640
25.52	25.50	0.010163	30.745
25.52	25.50	0.010179	30.844
25.52	25.50	0.010196	30.939
25.52	25.50	0.010213	31.043
25.52	25.50	0.010229	31.138
25.52	25.50	0.010246	31.237
25.52	25.50	0.010263	31.342
25.52	25.50	0.010279	31.437
25.49	25.50	0.010296	31.538
25.49	25.50	0.010313	31.641
25.49	25.50	0.010329	31.737
25.49	25.50	0.010346	31.838
25.49	25.50	0.010363	31.939
25.49	25.50	0.010379	32.038
25.49	25.50	0.010396	32.137
25.49	25.50	0.010412	32.238
25.49	25.50	0.010429	32.338
25.49	25.50	0.010446	32.437
25.49	25.50	0.010462	32.538
25.49	25.50	0.010479	32.637
25.49	25.50	0.010496	32.738
25.49	25.50	0.010512	32.837
25.49	25.50	0.010529	32.938
25.49	25.50	0.010546	33.037
25.49	25.50	0.010562	33.138
25.49	25.50	0.010579	33.238
25.49	25.50	0.010596	33.337
25.49	25.50	0.010612	33.438
25.52	25.50	0.010629	33.537
25.52	25.50	0.010646	33.638
25.52	25.50	0.010662	33.737
25.52	25.50	0.010679	33.838
25.52	25.50	0.010696	33.937
25.52	25.50	0.010712	34.038
25.52	25.50	0.010729	34.138
25.52	25.50	0.010746	34.237
25.52	25.50	0.010762	34.338
25.52	25.50	0.010779	34.437
25.49	25.50	0.010796	34.538
25.49	25.50	0.010812	34.637
25.49	25.50	0.010829	34.738
25.49	25.50	0.010846	34.838
25.49	25.50	0.010862	34.937
25.49	25.50	0.010879	35.038
25.49	25.50	0.010896	35.137
25.49	25.50	0.010912	35.238
25.49	25.50	0.010929	35.337
25.49	25.50	0.010946	35.438
25.49	25.50	0.010962	35.537
25.49	25.50	0.010979	35.638
25.49	25.50	0.010996	35.738
25.49	25.50	0.011012	35.837
25.49	25.50	0.011029	35.938
25.49	25.50	0.011046	36.037
25.49	25.50	0.011062	36.138
25.49	25.50	0.011079	36.237
25.49	25.50	0.011096	36.338
25.52	25.50	0.011112	36.437
25.52	25.50	0.011129	36.538
25.52	25.50	0.011146	36.637
25.52	25.50	0.011162	36.738
25.52	25.50	0.011179	36.837
25.52	25.50	0.011196	36.938
25.52	25.50	0.011212	37.038
25.52	25.50	0.011229	37.137
25.52	25.50	0.011245	37.238
25.49	25.50	0.011262	37.337
25.49	25.50	0.011279	37.438
25.49	25.50	0.011295	37.537
25.49	25.50	0.011312	37.662
25.49	25.50	0.011329	37.766
25.49	25.50	0.011345	37.865
25.49	25.50	0.011362	37.960
25.49	25.50	0.011379	38.065
25.49	25.50	0.011395	38.164
25.49	25.50	0.011412	38.259
25.49	25.50	0.011429	38.363
25.49	25.50	0.011445	38.463
25.49	25.50	0.011462	38.557
25.49	25.50	0.011479	38.662
25.49	25.50	0.011495	38.756
25.49	25.50	0.011512	38.857
25.49	25.50	0.011529	38.962
25.49	25.50	0.011545	39.056
25.49	25.50	0.011562	39.156
25.49	25.50	0.011579	39.260
25.49	25.50	0.011595	39.355
25.49	25.50	0.011612	39.454
25.49	25.50	0.011629	39.559
25.52	25.50	0.011645	39.654
25.52	25.50	0.011662	39.753
25.52	25.50	0.011679	39.858
25.52	25.50	0.011695	39.953
25.52	25.50	0.011712	40.052
25.52	25.50	0.011729	40.157
25.52	25.50	0.011745	40.251
25.52	25.50	0.011762	40.351
25.52	25.50	0.011779	40.455
25.52	25.50	0.011795	40.550
25.52	25.50	0.011812	40.650
25.49	25.50	0.011829	40.754
25.49	25.50	0.011845	40.849
25.49	25.50	0.011862	40.948
25.49	25.50	0.011879	41.053
25.49	25.50	0.011895	41.147
25.49	25.50	0.011912	41.247
25.49	25.50	0.011929	41.352
25.49	25.50	0.011945	41.446
25.49	25.50	0.011962	41.547
25.49	25.50	0.011979	41.650
25.49	25.50	0.011995	41.745
25.49	25.50	0.012012	41.847
25.49	25.50	0.012029	41.949
25.49	25.50	0.012045	42.044
25.49	25.50	0.012062	42.147
25.49	25.50	0.012078	42.248
25.49	25.50	0.012095	42.342
25.49	25.50	0.012112	42.447
25.49	25.50	0.012128	42.546
25.49	25.50	0.012145	42.641
25.49	25.50	0.012162	42.745
25.49	25.50	0.012178	42.845
25.52	25.50	0.012195	42.940
25.52	25.50	0.012212	43.044
25.52	25.50	0.012228	43.144
25.52	25.50	0.012245	43.238
25.52	25.50	0.012262	43.344
25.52	25.50	0.012278	43.443
25.52	25.50	0.012295	43.539
25.52	25.50	0.012312	43.643
25.52	25.50	0.012328	43.742
25.49	25.50	0.012345	43.839
25.49	25.50	0.012362	43.940
25.49	25.50	0.012378	44.043
25.49	25.50	0.012395	44.138
25.49	25.50	0.012412	44.240
25.49	25.50	0.012428	44.342
25.49	25.50	0.012445	44.439
25.49	25.50	0.012462	44.539
25.49	25.50	0.012478	44.642
25.49	25.50	0.012495	44.739
25.49	25.50	0.012512	44.838
25.49	25.50	0.012528	44.942
25.49	25.50	0.012545	45.038
25.49	25.50	0.012562	45.139
25.49	25.50	0.012578	45.242
25.49	25.50	0.012595	45.338
25.49	25.50	0.012612	45.439
25.49	25.50	0.012628	45.542
25.49	25.50	0.012645	45.639
25.49	25.50	0.012662	45.738
25.49	25.50	0.012678	45.842
25.49	25.50	0.012695	45.938
25.49	25.50	0.012712	46.039
25.49	25.50	0.012728	46.143
25.52	25.50	0.012745	46.238
25.52	25.50	0.012762	46.339
25.52	25.50	0.012778	46.442
25.52	25.50	0.012795	46.539
25.52	25.50	0.012812	46.638
25.52	25.50	0.012828	46.742
25.52	25.50	0.012845	46.839
25.52	25.50	0.012862	46.939
25.52	25.50	0.012878	47.042
25.52	25.50	0.012895	47.139
25.49	25.50	0.012911	47.238
25.49	25.50	0.012928	47.342
25.49	25.50	0.012945	47.438
25.49	25.50	0.012961	47.539
25.49	25.50	0.012978	47.642
25.49	25.50	0.012995	47.738
25.49	25.50	0.013011	47.839
25.49	25.50	0.013028	47.942
25.49	25.50	0.013045	48.039
25.49	25.50	0.013061	48.138
25.49	25.50	0.013078	48.242
25.49	25.50	0.013095	48.338
25.49	25.50	0.013111	48.439
25.49	25.50	0.013128	48.542
25.49	25.50	0.013145	48.638
25.49	25.50	0.013161	48.739
25.49	25.50	0.013178	48.842
25.49	25.50	0.013195	48.939
25.49	25.50	0.013211	49.038
25.52	25.50	0.013228	49.142
25.52	25.50	0.013245	49.238
25.52	25.50	0.013261	49.338
25.52	25.50	0.013278	49.442
25.52	25.50	0.013295	49.538
25.52	25.50	0.013311	49.663
25.52	25.50	0.013328	49.741
25.52	25.50	0.013345	49.867
25.52	25.50	0.013361	49.961
25.52	25.50	0.013378	50.066
25.52	25.50	0.013395	50.165
25.49	25.50	0.013411	50.260
25.49	25.50	0.013428	50.365
25.49	25.50	0.013445	50.464
25.49	25.50	0.013461	50.559
25.49	25.50	0.013478	50.664
25.49	25.50	0.013495	50.763
25.49	25.50	0.013511	50.858
25.49	25.50	0.013528	50.962
25.49	25.50	0.013545	51.062
25.49	25.50	0.013561	51.157
25.49	25.50	0.013578	51.261
25.49	25.50	0.013595	51.356
25.49	25.50	0.013611	51.455
25.49	25.50	0.013628	51.560
25.49	25.50	0.013645	51.654
25.49	25.50	0.013661	51.754
25.49	25.50	0.013678	51.858
25.49	25.50	0.013695	51.953
25.49	25.50	0.013711	52.053
25.49	25.50	0.013728	52.157
25.49	25.50	0.013744	52.252
25.49	25.50	0.013761	52.351
25.49	25.50	0.013778	52.456
25.52	25.50	0.013794	52.550
25.52	25.50	0.013811	52.651
25.52	25.50	0.013828	52.756
25.52	25.50	0.013844	52.850
25.52	25.50	0.013861	52.950
25.52	25.50	0.013878	53.054
25.52	25.50	0.013894	53.149
25.52	25.50	0.013911	53.248
25.52	25.50	0.013928	53.353
25.52	25.50	0.013944	53.447
25.52	25.50	0.013961	53.547
25.49	25.50	0.013978	53.652
25.49	25.50	0.013994	53.746
25.49	25.50	0.014011	53.846
25.49	25.50	0.014028	53.950
25.49	25.50	0.014044	54.045
25.49	25.50	0.014061	54.145
25.49	25.50	0.014078	54.249
25.49	25.50	0.014094	54.344
25.49	25.50	0.014111	54.445
25.49	25.50	0.014128	54.548
25.49	25.50	0.014144	54.642
25.49	25.50	0.014161	54.746
25.49	25.50	0.014178	54.846
25.49	25.50	0.014194	54.940
25.49	25.50	0.014211	55.045
25.49	25.50	0.014228	55.146
25.49	25.50	0.014244	55.239
25.49	25.50	0.014261	55.345
25.49	25.50	0.014278	55.444
25.49	25.50	0.014294	55.540
25.49	25.50	0.014311	55.643
25.49	25.50	0.014328	55.743
25.52	25.50	0.014344	55.840
25.52	25.50	0.014361	55.942
25.52	25.50	0.014378	56.042
25.52	25.50	0.014394	56.139
25.52	25.50	0.014411	56.241
25.52	25.50	0.014428	56.340
25.52	25.50	0.014444	56.440
25.52	25.50	0.014461	56.539
25.52	25.50	0.014478	56.641
25.52	25.50	0.014494	56.740
25.52	25.50	0.014511	56.839
25.49	25.50	0.014528	56.941
25.49	25.50	0.014544	57.039
25.49	25.50	0.014561	57.140
25.49	25.50	0.014577	57.240
25.49	25.50	0.014594	57.340
25.49	25.50	0.014611	57.440
25.49	25.50	0.014627	57.540
25.49	25.50	0.014644	57.640
25.49	25.50	0.014661	57.739
25.49	25.50	0.014677	57.841
25.49	25.50	0.014694	57.939
25.49	25.50	0.014711	58.040
25.49	25.50	0.014727	58.140
25.49	25.50	0.014744	58.240
25.49	25.50	0.014761	58.340
25.49	25.50	0.014777	58.440
25.49	25.50	0.014794	58.540
25.49	25.50	0.014811	58.639
25.49	25.50	0.014827	58.741
25.49	25.50	0.014844	58.839
25.49	25.50	0.014861	58.940
25.49	25.50	0.014877	59.040
25.52	25.50	0.014894	59.140
25.52	25.50	0.014911	59.240
25.52	25.50	0.014927	59.340
25.52	25.50	0.014944	59.440
25.52	25.50	0.014961	59.539
25.52	25.50	0.014977	59.640
25.52	25.50	0.014994	59.739
25.52	25.50	0.015011	59.840
25.52	25.50	0.015027	59.941
25.52	25.50	0.015044	00.039
25.52	25.50	0.015061	00.140
25.52	25.50	0.015077	00.240
25.52	25.50	0.015094	00.340
25.49	25.50	0.015111	00.439
25.49	25.50	0.015127	00.540
25.49	25.50	0.015144	00.639
25.49	25.50	0.015161	00.740
25.49	25.50	0.015177	00.841
25.49	25.50	0.015194	00.939
25.49	25.50	0.015211	01.040
25.49	25.50	0.015227	01.140
25.49	25.50	0.015244	01.240
25.49	25.50	0.015261	01.339
25.49	25.50	0.015277	01.440
25.49	25.50	0.015294	01.540
25.49	25.50	0.015311	01.639
25.49	25.50	0.015327	01.740
25.49	25.50	0.015344	01.868
25.49	25.50	0.015361	01.963
25.49	25.50	0.015377	02.040
25.49	25.50	0.015394	02.167
25.49	25.50	0.015410	02.261
25.52	25.50	0.015427	02.365
25.52	25.50	0.015444	02.465
25.52	25.50	0.015460	02.560
25.52	25.50	0.015477	02.665
25.52	25.50	0.015494	02.764
25.52	25.50	0.015510	02.859
25.52	25.50	0.015527	02.963
25.52	25.50	0.015544	03.063
25.52	25.50	0.015560	03.157
25.52	25.50	0.015577	03.262
25.49	25.50	0.015594	03.361
25.49	25.50	0.015610	03.456
25.49	25.50	0.015627	03.561
25.49	25.50	0.015644	03.660
25.49	25.50	0.015660	03.755
25.49	25.50	0.015677	03.859
25.49	25.50	0.015694	03.954
25.49	25.50	0.015710	04.053
25.49	25.50	0.015727	04.159
25.49	25.50	0.015744	04.253
25.49	25.50	0.015760	04.353
25.49	25.50	0.015777	04.458
25.49	25.50	0.015794	04.552
25.49	25.50	0.015810	04.652
25.49	25.50	0.015827	04.756
25.49	25.50	0.015844	04.851
25.49	25.50	0.015860	04.951
25.49	25.50	0.015877	05.055
25.49	25.50	0.015894	05.150
25.49	25.50	0.015910	05.249
25.49	25.50	0.015927	05.354
25.49	25.50	0.015944	05.448
25.49	25.50	0.015960	05.548
25.52	25.50	0.015977	05.652
25.52	25.50	0.015994	05.747
25.52	25.50	0.016010	05.847
25.52	25.50	0.016027	05.951
25.52	25.50	0.016044	06.046
25.52	25.50	0.016060	06.145
25.52	25.50	0.016077	06.250
25.52	25.50	0.016094	06.344
25.52	25.50	0.016110	06.444
25.52	25.50	0.016127	06.548
25.52	25.50	0.016144	06.643
25.52	25.50	0.016160	06.744
25.49	25.50	0.016177	06.847
25.49	25.50	0.016194	06.942
25.49	25.50	0.016210	07.043
25.49	25.50	0.016227	07.146
25.49	25.50	0.016244	07.240
25.49	25.50	0.016260	07.344
25.49	25.50	0.016277	07.445
25.49	25.50	0.016293	07.540
25.49	25.50	0.016310	07.644
25.49	25.50	0.016327	07.744
25.49	25.50	0.016343	07.841
25.49	25.50	0.016360	07.943
25.49	25.50	0.016377	08.043
25.49	25.50	0.016393	08.141
25.49	25.50	0.016410	08.242
25.49	25.50	0.016427	08.342
25.49	25.50	0.016443	08.440
25.49	25.50	0.016460	08.541
25.52	25.50	0.016477	08.640
25.52	25.50	0.016493	08.741
25.52	25.50	0.016510	08.840
25.52	25.50	0.016527	08.941
25.52	25.50	0.016543	09.041
25.52	25.50	0.016560	09.140
25.52	25.50	0.016577	09.241
25.52	25.50	0.016593	09.340
25.52	25.50	0.016610	09.441
25.52	25.50	0.016627	09.540
25.52	25.50	0.016643	09.641
25.49	25.50	0.016660	09.740
25.49	25.50	0.016677	09.841
25.49	25.50	0.016693	09.941
25.49	25.50	0.016710	10.040
25.49	25.50	0.016727	10.141
25.49	25.50	0.016743	10.240
25.49	25.50	0.016760	10.341
25.49	25.50	0.016777	10.440
25.49	25.50	0.016793	10.541
25.49	25.50	0.016810	10.641
25.49	25.50	0.016827	10.740
25.49	25.50	0.016843	10.841
25.49	25.50	0.016860	10.940
25.49	25.50	0.016877	11.041
25.49	25.50	0.016893	11.140
25.49	25.50	0.016910	11.241
25.49	25.50	0.016927	11.340
25.52	25.50	0.016943	11.441
25.52	25.50	0.016960	11.541
25.52	25.50	0.016977	11.640
25.52	25.50	0.016993	11.741
25.52	25.50	0.017010	11.840
25.52	25.50	0.017027	11.941
25.52	25.50	0.017043	12.040
25.52	25.50	0.017060	12.141
25.52	25.50	0.017077	12.240
25.49	25.50	0.017093	12.340
25.49	25.50	0.017110	12.441
25.49	25.50	0.017126	12.540
25.49	25.50	0.017143	12.641
25.49	25.50	0.017160	12.740
25.49	25.50	0.017176	12.841
25.49	25.50	0.017193	12.940
25.49	25.50	0.017210	13.041
25.49	25.50	0.017226	13.142
25.49	25.50	0.017243	13.241
25.49	25.50	0.017260	13.342
25.49	25.50	0.017276	13.441
25.49	25.50	0.017293	13.571
25.49	25.50	0.017310	13.665
25.49	25.50	0.017326	13.765
25.49	25.50	0.017343	13.869
25.49	25.50	0.017360	13.964
25.49	25.50	0.017376	14.063
25.52	25.50	0.017393	14.168
25.52	25.50	0.017410	14.263
25.52	25.50	0.017426	14.363
25.52	25.50	0.017443	14.467
25.52	25.50	0.017460	14.561
25.52	25.50	0.017476	14.663
25.52	25.50	0.017493	14.765
25.52	25.50	0.017510	14.860
25.52	25.50	0.017526	14.963
25.52	25.50	0.017543	15.064
25.52	25.50	0.017560	15.159
25.49	25.50	0.017576	15.263
25.49	25.50	0.017593	15.363
25.49	25.50	0.017610	15.458
25.49	25.50	0.017626	15.562
25.49	25.50	0.017643	15.662
25.49	25.50	0.017660	15.757
25.49	25.50	0.017676	15.861
25.49	25.50	0.017693	15.961
25.49	25.50	0.017710	16.055
25.49	25.50	0.017726	16.160
25.49	25.50	0.017743	16.259
25.49	25.50	0.017760	16.354
25.49	25.50	0.017776	16.458
25.49	25.50	0.017793	16.558
25.49	25.50	0.017810	16.653
25.49	25.50	0.017826	16.757
25.49	25.50	0.017843	16.852
25.49	25.50	0.017860	16.951
25.49	25.50	0.017876	17.056
25.49	25.50	0.017893	17.150
25.49	25.50	0.017910	17.250
25.52	25.50	0.017926	17.355
25.52	25.50	0.017943	17.449
25.52	25.50	0.017959	17.549
25.52	25.50	0.017976	17.653
25.52	25.50	0.017993	17.748
25.52	25.50	0.018009	17.847
25.52	25.50	0.018026	17.953
25.52	25.50	0.018043	18.047
25.52	25.50	0.018059	18.147
25.52	25.50	0.018076	18.252
25.49	25.50	0.018093	18.346
25.49	25.50	0.018109	18.446
25.49	25.50	0.018126	18.550
25.49	25.50	0.018143	18.645
25.49	25.50	0.018159	18.744
25.49	25.50	0.018176	18.849
25.49	25.50	0.018193	18.944
25.49	25.50	0.018209	19.043
25.49	25.50	0.018226	19.147
25.49	25.50	0.018243	19.242
25.49	25.50	0.018259	19.341
25.49	25.50	0.018276	19.446
25.49	25.50	0.018293	19.541
25.49	25.50	0.018309	19.642
25.49	25.50	0.018326	19.745
25.49	25.50	0.018343	19.841
25.49	25.50	0.018359	19.942
25.49	25.50	0.018376	20.043
25.52	25.50	0.018393	20.142
25.52	25.50	0.018409	20.241
25.52	25.50	0.018426	20.343
25.52	25.50	0.018443	20.441
25.52	25.50	0.018459	20.542
25.52	25.50	0.018476	20.642
25.52	25.50	0.018493	20.741
25.52	25.50	0.018509	20.842
25.52	25.50	0.018526	20.941
25.52	25.50	0.018543	21.042
25.49	25.50	0.018559	21.141
25.49	25.50	0.018576	21.242
25.49	25.50	0.018593	21.342
25.49	25.50	0.018609	21.441
25.49	25.50	0.018626	21.542
25.49	25.50	0.018643	21.641
25.49	25.50	0.018659	21.742
25.49	25.50	0.018676	21.841
25.49	25.50	0.018693	21.942
25.49	25.50	0.018709	22.043
25.49	25.50	0.018726	22.142
25.49	25.50	0.018743	22.243
25.49	25.50	0.018759	22.342
25.49	25.50	0.018776	22.443
25.49	25.50	0.018792	22.542
25.49	25.50	0.018809	22.643
25.49	25.50	0.018826	22.742
25.49	25.50	0.018842	22.843
25.49	25.50	0.018859	22.943
25.49	25.50	0.018876	23.042
25.49	25.50	0.018892	23.143
25.52	25.50	0.018909	23.242
25.52	25.50	0.018926	23.343
25.52	25.50	0.018942	23.442
25.52	25.50	0.018959	23.543
25.52	25.50	0.018976	23.643
25.52	25.50	0.018992	23.742
25.52	25.50	0.019009	23.843
25.52	25.50	0.019026	23.942
25.52	25.50	0.019042	24.043
25.52	25.50	0.019059	24.142
25.52	25.50	0.019076	24.243
25.49	25.50	0.019092	24.342
25.49	25.50	0.019109	24.443
25.49	25.50	0.019126	24.543
25.49	25.50	0.019142	24.642
25.49	25.50	0.019159	24.742
25.49	25.50	0.019176	24.844
25.49	25.50	0.019192	24.943
25.49	25.50	0.019209	25.044
25.49	25.50	0.019226	25.143
25.49	25.50	0.019242	25.273
25.49	25.50	0.019259	25.367
25.49	25.50	0.019276	25.467
25.49	25.50	0.019292	25.572
25.49	25.50	0.019309	25.666
25.49	25.50	0.019326	25.765
25.49	25.50	0.019342	25.870
25.49	25.50	0.019359	25.964
25.49	25.50	0.019376	26.064
25.49	25.50	0.019392	26.168
25.52	25.50	0.019409	26.264
25.52	25.50	0.019426	26.364
25.52	25.50	0.019442	26.468
25.52	25.50	0.019459	26.563
25.52	25.50	0.019476	26.662
25.52	25.50	0.019492	26.767
25.52	25.50	0.019509	26.861
25.52	25.50	0.019526	26.961
25.52	25.50	0.019542	27.065
25.52	25.50	0.019559	27.160
25.52	25.50	0.019576	27.261
25.49	25.50	0.019592	27.364
25.49	25.50	0.019609	27.459
25.49	25.50	0.019625	27.560
25.49	25.50	0.019642	27.663
25.49	25.50	0.019659	27.757
25.49	25.50	0.019675	27.860
25.49	25.50	0.019692	27.962
25.49	25.50	0.019709	28.056
25.49	25.50	0.019725	28.160
25.49	25.50	0.019742	28.260
25.49	25.50	0.019759	28.355
25.49	25.50	0.019775	28.459
25.49	25.50	0.019792	28.559
25.49	25.50	0.019809	28.653
25.49	25.50	0.019825	28.758
25.49	25.50	0.019842	28.858
25.49	25.50	0.019859	28.952
25.49	25.50	0.019875	29.057
25.52	25.50	0.019892	29.157
25.52	25.50	0.019909	29.252
25.52	25.50	0.019925	29.356
25.52	25.50	0.019942	29.456
25.52	25.50	0.019959	29.551
25.52	25.50	0.019975	29.655
25.52	25.50	0.019992	29.750
25.52	25.50	0.020009	29.849
25.52	25.50	0.020025	29.954
25.52	25.50	0.020042	30.048
25.49	25.50	0.020059	30.148
25.49	25.50	0.020075	30.252
25.49	25.50	0.020092	30.347
25.49	25.50	0.020109	30.447
25.49	25.50	0.020125	30.551
25.49	25.50	0.020142	30.646
25.49	25.50	0.020159	30.745
25.49	25.50	0.020175	30.850
25.49	25.50	0.020192	30.944
25.49	25.50	0.020209	31.044
25.49	25.50	0.020225	31.149
25.49	25.50	0.020242	31.243
25.49	25.50	0.020259	31.344
25.49	25.50	0.020275	31.447
25.49	25.50	0.020292	31.544
25.49	25.50	0.020309	31.643
25.49	25.50	0.020325	31.746
25.49	25.50	0.020342	31.843
25.52	25.50	0.020359	31.944
25.52	25.50	0.020375	32.045
25.52	25.50	0.020392	32.143
25.52	25.50	0.020409	32.244
25.52	25.50	0.020425	32.343
25.52	25.50	0.020442	32.444
25.52	25.50	0.020458	32.543
25.52	25.50	0.020475	32.644
25.52	25.50	0.020492	32.744
25.52	25.50	0.020508	32.843
25.52	25.50	0.020525	32.943
25.49	25.50	0.020542	33.044
25.49	25.50	0.020558	33.143
25.49	25.50	0.020575	33.244
25.49	25.50	0.020592	33.343
25.49	25.50	0.020608	33.444
25.49	25.50	0.020625	33.544
25.49	25.50	0.020642	33.643
25.49	25.50	0.020658	33.744
25.49	25.50	0.020675	33.843
25.49	25.50	0.020692	33.944
25.49	25.50	0.020708	34.043
25.49	25.50	0.020725	34.144
25.49	25.50	0.020742	34.243
25.49	25.50	0.020758	34.344
25.49	25.50	0.020775	34.444
25.49	25.50	0.020792	34.543
25.52	25.50	0.020808	34.646
25.52	25.50	0.020825	34.745
25.52	25.50	0.020842	34.846
25.52	25.50	0.020858	34.945
25.52	25.50	0.020875	35.046
25.52	25.50	0.020892	35.146
25.52	25.50	0.020908	35.245
25.52	25.50	0.020925	35.346
25.52	25.50	0.020942	35.445
25.49	25.50	0.020958	35.545
25.49	25.50	0.020975	35.645
25.49	25.50	0.020992	35.746
25.49	25.50	0.021008	35.845
25.49	25.50	0.021025	35.945
25.49	25.50	0.021042	36.046
25.49	25.50	0.021058	36.145
25.49	25.50	0.021075	36.245
25.49	25.50	0.021092	36.346
25.49	25.50	0.021108	36.445
25.49	25.50	0.021125	36.546
25.49	25.50	0.021142	36.646
25.49	25.50	0.021158	36.745
25.49	25.50	0.021175	36.846
25.49	25.50	0.021192	36.945
25.49	25.50	0.021208	37.075
25.49	25.50	0.021225	37.169
25.49	25.50	0.021242	37.274
25.49	25.50	0.021258	37.368
25.49	25.50	0.021275	37.468
25.49	25.50	0.021291	37.573
25.49	25.50	0.021308	37.667
25.49	25.50	0.021325	37.767
25.49	25.50	0.021341	37.871
25.52	25.50	0.021358	37.966
25.52	25.50	0.021375	38.065
25.52	25.50	0.021391	38.170
25.52	25.50	0.021408	38.264
25.52	25.50	0.021425	38.364
25.52	25.50	0.021441	38.469
25.52	25.50	0.021458	38.563
25.52	25.50	0.021475	38.663
25.52	25.50	0.021491	38.767
25.52	25.50	0.021508	38.862
25.52	25.50	0.021525	38.961
25.52	25.50	0.021541	39.067
25.49	25.50	0.021558	39.161
25.49	25.50	0.021575	39.260
25.49	25.50	0.021591	39.365
25.49	25.50	0.021608	39.459
25.49	25.50	0.021625	39.559
25.49	25.50	0.021641	39.663
25.49	25.50	0.021658	39.758
25.49	25.50	0.021675	39.857
25.49	25.50	0.021691	39.963
25.49	25.50	0.021708	40.058
25.49	25.50	0.021725	40.158
25.49	25.50	0.021741	40.262
25.49	25.50	0.021758	40.356
25.49	25.50	0.021775	40.458
25.49	25.50	0.021791	40.560
25.49	25.50	0.021808	40.655
25.52	25.50	0.021825	40.758
25.52	25.50	0.021841	40.859
25.52	25.50	0.021858	40.954
25.52	25.50	0.021875	41.058
25.52	25.50	0.021891	41.158
25.52	25.50	0.021908	41.252
25.52	25.50	0.021925	41.357
25.52	25.50	0.021941	41.456
25.52	25.50	0.021958	41.551
25.52	25.50	0.021975	41.656
25.49	25.50	0.021991	41.755
25.49	25.50	0.022008	41.850
25.49	25.50	0.022025	41.954
25.49	25.50	0.022041	42.054
25.49	25.50	0.022058	42.148
25.49	25.50	0.022075	42.253
25.49	25.50	0.022091	42.348
25.49	25.50	0.022108	42.447
25.49	25.50	0.022124	42.552
25.49	25.50	0.022141	42.646
25.49	25.50	0.022158	42.746
25.49	25.50	0.022174	42.850
25.49	25.50	0.022191	42.946
25.49	25.50	0.022208	43.045
25.49	25.50	0.022224	43.149
25.49	25.50	0.022241	43.246
25.49	25.50	0.022258	43.345
25.49	25.50	0.022274	43.449
25.49	25.50	0.022291	43.545
25.49	25.50	0.022308	43.646
25.49	25.50	0.022324	43.747
25.52	25.50	0.022341	43.846
25.52	25.50	0.022358	43.947
25.52	25.50	0.022374	44.046
25.52	25.50	0.022391	44.147
25.52	25.50	0.022408	44.246
25.52	25.50	0.022424	44.347
25.52	25.50	0.022441	44.446
25.52	25.50	0.022458	44.547
25.52	25.50	0.022474	44.646
25.52	25.50	0.022491	44.747
25.49	25.50	0.022508	44.847
25.49	25.50	0.022524	44.946
25.49	25.50	0.022541	45.047
25.49	25.50	0.022558	45.146
25.49	25.50	0.022574	45.247
25.49	25.50	0.022591	45.346
25.49	25.50	0.022608	45.447
25.49	25.50	0.022624	45.547
25.49	25.50	0.022641	45.646
25.49	25.50	0.022658	45.747
25.49	25.50	0.022674	45.846
25.49	25.50	0.022691	45.947
25.49	25.50	0.022708	46.046
25.49	25.50	0.022724	46.147
25.49	25.50	0.022741	46.246
25.49	25.50	0.022758	46.347
25.49	25.50	0.022774	46.447
25.49	25.50	0.022791	46.546
25.49	25.50	0.022808	46.647
25.49	25.50	0.022824	46.746
25.52	25.50	0.022841	46.846
25.52	25.50	0.022858	46.947
25.52	25.50	0.022874	47.046
25.52	25.50	0.022891	47.147
25.52	25.50	0.022908	47.247
25.52	25.50	0.022924	47.346
25.52	25.50	0.022941	47.447
25.52	25.50	0.022957	47.546
25.52	25.50	0.022974	47.647
25.52	25.50	0.022991	47.746
25.52	25.50	0.023007	47.847
25.49	25.50	0.023024	47.946
25.49	25.50	0.023041	48.047
25.49	25.50	0.023057	48.147
25.49	25.50	0.023074	48.246
25.49	25.50	0.023091	48.347
25.49	25.50	0.023107	48.446
25.49	25.50	0.023124	48.547
25.49	25.50	0.023141	48.646
25.49	25.50	0.023157	48.747
25.49	25.50	0.023174	48.847
25.49	25.50	0.023191	48.946
25.49	25.50	0.023207	49.046
25.49	25.50	0.023224	49.145
25.49	25.50	0.023241	49.275
25.49	25.50	0.023257	49.375
25.49	25.50	0.023274	49.469
25.49	25.50	0.023291	49.574
25.49	25.50	0.023307	49.673
25.49	25.50	0.023324	49.768
25.49	25.50	0.023341	49.873
25.49	25.50	0.023357	49.972
25.52	25.50	0.023374	50.067
25.52	25.50	0.023391	50.171
25.52	25.50	0.023407	50.266
25.52	25.50	0.023424	50.365
25.52	25.50	0.023441	50.470
25.52	25.50	0.023457	50.565
25.52	25.50	0.023474	50.665
25.52	25.50	0.023491	50.769
25.52	25.50	0.023507	50.864
25.52	25.50	0.023524	50.963
25.52	25.50	0.023541	51.068
25.52	25.50	0.023557	51.162
25.49	25.50	0.023574	51.262
25.49	25.50	0.023591	51.366
25.49	25.50	0.023607	51.461
25.49	25.50	0.023624	51.561
25.49	25.50	0.023641	51.665
25.49	25.50	0.023657	51.760
25.49	25.50	0.023674	51.859
25.49	25.50	0.023691	51.964
25.49	25.50	0.023707	52.058
25.49	25.50	0.023724	52.158
25.49	25.50	0.023741	52.263
25.49	25.50	0.023757	52.357
25.49	25.50	0.023774	52.457
25.49	25.50	0.023790	52.561
25.49	25.50	0.023807	52.656
25.49	25.50	0.023824	52.755
25.49	25.50	0.023840	52.860
25.49	25.50	0.023857	52.954
25.49	25.50	0.023874	53.055
25.49	25.50	0.023890	53.159
25.49	25.50	0.023907	53.253
25.49	25.50	0.023924	53.356
25.49	25.50	0.023940	53.457
25.52	25.50	0.023957	53.552
25.52	25.50	0.023974	53.655
25.52	25.50	0.023990	53.756
25.52	25.50	0.024007	53.852
25.52	25.50	0.024024	53.955
25.52	25.50	0.024040	54.056
25.52	25.50	0.024057	54.150
25.52	25.50	0.024074	54.255
25.52	25.50	0.024090	54.354
25.52	25.50	0.024107	54.449
25.49	25.50	0.024124	54.553
25.49	25.50	0.024140	54.653
25.49	25.50	0.024157	54.748
25.49	25.50	0.024174	54.852
25.49	25.50	0.024190	54.952
25.49	25.50	0.024207	55.047
25.49	25.50	0.024224	55.151
25.49	25.50	0.024240	55.250
25.49	25.50	0.024257	55.348
25.49	25.50	0.024274	55.450
25.49	25.50	0.024290	55.550
25.49	25.50	0.024307	55.648
25.49	25.50	0.024324	55.748
25.49	25.50	0.024340	55.851
25.49	25.50	0.024357	55.948
25.49	25.50	0.024374	56.049
25.49	25.50	0.024390	56.150
25.49	25.50	0.024407	56.249
25.49	25.50	0.024424	56.349
25.49	25.50	0.024440	56.450
25.49	25.50	0.024457	56.549
25.49	25.50	0.024474	56.648
25.49	25.50	0.024490	56.750
25.52	25.50	0.024507	56.848
25.52	25.50	0.024524	56.949
25.52	25.50	0.024540	57.050
25.52	25.50	0.024557	57.148
25.52	25.50	0.024574	57.249
25.52	25.50	0.024590	57.350
25.52	25.50	0.024607	57.449
25.52	25.50	0.024623	57.548
25.52	25.50	0.024640	57.650
25.49	25.50	0.024657	57.748
25.49	25.50	0.024673	57.849
25.49	25.50	0.024690	57.950
25.49	25.50	0.024707	58.048
25.49	25.50	0.024723	58.149
25.49	25.50	0.024740	58.250
25.49	25.50	0.024757	58.349
25.49	25.50	0.024773	58.448
25.49	25.50	0.024790	58.550
25.49	25.50	0.024807	58.648
25.49	25.50	0.024823	58.749
25.49	25.50	0.024840	58.850
25.49	25.50	0.024857	58.948
25.49	25.50	0.024873	59.049
25.49	25.50	0.024890	59.149
25.49	25.50	0.024907	59.249
25.49	25.50	0.024923	59.348
25.49	25.50	0.024940	59.450
25.49	25.50	0.024957	59.549
25.49	25.50	0.024973	59.648
25.52	25.50	0.024990	59.750
25.52	25.50	0.025007	59.848
25.52	25.50	0.025023	59.949
25.52	25.50	0.025040	00.049
25.52	25.50	0.025057	00.149
25.52	25.50	0.025073	00.248
25.52	25.50	0.025090	00.349
25.52	25.50	0.025107	00.449
25.52	25.50	0.025123	00.548
25.49	25.50	0.025140	00.650
25.49	25.50	0.025157	00.748
25.49	25.50	0.025173	00.873
25.49	25.50	0.025190	00.949
25.49	25.50	0.025207	01.077
25.49	25.50	0.025223	01.171
25.49	25.50	0.025240	01.249
25.49	25.50	0.025257	01.376
25.49	25.50	0.025273	01.470
25.49	25.50	0.025290	01.549
25.49	25.50	0.025307	01.675
25.49	25.50	0.025323	01.769
25.49	25.50	0.025340	01.873
25.49	25.50	0.025357	01.973
25.49	25.50	0.025373	02.068
25.49	25.50	0.025390	02.172
25.49	25.50	0.025407	02.272
25.49	25.50	0.025423	02.366
25.49	25.50	0.025440	02.471
25.49	25.50	0.025456	02.570
25.49	25.50	0.025473	02.665
25.49	25.50	0.025490	02.769
25.49	25.50	0.025506	02.869
25.52	25.50	0.025523	02.964
25.52	25.50	0.025540	03.068
25.52	25.50	0.025556	03.163
25.52	25.50	0.025573	03.263
25.52	25.50	0.025590	03.368
25.52	25.50	0.025606	03.462
25.52	25.50	0.025623	03.562
25.52	25.50	0.025640	03.667
25.52	25.50	0.025656	03.761
25.52	25.50	0.025673	03.861
25.52	25.50	0.025690	03.965
25.52	25.50	0.025706	04.059
25.49	25.50	0.025723	04.159
25.49	25.50	0.025740	04.263
25.49	25.50	0.025756	04.358
25.49	25.50	0.025773	04.458
25.49	25.50	0.025790	04.562
25.49	25.50	0.025806	04.657
25.49	25.50	0.025823	04.756
25.49	25.50	0.025840	04.861
25.49	25.50	0.025856	04.955
25.49	25.50	0.025873	05.055
25.49	25.50	0.025890	05.159
25.49	25.50	0.025906	05.254
25.49	25.50	0.025923	05.354
25.49	25.50	0.025940	05.459
25.49	25.50	0.025956	05.553
25.49	25.50	0.025973	05.653
25.49	25.50	0.025990	05.758
25.49	25.50	0.026006	05.852
25.49	25.50	0.026023	05.953
25.49	25.50	0.026040	06.057
25.49	25.50	0.026056	06.151
25.52	25.50	0.026073	06.253
25.52	25.50	0.026090	06.355
25.52	25.50	0.026106	06.450
25.52	25.50	0.026123	06.553
25.52	25.50	0.026140	06.654
25.52	25.50	0.026156	06.748
25.52	25.50	0.026173	06.853
25.52	25.50	0.026190	06.953
25.52	25.50	0.026206	07.048
25.52	25.50	0.026223	07.152
25.52	25.50	0.026240	07.251
25.49	25.50	0.026256	07.349
25.49	25.50	0.026273	07.450
25.49	25.50	0.026289	07.550
25.49	25.50	0.026306	07.649
25.49	25.50	0.026323	07.749
25.49	25.50	0.026339	07.849
25.49	25.50	0.026356	07.948
25.49	25.50	0.026373	08.049
25.49	25.50	0.026389	08.148
25.49	25.50	0.026406	08.249
25.49	25.50	0.026423	08.348
25.49	25.50	0.026439	08.449
25.49	25.50	0.026456	08.549
25.49	25.50	0.026473	08.648
25.49	25.50	0.026489	08.749
25.49	25.50	0.026506	08.848
25.49	25.50	0.026523	08.949
25.49	25.50	0.026539	09.048
25.49	25.50	0.026556	09.149
25.49	25.50	0.026573	09.248
25.52	25.50	0.026589	09.349
25.52	25.50	0.026606	09.449
25.52	25.50	0.026623	09.548
25.52	25.50	0.026639	09.649
25.52	25.50	0.026656	09.748
25.52	25.50	0.026673	09.849
25.52	25.50	0.026689	09.948
25.52	25.50	0.026706	10.049
25.52	25.50	0.026723	10.149
25.52	25.50	0.026739	10.248
25.49	25.50	0.026756	10.349
25.49	25.50	0.026773	10.448
25.49	25.50	0.026789	10.550
25.49	25.50	0.026806	10.649
25.49	25.50	0.026823	10.750
25.49	25.50	0.026839	10.849
25.49	25.50	0.026856	10.950
25.49	25.50	0.026873	11.050
25.49	25.50	0.026889	11.149
25.49	25.50	0.026906	11.250
25.49	25.50	0.026923	11.349
25.49	25.50	0.026939	11.450
25.49	25.50	0.026956	11.549
25.49	25.50	0.026973	11.650
25.49	25.50	0.026989	11.749
25.49	25.50	0.027006	11.850
25.49	25.50	0.027023	11.950
25.49	25.50	0.027039	12.049
25.49	25.50	0.027056	12.150
25.52	25.50	0.027073	12.249
25.52	25.50	0.027089	12.350
25.52	25.50	0.027106	12.449
25.52	25.50	0.027122	12.550
25.52	25.50	0.027139	12.649
25.52	25.50	0.027156	12.750
25.52	25.50	0.027172	12.849
25.52	25.50	0.027189	12.974
25.52	25.50	0.027206	13.078
25.52	25.50	0.027222	13.173
25.49	25.50	0.027239	13.272
25.49	25.50	0.027256	13.377
25.49	25.50	0.027272	13.471
25.49	25.50	0.027289	13.572
25.49	25.50	0.027306	13.676
25.49	25.50	0.027322	13.770
25.49	25.50	0.027339	13.872
25.49	25.50	0.027356	13.974
25.49	25.50	0.027372	14.069
25.49	25.50	0.027389	14.171
25.49	25.50	0.027406	14.273
25.49	25.50	0.027422	14.367
25.49	25.50	0.027439	14.471
25.49	25.50	0.027456	14.572
25.49	25.50	0.027472	14.666
25.49	25.50	0.027489	14.771
25.49	25.50	0.027506	14.870
25.49	25.50	0.027522	14.965
25.52	25.50	0.027539	15.069
25.52	25.50	0.027556	15.169
25.52	25.50	0.027572	15.264
25.52	25.50	0.027589	15.368
25.52	25.50	0.027606	15.469
25.52	25.50	0.027622	15.563
25.52	25.50	0.027639	15.668
25.52	25.50	0.027656	15.767
25.52	25.50	0.027672	15.862
25.49	25.50	0.027689	15.966
25.49	25.50	0.027706	16.061
25.49	25.50	0.027722	16.160
25.49	25.50	0.027739	16.265
25.49	25.50	0.027756	16.359
25.49	25.50	0.027772	16.459
25.49	25.50	0.027789	16.563
25.49	25.50	0.027806	16.658
25.49	25.50	0.027822	16.757
25.49	25.50	0.027839	16.862
25.49	25.50	0.027856	16.957
25.49	25.50	0.027872	17.056
25.49	25.50	0.027889	17.161
25.49	25.50	0.027906	17.255
25.49	25.50	0.027922	17.355
25.49	25.50	0.027939	17.459
25.49	25.50	0.027955	17.554
25.49	25.50	0.027972	17.654
25.49	25.50	0.027989	17.758
25.52	25.50	0.028005	17.854
25.52	25.50	0.028022	17.953
25.52	25.50	0.028039	18.058
25.52	25.50	0.028055	18.152
25.52	25.50	0.028072	18.252
25.52	25.50	0.028089	18.356
25.52	25.50	0.028105	18.451
25.52	25.50	0.028122	18.551
25.52	25.50	0.028139	18.655
25.52	25.50	0.028155	18.751
25.49	25.50	0.028172	18.850
25.49	25.50	0.028189	18.954
25.49	25.50	0.028205	19.050
25.49	25.50	0.028222	19.151
25.49	25.50	0.028239	19.252
25.49	25.50	0.028255	19.350
25.49	25.50	0.028272	19.451
25.49	25.50	0.028289	19.551
25.49	25.50	0.028305	19.651
25.49	25.50	0.028322	19.750
25.49	25.50	0.028339	19.851
25.49	25.50	0.028355	19.950
25.49	25.50	0.028372	20.051
25.49	25.50	0.028389	20.151
25.49	25.50	0.028405	20.250
25.49	25.50	0.028422	20.351
25.49	25.50	0.028439	20.450
25.49	25.50	0.028455	20.551
25.49	25.50	0.028472	20.650
25.49	25.50	0.028489	20.751
25.49	25.50	0.028505	20.851
25.52	25.50	0.028522	20.950
25.52	25.50	0.028539	21.051
25.52	25.50	0.028555	21.150
25.52	25.50	0.028572	21.252
25.52	25.50	0.028589	21.351
25.52	25.50	0.028605	21.452
25.52	25.50	0.028622	21.551
25.52	25.50	0.028639	21.652
25.52	25.50	0.028655	21.752
25.49	25.50	0.028672	21.851
25.49	25.50	0.028689	21.952
25.49	25.50	0.028705	22.051
25.49	25.50	0.028722	22.152
25.49	25.50	0.028739	22.251
25.49	25.50	0.028755	22.352
25.49	25.50	0.028772	22.451
25.49	25.50	0.028788	22.552
25.49	25.50	0.028805	22.652
25.49	25.50	0.028822	22.751
25.49	25.50	0.028838	22.852
25.49	25.50	0.028855	22.951
25.49	25.50	0.028872	23.052
25.49	25.50	0.028888	23.151
25.49	25.50	0.028905	23.252
25.49	25.50	0.028922	23.352
25.52	25.50	0.028938	23.451
25.52	25.50	0.028955	23.552
25.52	25.50	0.028972	23.651
25.52	25.50	0.028988	23.752
25.52	25.50	0.029005	23.851
25.52	25.50	0.029022	23.952
25.52	25.50	0.029038	24.051
25.52	25.50	0.029055	24.152
25.52	25.50	0.029072	24.252
25.52	25.50	0.029088	24.351
25.52	25.50	0.029105	24.452
25.49	25.50	0.029122	24.551
25.49	25.50	0.029138	24.676
25.49	25.50	0.029155	24.780
25.49	25.50	0.029172	24.875
25.49	25.50	0.029188	24.974
25.49	25.50	0.029205	25.079
25.49	25.50	0.029222	25.174
25.49	25.50	0.029238	25.273
25.49	25.50	0.029255	25.378
25.49	25.50	0.029272	25.472
25.49	25.50	0.029288	25.572
25.49	25.50	0.029305	25.676
25.49	25.50	0.029322	25.771
25.49	25.50	0.029338	25.870
25.49	25.50	0.029355	25.975
25.49	25.50	0.029372	26.070
25.49	25.50	0.029388	26.169
25.49	25.50	0.029405	26.274
25.49	25.50	0.029422	26.368
25.49	25.50	0.029438	26.469
25.49	25.50	0.029455	26.572
25.52	25.50	0.029472	26.668
25.52	25.50	0.029488	26.769
25.52	25.50	0.029505	26.872
25.52	25.50	0.029522	26.967
25.52	25.50	0.029538	27.069
25.52	25.50	0.029555	27.171
25.52	25.50	0.029572	27.265
25.52	25.50	0.029588	27.369
25.52	25.50	0.029605	27.469
25.52	25.50	0.029621	27.564
25.52	25.50	0.029638	27.669
25.52	25.50	0.029655	27.768
25.49	25.50	0.029671	27.863
25.49	25.50	0.029688	27.967
25.49	25.50	0.029705	28.067
25.49	25.50	0.029721	28.161
25.49	25.50	0.029738	28.266
25.49	25.50	0.029755	28.366
25.49	25.50	0.029771	28.460
25.49	25.50	0.029788	28.565
25.49	25.50	0.029805	28.664
25.49	25.50	0.029821	28.759
25.49	25.50	0.029838	28.863
25.49	25.50	0.029855	28.958
25.49	25.50	0.029871	29.057
25.49	25.50	0.029888	29.162
25.49	25.50	0.029905	29.257
25.49	25.50	0.029921	29.356
25.49	25.50	0.029938	29.461
25.49	25.50	0.029955	29.555
25.49	25.50	0.029971	29.655
25.49	25.50	0.029988	29.759
25.49	25.50	0.030005	29.854
25.52	25.50	0.030021	29.954
25.52	25.50	0.030038	30.059
25.52	25.50	0.030055	30.154
25.52	25.50	0.030071	30.253
25.52	25.50	0.030088	30.358
25.52	25.51	0.030105	30.452
25.52	25.51	0.030121	30.553
25.52	25.51	0.030138	30.656
25.49	25.51	0.030155	30.753
25.49	25.51	0.030171	30.853
25.49	25.51	0.030188	30.955
25.49	25.51	0.030205	31.053
25.49	25.51	0.030221	31.152
25.49	25.51	0.030238	31.254
25.49	25.51	0.030255	31.352
25.49	25.51	0.030271	31.453
25.49	25.51	0.030288	31.552
25.49	25.51	0.030305	31.653
25.52	25.52	0.030321	31.753
25.52	25.52	0.030338	31.852
25.52	25.52	0.030355	31.953
25.52	25.52	0.030371	32.052
25.52	25.52	0.030388	32.153
25.52	25.52	0.030405	32.252
25.52	25.52	0.030421	32.353
25.52	25.52	0.030438	32.454
25.52	25.52	0.030454	32.553
25.52	25.52	0.030471	32.654
25.52	25.52	0.030488	32.753
25.52	25.52	0.030504	32.854
25.52	25.52	0.030521	32.953
25.52	25.53	0.030538	33.055
25.52	25.53	0.030554	33.154
25.52	25.53	0.030571	33.255
25.52	25.53	0.030588	33.355
25.54	25.53	0.030604	33.454
25.54	25.53	0.030621	33.555
25.54	25.53	0.030638	33.654
25.54	25.53	0.030654	33.755
25.54	25.53	0.030671	33.854
25.54	25.53	0.030688	33.955
25.54	25.53	0.030704	34.055
25.54	25.53	0.030721	34.156
25.54	25.53	0.030738	34.256
25.54	25.54	0.030754	34.355
25.54	25.54	0.030771	34.456
25.54	25.54	0.030788	34.555
25.54	25.54	0.030804	34.656
25.54	25.54	0.030821	34.755
25.54	25.54	0.030838	34.856
25.54	25.54	0.030854	34.955
25.54	25.54	0.030871	35.056
25.54	25.54	0.030888	35.157
25.54	25.54	0.030904	35.256
25.54	25.54	0.030921	35.357
25.54	25.54	0.030938	35.456
25.54	25.54	0.030954	35.557
25.54	25.55	0.030971	35.656
25.54	25.55	0.030988	35.781
25.54	25.55	0.031004	35.884
25.54	25.55	0.031021	35.985
25.54	25.55	0.031038	36.079
25.54	25.55	0.031054	36.184
25.54	25.55	0.031071	36.284
25.54	25.55	0.031088	36.378
25.54	25.55	0.031104	36.483
25.54	25.55	0.031121	36.577
25.54	25.55	0.031138	36.677
25.54	25.55	0.031154	36.781
25.54	25.55	0.031171	36.876
25.57	25.56	0.031188	36.976
25.57	25.56	0.031204	37.080
25.57	25.56	0.031221	37.175
25.57	25.56	0.031238	37.274
25.57	25.56	0.031254	37.379
25.57	25.56	0.031271	37.473
25.57	25.56	0.031287	37.573
25.57	25.56	0.031304	37.677
25.57	25.56	0.031321	37.772
25.57	25.56	0.031337	37.872
25.57	25.56	0.031354	37.976
25.57	25.56	0.031371	38.071
25.57	25.56	0.031387	38.170
25.57	25.57	0.031404	38.275
25.57	25.57	0.031421	38.369
25.57	25.57	0.031437	38.469
25.57	25.57	0.031454	38.574
25.57	25.57	0.031471	38.669
25.57	25.57	0.031487	38.768
25.57	25.57	0.031504	38.873
25.57	25.57	0.031521	38.967
25.57	25.57	0.031537	39.067
25.57	25.57	0.031554	39.171
25.57	25.57	0.031571	39.266
25.57	25.57	0.031587	39.367
25.57	25.57	0.031604	39.470
25.57	25.58	0.031621	39.565
25.57	25.58	0.031637	39.666
25.57	25.58	0.031654	39.769
25.57	25.58	0.031671	39.864
25.57	25.58	0.031687	39.966
25.57	25.58	0.031704	40.068
25.57	25.58	0.031721	40.162
25.57	25.58	0.031737	40.266
25.57	25.58	0.031754	40.367
25.57	25.58	0.031771	40.461
25.57	25.58	0.031787	40.566
25.57	25.58	0.031804	40.665
25.57	25.58	0.031821	40.760
25.57	25.59	0.031837	40.864
25.57	25.59	0.031854	40.964
25.57	25.59	0.031871	41.059
25.57	25.59	0.031887	41.163
25.57	25.59	0.031904	41.263
25.57	25.59	0.031921	41.358
25.57	25.59	0.031937	41.462
25.57	25.59	0.031954	41.562
25.59	25.59	0.031971	41.657
25.59	25.59	0.031987	41.761
25.59	25.59	0.032004	41.861
25.59	25.59	0.032021	41.958
25.59	25.59	0.032037	42.059
25.59	25.60	0.032054	42.161
25.59	25.60	0.032071	42.258
25.59	25.60	0.032087	42.358
25.59	25.60	0.032104	42.461
25.59	25.60	0.032120	42.557
25.59	25.60	0.032137	42.658
25.62	25.60	0.032154	42.761
25.62	25.60	0.032170	42.858
25.62	25.60	0.032187	42.957
25.62	25.60	0.032204	43.061
25.62	25.60	0.032220	43.158
25.62	25.60	0.032237	43.257
25.62	25.60	0.032254	43.361
25.62	25.61	0.032270	43.457
25.62	25.61	0.032287	43.558
25.62	25.61	0.032304	43.660
25.62	25.61	0.032320	43.758
25.62	25.61	0.032337	43.857
25.62	25.61	0.032354	43.961
25.62	25.61	0.032370	44.058
25.62	25.61	0.032387	44.157
25.62	25.61	0.032404	44.261
25.62	25.61	0.032420	44.357
25.62	25.61	0.032437	44.458
25.59	25.61	0.032454	44.560
25.59	25.61	0.032470	44.658
25.59	25.62	0.032487	44.757
25.59	25.62	0.032504	44.861
25.59	25.62	0.032520	44.958
25.59	25.62	0.032537	45.057
25.59	25.62	0.032554	45.161
25.59	25.62	0.032570	45.257
25.62	25.62	0.032587	45.358
25.62	25.62	0.032604	45.460
25.62	25.62	0.032620	45.558
25.62	25.62	0.032637	45.658
25.62	25.62	0.032654	45.760
25.62	25.62	0.032670	45.858
25.62	25.62	0.032687	45.957
25.62	25.62	0.032704	46.061
25.62	25.63	0.032720	46.157
25.62	25.63	0.032737	46.258
25.65	25.63	0.032754	46.360
25.65	25.63	0.032770	46.458
25.65	25.63	0.032787	46.558
25.65	25.63	0.032804	46.660
25.65	25.63	0.032820	46.758
25.65	25.63	0.032837	46.857
25.65	25.63	0.032854	46.960
25.65	25.63	0.032870	47.057
25.65	25.63	0.032887	47.158
25.65	25.63	0.032904	47.261
25.65	25.63	0.032920	47.357
25.65	25.64	0.032937	47.458
25.62	25.64	0.032953	47.560
25.62	25.64	0.032970	47.657
25.62	25.64	0.032987	47.756
25.62	25.64	0.033003	47.860
25.62	25.64	0.033020	47.985
25.62	25.64	0.033037	48.080
25.62	25.64	0.033053	48.160
25.62	25.64	0.033070	48.284
25.62	25.64	0.033087	48.379
25.62	25.64	0.033103	48.483
25.65	25.64	0.033120	48.584
25.65	25.64	0.033137	48.678
25.65	25.65	0.033153	48.783
25.65	25.65	0.033170	48.882
25.65	25.65	0.033187	48.977
25.65	25.65	0.033203	49.081
25.65	25.65	0.033220	49.181
25.65	25.65	0.033237	49.276
25.65	25.65	0.033253	49.380
25.65	25.65	0.033270	49.480
25.65	25.65	0.033287	49.574
25.65	25.65	0.033303	49.679
25.65	25.65	0.033320	49.773
25.67	25.65	0.033337	49.873
25.67	25.65	0.033353	49.978
25.67	25.66	0.033370	50.072
25.67	25.66	0.033387	50.172
25.67	25.66	0.033403	50.276
25.67	25.66	0.033420	50.371
25.67	25.66	0.033437	50.470
25.67	25.66	0.033453	50.575
25.67	25.66	0.033470	50.669
25.67	25.66	0.033487	50.769
25.67	25.66	0.033503	50.874
25.67	25.66	0.033520	50.968
25.67	25.66	0.033537	51.068
25.67	25.66	0.033553	51.172
25.67	25.66	0.033570	51.267
25.67	25.67	0.033587	51.367
25.67	25.67	0.033603	51.471
25.65	25.67	0.033620	51.566
25.65	25.67	0.033637	51.665
25.65	25.67	0.033653	51.770
25.65	25.67	0.033670	51.864
25.65	25.67	0.033687	51.964
25.65	25.67	0.033703	52.069
25.65	25.67	0.033720	52.163
25.67	25.67	0.033737	52.264
25.67	25.67	0.033753	52.367
25.67	25.67	0.033770	52.462
25.67	25.67	0.033786	52.564
25.67	25.68	0.033803	52.666
25.67	25.68	0.033820	52.761
25.67	25.68	0.033836	52.863
25.67	25.68	0.033853	52.965
25.67	25.68	0.033870	53.059
25.67	25.68	0.033886	53.163
25.67	25.68	0.033903	53.264
25.67	25.68	0.033920	53.358
25.67	25.68	0.033936	53.463
25.67	25.68	0.033953	53.562
25.67	25.68	0.033970	53.658
25.70	25.68	0.033986	53.762
25.70	25.68	0.034003	53.861
25.70	25.69	0.034020	53.958
25.70	25.69	0.034036	54.061
25.70	25.69	0.034053	54.160
25.70	25.69	0.034070	54.258
25.70	25.69	0.034086	54.359
25.70	25.69	0.034103	54.459
25.70	25.69	0.034120	54.557
25.70	25.69	0.034136	54.658
25.70	25.69	0.034153	54.759
25.70	25.69	0.034170	54.857
25.70	25.69	0.034186	54.958
25.70	25.69	0.034203	55.058
25.70	25.69	0.034220	55.159
25.70	25.70	0.034236	55.258
25.70	25.70	0.034253	55.359
25.70	25.70	0.034270	55.458
25.70	25.70	0.034286	55.559
25.70	25.70	0.034303	55.659
25.70	25.70	0.034320	55.758
25.70	25.70	0.034336	55.859
25.70	25.70	0.034353	55.958
25.70	25.70	0.034370	56.059
25.70	25.70	0.034386	56.158
25.70	25.70	0.034403	56.259
25.70	25.70	0.034420	56.358
25.70	25.70	0.034436	56.459
25.70	25.71	0.034453	56.559
25.70	25.71	0.034470	56.658
25.70	25.71	0.034486	56.759
25.70	25.71	0.034503	56.858
25.70	25.71	0.034520	56.959
25.70	25.71	0.034536	57.058
25.70	25.71	0.034553	57.159
25.70	25.71	0.034570	57.259
25.70	25.71	0.034586	57.358
25.70	25.71	0.034603	57.459
25.70	25.71	0.034619	57.558
25.70	25.71	0.034636	57.659
25.70	25.71	0.034653	57.758
25.70	25.72	0.034669	57.859
25.70	25.72	0.034686	57.958
25.70	25.72	0.034703	58.059
25.70	25.72	0.034719	58.159
25.70	25.72	0.034736	58.258
25.70	25.72	0.034753	58.359
25.70	25.72	0.034769	58.458
25.70	25.72	0.034786	58.559
25.72	25.72	0.034803	58.658
25.72	25.72	0.034819	58.759
25.72	25.72	0.034836	58.858
25.72	25.72	0.034853	58.959
25.72	25.72	0.034869	59.059
25.72	25.73	0.034886	59.158
25.72	25.73	0.034903	59.259
25.72	25.73	0.034919	59.358
25.72	25.73	0.034936	59.459
25.72	25.73	0.034953	59.558
25.72	25.73	0.034969	59.688
25.75	25.73	0.034986	59.782
25.75	25.73	0.035003	59.858
25.75	25.73	0.035019	59.986
25.75	25.73	0.035036	00.082
25.75	25.73	0.035053	00.157
25.75	25.73	0.035069	00.286
25.75	25.73	0.035086	00.380
25.75	25.74	0.035103	00.482
25.75	25.74	0.035119	00.584
25.75	25.74	0.035136	00.679
25.75	25.74	0.035153	00.783
25.75	25.74	0.035169	00.883
25.75	25.74	0.035186	00.978
25.75	25.74	0.035203	01.082
25.75	25.74	0.035219	01.182
25.75	25.74	0.035236	01.276
25.75	25.74	0.035253	01.381
25.75	25.74	0.035269	01.480
25.75	25.74	0.035286	01.575
25.72	25.74	0.035303	01.680
25.72	25.75	0.035319	01.779
25.72	25.75	0.035336	01.874
25.72	25.75	0.035353	01.978
25.72	25.75	0.035369	02.078
25.72	25.75	0.035386	02.172
25.72	25.75	0.035403	02.277
25.75	25.75	0.035419	02.372
25.75	25.75	0.035436	02.471
25.75	25.75	0.035452	02.576
25.75	25.75	0.035469	02.670
25.75	25.75	0.035486	02.770
25.75	25.75	0.035502	02.875
25.75	25.75	0.035519	02.970
25.75	25.76	0.035536	03.070
25.75	25.76	0.035552	03.174
25.75	25.76	0.035569	03.269
25.77	25.76	0.035586	03.368
25.77	25.76	0.035602	03.473
25.77	25.76	0.035619	03.567
25.77	25.76	0.035636	03.667
25.77	25.76	0.035652	03.771
25.77	25.76	0.035669	03.866
25.77	25.76	0.035686	03.966
25.77	25.76	0.035702	04.070
25.77	25.76	0.035719	04.165
25.77	25.76	0.035736	04.264
25.77	25.77	0.035752	04.368
25.77	25.77	0.035769	04.463
25.77	25.77	0.035786	04.563
25.77	25.77	0.035802	04.667
25.77	25.77	0.035819	04.762
25.77	25.77	0.035836	04.861
25.77	25.77	0.035852	04.966
25.77	25.77	0.035869	05.061
25.77	25.77	0.035886	05.161
25.77	25.77	0.035902	05.265
25.77	25.77	0.035919	05.359
25.77	25.77	0.035936	05.461
25.77	25.77	0.035952	05.563
25.77	25.78	0.035969	05.659
25.77	25.78	0.035986	05.761
25.80	25.78	0.036002	05.863
25.80	25.78	0.036019	05.959
25.80	25.78	0.036036	06.061
25.80	25.78	0.036052	06.162
25.80	25.78	0.036069	06.258
25.80	25.78	0.036086	06.361
25.80	25.78	0.036102	06.460
25.80	25.78	0.036119	06.559
25.80	25.78	0.036136	06.660
25.80	25.78	0.036152	06.759
25.77	25.78	0.036169	06.859
25.77	25.79	0.036186	06.958
25.77	25.79	0.036202	07.059
25.77	25.79	0.036219	07.158
25.77	25.79	0.036236	07.259
25.77	25.79	0.036252	07.358
25.77	25.79	0.036269	07.458
25.77	25.79	0.036285	07.559
25.77	25.79	0.036302	07.658
25.77	25.79	0.036319	07.759
25.77	25.79	0.036335	07.858
25.77	25.79	0.036352	07.959
25.80	25.79	0.036369	08.058
25.80	25.79	0.036385	08.159
25.80	25.80	0.036402	08.259
25.80	25.80	0.036419	08.358
25.80	25.80	0.036435	08.459
25.80	25.80	0.036452	08.558
25.80	25.80	0.036469	08.659
25.80	25.80	0.036485	08.758
25.80	25.80	0.036502	08.859
25.80	25.80	0.036519	08.958
25.80	25.80	0.036535	09.059
25.80	25.80	0.036552	09.159
25.80	25.80	0.036569	09.258
25.80	25.80	0.036585	09.359
25.80	25.80	0.036602	09.458
25.80	25.81	0.036619	09.559
25.80	25.81	0.036635	09.658
25.80	25.81	0.036652	09.759
25.80	25.81	0.036669	09.858
25.83	25.81	0.036685	09.959
25.83	25.81	0.036702	10.058
25.83	25.81	0.036719	10.159
25.83	25.81	0.036735	10.258
25.83	25.81	0.036752	10.359
25.83	25.81	0.036769	10.459
25.83	25.81	0.036785	10.558
25.83	25.81	0.036802	10.659
25.83	25.81	0.036819	10.758
25.83	25.82	0.036835	10.859
25.83	25.82	0.036852	10.958
25.83	25.82	0.036869	11.059
25.83	25.82	0.036885	11.159
25.80	25.82	0.036902	11.258
25.80	25.82	0.036919	11.359
25.80	25.82	0.036935	11.458
25.80	25.82	0.036952	11.559
25.80	25.82	0.036969	11.658
25.80	25.82	0.036985	11.759
25.80	25.82	0.037002	11.858
25.80	25.82	0.037019	11.988
25.80	25.82	0.037035	12.082
25.80	25.83	0.037052	12.182
25.83	25.83	0.037069	12.287
25.83	25.83	0.037085	12.381
25.83	25.83	0.037102	12.481
25.83	25.83	0.037118	12.585
25.83	25.83	0.037135	12.680
25.83	25.83	0.037152	12.780
25.83	25.83	0.037168	12.884
25.83	25.83	0.037185	12.979
25.83	25.83	0.037202	13.080
25.83	25.83	0.037218	13.183
25.85	25.83	0.037235	13.278
25.85	25.83	0.037252	13.380
25.85	25.84	0.037268	13.482
25.85	25.84	0.037285	13.576
25.85	25.84	0.037302	13.680
25.85	25.84	0.037318	13.781
25.85	25.84	0.037335	13.875
25.85	25.84	0.037352	13.980
25.85	25.84	0.037368	14.079
25.85	25.84	0.037385	14.174
25.85	25.84	0.037402	14.278
25.85	25.84	0.037418	14.378
25.85	25.84	0.037435	14.472
25.85	25.84	0.037452	14.577
25.85	25.84	0.037468	14.677
25.85	25.84	0.037485	14.771
25.85	25.85	0.037502	14.876
25.85	25.85	0.037518	14.975
25.83	25.85	0.037535	15.070
25.83	25.85	0.037552	15.174
25.83	25.85	0.037568	15.269
25.83	25.85	0.037585	15.369
25.83	25.85	0.037602	15.473
25.83	25.85	0.037618	15.568
25.83	25.85	0.037635	15.668
25.85	25.85	0.037652	15.773
25.85	25.85	0.037668	15.867
25.85	25.85	0.037685	15.967
25.85	25.85	0.037702	16.071
25.85	25.86	0.037718	16.166
25.85	25.86	0.037735	16.266
25.85	25.86	0.037752	16.370
25.85	25.86	0.037768	16.465
25.85	25.86	0.037785	16.564
25.85	25.86	0.037802	16.669
25.85	25.86	0.037818	16.763
25.85	25.86	0.037835	16.863
25.85	25.86	0.037852	16.967
25.85	25.86	0.037868	17.062
25.85	25.86	0.037885	17.161
25.85	25.86	0.037902	17.266
25.88	25.86	0.037918	17.361
25.88	25.87	0.037935	17.460
25.88	25.87	0.037951	17.565
25.88	25.87	0.037968	17.659
25.88	25.87	0.037985	17.760
25.88	25.87	0.038001	17.863
25.88	25.87	0.038018	17.960
25.88	25.87	0.038035	18.060
25.88	25.87	0.038051	18.163
25.88	25.87	0.038068	18.260
25.88	25.87	0.038085	18.359
25.88	25.87	0.038101	18.462
25.88	25.87	0.038118	18.559
25.88	25.87	0.038135	18.660
25.88	25.88	0.038151	18.760
25.88	25.88	0.038168	18.860
25.88	25.88	0.038185	18.960
25.88	25.88	0.038201	19.059
25.88	25.88	0.038218	19.160
25.88	25.88	0.038235	19.259
25.88	25.88	0.038251	19.360
25.88	25.88	0.038268	19.459
25.88	25.88	0.038285	19.560
25.88	25.88	0.038301	19.659
25.88	25.88	0.038318	19.760
25.88	25.88	0.038335	19.860
25.88	25.88	0.038351	19.959
25.88	25.89	0.038368	20.060
25.88	25.89	0.038385	20.159
25.88	25.89	0.038401	20.260
25.88	25.89	0.038418	20.359
25.88	25.89	0.038435	20.460
25.88	25.89	0.038451	20.559
25.88	25.89	0.038468	20.659
25.88	25.89	0.038485	20.760
25.88	25.89	0.038501	20.859
25.88	25.89	0.038518	20.961
25.88	25.89	0.038535	21.060
25.88	25.89	0.038551	21.161
25.88	25.89	0.038568	21.260
25.88	25.90	0.038585	21.361
25.88	25.90	0.038601	21.461
25.90	25.90	0.038618	21.561
25.90	25.90	0.038635	21.660
25.90	25.90	0.038651	21.761
25.90	25.90	0.038668	21.860
25.90	25.90	0.038685	21.961
25.90	25.90	0.038701	22.061
25.90	25.90	0.038718	22.160
25.90	25.90	0.038735	22.261
25.90	25.90	0.038751	22.360
25.90	25.90	0.038768	22.461
25.90	25.90	0.038784	22.560
25.90	25.91	0.038801	22.661
25.90	25.91	0.038818	22.761
25.90	25.91	0.038834	22.860
25.90	25.91	0.038851	22.961
25.90	25.91	0.038868	23.060
25.90	25.91	0.038884	23.161
25.90	25.91	0.038901	23.260
25.93	25.91	0.038918	23.361
25.93	25.91	0.038934	23.460
25.93	25.91	0.038951	23.561
25.93	25.91	0.038968	23.661
25.93	25.91	0.038984	23.760
25.93	25.91	0.039001	23.885
25.93	25.92	0.039018	23.989
25.93	25.92	0.039034	24.084
25.93	25.92	0.039051	24.183
25.93	25.92	0.039068	24.288
25.93	25.92	0.039084	24.382
25.93	25.92	0.039101	24.482
25.93	25.92	0.039118	24.586
25.93	25.92	0.039134	24.681
25.93	25.92	0.039151	24.781
25.93	25.92	0.039168	24.885
25.90	25.92	0.039184	24.980
25.90	25.92	0.039201	25.079
25.90	25.92	0.039218	25.184
25.90	25.93	0.039234	25.278
25.90	25.93	0.039251	25.378
25.90	25.93	0.039268	25.483
25.90	25.93	0.039284	25.577
25.90	25.93	0.039301	25.678
25.93	25.93	0.039318	25.781
25.93	25.93	0.039334	25.876
25.93	25.93	0.039351	25.977
25.93	25.93	0.039368	26.080
25.93	25.93	0.039384	26.175
25.93	25.93	0.039401	26.277
25.93	25.93	0.039418	26.379
25.93	25.93	0.039434	26.473
25.93	25.94	0.039451	26.578
25.93	25.94	0.039468	26.677
25.93	25.94	0.039484	26.773
25.93	25.94	0.039501	26.877
25.95	25.94	0.039518	26.977
25.95	25.94	0.039534	27.072
25.95	25.94	0.039551	27.176
25.95	25.94	0.039568	27.276
25.95	25.94	0.039584	27.370
25.95	25.94	0.039601	27.475
25.95	25.94	0.039617	27.574
25.95	25.94	0.039634	27.669
25.95	25.94	0.039651	27.774
25.95	25.95	0.039667	27.873
25.95	25.95	0.039684	27.968
25.95	25.95	0.039701	28.072
25.95	25.95	0.039717	28.167
25.95	25.95	0.039734	28.266
25.95	25.95	0.039751	28.371
25.95	25.95	0.039767	28.466
25.95	25.95	0.039784	28.565
25.95	25.95	0.039801	28.670
25.95	25.95	0.039817	28.764
25.95	25.95	0.039834	28.864
25.95	25.95	0.039851	28.968
25.95	25.95	0.039867	29.063
25.95	25.96	0.039884	29.162
25.95	25.96	0.039901	29.267
25.95	25.96	0.039917	29.362
25.95	25.96	0.039934	29.461
25.95	25.96	0.039951	29.566
25.95	25.96	0.039967	29.661
25.95	25.96	0.039984	29.762
25.95	25.96	0.040001	29.864
25.95	25.96	0.040017	29.961
25.98	25.96	0.040034	30.062
25.98	25.96	0.040051	30.163
25.98	25.96	0.040067	30.262
25.98	25.96	0.040084	30.361
25.98	25.97	0.040101	30.463
25.98	25.97	0.040117	30.561
25.98	25.97	0.040134	30.662
25.98	25.97	0.040151	30.762
25.98	25.97	0.040167	30.861
25.98	25.97	0.040184	30.962
25.98	25.97	0.040201	31.061
25.98	25.97	0.040217	31.162
25.98	25.97	0.040234	31.261
25.98	25.97	0.040251	31.362
25.98	25.97	0.040267	31.461
25.98	25.97	0.040284	31.561
25.98	25.97	0.040301	31.661
25.98	25.98	0.040317	31.762
25.98	25.98	0.040334	31.861
25.98	25.98	0.040351	31.962
25.95	25.98	0.040367	32.062
25.95	25.98	0.040384	32.161
25.95	25.98	0.040401	32.262
25.95	25.98	0.040417	32.361
25.95	25.98	0.040434	32.462
25.95	25.98	0.040450	32.561
25.98	25.98	0.040467	32.662
25.98	25.98	0.040484	32.762
25.98	25.98	0.040500	32.861
25.98	25.98	0.040517	32.962
25.98	25.99	0.040534	33.061
25.98	25.99	0.040550	33.162
25.98	25.99	0.040567	33.261
25.98	25.99	0.040584	33.362
25.98	25.99	0.040600	33.461
25.98	25.99	0.040617	33.562
26.00	25.99	0.040634	33.662
26.00	25.99	0.040650	33.761
26.00	25.99	0.040667	33.862
26.00	25.99	0.040684	33.961
26.00	25.99	0.040700	34.062
26.00	25.99	0.040717	34.161
26.00	25.99	0.040734	34.262
26.00	26.00	0.040750	34.361
26.00	26.00	0.040767	34.461
26.00	26.00	0.040784	34.562
26.00	26.00	0.040800	34.661
26.00	26.00	0.040817	34.762
26.00	26.00	0.040834	34.861
26.00	26.00	0.040850	34.962
26.00	26.00	0.040867	35.061
26.00	26.00	0.040884	35.162
26.00	26.00	0.040900	35.263
26.00	26.00	0.040917	35.362
26.00	26.00	0.040934	35.463
26.00	26.00	0.040950	35.562
26.00	26.01	0.040967	35.692
26.00	26.01	0.040984	35.786
26.00	26.01	0.041000	35.886
26.00	26.01	0.041017	35.990
26.00	26.01	0.041034	36.085
26.00	26.01	0.041050	36.184
26.00	26.01	0.041067	36.289
26.00	26.01	0.041084	36.384
26.03	26.01	0.041100	36.483
26.03	26.01	0.041117	36.588
26.03	26.01	0.041134	36.682
26.03	26.01	0.041150	36.782
26.03	26.01	0.041167	36.886
26.03	26.02	0.041184	36.981
26.03	26.02	0.041200	37.080
26.03	26.02	0.041217	37.186
26.03	26.02	0.041234	37.280
26.03	26.02	0.041250	37.380
26.03	26.02	0.041267	37.484
26.03	26.02	0.041283	37.579
26.00	26.02	0.041300	37.678
26.00	26.02	0.041317	37.783
26.00	26.02	0.041333	37.878
26.00	26.02	0.041350	37.977
26.00	26.02	0.041367	38.082
26.00	26.02	0.041383	38.176
26.00	26.03	0.041400	38.275
26.00	26.03	0.041417	38.380
26.03	26.03	0.041433	38.474
26.03	26.03	0.041450	38.575
26.03	26.03	0.041467	38.679
26.03	26.03	0.041483	38.773
26.03	26.03	0.041500	38.876
26.03	26.03	0.041517	38.978
26.03	26.03	0.041533	39.073
26.03	26.03	0.041550	39.175
26.03	26.03	0.041567	39.277
26.03	26.03	0.041583	39.372
26.03	26.03	0.041600	39.475
26.03	26.04	0.041617	39.576
26.03	26.04	0.041633	39.670
26.03	26.04	0.041650	39.775
26.03	26.04	0.041667	39.874
26.03	26.04	0.041683	39.969
26.03	26.04	0.041700	40.073
26.06	26.04	0.041717	40.173
26.06	26.04	0.041733	40.267
26.06	26.04	0.041750	40.372
26.06	26.04	0.041767	40.471
26.06	26.04	0.041783	40.566
26.06	26.04	0.041800	40.671
26.06	26.04	0.041817	40.770
26.06	26.05	0.041833	40.866
26.06	26.05	0.041850	40.969
26.06	26.05	0.041867	41.070
26.06	26.05	0.041883	41.165
26.06	26.05	0.041900	41.268
26.06	26.05	0.041917	41.370
26.06	26.05	0.041933	41.465
26.03	26.05	0.041950	41.567
26.03	26.05	0.041967	41.665
26.03	26.05	0.041983	41.766
26.03	26.05	0.042000	41.866
26.03	26.05	0.042017	41.970
26.03	26.05	0.042033	42.065
26.03	26.06	0.042050	42.166
26.03	26.06	0.042067	42.270
26.03	26.06	0.042083	42.365
26.03	26.06	0.042100	42.466
26.06	26.06	0.042116	42.570
26.06	26.06	0.042133	42.666
26.06	26.06	0.042150	42.765
26.06	26.06	0.042166	42.869
26.06	26.06	0.042183	42.966
26.06	26.06	0.042200	43.066
26.06	26.06	0.042216	43.165
26.06	26.06	0.042233	43.266
26.06	26.06	0.042250	43.365
26.06	26.07	0.042266	43.470
26.06	26.07	0.042283	43.565
26.08	26.07	0.042300	43.666
26.08	26.07	0.042316	43.770
26.08	26.07	0.042333	43.865
26.08	26.07	0.042350	43.966
26.08	26.07	0.042366	44.069
26.08	26.07	0.042383	44.166
26.08	26.07	0.042400	44.265
26.08	26.07	0.042416	44.369
26.08	26.07	0.042433	44.466
26.08	26.07	0.042450	44.566
26.08	26.07	0.042466	44.669
26.08	26.08	0.042483	44.766
26.08	26.08	0.042500	44.865
26.08	26.08	0.042516	44.970
26.08	26.08	0.042533	45.065
26.08	26.08	0.042550	45.166
26.08	26.08	0.042566	45.269
26.08	26.08	0.042583	45.365
26.08	26.08	0.042600	45.466
26.08	26.08	0.042616	45.569
26.08	26.08	0.042633	45.666
26.08	26.08	0.042650	45.765
26.08	26.08	0.042666	45.870
26.08	26.08	0.042683	45.965
26.08	26.08	0.042700	46.066
26.08	26.09	0.042716	46.170
26.08	26.09	0.042733	46.265
26.08	26.09	0.042750	46.366
26.08	26.09	0.042766	46.469
26.08	26.09	0.042783	46.566
26.08	26.09	0.042800	46.665
26.08	26.09	0.042816	46.769
26.08	26.09	0.042833	46.866
26.08	26.09	0.042850	46.966
26.08	26.09	0.042866	47.069
26.08	26.09	0.042883	47.195
26.08	26.09	0.042900	47.289
26.08	26.09	0.042916	47.394
26.08	26.10	0.042933	47.493
26.11	26.10	0.042949	47.588
26.11	26.10	0.042966	47.692
26.11	26.10	0.042983	47.792
26.11	26.10	0.042999	47.887
26.11	26.10	0.043016	47.991
26.11	26.10	0.043033	48.091
26.11	26.10	0.043049	48.185
26.11	26.10	0.043066	48.290
26.11	26.10	0.043083	48.390
26.11	26.10	0.043099	48.485
26.11	26.10	0.043116	48.589
26.11	26.10	0.043133	48.683
26.11	26.11	0.043149	48.782
26.11	26.11	0.043166	48.888
26.11	26.11	0.043183	48.982
26.11	26.11	0.043199	49.082
26.11	26.11	0.043216	49.187
26.11	26.11	0.043233	49.281
26.11	26.11	0.043249	49.381
26.11	26.11	0.043266	49.485
26.11	26.11	0.043283	49.580
26.11	26.11	0.043299	49.679
26.11	26.11	0.043316	49.784
26.11	26.11	0.043333	49.878
26.11	26.11	0.043349	49.978
26.11	26.12	0.043366	50.083
26.11	26.12	0.043383	50.177
26.11	26.12	0.043399	50.277
26.11	26.12	0.043416	50.381
26.11	26.12	0.043433	50.476
26.11	26.12	0.043449	50.575
26.11	26.12	0.043466	50.680
26.11	26.12	0.043483	50.775
26.11	26.12	0.043499	50.874
26.11	26.12	0.043516	50.979
26.11	26.12	0.043533	51.073
26.11	26.12	0.043549	51.173
26.11	26.12	0.043566	51.277
26.11	26.13	0.043583	51.372
26.11	26.13	0.043599	51.472
26.11	26.13	0.043616	51.576
26.11	26.13	0.043633	51.671
26.11	26.13	0.043649	51.773
26.13	26.13	0.043666	51.876
26.13	26.13	0.043683	51.970
26.13	26.13	0.043699	52.073
26.13	26.13	0.043716	52.174
26.13	26.13	0.043733	52.269
26.13	26.13	0.043749	52.373
26.13	26.13	0.043766	52.473
26.13	26.13	0.043782	52.568
26.13	26.14	0.043799	52.672
26.13	26.14	0.043816	52.771
26.13	26.14	0.043832	52.867
26.13	26.14	0.043849	52.970
26.13	26.14	0.043866	53.070
26.13	26.14	0.043882	53.167
26.13	26.14	0.043899	53.269
26.16	26.14	0.043916	53.369
26.16	26.14	0.043932	53.467
26.16	26.14	0.043949	53.569
26.16	26.14	0.043966	53.668
26.16	26.14	0.043982	53.768
26.16	26.14	0.043999	53.867
26.16	26.15	0.044016	53.968
26.16	26.15	0.044032	54.068
26.16	26.15	0.044049	54.167
26.16	26.15	0.044066	54.268
26.16	26.15	0.044082	54.367
26.16	26.15	0.044099	54.468
26.16	26.15	0.044116	54.567
26.16	26.15	0.044132	54.668
26.13	26.15	0.044149	54.769
26.13	26.15	0.044166	54.868
26.13	26.15	0.044182	54.969
26.13	26.15	0.044199	55.068
26.13	26.15	0.044216	55.168
26.13	26.16	0.044232	55.269
26.13	26.16	0.044249	55.368
26.16	26.16	0.044266	55.469
26.16	26.16	0.044282	55.568
26.16	26.16	0.044299	55.669
26.16	26.16	0.044316	55.769
26.16	26.16	0.044332	55.868
26.16	26.16	0.044349	55.969
26.16	26.16	0.044366	56.068
26.16	26.16	0.044382	56.169
26.16	26.16	0.044399	56.268
26.16	26.16	0.044416	56.369
26.16	26.16	0.044432	56.468
26.16	26.17	0.044449	56.568
26.16	26.17	0.044466	56.669
26.16	26.17	0.044482	56.768
26.16	26.17	0.044499	56.869
26.16	26.17	0.044516	56.968
26.16	26.17	0.044532	57.069
26.16	26.17	0.044549	57.168
26.18	26.17	0.044566	57.269
26.18	26.17	0.044582	57.369
26.18	26.17	0.044599	57.468
26.18	26.17	0.044615	57.569
26.18	26.17	0.044632	57.668
26.18	26.17	0.044649	57.769
26.18	26.18	0.044665	57.868
26.18	26.18	0.044682	57.969
26.18	26.18	0.044699	58.068
26.18	26.18	0.044715	58.169
26.18	26.18	0.044732	58.269
26.18	26.18	0.044749	58.368
26.18	26.18	0.044765	58.469
26.18	26.18	0.044782	58.568
26.18	26.18	0.044799	58.693
26.18	26.18	0.044815	58.792
26.18	26.18	0.044832	58.897
26.18	26.18	0.044849	58.991
26.18	26.18	0.044865	59.091
26.18	26.19	0.044882	59.196
26.18	26.19	0.044899	59.290
26.18	26.19	0.044915	59.392
26.18	26.19	0.044932	59.494
26.18	26.19	0.044949	59.589
26.18	26.19	0.044965	59.691
26.18	26.19	0.044982	59.793
26.18	26.19	0.044999	59.888
26.21	26.19	0.045015	59.991
26.21	26.19	0.045032	00.092
26.21	26.19	0.045049	00.186
26.21	26.19	0.045065	00.292
26.21	26.19	0.045082	00.391
26.21	26.20	0.045099	00.486
26.21	26.20	0.045115	00.590
26.21	26.20	0.045132	00.690
26.21	26.20	0.045149	00.784
26.21	26.20	0.045165	00.889
26.21	26.20	0.045182	00.988
26.21	26.20	0.045199	01.083
26.18	26.20	0.045215	01.188
26.18	26.20	0.045232	01.287
26.18	26.20	0.045249	01.382
26.18	26.20	0.045265	01.486
26.18	26.20	0.045282	01.581
26.18	26.20	0.045299	01.680
26.18	26.21	0.045315	01.785
26.18	26.21	0.045332	01.880
26.18	26.21	0.045349	01.979
26.21	26.21	0.045365	02.084
26.21	26.21	0.045382	02.178
26.21	26.21	0.045399	02.278
26.21	26.21	0.045415	02.382
26.21	26.21	0.045432	02.477
26.21	26.21	0.045448	02.576
26.21	26.21	0.045465	02.681
26.21	26.21	0.045482	02.776
26.21	26.21	0.045498	02.875
26.21	26.21	0.045515	02.980
26.21	26.22	0.045532	03.074
26.24	26.22	0.045548	03.174
26.24	26.22	0.045565	03.279
26.24	26.22	0.045582	03.373
26.24	26.22	0.045598	03.473
26.24	26.22	0.045615	03.578
26.24	26.22	0.045632	03.673
26.24	26.22	0.045648	03.772
26.24	26.22	0.045665	03.877
26.24	26.22	0.045682	03.971
26.24	26.22	0.045698	04.071
26.24	26.22	0.045715	04.175
26.24	26.22	0.045732	04.270
26.21	26.23	0.045748	04.371
26.21	26.23	0.045765	04.474
26.21	26.23	0.045782	04.569
26.21	26.23	0.045798	04.670
26.21	26.23	0.045815	04.773
26.21	26.23	0.045832	04.868
26.21	26.23	0.045848	04.970
26.21	26.23	0.045865	05.072
26.21	26.23	0.045882	05.168
26.21	26.23	0.045898	05.270
26.24	26.23	0.045915	05.370
26.24	26.23	0.045932	05.469
26.24	26.23	0.045948	05.569
26.24	26.24	0.045965	05.669
26.24	26.24	0.045982	05.768
26.24	26.24	0.045998	05.869
26.24	26.24	0.046015	05.969
26.24	26.24	0.046032	06.068
26.24	26.24	0.046048	06.169
26.24	26.24	0.046065	06.268
26.24	26.24	0.046082	06.368
26.24	26.24	0.046098	06.469
26.24	26.24	0.046115	06.568
26.24	26.24	0.046132	06.669
26.24	26.24	0.046148	06.769
26.24	26.24	0.046165	06.868
26.24	26.25	0.046182	06.969
26.24	26.25	0.046198	07.068
26.24	26.25	0.046215	07.169
26.24	26.25	0.046232	07.268
26.24	26.25	0.046248	07.369
26.24	26.25	0.046265	07.468
26.24	26.25	0.046281	07.568
26.24	26.25	0.046298	07.669
26.24	26.25	0.046315	07.768
26.24	26.25	0.046331	07.869
26.24	26.25	0.046348	07.968
26.24	26.25	0.046365	08.069
26.26	26.25	0.046381	08.168
26.26	26.26	0.046398	08.269
26.26	26.26	0.046415	08.368
26.26	26.26	0.046431	08.469
26.26	26.26	0.046448	08.568
26.26	26.26	0.046465	08.669
26.26	26.26	0.046481	08.768
26.26	26.26	0.046498	08.869
26.26	26.26	0.046515	08.968
26.26	26.26	0.046531	09.069
26.26	26.26	0.046548	09.169
26.26	26.26	0.046565	09.268
26.26	26.26	0.046581	09.369
26.26	26.26	0.046598	09.468
26.26	26.27	0.046615	09.569
26.26	26.27	0.046631	09.669
26.26	26.27	0.046648	09.769
26.26	26.27	0.046665	09.868
26.26	26.27	0.046681	09.969
26.26	26.27	0.046698	10.068
26.26	26.27	0.046715	10.169
26.26	26.27	0.046731	10.268
26.26	26.27	0.046748	10.369
26.26	26.27	0.046765	10.468
26.29	26.27	0.046781	10.569
26.29	26.27	0.046798	10.669
26.29	26.27	0.046815	10.768
26.29	26.28	0.046831	10.868
26.29	26.28	0.046848	10.967
26.29	26.28	0.046865	11.092
26.29	26.28	0.046881	11.196
26.29	26.28	0.046898	11.291
26.29	26.28	0.046915	11.391
26.29	26.28	0.046931	11.496
26.29	26.28	0.046948	11.590
26.29	26.28	0.046965	11.690
26.29	26.28	0.046981	11.795
26.29	26.28	0.046998	11.889
26.29	26.28	0.047015	11.989
26.29	26.28	0.047031	12.093
26.29	26.29	0.047048	12.188
26.29	26.29	0.047065	12.289
26.29	26.29	0.047081	12.392
26.26	26.29	0.047098	12.487
26.26	26.29	0.047114	12.589
26.26	26.29	0.047131	12.691
26.26	26.29	0.047148	12.785
26.26	26.29	0.047164	12.889
26.26	26.29	0.047181	12.989
26.26	26.29	0.047198	13.084
26.29	26.29	0.047214	13.188
26.29	26.29	0.047231	13.288
26.29	26.29	0.047248	13.383
26.29	26.30	0.047264	13.487
26.29	26.30	0.047281	13.587
26.29	26.30	0.047298	13.681
26.29	26.30	0.047314	13.786
26.29	26.30	0.047331	13.885
26.29	26.30	0.047348	13.981
26.29	26.30	0.047364	14.085
26.29	26.30	0.047381	14.185
26.31	26.30	0.047398	14.279
26.31	26.30	0.047414	14.384
26.31	26.30	0.047431	14.478
26.31	26.30	0.047448	14.578
26.31	26.30	0.047464	14.682
26.31	26.30	0.047481	14.777
26.31	26.31	0.047498	14.877
26.31	26.31	0.047514	14.981
26.31	26.31	0.047531	15.076
26.31	26.31	0.047548	15.175
26.31	26.31	0.047564	15.280
26.31	26.31	0.047581	15.374
26.31	26.31	0.047598	15.474
26.31	26.31	0.047614	15.579
26.31	26.31	0.047631	15.673
26.31	26.31	0.047648	15.773
26.31	26.31	0.047664	15.877
26.31	26.31	0.047681	15.972
26.31	26.31	0.047698	16.071
26.31	26.32	0.047714	16.176
26.31	26.32	0.047731	16.270
26.31	26.32	0.047748	16.370
26.31	26.32	0.047764	16.475
26.31	26.32	0.047781	16.569
26.31	26.32	0.047798	16.669
26.31	26.32	0.047814	16.773
26.34	26.32	0.047831	16.869
26.34	26.32	0.047848	16.968
26.34	26.32	0.047864	17.073
26.34	26.32	0.047881	17.169
26.34	26.32	0.047898	17.268
26.34	26.32	0.047914	17.372
26.34	26.33	0.047931	17.468
26.34	26.33	0.047947	17.569
26.34	26.33	0.047964	17.670
26.34	26.33	0.047981	17.769
26.31	26.33	0.047997	17.868
26.31	26.33	0.048014	17.969
26.31	26.33	0.048031	18.069
26.31	26.33	0.048047	18.168
26.31	26.33	0.048064	18.269
26.31	26.33	0.048081	18.368
26.31	26.33	0.048097	18.469
26.31	26.33	0.048114	18.568
26.31	26.33	0.048131	18.669
26.34	26.34	0.048147	18.769
26.34	26.34	0.048164	18.868
26.34	26.34	0.048181	18.969
26.34	26.34	0.048197	19.068
26.34	26.34	0.048214	19.169
26.34	26.34	0.048231	19.268
26.34	26.34	0.048247	19.369
26.34	26.34	0.048264	19.468
26.34	26.34	0.048281	19.569
26.34	26.34	0.048297	19.669
26.34	26.34	0.048314	19.768
26.34	26.34	0.048331	19.869
26.34	26.34	0.048347	19.968
26.34	26.35	0.048364	20.069
26.36	26.35	0.048381	20.168
26.36	26.35	0.048397	20.269
26.36	26.35	0.048414	20.368
26.36	26.35	0.048431	20.469
26.36	26.35	0.048447	20.569
26.36	26.35	0.048464	20.668
26.36	26.35	0.048481	20.769
26.36	26.35	0.048497	20.868
26.36	26.35	0.048514	20.969
26.36	26.35	0.048531	21.068
26.36	26.35	0.048547	21.169
26.36	26.35	0.048564	21.269
26.36	26.36	0.048581	21.368
26.36	26.36	0.048597	21.469
26.36	26.36	0.048614	21.568
26.36	26.36	0.048631	21.669
26.36	26.36	0.048647	21.768
26.36	26.36	0.048664	21.869
26.36	26.36	0.048681	21.968
26.36	26.36	0.048697	22.069
26.36	26.36	0.048714	22.169
26.36	26.36	0.048731	22.268
26.36	26.36	0.048747	22.369
26.36	26.36	0.048764	22.468
26.36	26.36	0.048780	22.569
26.36	26.37	0.048797	22.668
26.36	26.37	0.048814	22.769
26.36	26.37	0.048830	22.869
26.36	26.37	0.048847	22.968
26.36	26.37	0.048864	23.069
26.36	26.37	0.048880	23.168
26.36	26.37	0.048897	23.293
26.36	26.37	0.048914	23.392
26.36	26.37	0.048930	23.497
26.36	26.37	0.048947	23.591
26.36	26.37	0.048964	23.691
26.36	26.37	0.048980	23.796
26.36	26.37	0.048997	23.890
26.36	26.38	0.049014	23.990
26.36	26.38	0.049030	24.094
26.36	26.38	0.049047	24.189
26.36	26.38	0.049064	24.288
26.36	26.38	0.049080	24.393
26.36	26.38	0.049097	24.487
26.36	26.38	0.049114	24.587
26.36	26.38	0.049130	24.692
26.39	26.38	0.049147	24.786
26.39	26.38	0.049164	24.887
26.39	26.38	0.049180	24.990
26.39	26.38	0.049197	25.085
26.39	26.38	0.049214	25.186
26.39	26.39	0.049230	25.289
26.39	26.39	0.049247	25.384
26.39	26.39	0.049264	25.486
26.39	26.39	0.049280	25.588
26.39	26.39	0.049297	25.682
26.39	26.39	0.049314	25.787
26.39	26.39	0.049330	25.886
26.39	26.39	0.049347	25.981
26.39	26.39	0.049364	26.085
26.39	26.39	0.049380	26.185
26.39	26.39	0.049397	26.281
26.42	26.39	0.049414	26.385
26.42	26.39	0.049430	26.485
26.42	26.40	0.049447	26.579
26.42	26.40	0.049464	26.684
26.42	26.40	0.049480	26.783
26.42	26.40	0.049497	26.878
26.42	26.40	0.049514	26.983
26.42	26.40	0.049530	27.082
26.39	26.40	0.049547	27.176
26.39	26.40	0.049564	27.281
26.39	26.40	0.049580	27.375
26.39	26.40	0.049597	27.475
26.39	26.40	0.049613	27.579
26.39	26.40	0.049630	27.674
26.39	26.40	0.049647	27.774
26.39	26.41	0.049663	27.879
26.39	26.41	0.049680	27.973
26.39	26.41	0.049697	28.073
26.39	26.41	0.049713	28.178
26.39	26.41	0.049730	28.272
26.42	26.41	0.049747	28.372
26.42	26.41	0.049763	28.476
26.42	26.41	0.049780	28.571
26.42	26.41	0.049797	28.671
26.42	26.41	0.049813	28.775
26.42	26.41	0.049830	28.870
26.42	26.41	0.049847	28.969
26.42	26.41	0.049863	29.074
26.42	26.42	0.049880	29.168
26.42	26.42	0.049897	29.269
26.42	26.42	0.049913	29.373
26.42	26.42	0.049930	29.468
26.42	26.42	0.049947	29.569
26.42	26.42	0.049963	29.671
26.42	26.42	0.049980	29.769
26.42	26.42	0.049997	29.868
26.42	26.42	0.050013	29.970
26.42	26.42	0.050030	30.068
26.42	26.42	0.050047	30.169
26.42	26.42	0.050063	30.269
26.42	26.42	0.050080	30.368
26.42	26.43	0.050097	30.469
26.42	26.43	0.050113	30.568
26.42	26.43	0.050130	30.669
26.42	26.43	0.050147	30.768
26.42	26.43	0.050163	30.869
26.42	26.43	0.050180	30.969
26.42	26.43	0.050197	31.068
26.42	26.43	0.050213	31.169
26.42	26.43	0.050230	31.268
26.42	26.43	0.050247	31.369
26.42	26.43	0.050263	31.468
26.42	26.43	0.050280	31.569
26.42	26.43	0.050297	31.668
26.44	26.44	0.050313	31.769
26.44	26.44	0.050330	31.869
26.44	26.44	0.050347	31.968
26.44	26.44	0.050363	32.069
26.44	26.44	0.050380	32.168
26.44	26.44	0.050397	32.269
26.44	26.44	0.050413	32.368
26.44	26.44	0.050430	32.469
26.44	26.44	0.050446	32.568
26.44	26.44	0.050463	32.669
26.44	26.44	0.050480	32.769
26.44	26.44	0.050496	32.868
26.44	26.44	0.050513	32.969
26.44	26.45	0.050530	33.068
26.44	26.45	0.050546	33.169
26.44	26.45	0.050563	33.268
26.44	26.45	0.050580	33.369
26.44	26.45	0.050596	33.469
26.44	26.45	0.050613	33.568
26.44	26.45	0.050630	33.669
26.47	26.45	0.050646	33.768
26.47	26.45	0.050663	33.869
26.47	26.45	0.050680	33.968
26.47	26.45	0.050696	34.069
26.47	26.45	0.050713	34.169
26.47	26.45	0.050730	34.268
26.47	26.46	0.050746	34.369
26.47	26.46	0.050763	34.468
26.47	26.46	0.050780	34.569
26.47	26.46	0.050796	34.668
26.47	26.46	0.050813	34.769
26.47	26.46	0.050830	34.868
26.47	26.46	0.050846	34.969
26.47	26.46	0.050863	35.069
26.47	26.46	0.050880	35.168
26.47	26.46	0.050896	35.269
26.44	26.46	0.050913	35.368
26.44	26.46	0.050930	35.498
26.44	26.46	0.050946	35.592
26.44	26.47	0.050963	35.692
26.44	26.47	0.050980	35.796
26.44	26.47	0.050996	35.891
26.44	26.47	0.051013	35.991
26.44	26.47	0.051030	36.095
26.47	26.47	0.051046	36.190
26.47	26.47	0.051063	36.289
26.47	26.47	0.051080	36.394
26.47	26.47	0.051096	36.488
26.47	26.47	0.051113	36.588
26.47	26.47	0.051130	36.692
26.47	26.47	0.051146	36.787
26.47	26.47	0.051163	36.887
26.47	26.48	0.051180	36.991
26.49	26.48	0.051196	37.087
26.49	26.48	0.051213	37.186
26.49	26.48	0.051230	37.291
26.49	26.48	0.051246	37.385
26.49	26.48	0.051263	37.485
26.49	26.48	0.051279	37.590
26.49	26.48	0.051296	37.684
26.49	26.48	0.051313	37.785
26.49	26.48	0.051329	37.888
26.49	26.48	0.051346	37.983
26.49	26.48	0.051363	38.084
26.49	26.48	0.051379	38.186
26.49	26.49	0.051396	38.281
26.49	26.49	0.051413	38.384
26.49	26.49	0.051429	38.485
26.49	26.49	0.051446	38.580
26.49	26.49	0.051463	38.684
26.49	26.49	0.051479	38.784
26.49	26.49	0.051496	38.878
26.49	26.49	0.051513	38.984
26.49	26.49	0.051529	39.082
26.49	26.49	0.051546	39.177
26.49	26.49	0.051563	39.283
26.49	26.49	0.051579	39.382
26.49	26.49	0.051596	39.477
26.49	26.50	0.051613	39.581
26.49	26.50	0.051629	39.681
26.49	26.50	0.051646	39.775
26.49	26.50	0.051663	39.880
26.49	26.50	0.051679	39.980
26.49	26.50	0.051696	40.074
26.49	26.50	0.051713	40.179
26.49	26.50	0.051729	40.273
