100.00	0.00	7.23	30.00	150.00	2.70	97.30	2.60	

25.02	25.50	0.000000	45.488
25.02	25.50	0.000017	45.588
24.99	25.50	0.000033	45.687
24.99	25.50	0.000050	45.788
24.99	25.50	0.000067	45.888
25.07	25.50	0.000083	45.988
25.12	25.50	0.000100	46.088
25.25	25.50	0.000117	46.188
25.32	25.50	0.000133	46.288
25.53	25.50	0.000150	46.412
25.63	25.50	0.000167	46.512
25.68	25.50	0.000183	46.616
25.68	25.50	0.000200	46.711
25.68	25.50	0.000217	46.810
25.68	25.50	0.000233	46.915
25.68	25.50	0.000250	47.009
25.60	25.50	0.000267	47.109
25.55	25.50	0.000283	47.213
25.48	25.50	0.000300	47.308
25.45	25.50	0.000317	47.408
25.45	25.50	0.000333	47.512
25.43	25.50	0.000350	47.607
25.43	25.50	0.000367	47.707
25.43	25.50	0.000383	47.811
25.43	25.50	0.000400	47.906
25.43	25.50	0.000416	48.007
25.43	25.50	0.000433	48.110
25.43	25.50	0.000450	48.204
25.45	25.50	0.000466	48.307
25.45	25.50	0.000483	48.409
25.50	25.50	0.000500	48.503
25.53	25.50	0.000516	48.608
25.55	25.50	0.000533	48.707
25.55	25.50	0.000550	48.802
25.55	25.50	0.000566	48.906
25.58	25.50	0.000583	49.007
25.58	25.50	0.000600	49.101
25.58	25.50	0.000616	49.206
25.58	25.50	0.000633	49.305
25.58	25.50	0.000650	49.400
25.58	25.50	0.000666	49.504
25.58	25.50	0.000683	49.604
25.58	25.50	0.000700	49.698
25.58	25.50	0.000716	49.803
25.58	25.50	0.000733	49.903
25.58	25.50	0.000750	49.997
25.58	25.50	0.000766	50.102
25.58	25.50	0.000783	50.196
25.58	25.50	0.000800	50.296
25.58	25.50	0.000816	50.400
25.55	25.50	0.000833	50.495
25.55	25.50	0.000850	50.595
25.55	25.50	0.000866	50.699
25.55	25.50	0.000883	50.794
25.53	25.50	0.000900	50.893
25.53	25.50	0.000916	50.999
25.53	25.50	0.000933	51.093
25.53	25.50	0.000950	51.192
25.53	25.50	0.000966	51.297
25.53	25.50	0.000983	51.391
25.50	25.50	0.001000	51.492
25.50	25.50	0.001016	51.596
25.50	25.50	0.001033	51.691
25.50	25.50	0.001050	51.790
25.50	25.50	0.001066	51.895
25.50	25.50	0.001083	51.990
25.50	25.50	0.001100	52.090
25.50	25.50	0.001116	52.194
25.50	25.50	0.001133	52.290
25.50	25.50	0.001150	52.390
25.50	25.50	0.001166	52.492
25.50	25.50	0.001183	52.590
25.50	25.50	0.001200	52.689
25.50	25.50	0.001216	52.791
25.53	25.50	0.001233	52.891
25.53	25.50	0.001250	52.991
25.53	25.50	0.001266	53.091
25.53	25.50	0.001283	53.191
25.53	25.50	0.001299	53.291
25.53	25.50	0.001316	53.391
25.53	25.50	0.001333	53.491
25.53	25.50	0.001349	53.590
25.53	25.50	0.001366	53.691
25.53	25.50	0.001383	53.791
25.53	25.50	0.001399	53.891
25.53	25.50	0.001416	53.991
25.53	25.50	0.001433	54.091
25.53	25.50	0.001449	54.191
25.50	25.50	0.001466	54.290
25.50	25.50	0.001483	54.391
25.50	25.50	0.001499	54.490
25.50	25.50	0.001516	54.591
25.50	25.50	0.001533	54.691
25.50	25.50	0.001549	54.791
25.50	25.50	0.001566	54.891
25.50	25.50	0.001583	54.991
25.50	25.50	0.001599	55.091
25.50	25.50	0.001616	55.190
25.50	25.50	0.001633	55.291
25.50	25.50	0.001649	55.391
25.50	25.50	0.001666	55.491
25.50	25.50	0.001683	55.591
25.50	25.50	0.001699	55.691
25.50	25.50	0.001716	55.791
25.50	25.50	0.001733	55.891
25.50	25.50	0.001749	55.991
25.50	25.50	0.001766	56.090
25.50	25.50	0.001783	56.191
25.50	25.50	0.001799	56.291
25.50	25.50	0.001816	56.391
25.50	25.50	0.001833	56.491
25.50	25.50	0.001849	56.591
25.50	25.50	0.001866	56.691
25.50	25.50	0.001883	56.790
25.50	25.50	0.001899	56.891
25.50	25.50	0.001916	56.991
25.50	25.50	0.001933	57.091
25.50	25.50	0.001949	57.191
25.50	25.50	0.001966	57.291
25.50	25.50	0.001983	57.392
25.50	25.50	0.001999	57.492
25.50	25.50	0.002016	57.592
25.50	25.50	0.002033	57.691
25.50	25.50	0.002049	57.816
25.50	25.50	0.002066	57.891
25.50	25.50	0.002082	58.020
25.50	25.50	0.002099	58.115
25.50	25.50	0.002116	58.214
25.50	25.50	0.002132	58.319
25.50	25.50	0.002149	58.413
25.50	25.50	0.002166	58.513
25.50	25.50	0.002182	58.617
25.50	25.50	0.002199	58.712
25.50	25.50	0.002216	58.811
25.50	25.50	0.002232	58.916
25.50	25.50	0.002249	59.011
25.50	25.50	0.002266	59.110
25.50	25.50	0.002282	59.215
25.50	25.50	0.002299	59.310
25.50	25.50	0.002316	59.410
25.50	25.50	0.002332	59.514
25.50	25.50	0.002349	59.609
25.50	25.50	0.002366	59.709
25.50	25.50	0.002382	59.813
25.50	25.50	0.002399	59.908
25.50	25.50	0.002416	00.007
25.50	25.50	0.002432	00.112
25.50	25.50	0.002449	00.206
25.50	25.50	0.002466	00.306
25.50	25.50	0.002482	00.410
25.50	25.50	0.002499	00.505
25.50	25.50	0.002516	00.606
25.50	25.50	0.002532	00.709
25.50	25.50	0.002549	00.804
25.50	25.50	0.002566	00.906
25.50	25.50	0.002582	01.008
25.50	25.50	0.002599	01.102
25.50	25.50	0.002616	01.206
25.50	25.50	0.002632	01.307
25.50	25.50	0.002649	01.401
25.50	25.50	0.002666	01.506
25.50	25.50	0.002682	01.605
25.50	25.50	0.002699	01.700
25.50	25.50	0.002716	01.805
25.50	25.50	0.002732	01.904
25.50	25.50	0.002749	01.999
25.50	25.50	0.002766	02.103
25.50	25.50	0.002782	02.203
25.50	25.50	0.002799	02.297
25.50	25.50	0.002816	02.402
25.50	25.50	0.002832	02.501
25.50	25.50	0.002849	02.596
25.50	25.50	0.002866	02.701
25.50	25.50	0.002882	02.795
25.50	25.50	0.002899	02.896
25.50	25.50	0.002915	03.000
25.50	25.50	0.002932	03.095
25.50	25.50	0.002949	03.194
25.50	25.50	0.002965	03.299
25.53	25.50	0.002982	03.394
25.53	25.50	0.002999	03.493
25.53	25.50	0.003015	03.598
25.53	25.50	0.003032	03.692
25.53	25.50	0.003049	03.792
25.53	25.50	0.003065	03.896
25.50	25.50	0.003082	03.992
25.50	25.50	0.003099	04.091
25.50	25.50	0.003115	04.195
25.50	25.50	0.003132	04.292
25.50	25.50	0.003149	04.392
25.50	25.50	0.003165	04.493
25.50	25.50	0.003182	04.592
25.50	25.50	0.003199	04.692
25.50	25.50	0.003215	04.792
25.50	25.50	0.003232	04.892
25.50	25.50	0.003249	04.992
25.48	25.50	0.003265	05.092
25.48	25.50	0.003282	05.191
25.48	25.50	0.003299	05.292
25.48	25.50	0.003315	05.392
25.48	25.50	0.003332	05.492
25.48	25.50	0.003349	05.592
25.48	25.50	0.003365	05.692
25.48	25.50	0.003382	05.792
25.48	25.50	0.003399	05.891
25.50	25.50	0.003415	05.992
25.50	25.50	0.003432	06.091
25.50	25.50	0.003449	06.192
25.50	25.50	0.003465	06.292
25.50	25.50	0.003482	06.392
25.50	25.50	0.003499	06.492
25.50	25.50	0.003515	06.592
25.50	25.50	0.003532	06.692
25.50	25.50	0.003549	06.791
25.50	25.50	0.003565	06.892
25.50	25.50	0.003582	06.992
25.50	25.50	0.003599	07.092
25.50	25.50	0.003615	07.192
25.50	25.50	0.003632	07.292
25.50	25.50	0.003649	07.392
25.50	25.50	0.003665	07.492
25.50	25.50	0.003682	07.592
25.50	25.50	0.003699	07.691
25.50	25.50	0.003715	07.792
25.50	25.50	0.003732	07.892
25.50	25.50	0.003748	07.992
25.50	25.50	0.003765	08.092
25.50	25.50	0.003782	08.192
25.50	25.50	0.003798	08.292
25.50	25.50	0.003815	08.392
25.50	25.50	0.003832	08.492
25.50	25.50	0.003848	08.591
25.50	25.50	0.003865	08.692
25.50	25.50	0.003882	08.792
25.50	25.50	0.003898	08.892
25.50	25.50	0.003915	08.992
25.50	25.50	0.003932	09.092
25.50	25.50	0.003948	09.192
25.50	25.50	0.003965	09.291
25.50	25.50	0.003982	09.392
25.50	25.50	0.003998	09.491
25.50	25.50	0.004015	09.592
25.50	25.50	0.004032	09.692
25.50	25.50	0.004048	09.792
25.50	25.50	0.004065	09.892
25.50	25.50	0.004082	09.992
25.50	25.50	0.004098	10.092
25.50	25.50	0.004115	10.191
25.50	25.50	0.004132	10.321
25.50	25.50	0.004148	10.420
25.50	25.50	0.004165	10.515
25.50	25.50	0.004182	10.620
25.50	25.50	0.004198	10.714
25.50	25.50	0.004215	10.814
25.50	25.50	0.004232	10.918
25.50	25.50	0.004248	11.013
25.50	25.50	0.004265	11.112
25.50	25.50	0.004282	11.217
25.50	25.50	0.004298	11.311
25.50	25.50	0.004315	11.411
25.50	25.50	0.004332	11.516
25.50	25.50	0.004348	11.610
25.50	25.50	0.004365	11.710
25.50	25.50	0.004382	11.814
25.50	25.50	0.004398	11.909
25.50	25.50	0.004415	12.008
25.50	25.50	0.004432	12.113
25.50	25.50	0.004448	12.208
25.50	25.50	0.004465	12.307
25.50	25.50	0.004482	12.412
25.50	25.50	0.004498	12.506
25.50	25.50	0.004515	12.606
25.50	25.50	0.004532	12.710
25.50	25.50	0.004548	12.805
25.50	25.50	0.004565	12.906
25.50	25.50	0.004581	13.010
25.50	25.50	0.004598	13.105
25.50	25.50	0.004615	13.204
25.50	25.50	0.004631	13.309
25.50	25.50	0.004648	13.403
25.50	25.50	0.004665	13.504
25.50	25.50	0.004681	13.607
25.50	25.50	0.004698	13.701
25.50	25.50	0.004715	13.804
25.50	25.50	0.004731	13.907
25.50	25.50	0.004748	14.001
25.50	25.50	0.004765	14.104
25.50	25.50	0.004781	14.205
25.50	25.50	0.004798	14.300
25.50	25.50	0.004815	14.404
25.50	25.50	0.004831	14.504
25.50	25.50	0.004848	14.598
25.50	25.50	0.004865	14.703
25.50	25.50	0.004881	14.803
25.50	25.50	0.004898	14.897
25.50	25.50	0.004915	15.002
25.50	25.50	0.004931	15.101
25.50	25.50	0.004948	15.196
25.50	25.50	0.004965	15.300
25.50	25.50	0.004981	15.400
25.50	25.50	0.004998	15.495
25.50	25.50	0.005015	15.599
25.50	25.50	0.005031	15.694
25.50	25.50	0.005048	15.793
25.50	25.50	0.005065	15.898
25.50	25.50	0.005081	15.992
25.50	25.50	0.005098	16.092
25.50	25.50	0.005115	16.196
25.50	25.50	0.005131	16.292
25.50	25.50	0.005148	16.392
25.50	25.50	0.005165	16.495
25.50	25.50	0.005181	16.592
25.50	25.50	0.005198	16.692
25.50	25.50	0.005215	16.794
25.50	25.50	0.005231	16.891
25.50	25.50	0.005248	16.992
25.50	25.50	0.005265	17.094
25.50	25.50	0.005281	17.192
25.50	25.50	0.005298	17.292
25.50	25.50	0.005315	17.392
25.50	25.50	0.005331	17.492
25.50	25.50	0.005348	17.592
25.50	25.50	0.005365	17.692
25.53	25.50	0.005381	17.791
25.53	25.50	0.005398	17.892
25.53	25.50	0.005414	17.992
25.53	25.50	0.005431	18.092
25.50	25.50	0.005448	18.192
25.50	25.50	0.005464	18.292
25.50	25.50	0.005481	18.392
25.50	25.50	0.005498	18.491
25.50	25.50	0.005514	18.592
25.50	25.50	0.005531	18.692
25.50	25.50	0.005548	18.792
25.50	25.50	0.005564	18.892
25.50	25.50	0.005581	18.992
25.50	25.50	0.005598	19.092
25.50	25.50	0.005614	19.192
25.50	25.50	0.005631	19.292
25.50	25.50	0.005648	19.392
25.50	25.50	0.005664	19.492
25.50	25.50	0.005681	19.592
25.50	25.50	0.005698	19.692
25.50	25.50	0.005714	19.792
25.48	25.50	0.005731	19.891
25.48	25.50	0.005748	19.992
25.48	25.50	0.005764	20.092
25.48	25.50	0.005781	20.192
25.48	25.50	0.005798	20.292
25.48	25.50	0.005814	20.392
25.48	25.50	0.005831	20.492
25.48	25.50	0.005848	20.591
25.50	25.50	0.005864	20.692
25.50	25.50	0.005881	20.791
25.50	25.50	0.005898	20.892
25.50	25.50	0.005914	20.992
25.50	25.50	0.005931	21.092
25.50	25.50	0.005948	21.192
25.50	25.50	0.005964	21.292
25.50	25.50	0.005981	21.392
25.50	25.50	0.005998	21.491
25.50	25.50	0.006014	21.592
25.50	25.50	0.006031	21.692
25.50	25.50	0.006048	21.792
25.50	25.50	0.006064	21.893
25.50	25.50	0.006081	21.993
25.50	25.50	0.006098	22.093
25.50	25.50	0.006114	22.192
25.50	25.50	0.006131	22.293
25.50	25.50	0.006148	22.393
25.50	25.50	0.006164	22.516
25.50	25.50	0.006181	22.621
25.50	25.50	0.006198	22.721
25.50	25.50	0.006214	22.816
25.50	25.50	0.006231	22.920
25.50	25.50	0.006247	23.020
25.50	25.50	0.006264	23.114
25.50	25.50	0.006281	23.218
25.50	25.50	0.006297	23.318
25.50	25.50	0.006314	23.413
25.50	25.50	0.006331	23.517
25.50	25.50	0.006347	23.612
25.50	25.50	0.006364	23.711
25.50	25.50	0.006381	23.816
25.50	25.50	0.006397	23.910
25.50	25.50	0.006414	24.010
25.50	25.50	0.006431	24.115
25.50	25.50	0.006447	24.210
25.50	25.50	0.006464	24.310
25.50	25.50	0.006481	24.414
25.50	25.50	0.006497	24.509
25.50	25.50	0.006514	24.608
25.50	25.50	0.006531	24.713
25.50	25.50	0.006547	24.807
25.50	25.50	0.006564	24.907
25.50	25.50	0.006581	25.012
25.50	25.50	0.006597	25.106
25.50	25.50	0.006614	25.206
25.50	25.50	0.006631	25.310
25.50	25.50	0.006647	25.405
25.50	25.50	0.006664	25.504
25.50	25.50	0.006681	25.609
25.50	25.50	0.006697	25.704
25.50	25.50	0.006714	25.803
25.50	25.50	0.006731	25.908
25.50	25.50	0.006747	26.002
25.50	25.50	0.006764	26.103
25.50	25.50	0.006781	26.206
25.50	25.50	0.006797	26.301
25.50	25.50	0.006814	26.402
25.50	25.50	0.006831	26.505
25.50	25.50	0.006847	26.600
25.50	25.50	0.006864	26.702
25.50	25.50	0.006881	26.804
25.50	25.50	0.006897	26.898
25.50	25.50	0.006914	27.003
25.50	25.50	0.006931	27.103
25.50	25.50	0.006947	27.198
25.50	25.50	0.006964	27.302
25.50	25.50	0.006981	27.402
25.50	25.50	0.006997	27.497
25.50	25.50	0.007014	27.601
25.50	25.50	0.007031	27.701
25.50	25.50	0.007047	27.795
25.53	25.50	0.007064	27.900
25.53	25.50	0.007080	27.999
25.53	25.50	0.007097	28.095
25.53	25.50	0.007114	28.199
25.50	25.50	0.007130	28.298
25.50	25.50	0.007147	28.395
25.50	25.50	0.007164	28.497
25.50	25.50	0.007180	28.598
25.50	25.50	0.007197	28.695
25.50	25.50	0.007214	28.796
25.50	25.50	0.007230	28.897
25.50	25.50	0.007247	28.995
25.50	25.50	0.007264	29.095
25.50	25.50	0.007280	29.198
25.50	25.50	0.007297	29.295
25.50	25.50	0.007314	29.395
25.50	25.50	0.007330	29.498
25.50	25.50	0.007347	29.594
25.50	25.50	0.007364	29.695
25.50	25.50	0.007380	29.797
25.50	25.50	0.007397	29.895
25.50	25.50	0.007414	29.995
25.50	25.50	0.007430	30.097
25.50	25.50	0.007447	30.195
25.50	25.50	0.007464	30.295
25.50	25.50	0.007480	30.398
25.50	25.50	0.007497	30.494
25.50	25.50	0.007514	30.595
25.50	25.50	0.007530	30.698
25.50	25.50	0.007547	30.795
25.50	25.50	0.007564	30.895
25.50	25.50	0.007580	30.997
25.50	25.50	0.007597	31.095
25.50	25.50	0.007614	31.195
25.50	25.50	0.007630	31.297
25.50	25.50	0.007647	31.395
25.50	25.50	0.007664	31.494
25.50	25.50	0.007680	31.597
25.50	25.50	0.007697	31.697
25.50	25.50	0.007714	31.797
25.50	25.50	0.007730	31.898
25.50	25.50	0.007747	31.997
25.50	25.50	0.007764	32.097
25.50	25.50	0.007780	32.197
25.50	25.50	0.007797	32.297
25.50	25.50	0.007814	32.397
25.50	25.50	0.007830	32.497
25.50	25.50	0.007847	32.597
25.50	25.50	0.007864	32.697
25.50	25.50	0.007880	32.797
25.50	25.50	0.007897	32.897
25.50	25.50	0.007913	32.997
25.50	25.50	0.007930	33.097
25.50	25.50	0.007947	33.197
25.50	25.50	0.007963	33.297
25.48	25.50	0.007980	33.397
25.48	25.50	0.007997	33.497
25.48	25.50	0.008013	33.597
25.48	25.50	0.008030	33.697
25.48	25.50	0.008047	33.795
25.48	25.50	0.008063	33.921
25.48	25.50	0.008080	33.996
25.50	25.50	0.008097	34.125
25.50	25.50	0.008113	34.220
25.50	25.50	0.008130	34.297
25.50	25.50	0.008147	34.424
25.50	25.50	0.008163	34.518
25.50	25.50	0.008180	34.597
25.50	25.50	0.008197	34.722
25.50	25.50	0.008213	34.817
25.50	25.50	0.008230	34.897
25.50	25.50	0.008247	35.021
25.50	25.50	0.008263	35.116
25.50	25.50	0.008280	35.220
25.50	25.50	0.008297	35.320
25.50	25.50	0.008313	35.414
25.50	25.50	0.008330	35.519
25.50	25.50	0.008347	35.618
25.50	25.50	0.008363	35.713
25.50	25.50	0.008380	35.818
25.50	25.50	0.008397	35.917
25.50	25.50	0.008413	36.012
25.50	25.50	0.008430	36.116
25.50	25.50	0.008447	36.211
25.50	25.50	0.008463	36.311
25.50	25.50	0.008480	36.416
25.50	25.50	0.008497	36.511
25.50	25.50	0.008513	36.610
25.50	25.50	0.008530	36.715
25.50	25.50	0.008547	36.809
25.50	25.50	0.008563	36.909
25.50	25.50	0.008580	37.013
25.50	25.50	0.008597	37.108
25.53	25.50	0.008613	37.207
25.53	25.50	0.008630	37.312
25.53	25.50	0.008647	37.407
25.53	25.50	0.008663	37.506
25.53	25.50	0.008680	37.611
25.53	25.50	0.008697	37.705
25.50	25.50	0.008713	37.805
25.50	25.50	0.008730	37.909
25.50	25.50	0.008746	38.004
25.50	25.50	0.008763	38.104
25.50	25.50	0.008780	38.208
25.50	25.50	0.008796	38.303
25.50	25.50	0.008813	38.402
25.50	25.50	0.008830	38.507
25.50	25.50	0.008846	38.601
25.50	25.50	0.008863	38.701
25.50	25.50	0.008880	38.805
25.50	25.50	0.008896	38.900
25.50	25.50	0.008913	39.001
25.50	25.50	0.008930	39.104
25.48	25.50	0.008946	39.200
25.48	25.50	0.008963	39.300
25.48	25.50	0.008980	39.404
25.48	25.50	0.008996	39.500
25.48	25.50	0.009013	39.601
25.48	25.50	0.009030	39.703
25.50	25.50	0.009046	39.800
25.50	25.50	0.009063	39.901
25.50	25.50	0.009080	40.001
25.50	25.50	0.009096	40.100
25.50	25.50	0.009113	40.200
25.50	25.50	0.009130	40.300
25.50	25.50	0.009146	40.400
25.50	25.50	0.009163	40.500
25.50	25.50	0.009180	40.600
25.50	25.50	0.009196	40.700
25.50	25.50	0.009213	40.800
25.50	25.50	0.009230	40.899
25.50	25.50	0.009246	41.000
25.50	25.50	0.009263	41.100
25.50	25.50	0.009280	41.200
25.50	25.50	0.009296	41.300
25.50	25.50	0.009313	41.400
25.50	25.50	0.009330	41.500
25.50	25.50	0.009346	41.600
25.50	25.50	0.009363	41.700
25.50	25.50	0.009380	41.799
25.50	25.50	0.009396	41.900
25.50	25.50	0.009413	42.000
25.50	25.50	0.009430	42.100
25.50	25.50	0.009446	42.200
25.50	25.50	0.009463	42.300
25.50	25.50	0.009480	42.400
25.50	25.50	0.009496	42.499
25.50	25.50	0.009513	42.600
25.50	25.50	0.009530	42.699
25.50	25.50	0.009546	42.800
25.50	25.50	0.009563	42.900
25.50	25.50	0.009579	43.000
25.50	25.50	0.009596	43.100
25.50	25.50	0.009613	43.199
25.50	25.50	0.009629	43.300
25.50	25.50	0.009646	43.400
25.50	25.50	0.009663	43.500
25.50	25.50	0.009679	43.600
25.50	25.50	0.009696	43.700
25.50	25.50	0.009713	43.800
25.50	25.50	0.009729	43.899
25.50	25.50	0.009746	44.000
25.50	25.50	0.009763	44.099
25.50	25.50	0.009779	44.200
25.50	25.50	0.009796	44.300
25.50	25.50	0.009813	44.400
25.50	25.50	0.009829	44.500
25.50	25.50	0.009846	44.600
25.50	25.50	0.009863	44.700
25.50	25.50	0.009879	44.799
25.50	25.50	0.009896	44.900
25.50	25.50	0.009913	45.000
25.50	25.50	0.009929	45.100
25.50	25.50	0.009946	45.200
25.50	25.50	0.009963	45.325
25.50	25.50	0.009979	45.424
25.50	25.50	0.009996	45.529
25.50	25.50	0.010013	45.623
25.50	25.50	0.010029	45.723
25.50	25.50	0.010046	45.827
25.50	25.50	0.010063	45.922
25.50	25.50	0.010079	46.022
25.50	25.50	0.010096	46.126
25.50	25.50	0.010113	46.221
25.50	25.50	0.010129	46.320
25.50	25.50	0.010146	46.426
25.50	25.50	0.010163	46.519
25.50	25.50	0.010179	46.620
25.50	25.50	0.010196	46.724
25.50	25.50	0.010213	46.819
25.50	25.50	0.010229	46.919
25.50	25.50	0.010246	47.023
25.50	25.50	0.010263	47.118
25.50	25.50	0.010279	47.220
25.50	25.50	0.010296	47.322
25.50	25.50	0.010313	47.416
25.50	25.50	0.010329	47.520
25.50	25.50	0.010346	47.620
25.50	25.50	0.010363	47.715
25.50	25.50	0.010379	47.820
25.50	25.50	0.010396	47.919
25.50	25.50	0.010412	48.014
25.50	25.50	0.010429	48.118
25.50	25.50	0.010446	48.218
25.50	25.50	0.010462	48.312
25.50	25.50	0.010479	48.417
25.50	25.50	0.010496	48.516
25.50	25.50	0.010512	48.611
25.50	25.50	0.010529	48.716
25.50	25.50	0.010546	48.815
25.50	25.50	0.010562	48.910
25.50	25.50	0.010579	49.014
25.50	25.50	0.010596	49.110
25.50	25.50	0.010612	49.209
25.50	25.50	0.010629	49.314
25.50	25.50	0.010646	49.409
25.50	25.50	0.010662	49.508
25.50	25.50	0.010679	49.613
25.50	25.50	0.010696	49.707
25.50	25.50	0.010712	49.807
25.50	25.50	0.010729	49.911
25.50	25.50	0.010746	50.006
25.50	25.50	0.010762	50.106
25.50	25.50	0.010779	50.210
25.50	25.50	0.010796	50.305
25.50	25.50	0.010812	50.404
25.50	25.50	0.010829	50.509
25.50	25.50	0.010846	50.603
25.50	25.50	0.010862	50.703
25.50	25.50	0.010879	50.807
25.50	25.50	0.010896	50.903
25.50	25.50	0.010912	51.003
25.50	25.50	0.010929	51.106
25.50	25.50	0.010946	51.203
25.50	25.50	0.010962	51.303
25.50	25.50	0.010979	51.405
25.50	25.50	0.010996	51.502
25.50	25.50	0.011012	51.603
25.50	25.50	0.011029	51.704
25.50	25.50	0.011046	51.803
25.50	25.50	0.011062	51.903
25.50	25.50	0.011079	52.003
25.50	25.50	0.011096	52.103
25.50	25.50	0.011112	52.203
25.50	25.50	0.011129	52.303
25.50	25.50	0.011146	52.402
25.50	25.50	0.011162	52.503
25.50	25.50	0.011179	52.603
25.50	25.50	0.011196	52.703
25.50	25.50	0.011212	52.803
25.50	25.50	0.011229	52.903
25.50	25.50	0.011245	53.003
25.50	25.50	0.011262	53.102
25.50	25.50	0.011279	53.203
25.50	25.50	0.011295	53.302
25.50	25.50	0.011312	53.403
25.50	25.50	0.011329	53.503
25.50	25.50	0.011345	53.603
25.50	25.50	0.011362	53.703
25.50	25.50	0.011379	53.803
25.50	25.50	0.011395	53.903
25.50	25.50	0.011412	54.002
25.50	25.50	0.011429	54.103
25.50	25.50	0.011445	54.203
25.50	25.50	0.011462	54.303
25.50	25.50	0.011479	54.403
25.50	25.50	0.011495	54.503
25.50	25.50	0.011512	54.603
25.50	25.50	0.011529	54.702
25.50	25.50	0.011545	54.803
25.50	25.50	0.011562	54.904
25.50	25.50	0.011579	55.004
25.50	25.50	0.011595	55.104
25.50	25.50	0.011612	55.204
25.50	25.50	0.011629	55.304
25.50	25.50	0.011645	55.404
25.50	25.50	0.011662	55.504
25.50	25.50	0.011679	55.603
25.50	25.50	0.011695	55.704
25.50	25.50	0.011712	55.804
25.50	25.50	0.011729	55.904
25.50	25.50	0.011745	56.004
25.50	25.50	0.011762	56.104
25.50	25.50	0.011779	56.204
25.50	25.50	0.011795	56.304
25.50	25.50	0.011812	56.404
25.50	25.50	0.011829	56.503
25.50	25.50	0.011845	56.604
25.50	25.50	0.011862	56.704
25.50	25.50	0.011879	56.804
25.50	25.50	0.011895	56.904
25.50	25.50	0.011912	57.028
25.50	25.50	0.011929	57.128
25.50	25.50	0.011945	57.232
25.50	25.50	0.011962	57.327
25.50	25.50	0.011979	57.426
25.50	25.50	0.011995	57.531
25.50	25.50	0.012012	57.625
25.50	25.50	0.012029	57.725
25.50	25.50	0.012045	57.830
25.50	25.50	0.012062	57.924
25.50	25.50	0.012078	58.024
25.50	25.50	0.012095	58.128
25.50	25.50	0.012112	58.223
25.50	25.50	0.012128	58.322
25.50	25.50	0.012145	58.427
25.50	25.50	0.012162	58.521
25.50	25.50	0.012178	58.621
25.50	25.50	0.012195	58.726
25.50	25.50	0.012212	58.820
25.50	25.50	0.012228	58.920
25.50	25.50	0.012245	59.024
25.50	25.50	0.012262	59.119
25.50	25.50	0.012278	59.218
25.50	25.50	0.012295	59.323
25.50	25.50	0.012312	59.418
25.50	25.50	0.012328	59.518
25.50	25.50	0.012345	59.622
25.50	25.50	0.012362	59.717
25.50	25.50	0.012378	59.818
25.50	25.50	0.012395	59.921
25.50	25.50	0.012412	00.015
25.50	25.50	0.012428	00.118
25.50	25.50	0.012445	00.220
25.50	25.50	0.012462	00.314
25.50	25.50	0.012478	00.418
25.50	25.50	0.012495	00.518
25.50	25.50	0.012512	00.613
25.50	25.50	0.012528	00.718
25.50	25.50	0.012545	00.817
25.50	25.50	0.012562	00.912
25.50	25.50	0.012578	01.016
25.50	25.50	0.012595	01.116
25.50	25.50	0.012612	01.210
25.50	25.50	0.012628	01.315
25.50	25.50	0.012645	01.415
25.50	25.50	0.012662	01.509
25.50	25.50	0.012678	01.614
25.50	25.50	0.012695	01.713
25.50	25.50	0.012712	01.808
25.50	25.50	0.012728	01.913
25.50	25.50	0.012745	02.008
25.50	25.50	0.012762	02.108
25.50	25.50	0.012778	02.212
25.50	25.50	0.012795	02.307
25.50	25.50	0.012812	02.406
25.50	25.50	0.012828	02.511
25.50	25.50	0.012845	02.605
25.50	25.50	0.012862	02.705
25.50	25.50	0.012878	02.810
25.50	25.50	0.012895	02.905
25.50	25.50	0.012911	03.005
25.50	25.50	0.012928	03.108
25.50	25.50	0.012945	03.205
25.50	25.50	0.012961	03.304
25.50	25.50	0.012978	03.407
25.50	25.50	0.012995	03.504
25.50	25.50	0.013011	03.605
25.50	25.50	0.013028	03.706
25.50	25.50	0.013045	03.805
25.50	25.50	0.013061	03.905
25.50	25.50	0.013078	04.005
25.50	25.50	0.013095	04.105
25.50	25.50	0.013111	04.204
25.50	25.50	0.013128	04.305
25.50	25.50	0.013145	04.405
25.50	25.50	0.013161	04.505
25.50	25.50	0.013178	04.605
25.50	25.50	0.013195	04.705
25.50	25.50	0.013211	04.805
25.50	25.50	0.013228	04.905
25.50	25.50	0.013245	05.005
25.50	25.50	0.013261	05.104
25.50	25.50	0.013278	05.205
25.50	25.50	0.013295	05.305
25.50	25.50	0.013311	05.405
25.50	25.50	0.013328	05.505
25.50	25.50	0.013345	05.605
25.48	25.50	0.013361	05.705
25.48	25.50	0.013378	05.804
25.48	25.50	0.013395	05.905
25.48	25.50	0.013411	06.004
25.48	25.50	0.013428	06.105
25.50	25.50	0.013445	06.205
25.50	25.50	0.013461	06.305
25.50	25.50	0.013478	06.405
25.50	25.50	0.013495	06.505
25.50	25.50	0.013511	06.605
25.50	25.50	0.013528	06.704
25.50	25.50	0.013545	06.805
25.50	25.50	0.013561	06.905
25.50	25.50	0.013578	07.005
25.50	25.50	0.013595	07.105
25.50	25.50	0.013611	07.205
25.50	25.50	0.013628	07.305
25.50	25.50	0.013645	07.405
25.50	25.50	0.013661	07.505
25.50	25.50	0.013678	07.604
25.50	25.50	0.013695	07.705
25.50	25.50	0.013711	07.805
25.50	25.50	0.013728	07.905
25.50	25.50	0.013744	08.005
25.50	25.50	0.013761	08.105
25.50	25.50	0.013778	08.205
25.50	25.50	0.013794	08.304
25.50	25.50	0.013811	08.405
25.50	25.50	0.013828	08.504
25.50	25.50	0.013844	08.605
25.50	25.50	0.013861	08.705
25.50	25.50	0.013878	08.805
25.50	25.50	0.013894	08.905
25.50	25.50	0.013911	09.034
25.50	25.50	0.013928	09.129
25.50	25.50	0.013944	09.233
25.50	25.50	0.013961	09.333
25.50	25.50	0.013978	09.427
25.50	25.50	0.013994	09.532
25.50	25.50	0.014011	09.627
25.50	25.50	0.014028	09.727
25.50	25.50	0.014044	09.832
25.50	25.50	0.014061	09.926
25.50	25.50	0.014078	10.026
25.50	25.50	0.014094	10.130
25.50	25.50	0.014111	10.225
25.50	25.50	0.014128	10.324
25.50	25.50	0.014144	10.429
25.50	25.50	0.014161	10.524
25.50	25.50	0.014178	10.623
25.50	25.50	0.014194	10.728
25.50	25.50	0.014211	10.822
25.50	25.50	0.014228	10.922
25.50	25.50	0.014244	11.026
25.50	25.50	0.014261	11.121
25.50	25.50	0.014278	11.221
25.50	25.50	0.014294	11.326
25.50	25.50	0.014311	11.419
25.53	25.50	0.014328	11.520
25.53	25.50	0.014344	11.625
25.53	25.50	0.014361	11.718
25.53	25.50	0.014378	11.819
25.53	25.50	0.014394	11.923
25.53	25.50	0.014411	12.018
25.50	25.50	0.014428	12.117
25.50	25.50	0.014444	12.222
25.50	25.50	0.014461	12.317
25.50	25.50	0.014478	12.417
25.50	25.50	0.014494	12.521
25.50	25.50	0.014511	12.615
25.50	25.50	0.014528	12.717
25.50	25.50	0.014544	12.819
25.50	25.50	0.014561	12.914
25.50	25.50	0.014577	13.016
25.50	25.50	0.014594	13.118
25.50	25.50	0.014611	13.213
25.50	25.50	0.014627	13.317
25.50	25.50	0.014644	13.417
25.50	25.50	0.014661	13.512
25.50	25.50	0.014677	13.616
25.50	25.50	0.014694	13.716
25.48	25.50	0.014711	13.810
25.48	25.50	0.014727	13.915
25.48	25.50	0.014744	14.014
25.48	25.50	0.014761	14.109
25.48	25.50	0.014777	14.213
25.50	25.50	0.014794	14.313
25.50	25.50	0.014811	14.408
25.50	25.50	0.014827	14.512
25.50	25.50	0.014844	14.607
25.50	25.50	0.014861	14.706
25.50	25.50	0.014877	14.811
25.50	25.50	0.014894	14.905
25.50	25.50	0.014911	15.005
25.50	25.50	0.014927	15.110
25.50	25.50	0.014944	15.205
25.50	25.50	0.014961	15.305
25.50	25.50	0.014977	15.408
25.50	25.50	0.014994	15.505
25.50	25.50	0.015011	15.605
25.50	25.50	0.015027	15.707
25.50	25.50	0.015044	15.805
25.50	25.50	0.015061	15.904
25.50	25.50	0.015077	16.006
25.50	25.50	0.015094	16.105
25.50	25.50	0.015111	16.205
25.50	25.50	0.015127	16.305
25.50	25.50	0.015144	16.405
25.50	25.50	0.015161	16.505
25.50	25.50	0.015177	16.604
25.50	25.50	0.015194	16.705
25.50	25.50	0.015211	16.805
25.50	25.50	0.015227	16.905
25.50	25.50	0.015244	17.005
25.50	25.50	0.015261	17.105
25.50	25.50	0.015277	17.205
25.50	25.50	0.015294	17.305
25.50	25.50	0.015311	17.405
25.50	25.50	0.015327	17.504
25.50	25.50	0.015344	17.605
25.50	25.50	0.015361	17.705
25.50	25.50	0.015377	17.805
25.50	25.50	0.015394	17.905
25.50	25.50	0.015410	18.005
25.50	25.50	0.015427	18.105
25.50	25.50	0.015444	18.204
25.50	25.50	0.015460	18.305
25.50	25.50	0.015477	18.404
25.50	25.50	0.015494	18.505
25.50	25.50	0.015510	18.605
25.50	25.50	0.015527	18.705
25.50	25.50	0.015544	18.805
25.50	25.50	0.015560	18.905
25.50	25.50	0.015577	19.005
25.50	25.50	0.015594	19.104
25.50	25.50	0.015610	19.205
25.50	25.50	0.015627	19.305
25.50	25.50	0.015644	19.405
25.50	25.50	0.015660	19.505
25.50	25.50	0.015677	19.605
25.50	25.50	0.015694	19.705
25.50	25.50	0.015710	19.805
25.50	25.50	0.015727	19.905
25.50	25.50	0.015744	20.004
25.50	25.50	0.015760	20.105
25.50	25.50	0.015777	20.205
25.50	25.50	0.015794	20.305
25.50	25.50	0.015810	20.405
25.50	25.50	0.015827	20.505
25.50	25.50	0.015844	20.605
25.50	25.50	0.015860	20.704
25.50	25.50	0.015877	20.805
25.50	25.50	0.015894	20.904
25.50	25.50	0.015910	21.005
25.50	25.50	0.015927	21.105
25.50	25.50	0.015944	21.205
25.50	25.50	0.015960	21.305
25.50	25.50	0.015977	21.405
25.50	25.50	0.015994	21.505
25.50	25.50	0.016010	21.604
25.50	25.50	0.016027	21.729
25.50	25.50	0.016044	21.833
25.50	25.50	0.016060	21.933
25.50	25.50	0.016077	22.028
25.50	25.50	0.016094	22.132
25.50	25.50	0.016110	22.232
25.50	25.50	0.016127	22.326
25.50	25.50	0.016144	22.431
25.50	25.50	0.016160	22.525
25.50	25.50	0.016177	22.625
25.50	25.50	0.016194	22.729
25.50	25.50	0.016210	22.824
25.50	25.50	0.016227	22.924
25.50	25.50	0.016244	23.028
25.50	25.50	0.016260	23.123
25.50	25.50	0.016277	23.222
25.50	25.50	0.016293	23.327
25.50	25.50	0.016310	23.421
25.50	25.50	0.016327	23.521
25.50	25.50	0.016343	23.626
25.50	25.50	0.016360	23.720
25.50	25.50	0.016377	23.820
25.50	25.50	0.016393	23.924
25.50	25.50	0.016410	24.019
25.50	25.50	0.016427	24.118
25.50	25.50	0.016443	24.223
25.50	25.50	0.016460	24.317
25.50	25.50	0.016477	24.417
25.50	25.50	0.016493	24.522
25.50	25.50	0.016510	24.616
25.50	25.50	0.016527	24.717
25.50	25.50	0.016543	24.821
25.50	25.50	0.016560	24.916
25.50	25.50	0.016577	25.015
25.50	25.50	0.016593	25.120
25.50	25.50	0.016610	25.215
25.50	25.50	0.016627	25.316
25.50	25.50	0.016643	25.418
25.50	25.50	0.016660	25.513
25.50	25.50	0.016677	25.616
25.50	25.50	0.016693	25.717
25.50	25.50	0.016710	25.812
25.50	25.50	0.016727	25.915
25.50	25.50	0.016743	26.016
25.50	25.50	0.016760	26.110
25.50	25.50	0.016777	26.215
25.50	25.50	0.016793	26.314
25.50	25.50	0.016810	26.409
25.50	25.50	0.016827	26.514
25.50	25.50	0.016843	26.613
25.50	25.50	0.016860	26.708
25.50	25.50	0.016877	26.813
25.50	25.50	0.016893	26.913
25.50	25.50	0.016910	27.006
25.50	25.50	0.016927	27.112
25.50	25.50	0.016943	27.212
25.50	25.50	0.016960	27.306
25.50	25.50	0.016977	27.411
25.50	25.50	0.016993	27.511
25.50	25.50	0.017010	27.606
25.50	25.50	0.017027	27.709
25.50	25.50	0.017043	27.806
25.50	25.50	0.017060	27.906
25.50	25.50	0.017077	28.008
25.50	25.50	0.017093	28.106
25.50	25.50	0.017110	28.206
25.50	25.50	0.017126	28.307
25.50	25.50	0.017143	28.411
25.50	25.50	0.017160	28.507
25.50	25.50	0.017176	28.606
25.50	25.50	0.017193	28.711
25.50	25.50	0.017210	28.807
25.50	25.50	0.017226	28.907
25.50	25.50	0.017243	29.011
25.50	25.50	0.017260	29.107
25.50	25.50	0.017276	29.207
25.50	25.50	0.017293	29.310
25.50	25.50	0.017310	29.407
25.50	25.50	0.017326	29.506
25.50	25.50	0.017343	29.611
25.50	25.50	0.017360	29.707
25.50	25.50	0.017376	29.807
25.50	25.50	0.017393	29.911
25.50	25.50	0.017410	30.007
25.50	25.50	0.017426	30.107
25.50	25.50	0.017443	30.210
25.50	25.50	0.017460	30.307
25.50	25.50	0.017476	30.407
25.50	25.50	0.017493	30.510
25.50	25.50	0.017510	30.607
25.50	25.50	0.017526	30.707
25.50	25.50	0.017543	30.811
25.50	25.50	0.017560	30.907
25.50	25.50	0.017576	31.007
25.50	25.50	0.017593	31.110
25.50	25.50	0.017610	31.207
25.50	25.50	0.017626	31.307
25.50	25.50	0.017643	31.410
25.50	25.50	0.017660	31.507
25.50	25.50	0.017676	31.607
25.50	25.50	0.017693	31.711
25.50	25.50	0.017710	31.807
25.50	25.50	0.017726	31.909
25.50	25.50	0.017743	32.010
25.50	25.50	0.017760	32.110
25.50	25.50	0.017776	32.210
25.50	25.50	0.017793	32.310
25.50	25.50	0.017810	32.410
25.50	25.50	0.017826	32.510
25.50	25.50	0.017843	32.610
25.50	25.50	0.017860	32.709
25.50	25.50	0.017876	32.834
25.50	25.50	0.017893	32.910
25.50	25.50	0.017910	33.038
25.50	25.50	0.017926	33.133
25.50	25.50	0.017943	33.210
25.50	25.50	0.017959	33.337
25.50	25.50	0.017976	33.431
25.50	25.50	0.017993	33.510
25.50	25.50	0.018009	33.635
25.50	25.50	0.018026	33.730
25.50	25.50	0.018043	33.810
25.50	25.50	0.018059	33.934
25.50	25.50	0.018076	34.029
25.50	25.50	0.018093	34.133
25.50	25.50	0.018109	34.233
25.50	25.50	0.018126	34.327
25.50	25.50	0.018143	34.432
25.50	25.50	0.018159	34.531
25.50	25.50	0.018176	34.626
25.50	25.50	0.018193	34.731
25.50	25.50	0.018209	34.831
25.50	25.50	0.018226	34.926
25.50	25.50	0.018243	35.030
25.50	25.50	0.018259	35.125
25.50	25.50	0.018276	35.224
25.50	25.50	0.018293	35.329
25.50	25.50	0.018309	35.423
25.50	25.50	0.018326	35.523
25.50	25.50	0.018343	35.628
25.50	25.50	0.018359	35.722
25.50	25.50	0.018376	35.822
25.50	25.50	0.018393	35.926
25.50	25.50	0.018409	36.021
25.50	25.50	0.018426	36.120
25.50	25.50	0.018443	36.225
25.50	25.50	0.018459	36.320
25.50	25.50	0.018476	36.419
25.50	25.50	0.018493	36.524
25.50	25.50	0.018509	36.618
25.50	25.50	0.018526	36.718
25.50	25.50	0.018543	36.822
25.48	25.50	0.018559	36.917
25.48	25.50	0.018576	37.016
25.48	25.50	0.018593	37.121
25.48	25.50	0.018609	37.216
25.50	25.50	0.018626	37.316
25.50	25.50	0.018643	37.421
25.50	25.50	0.018659	37.515
25.50	25.50	0.018676	37.615
25.50	25.50	0.018693	37.719
25.50	25.50	0.018709	37.814
25.50	25.50	0.018726	37.914
25.50	25.50	0.018743	38.018
25.50	25.50	0.018759	38.113
25.50	25.50	0.018776	38.214
25.50	25.50	0.018792	38.317
25.50	25.50	0.018809	38.411
25.50	25.50	0.018826	38.514
25.50	25.50	0.018842	38.615
25.50	25.50	0.018859	38.711
25.50	25.50	0.018876	38.814
25.50	25.50	0.018892	38.914
25.50	25.50	0.018909	39.011
25.50	25.50	0.018926	39.113
25.50	25.50	0.018942	39.213
25.50	25.50	0.018959	39.310
25.50	25.50	0.018976	39.412
25.50	25.50	0.018992	39.512
25.50	25.50	0.019009	39.611
25.50	25.50	0.019026	39.711
25.50	25.50	0.019042	39.811
25.50	25.50	0.019059	39.911
25.50	25.50	0.019076	40.011
25.50	25.50	0.019092	40.111
25.50	25.50	0.019109	40.210
25.50	25.50	0.019126	40.311
25.50	25.50	0.019142	40.411
25.50	25.50	0.019159	40.511
25.50	25.50	0.019176	40.611
25.50	25.50	0.019192	40.711
25.50	25.50	0.019209	40.811
25.50	25.50	0.019226	40.911
25.50	25.50	0.019242	41.011
25.50	25.50	0.019259	41.110
25.50	25.50	0.019276	41.211
25.50	25.50	0.019292	41.311
25.50	25.50	0.019309	41.411
25.50	25.50	0.019326	41.511
25.50	25.50	0.019342	41.611
25.50	25.50	0.019359	41.711
25.50	25.50	0.019376	41.810
25.50	25.50	0.019392	41.911
25.50	25.50	0.019409	42.011
25.50	25.50	0.019426	42.111
25.50	25.50	0.019442	42.211
25.50	25.50	0.019459	42.311
25.50	25.50	0.019476	42.412
25.50	25.50	0.019492	42.512
25.50	25.50	0.019509	42.612
25.50	25.50	0.019526	42.711
25.50	25.50	0.019542	42.812
25.50	25.50	0.019559	42.912
25.50	25.50	0.019576	43.012
25.50	25.50	0.019592	43.112
25.50	25.50	0.019609	43.212
25.50	25.50	0.019625	43.312
25.50	25.50	0.019642	43.412
25.50	25.50	0.019659	43.512
25.50	25.50	0.019675	43.611
25.53	25.50	0.019692	43.712
25.53	25.50	0.019709	43.812
25.53	25.50	0.019725	43.912
25.53	25.50	0.019742	44.012
25.53	25.50	0.019759	44.112
25.50	25.50	0.019775	44.212
25.50	25.50	0.019792	44.311
25.50	25.50	0.019809	44.412
25.50	25.50	0.019825	44.511
25.50	25.50	0.019842	44.611
25.50	25.50	0.019859	44.711
25.50	25.50	0.019875	44.835
25.50	25.50	0.019892	44.935
25.50	25.50	0.019909	45.039
25.50	25.50	0.019925	45.135
25.50	25.50	0.019942	45.233
25.50	25.50	0.019959	45.339
25.50	25.50	0.019975	45.433
25.50	25.50	0.019992	45.533
25.50	25.50	0.020009	45.638
25.50	25.50	0.020025	45.732
25.48	25.50	0.020042	45.834
25.48	25.50	0.020059	45.936
25.48	25.50	0.020075	46.031
25.48	25.50	0.020092	46.133
25.48	25.50	0.020109	46.235
25.48	25.50	0.020125	46.329
25.50	25.50	0.020142	46.433
25.50	25.50	0.020159	46.534
25.50	25.50	0.020175	46.628
25.50	25.50	0.020192	46.733
25.50	25.50	0.020209	46.832
25.50	25.50	0.020225	46.927
25.50	25.50	0.020242	47.031
25.50	25.50	0.020259	47.131
25.50	25.50	0.020275	47.226
25.50	25.50	0.020292	47.330
25.50	25.50	0.020309	47.430
25.50	25.50	0.020325	47.524
25.50	25.50	0.020342	47.629
25.50	25.50	0.020359	47.728
25.50	25.50	0.020375	47.823
25.50	25.50	0.020392	47.927
25.50	25.50	0.020409	48.022
25.50	25.50	0.020425	48.123
25.50	25.50	0.020442	48.227
25.50	25.50	0.020458	48.322
25.50	25.50	0.020475	48.421
25.50	25.50	0.020492	48.526
25.50	25.50	0.020508	48.620
25.50	25.50	0.020525	48.720
25.50	25.50	0.020542	48.824
25.50	25.50	0.020558	48.919
25.50	25.50	0.020575	49.019
25.50	25.50	0.020592	49.123
25.50	25.50	0.020608	49.218
25.50	25.50	0.020625	49.317
25.50	25.50	0.020642	49.422
25.50	25.50	0.020658	49.516
25.50	25.50	0.020675	49.616
25.50	25.50	0.020692	49.721
25.50	25.50	0.020708	49.815
25.50	25.50	0.020725	49.915
25.50	25.50	0.020742	50.019
25.50	25.50	0.020758	50.114
25.50	25.50	0.020775	50.213
25.50	25.50	0.020792	50.318
25.50	25.50	0.020808	50.412
25.50	25.50	0.020825	50.513
25.50	25.50	0.020842	50.617
25.50	25.50	0.020858	50.713
25.50	25.50	0.020875	50.813
25.50	25.50	0.020892	50.915
25.50	25.50	0.020908	51.013
25.50	25.50	0.020925	51.112
25.50	25.50	0.020942	51.215
25.50	25.50	0.020958	51.314
25.50	25.50	0.020975	51.414
25.50	25.50	0.020992	51.514
25.50	25.50	0.021008	51.614
25.50	25.50	0.021025	51.714
25.50	25.50	0.021042	51.814
25.50	25.50	0.021058	51.914
25.50	25.50	0.021075	52.013
25.50	25.50	0.021092	52.114
25.50	25.50	0.021108	52.214
25.50	25.50	0.021125	52.314
25.50	25.50	0.021142	52.414
25.50	25.50	0.021158	52.514
25.50	25.50	0.021175	52.614
25.50	25.50	0.021192	52.714
25.50	25.50	0.021208	52.814
25.50	25.50	0.021225	52.913
25.50	25.50	0.021242	53.014
25.50	25.50	0.021258	53.114
25.50	25.50	0.021275	53.214
25.50	25.50	0.021291	53.314
25.50	25.50	0.021308	53.414
25.50	25.50	0.021325	53.514
25.50	25.50	0.021341	53.613
25.50	25.50	0.021358	53.714
25.50	25.50	0.021375	53.813
25.50	25.50	0.021391	53.914
25.50	25.50	0.021408	54.014
25.50	25.50	0.021425	54.114
25.50	25.50	0.021441	54.214
25.50	25.50	0.021458	54.314
25.50	25.50	0.021475	54.414
25.50	25.50	0.021491	54.513
25.50	25.50	0.021508	54.614
25.50	25.50	0.021525	54.714
25.50	25.50	0.021541	54.814
25.50	25.50	0.021558	54.914
25.50	25.50	0.021575	55.014
25.50	25.50	0.021591	55.114
25.50	25.50	0.021608	55.214
25.50	25.50	0.021625	55.314
25.50	25.50	0.021641	55.413
25.50	25.50	0.021658	55.514
25.50	25.50	0.021675	55.614
25.50	25.50	0.021691	55.714
25.50	25.50	0.021708	55.814
25.50	25.50	0.021725	55.914
25.50	25.50	0.021741	56.014
25.50	25.50	0.021758	56.113
25.50	25.50	0.021775	56.214
25.50	25.50	0.021791	56.313
25.50	25.50	0.021808	56.414
25.50	25.50	0.021825	56.514
25.50	25.50	0.021841	56.638
25.50	25.50	0.021858	56.743
25.50	25.50	0.021875	56.837
25.50	25.50	0.021891	56.937
25.50	25.50	0.021908	57.041
25.50	25.50	0.021925	57.136
25.50	25.50	0.021941	57.235
25.50	25.50	0.021958	57.340
25.50	25.50	0.021975	57.435
25.50	25.50	0.021991	57.534
25.50	25.50	0.022008	57.639
25.50	25.50	0.022025	57.733
25.50	25.50	0.022041	57.833
25.50	25.50	0.022058	57.937
25.50	25.50	0.022075	58.032
25.50	25.50	0.022091	58.131
25.50	25.50	0.022108	58.236
25.50	25.50	0.022124	58.331
25.50	25.50	0.022141	58.431
25.50	25.50	0.022158	58.535
25.50	25.50	0.022174	58.629
25.50	25.50	0.022191	58.732
25.50	25.50	0.022208	58.834
25.50	25.50	0.022224	58.929
25.50	25.50	0.022241	59.032
25.50	25.50	0.022258	59.133
25.50	25.50	0.022274	59.228
25.50	25.50	0.022291	59.331
25.50	25.50	0.022308	59.432
25.50	25.50	0.022324	59.526
25.50	25.50	0.022341	59.631
25.50	25.50	0.022358	59.731
25.50	25.50	0.022374	59.825
25.50	25.50	0.022391	59.930
25.50	25.50	0.022408	00.029
25.50	25.50	0.022424	00.124
25.50	25.50	0.022441	00.228
25.50	25.50	0.022458	00.328
25.50	25.50	0.022474	00.422
25.50	25.50	0.022491	00.527
25.50	25.50	0.022508	00.622
25.50	25.50	0.022524	00.721
25.50	25.50	0.022541	00.826
25.50	25.50	0.022558	00.921
25.50	25.50	0.022574	01.021
25.50	25.50	0.022591	01.124
25.50	25.50	0.022608	01.221
25.50	25.50	0.022624	01.321
25.50	25.50	0.022641	01.423
25.50	25.50	0.022658	01.521
25.50	25.50	0.022674	01.621
25.50	25.50	0.022691	01.722
25.50	25.50	0.022708	01.821
25.50	25.50	0.022724	01.921
25.50	25.50	0.022741	02.021
25.50	25.50	0.022758	02.121
25.53	25.50	0.022774	02.221
25.53	25.50	0.022791	02.321
25.53	25.50	0.022808	02.421
25.53	25.50	0.022824	02.521
25.53	25.50	0.022841	02.621
25.50	25.50	0.022858	02.720
25.50	25.50	0.022874	02.821
25.50	25.50	0.022891	02.921
25.50	25.50	0.022908	03.021
25.50	25.50	0.022924	03.121
25.50	25.50	0.022941	03.221
25.50	25.50	0.022957	03.321
25.50	25.50	0.022974	03.421
25.50	25.50	0.022991	03.521
25.50	25.50	0.023007	03.620
25.50	25.50	0.023024	03.721
25.50	25.50	0.023041	03.821
25.50	25.50	0.023057	03.921
25.50	25.50	0.023074	04.021
25.50	25.50	0.023091	04.121
25.50	25.50	0.023107	04.221
25.48	25.50	0.023124	04.320
25.48	25.50	0.023141	04.421
25.48	25.50	0.023157	04.520
25.48	25.50	0.023174	04.621
25.48	25.50	0.023191	04.721
25.48	25.50	0.023207	04.821
25.48	25.50	0.023224	04.921
25.48	25.50	0.023241	05.021
25.50	25.50	0.023257	05.121
25.50	25.50	0.023274	05.220
25.50	25.50	0.023291	05.321
25.50	25.50	0.023307	05.421
25.50	25.50	0.023324	05.521
25.50	25.50	0.023341	05.620
25.50	25.50	0.023357	05.721
25.50	25.50	0.023374	05.820
25.50	25.50	0.023391	05.921
25.50	25.50	0.023407	06.021
25.50	25.50	0.023424	06.121
25.50	25.50	0.023441	06.221
25.50	25.50	0.023457	06.321
25.50	25.50	0.023474	06.420
25.50	25.50	0.023491	06.520
25.50	25.50	0.023507	06.621
25.50	25.50	0.023524	06.721
25.50	25.50	0.023541	06.821
25.50	25.50	0.023557	06.921
25.50	25.50	0.023574	07.021
25.50	25.50	0.023591	07.121
25.50	25.50	0.023607	07.220
25.50	25.50	0.023624	07.321
25.50	25.50	0.023641	07.444
25.50	25.50	0.023657	07.549
25.50	25.50	0.023674	07.649
25.50	25.50	0.023691	07.744
25.50	25.50	0.023707	07.848
25.50	25.50	0.023724	07.948
25.50	25.50	0.023741	08.042
25.50	25.50	0.023757	08.147
25.50	25.50	0.023774	08.246
25.50	25.50	0.023790	08.341
25.50	25.50	0.023807	08.446
25.50	25.50	0.023824	08.540
25.50	25.50	0.023840	08.640
25.50	25.50	0.023857	08.744
25.50	25.50	0.023874	08.839
25.50	25.50	0.023890	08.938
25.50	25.50	0.023907	09.043
25.50	25.50	0.023924	09.138
25.50	25.50	0.023940	09.237
25.50	25.50	0.023957	09.342
25.50	25.50	0.023974	09.436
25.50	25.50	0.023990	09.536
25.50	25.50	0.024007	09.640
25.50	25.50	0.024024	09.735
25.50	25.50	0.024040	09.835
25.50	25.50	0.024057	09.939
25.50	25.50	0.024074	10.034
25.50	25.50	0.024090	10.133
25.50	25.50	0.024107	10.238
25.50	25.50	0.024124	10.332
25.50	25.50	0.024140	10.432
25.50	25.50	0.024157	10.536
25.50	25.50	0.024174	10.631
25.50	25.50	0.024190	10.732
25.50	25.50	0.024207	10.836
25.50	25.50	0.024224	10.931
25.50	25.50	0.024240	11.030
25.50	25.50	0.024257	11.135
25.50	25.50	0.024274	11.229
25.53	25.50	0.024290	11.330
25.53	25.50	0.024307	11.433
25.53	25.50	0.024324	11.528
25.53	25.50	0.024340	11.630
25.53	25.50	0.024357	11.732
25.53	25.50	0.024374	11.827
25.50	25.50	0.024390	11.930
25.50	25.50	0.024407	12.031
25.50	25.50	0.024424	12.125
25.50	25.50	0.024440	12.230
25.50	25.50	0.024457	12.330
25.50	25.50	0.024474	12.424
25.50	25.50	0.024490	12.529
25.50	25.50	0.024507	12.628
25.50	25.50	0.024524	12.723
25.50	25.50	0.024540	12.827
25.50	25.50	0.024557	12.927
25.50	25.50	0.024574	13.021
25.50	25.50	0.024590	13.127
25.50	25.50	0.024607	13.227
25.48	25.50	0.024623	13.321
25.48	25.50	0.024640	13.426
25.48	25.50	0.024657	13.525
25.48	25.50	0.024673	13.621
25.48	25.50	0.024690	13.724
25.48	25.50	0.024707	13.825
25.48	25.50	0.024723	13.921
25.48	25.50	0.024740	14.023
25.48	25.50	0.024757	14.125
25.48	25.50	0.024773	14.221
25.50	25.50	0.024790	14.321
25.50	25.50	0.024807	14.425
25.50	25.50	0.024823	14.520
25.50	25.50	0.024840	14.621
25.50	25.50	0.024857	14.725
25.50	25.50	0.024873	14.821
25.50	25.50	0.024890	14.921
25.50	25.50	0.024907	15.025
25.50	25.50	0.024923	15.121
25.50	25.50	0.024940	15.220
25.50	25.50	0.024957	15.325
25.50	25.50	0.024973	15.420
25.50	25.50	0.024990	15.521
25.50	25.50	0.025007	15.625
25.50	25.50	0.025023	15.721
25.50	25.50	0.025040	15.821
25.50	25.50	0.025057	15.925
25.50	25.50	0.025073	16.021
25.50	25.50	0.025090	16.120
25.50	25.50	0.025107	16.225
25.50	25.50	0.025123	16.321
25.50	25.50	0.025140	16.421
25.50	25.50	0.025157	16.525
25.50	25.50	0.025173	16.621
25.50	25.50	0.025190	16.721
25.50	25.50	0.025207	16.824
25.50	25.50	0.025223	16.921
25.50	25.50	0.025240	17.020
25.50	25.50	0.025257	17.125
25.50	25.50	0.025273	17.221
25.50	25.50	0.025290	17.321
25.50	25.50	0.025307	17.425
25.50	25.50	0.025323	17.521
25.50	25.50	0.025340	17.621
25.50	25.50	0.025357	17.725
25.50	25.50	0.025373	17.821
25.50	25.50	0.025390	17.922
25.50	25.50	0.025407	18.025
25.50	25.50	0.025423	18.122
25.50	25.50	0.025440	18.221
25.50	25.50	0.025456	18.325
25.50	25.50	0.025473	18.422
25.50	25.50	0.025490	18.522
25.50	25.50	0.025506	18.625
25.50	25.50	0.025523	18.722
25.50	25.50	0.025540	18.822
25.50	25.50	0.025556	18.924
25.50	25.50	0.025573	19.022
25.50	25.50	0.025590	19.121
25.50	25.50	0.025606	19.225
25.50	25.50	0.025623	19.322
25.50	25.50	0.025640	19.446
25.50	25.50	0.025656	19.525
25.50	25.50	0.025673	19.650
25.53	25.50	0.025690	19.745
25.53	25.50	0.025706	19.824
25.53	25.50	0.025723	19.950
25.53	25.50	0.025740	20.043
25.53	25.50	0.025756	20.149
25.50	25.50	0.025773	20.249
25.50	25.50	0.025790	20.342
25.50	25.50	0.025806	20.448
25.50	25.50	0.025823	20.547
25.50	25.50	0.025840	20.642
25.50	25.50	0.025856	20.746
25.50	25.50	0.025873	20.846
25.50	25.50	0.025890	20.940
25.50	25.50	0.025906	21.045
25.50	25.50	0.025923	21.145
25.50	25.50	0.025940	21.239
25.50	25.50	0.025956	21.344
25.50	25.50	0.025973	21.438
25.50	25.50	0.025990	21.538
25.50	25.50	0.026006	21.642
25.50	25.50	0.026023	21.737
25.50	25.50	0.026040	21.837
25.50	25.50	0.026056	21.941
25.50	25.50	0.026073	22.036
25.50	25.50	0.026090	22.135
25.50	25.50	0.026106	22.240
25.50	25.50	0.026123	22.334
25.50	25.50	0.026140	22.434
25.50	25.50	0.026156	22.538
25.48	25.50	0.026173	22.633
25.48	25.50	0.026190	22.733
25.48	25.50	0.026206	22.837
25.48	25.50	0.026223	22.932
25.48	25.50	0.026240	23.031
25.48	25.50	0.026256	23.136
25.48	25.50	0.026273	23.230
25.48	25.50	0.026289	23.331
25.50	25.50	0.026306	23.435
25.50	25.50	0.026323	23.530
25.50	25.50	0.026339	23.630
25.50	25.50	0.026356	23.734
25.50	25.50	0.026373	23.829
25.50	25.50	0.026389	23.929
25.50	25.50	0.026406	24.032
25.50	25.50	0.026423	24.127
25.50	25.50	0.026439	24.228
25.50	25.50	0.026456	24.332
25.50	25.50	0.026473	24.426
25.50	25.50	0.026489	24.528
25.50	25.50	0.026506	24.631
25.50	25.50	0.026523	24.725
25.50	25.50	0.026539	24.828
25.50	25.50	0.026556	24.929
25.50	25.50	0.026573	25.023
25.50	25.50	0.026589	25.128
25.50	25.50	0.026606	25.227
25.50	25.50	0.026623	25.323
25.50	25.50	0.026639	25.426
25.50	25.50	0.026656	25.527
25.50	25.50	0.026673	25.623
25.50	25.50	0.026689	25.726
25.53	25.50	0.026706	25.825
25.53	25.50	0.026723	25.923
25.53	25.50	0.026739	26.024
25.53	25.50	0.026756	26.124
25.53	25.50	0.026773	26.222
25.50	25.50	0.026789	26.323
25.50	25.50	0.026806	26.424
25.50	25.50	0.026823	26.523
25.50	25.50	0.026839	26.623
25.50	25.50	0.026856	26.723
25.50	25.50	0.026873	26.823
25.50	25.50	0.026889	26.922
25.50	25.50	0.026906	27.024
25.50	25.50	0.026923	27.123
25.50	25.50	0.026939	27.223
25.50	25.50	0.026956	27.324
25.50	25.50	0.026973	27.423
25.50	25.50	0.026989	27.523
25.50	25.50	0.027006	27.623
25.50	25.50	0.027023	27.723
25.50	25.50	0.027039	27.822
25.50	25.50	0.027056	27.923
25.50	25.50	0.027073	28.023
25.50	25.50	0.027089	28.123
25.50	25.50	0.027106	28.224
25.50	25.50	0.027122	28.323
25.50	25.50	0.027139	28.423
25.50	25.50	0.027156	28.523
25.50	25.50	0.027172	28.623
25.50	25.50	0.027189	28.723
25.50	25.50	0.027206	28.823
25.50	25.50	0.027222	28.922
25.50	25.50	0.027239	29.023
25.50	25.50	0.027256	29.123
25.50	25.50	0.027272	29.222
25.50	25.50	0.027289	29.323
25.50	25.50	0.027306	29.423
25.50	25.50	0.027322	29.523
25.50	25.50	0.027339	29.623
25.50	25.50	0.027356	29.723
25.50	25.50	0.027372	29.823
25.50	25.50	0.027389	29.923
25.50	25.50	0.027406	30.023
25.50	25.50	0.027422	30.122
25.50	25.50	0.027439	30.223
25.50	25.50	0.027456	30.323
25.50	25.50	0.027472	30.423
25.50	25.50	0.027489	30.523
25.50	25.50	0.027506	30.623
25.50	25.50	0.027522	30.723
25.50	25.50	0.027539	30.822
25.50	25.50	0.027556	30.923
25.50	25.50	0.027572	31.022
25.50	25.50	0.027589	31.123
25.50	25.50	0.027606	31.223
25.50	25.50	0.027622	31.323
25.50	25.50	0.027639	31.423
25.50	25.50	0.027656	31.547
25.50	25.50	0.027672	31.652
25.50	25.50	0.027689	31.746
25.50	25.50	0.027706	31.823
25.50	25.50	0.027722	31.951
25.50	25.50	0.027739	32.045
25.50	25.50	0.027756	32.123
25.50	25.50	0.027772	32.250
25.50	25.50	0.027789	32.345
25.50	25.50	0.027806	32.422
25.50	25.50	0.027822	32.549
25.50	25.50	0.027839	32.643
25.50	25.50	0.027856	32.723
25.50	25.50	0.027872	32.847
25.50	25.50	0.027889	32.942
25.50	25.50	0.027906	33.047
25.50	25.50	0.027922	33.146
25.50	25.50	0.027939	33.241
25.50	25.50	0.027955	33.345
25.50	25.50	0.027972	33.445
25.50	25.50	0.027989	33.539
25.50	25.50	0.028005	33.644
25.50	25.50	0.028022	33.743
25.50	25.50	0.028039	33.838
25.50	25.50	0.028055	33.943
25.50	25.50	0.028072	34.037
25.50	25.50	0.028089	34.137
25.50	25.50	0.028105	34.241
25.50	25.50	0.028122	34.336
25.50	25.50	0.028139	34.435
25.50	25.50	0.028155	34.541
25.50	25.50	0.028172	34.635
25.50	25.50	0.028189	34.735
25.50	25.50	0.028205	34.840
25.50	25.50	0.028222	34.934
25.50	25.50	0.028239	35.034
25.50	25.50	0.028255	35.138
25.50	25.50	0.028272	35.233
25.50	25.50	0.028289	35.332
25.50	25.50	0.028305	35.437
25.50	25.50	0.028322	35.532
25.50	25.50	0.028339	35.631
25.50	25.50	0.028355	35.736
25.50	25.50	0.028372	35.830
25.50	25.50	0.028389	35.930
25.50	25.50	0.028405	36.034
25.50	25.50	0.028422	36.129
25.50	25.50	0.028439	36.228
25.50	25.50	0.028455	36.333
25.50	25.50	0.028472	36.428
25.50	25.50	0.028489	36.527
25.50	25.50	0.028505	36.632
25.50	25.50	0.028522	36.726
25.50	25.50	0.028539	36.827
25.50	25.50	0.028555	36.930
25.50	25.50	0.028572	37.025
25.48	25.50	0.028589	37.127
25.48	25.50	0.028605	37.229
25.48	25.50	0.028622	37.325
25.48	25.50	0.028639	37.426
25.48	25.50	0.028655	37.528
25.50	25.50	0.028672	37.624
25.50	25.50	0.028689	37.727
25.50	25.50	0.028705	37.827
25.50	25.50	0.028722	37.925
25.50	25.50	0.028739	38.027
25.50	25.50	0.028755	38.126
25.50	25.50	0.028772	38.225
25.50	25.50	0.028788	38.325
25.50	25.50	0.028805	38.425
25.50	25.50	0.028822	38.524
25.50	25.50	0.028838	38.625
25.50	25.50	0.028855	38.726
25.50	25.50	0.028872	38.826
25.50	25.50	0.028888	38.926
25.50	25.50	0.028905	39.026
25.50	25.50	0.028922	39.126
25.50	25.50	0.028938	39.226
25.50	25.50	0.028955	39.326
25.50	25.50	0.028972	39.425
25.50	25.50	0.028988	39.526
25.50	25.50	0.029005	39.626
25.50	25.50	0.029022	39.726
25.50	25.50	0.029038	39.826
25.50	25.50	0.029055	39.926
25.50	25.50	0.029072	40.026
25.50	25.50	0.029088	40.125
25.50	25.50	0.029105	40.226
25.50	25.50	0.029122	40.325
25.50	25.50	0.029138	40.426
25.50	25.50	0.029155	40.526
25.50	25.50	0.029172	40.626
25.50	25.50	0.029188	40.726
25.50	25.50	0.029205	40.826
25.50	25.50	0.029222	40.926
25.50	25.50	0.029238	41.025
25.50	25.50	0.029255	41.126
25.50	25.50	0.029272	41.226
25.50	25.50	0.029288	41.326
25.50	25.50	0.029305	41.426
25.50	25.50	0.029322	41.526
25.50	25.50	0.029338	41.626
25.53	25.50	0.029355	41.726
25.53	25.50	0.029372	41.826
25.53	25.50	0.029388	41.925
25.53	25.50	0.029405	42.026
25.50	25.50	0.029422	42.126
25.50	25.50	0.029438	42.226
25.50	25.50	0.029455	42.326
25.50	25.50	0.029472	42.426
25.50	25.50	0.029488	42.526
25.50	25.50	0.029505	42.625
25.50	25.50	0.029522	42.726
25.50	25.50	0.029538	42.825
25.50	25.50	0.029555	42.926
25.50	25.50	0.029572	43.026
25.50	25.50	0.029588	43.126
25.50	25.50	0.029605	43.226
25.50	25.50	0.029621	43.325
25.50	25.50	0.029638	43.450
25.50	25.50	0.029655	43.549
25.50	25.50	0.029671	43.654
25.50	25.50	0.029688	43.749
25.50	25.50	0.029705	43.848
25.50	25.50	0.029721	43.953
25.50	25.50	0.029738	44.047
25.50	25.50	0.029755	44.147
25.50	25.50	0.029771	44.251
25.50	25.50	0.029788	44.346
25.50	25.50	0.029805	44.446
25.50	25.50	0.029821	44.550
25.50	25.50	0.029838	44.645
25.50	25.50	0.029855	44.745
25.50	25.50	0.029871	44.849
25.50	25.50	0.029888	44.943
25.50	25.50	0.029905	45.046
25.50	25.50	0.029921	45.147
25.50	25.50	0.029938	45.242
25.50	25.50	0.029955	45.346
25.50	25.50	0.029971	45.446
25.50	25.50	0.029988	45.541
25.50	25.50	0.030005	45.645
25.50	25.50	0.030021	45.745
25.50	25.50	0.030038	45.839
25.50	25.50	0.030055	45.945
25.50	25.50	0.030071	46.045
25.48	25.50	0.030088	46.139
25.48	25.51	0.030105	46.244
25.48	25.51	0.030121	46.343
25.48	25.51	0.030138	46.438
25.48	25.51	0.030155	46.542
25.50	25.51	0.030171	46.642
25.50	25.51	0.030188	46.737
25.50	25.51	0.030205	46.841
25.50	25.51	0.030221	46.936
25.50	25.51	0.030238	47.035
25.50	25.51	0.030255	47.140
25.50	25.51	0.030271	47.235
25.50	25.51	0.030288	47.334
25.50	25.51	0.030305	47.439
25.53	25.52	0.030321	47.533
25.53	25.52	0.030338	47.633
25.53	25.52	0.030355	47.737
25.53	25.52	0.030371	47.832
25.53	25.52	0.030388	47.932
25.53	25.52	0.030405	48.036
25.53	25.52	0.030421	48.131
25.53	25.52	0.030438	48.230
25.53	25.52	0.030454	48.335
25.53	25.52	0.030471	48.429
25.53	25.52	0.030488	48.529
25.53	25.52	0.030504	48.633
25.53	25.52	0.030521	48.728
25.53	25.53	0.030538	48.828
25.53	25.53	0.030554	48.932
25.53	25.53	0.030571	49.027
25.53	25.53	0.030588	49.127
25.53	25.53	0.030604	49.231
25.53	25.53	0.030621	49.326
25.53	25.53	0.030638	49.427
25.53	25.53	0.030654	49.529
25.53	25.53	0.030671	49.627
25.53	25.53	0.030688	49.727
25.53	25.53	0.030704	49.828
25.53	25.53	0.030721	49.928
25.53	25.53	0.030738	50.028
25.53	25.54	0.030754	50.128
25.53	25.54	0.030771	50.227
25.53	25.54	0.030788	50.328
25.53	25.54	0.030804	50.428
25.53	25.54	0.030821	50.528
25.53	25.54	0.030838	50.628
25.53	25.54	0.030854	50.728
25.53	25.54	0.030871	50.828
25.53	25.54	0.030888	50.928
25.53	25.54	0.030904	51.028
25.53	25.54	0.030921	51.127
25.53	25.54	0.030938	51.228
25.53	25.54	0.030954	51.328
25.55	25.55	0.030971	51.428
25.55	25.55	0.030988	51.528
25.55	25.55	0.031004	51.628
25.55	25.55	0.031021	51.728
25.55	25.55	0.031038	51.827
25.55	25.55	0.031054	51.928
25.55	25.55	0.031071	52.028
25.55	25.55	0.031088	52.128
25.55	25.55	0.031104	52.228
25.55	25.55	0.031121	52.328
25.55	25.55	0.031138	52.429
25.55	25.55	0.031154	52.529
25.55	25.55	0.031171	52.629
25.55	25.56	0.031188	52.728
25.55	25.56	0.031204	52.829
25.55	25.56	0.031221	52.929
25.55	25.56	0.031238	53.029
25.55	25.56	0.031254	53.129
25.55	25.56	0.031271	53.229
25.55	25.56	0.031287	53.329
25.55	25.56	0.031304	53.429
25.55	25.56	0.031321	53.529
25.55	25.56	0.031337	53.629
25.55	25.56	0.031354	53.731
25.55	25.56	0.031371	53.831
25.55	25.56	0.031387	53.931
25.58	25.57	0.031404	54.031
25.58	25.57	0.031421	54.130
25.58	25.57	0.031437	54.231
25.58	25.57	0.031454	54.331
25.58	25.57	0.031471	54.430
25.58	25.57	0.031487	54.530
25.58	25.57	0.031504	54.654
25.58	25.57	0.031521	54.759
25.58	25.57	0.031537	54.854
25.58	25.57	0.031554	54.954
25.58	25.57	0.031571	55.058
25.58	25.57	0.031587	55.152
25.58	25.57	0.031604	55.252
25.58	25.58	0.031621	55.357
25.58	25.58	0.031637	55.451
25.58	25.58	0.031654	55.551
25.58	25.58	0.031671	55.655
25.58	25.58	0.031687	55.750
25.58	25.58	0.031704	55.850
25.58	25.58	0.031721	55.954
25.58	25.58	0.031737	56.049
25.58	25.58	0.031754	56.148
25.58	25.58	0.031771	56.253
25.58	25.58	0.031787	56.348
25.58	25.58	0.031804	56.447
25.58	25.58	0.031821	56.552
25.58	25.59	0.031837	56.646
25.58	25.59	0.031854	56.746
25.58	25.59	0.031871	56.850
25.58	25.59	0.031887	56.945
25.58	25.59	0.031904	57.044
25.58	25.59	0.031921	57.149
25.58	25.59	0.031937	57.244
25.58	25.59	0.031954	57.344
25.58	25.59	0.031971	57.448
25.58	25.59	0.031987	57.542
25.58	25.59	0.032004	57.644
25.58	25.59	0.032021	57.747
25.58	25.59	0.032037	57.842
25.58	25.60	0.032054	57.944
25.58	25.60	0.032071	58.046
25.58	25.60	0.032087	58.141
25.58	25.60	0.032104	58.244
25.58	25.60	0.032120	58.344
25.58	25.60	0.032137	58.439
25.58	25.60	0.032154	58.544
25.60	25.60	0.032170	58.643
25.60	25.60	0.032187	58.738
25.60	25.60	0.032204	58.842
25.60	25.60	0.032220	58.942
25.60	25.60	0.032237	59.037
25.60	25.60	0.032254	59.141
25.60	25.61	0.032270	59.241
25.60	25.61	0.032287	59.335
25.60	25.61	0.032304	59.440
25.60	25.61	0.032320	59.540
25.63	25.61	0.032337	59.634
25.63	25.61	0.032354	59.739
25.63	25.61	0.032370	59.834
25.63	25.61	0.032387	59.933
25.63	25.61	0.032404	00.038
25.63	25.61	0.032420	00.132
25.63	25.61	0.032437	00.233
25.63	25.61	0.032454	00.336
25.63	25.61	0.032470	00.433
25.63	25.62	0.032487	00.533
25.63	25.62	0.032504	00.635
25.63	25.62	0.032520	00.733
25.63	25.62	0.032537	00.833
25.63	25.62	0.032554	00.934
25.63	25.62	0.032570	01.032
25.60	25.62	0.032587	01.133
25.60	25.62	0.032604	01.233
25.60	25.62	0.032620	01.333
25.60	25.62	0.032637	01.433
25.60	25.62	0.032654	01.533
25.60	25.62	0.032670	01.633
25.60	25.62	0.032687	01.732
25.60	25.62	0.032704	01.833
25.60	25.63	0.032720	01.933
25.63	25.63	0.032737	02.033
25.63	25.63	0.032754	02.133
25.63	25.63	0.032770	02.233
25.63	25.63	0.032787	02.333
25.63	25.63	0.032804	02.433
25.63	25.63	0.032820	02.533
25.63	25.63	0.032837	02.632
25.63	25.63	0.032854	02.733
25.63	25.63	0.032870	02.833
25.63	25.63	0.032887	02.933
25.63	25.63	0.032904	03.033
25.63	25.63	0.032920	03.132
25.63	25.64	0.032937	03.233
25.63	25.64	0.032953	03.333
25.63	25.64	0.032970	03.433
25.63	25.64	0.032987	03.533
25.63	25.64	0.033003	03.632
25.63	25.64	0.033020	03.733
25.66	25.64	0.033037	03.832
25.66	25.64	0.033053	03.933
25.66	25.64	0.033070	04.033
25.66	25.64	0.033087	04.133
25.66	25.64	0.033103	04.233
25.66	25.64	0.033120	04.333
25.66	25.64	0.033137	04.433
25.66	25.65	0.033153	04.532
25.66	25.65	0.033170	04.633
25.66	25.65	0.033187	04.733
25.66	25.65	0.033203	04.833
25.66	25.65	0.033220	04.933
25.66	25.65	0.033237	05.033
25.66	25.65	0.033253	05.134
25.63	25.65	0.033270	05.238
25.63	25.65	0.033287	05.334
25.63	25.65	0.033303	05.433
25.63	25.65	0.033320	05.539
25.63	25.65	0.033337	05.634
25.63	25.65	0.033353	05.734
25.63	25.66	0.033370	05.834
25.63	25.66	0.033387	05.934
25.63	25.66	0.033403	06.034
25.63	25.66	0.033420	06.138
25.66	25.66	0.033437	06.263
25.66	25.66	0.033453	06.357
25.66	25.66	0.033470	06.462
25.66	25.66	0.033487	06.561
25.66	25.66	0.033503	06.656
25.66	25.66	0.033520	06.760
25.66	25.66	0.033537	06.861
25.66	25.66	0.033553	06.954
25.66	25.66	0.033570	07.060
25.66	25.67	0.033587	07.160
25.68	25.67	0.033603	07.254
25.68	25.67	0.033620	07.359
25.68	25.67	0.033637	07.453
25.68	25.67	0.033653	07.553
25.68	25.67	0.033670	07.657
25.68	25.67	0.033687	07.752
25.68	25.67	0.033703	07.852
25.68	25.67	0.033720	07.956
25.68	25.67	0.033737	08.051
25.68	25.67	0.033753	08.150
25.68	25.67	0.033770	08.255
25.68	25.67	0.033786	08.350
25.68	25.68	0.033803	08.449
25.68	25.68	0.033820	08.554
25.68	25.68	0.033836	08.648
25.68	25.68	0.033853	08.748
25.68	25.68	0.033870	08.852
25.68	25.68	0.033886	08.947
25.68	25.68	0.033903	09.046
25.68	25.68	0.033920	09.151
25.68	25.68	0.033936	09.246
25.68	25.68	0.033953	09.345
25.68	25.68	0.033970	09.450
25.68	25.68	0.033986	09.544
25.68	25.68	0.034003	09.644
25.68	25.69	0.034020	09.748
25.68	25.69	0.034036	09.843
25.68	25.69	0.034053	09.943
25.68	25.69	0.034070	10.047
25.68	25.69	0.034086	10.142
25.68	25.69	0.034103	10.242
25.68	25.69	0.034120	10.346
25.68	25.69	0.034136	10.440
25.68	25.69	0.034153	10.543
25.68	25.69	0.034170	10.645
25.68	25.69	0.034186	10.740
25.68	25.69	0.034203	10.843
25.68	25.69	0.034220	10.944
25.68	25.70	0.034236	11.039
25.68	25.70	0.034253	11.142
25.71	25.70	0.034270	11.243
25.71	25.70	0.034286	11.337
25.71	25.70	0.034303	11.442
25.71	25.70	0.034320	11.541
25.71	25.70	0.034336	11.636
25.71	25.70	0.034353	11.741
25.71	25.70	0.034370	11.840
25.71	25.70	0.034386	11.935
25.71	25.70	0.034403	12.039
25.71	25.70	0.034420	12.139
25.71	25.70	0.034436	12.234
25.71	25.71	0.034453	12.338
25.71	25.71	0.034470	12.438
25.71	25.71	0.034486	12.534
25.71	25.71	0.034503	12.637
25.71	25.71	0.034520	12.738
25.71	25.71	0.034536	12.835
25.71	25.71	0.034553	12.936
25.71	25.71	0.034570	13.038
25.71	25.71	0.034586	13.135
25.71	25.71	0.034603	13.235
25.71	25.71	0.034619	13.338
25.71	25.71	0.034636	13.434
25.71	25.71	0.034653	13.535
25.71	25.72	0.034669	13.638
25.71	25.72	0.034686	13.735
25.71	25.72	0.034703	13.835
25.71	25.72	0.034719	13.937
25.71	25.72	0.034736	14.035
25.71	25.72	0.034753	14.134
25.71	25.72	0.034769	14.238
25.71	25.72	0.034786	14.334
25.71	25.72	0.034803	14.435
25.71	25.72	0.034819	14.538
25.71	25.72	0.034836	14.635
25.71	25.72	0.034853	14.735
25.71	25.72	0.034869	14.837
25.73	25.73	0.034886	14.935
25.73	25.73	0.034903	15.034
25.73	25.73	0.034919	15.137
25.73	25.73	0.034936	15.235
25.73	25.73	0.034953	15.335
25.73	25.73	0.034969	15.438
25.73	25.73	0.034986	15.535
25.73	25.73	0.035003	15.635
25.73	25.73	0.035019	15.737
25.73	25.73	0.035036	15.835
25.73	25.73	0.035053	15.935
25.73	25.73	0.035069	16.037
25.73	25.73	0.035086	16.135
25.73	25.74	0.035103	16.235
25.73	25.74	0.035119	16.338
25.73	25.74	0.035136	16.435
25.73	25.74	0.035153	16.534
25.73	25.74	0.035169	16.637
25.73	25.74	0.035186	16.734
25.73	25.74	0.035203	16.835
25.76	25.74	0.035219	16.938
25.76	25.74	0.035236	17.035
25.76	25.74	0.035253	17.135
25.76	25.74	0.035269	17.237
25.76	25.74	0.035286	17.335
25.76	25.74	0.035303	17.434
25.76	25.75	0.035319	17.537
25.76	25.75	0.035336	17.635
25.76	25.75	0.035353	17.735
25.76	25.75	0.035369	17.838
25.76	25.75	0.035386	17.935
25.76	25.75	0.035403	18.035
25.76	25.75	0.035419	18.137
25.76	25.75	0.035436	18.235
25.73	25.75	0.035452	18.359
25.73	25.75	0.035469	18.437
25.73	25.75	0.035486	18.563
25.73	25.75	0.035502	18.657
25.73	25.75	0.035519	18.737
25.73	25.76	0.035536	18.863
25.73	25.76	0.035552	18.956
25.73	25.76	0.035569	19.062
25.73	25.76	0.035586	19.161
25.76	25.76	0.035602	19.255
25.76	25.76	0.035619	19.360
25.76	25.76	0.035636	19.459
25.76	25.76	0.035652	19.554
25.76	25.76	0.035669	19.659
25.76	25.76	0.035686	19.758
25.76	25.76	0.035702	19.853
25.76	25.76	0.035719	19.957
25.76	25.76	0.035736	20.057
25.76	25.77	0.035752	20.151
25.76	25.77	0.035769	20.256
25.76	25.77	0.035786	20.351
25.78	25.77	0.035802	20.451
25.78	25.77	0.035819	20.556
25.78	25.77	0.035836	20.650
25.78	25.77	0.035852	20.750
25.78	25.77	0.035869	20.854
25.78	25.77	0.035886	20.949
25.78	25.77	0.035902	21.048
25.78	25.77	0.035919	21.153
25.78	25.77	0.035936	21.248
25.78	25.77	0.035952	21.347
25.78	25.78	0.035969	21.452
25.78	25.78	0.035986	21.546
25.78	25.78	0.036002	21.646
25.78	25.78	0.036019	21.750
25.78	25.78	0.036036	21.845
25.78	25.78	0.036052	21.945
25.78	25.78	0.036069	22.049
25.78	25.78	0.036086	22.144
25.78	25.78	0.036102	22.243
25.78	25.78	0.036119	22.348
25.78	25.78	0.036136	22.442
25.78	25.78	0.036152	22.542
25.78	25.78	0.036169	22.646
25.78	25.79	0.036186	22.741
25.78	25.79	0.036202	22.842
25.78	25.79	0.036219	22.945
25.78	25.79	0.036236	23.040
25.78	25.79	0.036252	23.141
25.78	25.79	0.036269	23.244
25.78	25.79	0.036285	23.339
25.78	25.79	0.036302	23.441
25.78	25.79	0.036319	23.543
25.78	25.79	0.036335	23.637
25.81	25.79	0.036352	23.741
25.81	25.79	0.036369	23.842
25.81	25.79	0.036385	23.936
25.81	25.80	0.036402	24.041
25.81	25.80	0.036419	24.140
25.81	25.80	0.036435	24.235
25.81	25.80	0.036452	24.340
25.81	25.80	0.036469	24.440
25.81	25.80	0.036485	24.535
25.81	25.80	0.036502	24.639
25.81	25.80	0.036519	24.739
25.81	25.80	0.036535	24.835
25.81	25.80	0.036552	24.938
25.81	25.80	0.036569	25.037
25.81	25.80	0.036585	25.135
25.81	25.80	0.036602	25.236
25.78	25.81	0.036619	25.336
25.78	25.81	0.036635	25.435
25.78	25.81	0.036652	25.535
25.78	25.81	0.036669	25.637
25.78	25.81	0.036685	25.735
25.78	25.81	0.036702	25.835
25.78	25.81	0.036719	25.936
25.81	25.81	0.036735	26.035
25.81	25.81	0.036752	26.134
25.81	25.81	0.036769	26.236
25.81	25.81	0.036785	26.335
25.81	25.81	0.036802	26.435
25.81	25.81	0.036819	26.536
25.81	25.82	0.036835	26.635
25.81	25.82	0.036852	26.735
25.81	25.82	0.036869	26.836
25.81	25.82	0.036885	26.935
25.84	25.82	0.036902	27.035
25.84	25.82	0.036919	27.136
25.84	25.82	0.036935	27.235
25.84	25.82	0.036952	27.334
25.84	25.82	0.036969	27.436
25.84	25.82	0.036985	27.534
25.84	25.82	0.037002	27.635
25.84	25.82	0.037019	27.736
25.84	25.82	0.037035	27.835
25.84	25.83	0.037052	27.935
25.84	25.83	0.037069	28.036
25.84	25.83	0.037085	28.135
25.84	25.83	0.037102	28.234
25.84	25.83	0.037118	28.336
25.84	25.83	0.037135	28.435
25.84	25.83	0.037152	28.535
25.81	25.83	0.037168	28.636
25.81	25.83	0.037185	28.735
25.81	25.83	0.037202	28.835
25.81	25.83	0.037218	28.936
25.81	25.83	0.037235	29.035
25.81	25.83	0.037252	29.134
25.81	25.84	0.037268	29.236
25.81	25.84	0.037285	29.335
25.84	25.84	0.037302	29.435
25.84	25.84	0.037318	29.536
25.84	25.84	0.037335	29.635
25.84	25.84	0.037352	29.735
25.84	25.84	0.037368	29.836
25.84	25.84	0.037385	29.935
25.84	25.84	0.037402	30.034
25.84	25.84	0.037418	30.136
25.84	25.84	0.037435	30.235
25.84	25.84	0.037452	30.335
25.84	25.84	0.037468	30.436
25.86	25.84	0.037485	30.565
25.86	25.85	0.037502	30.660
25.86	25.85	0.037518	30.735
25.86	25.85	0.037535	30.864
25.86	25.85	0.037552	30.958
25.86	25.85	0.037568	31.035
25.86	25.85	0.037585	31.163
25.86	25.85	0.037602	31.257
25.86	25.85	0.037618	31.336
25.86	25.85	0.037635	31.461
25.86	25.85	0.037652	31.556
25.86	25.85	0.037668	31.635
25.86	25.85	0.037685	31.760
25.86	25.85	0.037702	31.854
25.86	25.86	0.037718	31.959
25.86	25.86	0.037735	32.059
25.86	25.86	0.037752	32.153
25.86	25.86	0.037768	32.258
25.86	25.86	0.037785	32.357
25.86	25.86	0.037802	32.452
25.84	25.86	0.037818	32.556
25.84	25.86	0.037835	32.656
25.84	25.86	0.037852	32.751
25.84	25.86	0.037868	32.856
25.84	25.86	0.037885	32.950
25.86	25.86	0.037902	33.050
25.86	25.86	0.037918	33.155
25.86	25.87	0.037935	33.249
25.86	25.87	0.037951	33.349
25.86	25.87	0.037968	33.453
25.86	25.87	0.037985	33.548
25.86	25.87	0.038001	33.647
25.86	25.87	0.038018	33.752
25.86	25.87	0.038035	33.847
25.86	25.87	0.038051	33.946
25.86	25.87	0.038068	34.051
25.86	25.87	0.038085	34.145
25.86	25.87	0.038101	34.245
25.86	25.87	0.038118	34.349
25.86	25.87	0.038135	34.444
25.89	25.88	0.038151	34.544
25.89	25.88	0.038168	34.648
25.89	25.88	0.038185	34.743
25.89	25.88	0.038201	34.842
25.89	25.88	0.038218	34.948
25.89	25.88	0.038235	35.042
25.89	25.88	0.038251	35.142
25.89	25.88	0.038268	35.246
25.89	25.88	0.038285	35.341
25.89	25.88	0.038301	35.441
25.89	25.88	0.038318	35.545
25.89	25.88	0.038335	35.640
25.89	25.88	0.038351	35.739
25.89	25.89	0.038368	35.844
25.89	25.89	0.038385	35.938
25.89	25.89	0.038401	36.040
25.89	25.89	0.038418	36.142
25.89	25.89	0.038435	36.237
25.89	25.89	0.038451	36.340
25.89	25.89	0.038468	36.441
25.89	25.89	0.038485	36.537
25.89	25.89	0.038501	36.639
25.89	25.89	0.038518	36.740
25.89	25.89	0.038535	36.836
25.89	25.89	0.038551	36.939
25.89	25.89	0.038568	37.039
25.89	25.90	0.038585	37.137
25.89	25.90	0.038601	37.238
25.89	25.90	0.038618	37.337
25.89	25.90	0.038635	37.437
25.89	25.90	0.038651	37.536
25.89	25.90	0.038668	37.637
25.89	25.90	0.038685	37.736
25.89	25.90	0.038701	37.837
25.89	25.90	0.038718	37.937
25.89	25.90	0.038735	38.037
25.89	25.90	0.038751	38.137
25.89	25.90	0.038768	38.237
25.89	25.90	0.038784	38.337
25.89	25.91	0.038801	38.437
25.89	25.91	0.038818	38.537
25.89	25.91	0.038834	38.636
25.89	25.91	0.038851	38.737
25.89	25.91	0.038868	38.836
25.89	25.91	0.038884	38.937
25.89	25.91	0.038901	39.037
25.91	25.91	0.038918	39.136
25.91	25.91	0.038934	39.236
25.91	25.91	0.038951	39.336
25.91	25.91	0.038968	39.436
25.91	25.91	0.038984	39.535
25.91	25.91	0.039001	39.636
25.91	25.92	0.039018	39.736
25.91	25.92	0.039034	39.836
25.91	25.92	0.039051	39.936
25.91	25.92	0.039068	40.037
25.91	25.92	0.039084	40.138
25.91	25.92	0.039101	40.238
25.94	25.92	0.039118	40.338
25.94	25.92	0.039134	40.437
25.94	25.92	0.039151	40.538
25.94	25.92	0.039168	40.638
25.94	25.92	0.039184	40.738
25.94	25.92	0.039201	40.838
25.94	25.92	0.039218	40.938
25.94	25.93	0.039234	41.038
25.94	25.93	0.039251	41.138
25.94	25.93	0.039268	41.238
25.94	25.93	0.039284	41.337
25.94	25.93	0.039301	41.438
25.94	25.93	0.039318	41.538
25.94	25.93	0.039334	41.638
25.91	25.93	0.039351	41.738
25.91	25.93	0.039368	41.838
25.91	25.93	0.039384	41.938
25.91	25.93	0.039401	42.037
25.91	25.93	0.039418	42.138
25.91	25.93	0.039434	42.237
25.91	25.94	0.039451	42.337
25.94	25.94	0.039468	42.438
25.94	25.94	0.039484	42.567
25.94	25.94	0.039501	42.662
25.94	25.94	0.039518	42.761
25.94	25.94	0.039534	42.866
25.94	25.94	0.039551	42.960
25.94	25.94	0.039568	43.060
25.94	25.94	0.039584	43.164
25.94	25.94	0.039601	43.258
25.94	25.94	0.039617	43.359
25.94	25.94	0.039634	43.463
25.94	25.94	0.039651	43.557
25.94	25.95	0.039667	43.659
25.94	25.95	0.039684	43.761
25.94	25.95	0.039701	43.856
25.94	25.95	0.039717	43.958
25.94	25.95	0.039734	44.060
25.96	25.95	0.039751	44.156
25.96	25.95	0.039767	44.259
25.96	25.95	0.039784	44.360
25.96	25.95	0.039801	44.454
25.96	25.95	0.039817	44.559
25.96	25.95	0.039834	44.658
25.96	25.95	0.039851	44.753
25.96	25.95	0.039867	44.857
25.96	25.96	0.039884	44.957
25.96	25.96	0.039901	45.052
25.96	25.96	0.039917	45.156
25.96	25.96	0.039934	45.256
25.96	25.96	0.039951	45.350
25.96	25.96	0.039967	45.455
25.96	25.96	0.039984	45.554
25.96	25.96	0.040001	45.649
25.96	25.96	0.040017	45.754
25.96	25.96	0.040034	45.848
25.96	25.96	0.040051	45.948
25.96	25.96	0.040067	46.052
25.96	25.96	0.040084	46.147
25.96	25.97	0.040101	46.246
25.96	25.97	0.040117	46.351
25.96	25.97	0.040134	46.445
25.96	25.97	0.040151	46.545
25.96	25.97	0.040167	46.650
25.96	25.97	0.040184	46.744
25.96	25.97	0.040201	46.844
25.96	25.97	0.040217	46.948
25.96	25.97	0.040234	47.043
25.96	25.97	0.040251	47.143
25.96	25.97	0.040267	47.248
25.96	25.97	0.040284	47.343
25.99	25.97	0.040301	47.442
25.99	25.98	0.040317	47.547
25.99	25.98	0.040334	47.641
25.99	25.98	0.040351	47.741
25.99	25.98	0.040367	47.845
25.99	25.98	0.040384	47.940
25.99	25.98	0.040401	48.040
25.99	25.98	0.040417	48.144
25.99	25.98	0.040434	48.239
25.99	25.98	0.040450	48.340
25.99	25.98	0.040467	48.443
25.99	25.98	0.040484	48.540
25.99	25.98	0.040500	48.640
25.99	25.98	0.040517	48.741
25.99	25.99	0.040534	48.840
25.99	25.99	0.040550	48.940
25.99	25.99	0.040567	49.040
25.99	25.99	0.040584	49.140
25.99	25.99	0.040600	49.240
25.99	25.99	0.040617	49.339
25.99	25.99	0.040634	49.440
25.99	25.99	0.040650	49.540
25.99	25.99	0.040667	49.640
25.99	25.99	0.040684	49.740
25.99	25.99	0.040700	49.840
25.99	25.99	0.040717	49.939
25.99	25.99	0.040734	50.040
25.99	26.00	0.040750	50.140
25.99	26.00	0.040767	50.240
25.99	26.00	0.040784	50.340
25.99	26.00	0.040800	50.440
25.99	26.00	0.040817	50.540
25.99	26.00	0.040834	50.639
25.99	26.00	0.040850	50.741
25.99	26.00	0.040867	50.841
25.99	26.00	0.040884	50.941
25.99	26.00	0.040900	51.041
25.99	26.00	0.040917	51.140
25.99	26.00	0.040934	51.241
25.99	26.00	0.040950	51.341
25.99	26.01	0.040967	51.441
25.99	26.01	0.040984	51.541
25.99	26.01	0.041000	51.641
25.99	26.01	0.041017	51.741
25.99	26.01	0.041034	51.841
25.99	26.01	0.041050	51.941
25.99	26.01	0.041067	52.040
25.99	26.01	0.041084	52.141
26.02	26.01	0.041100	52.241
26.02	26.01	0.041117	52.341
26.02	26.01	0.041134	52.441
26.02	26.01	0.041150	52.541
26.02	26.01	0.041167	52.641
26.02	26.02	0.041184	52.741
26.02	26.02	0.041200	52.842
26.02	26.02	0.041217	52.941
26.02	26.02	0.041234	53.042
26.02	26.02	0.041250	53.142
26.02	26.02	0.041267	53.242
26.02	26.02	0.041283	53.342
26.02	26.02	0.041300	53.442
26.02	26.02	0.041317	53.542
26.02	26.02	0.041333	53.641
26.02	26.02	0.041350	53.742
26.02	26.02	0.041367	53.842
26.02	26.02	0.041383	53.971
26.02	26.03	0.041400	54.066
26.04	26.03	0.041417	54.165
26.04	26.03	0.041433	54.270
26.04	26.03	0.041450	54.364
26.04	26.03	0.041467	54.464
26.04	26.03	0.041483	54.568
26.04	26.03	0.041500	54.663
26.04	26.03	0.041517	54.762
26.04	26.03	0.041533	54.867
26.04	26.03	0.041550	54.962
26.04	26.03	0.041567	55.061
26.04	26.03	0.041583	55.166
26.04	26.03	0.041600	55.260
26.04	26.04	0.041617	55.360
26.04	26.04	0.041633	55.464
26.04	26.04	0.041650	55.559
26.04	26.04	0.041667	55.659
26.04	26.04	0.041683	55.763
26.04	26.04	0.041700	55.858
26.04	26.04	0.041717	55.957
26.04	26.04	0.041733	56.062
26.04	26.04	0.041750	56.156
26.04	26.04	0.041767	56.257
26.04	26.04	0.041783	56.360
26.04	26.04	0.041800	56.455
26.04	26.04	0.041817	56.558
26.04	26.05	0.041833	56.659
26.04	26.05	0.041850	56.754
26.04	26.05	0.041867	56.857
26.04	26.05	0.041883	56.959
26.04	26.05	0.041900	57.053
26.04	26.05	0.041917	57.157
26.04	26.05	0.041933	57.258
26.04	26.05	0.041950	57.352
26.04	26.05	0.041967	57.457
26.04	26.05	0.041983	57.556
26.04	26.05	0.042000	57.651
26.04	26.05	0.042017	57.755
26.04	26.05	0.042033	57.855
26.04	26.06	0.042050	57.949
26.04	26.06	0.042067	58.054
26.04	26.06	0.042083	58.154
26.04	26.06	0.042100	58.248
26.04	26.06	0.042116	58.353
26.07	26.06	0.042133	58.452
26.07	26.06	0.042150	58.547
26.07	26.06	0.042166	58.651
26.07	26.06	0.042183	58.746
26.07	26.06	0.042200	58.846
26.07	26.06	0.042216	58.950
26.07	26.06	0.042233	59.045
26.07	26.06	0.042250	59.144
26.07	26.07	0.042266	59.249
26.07	26.07	0.042283	59.343
26.07	26.07	0.042300	59.443
26.07	26.07	0.042316	59.547
26.07	26.07	0.042333	59.643
26.07	26.07	0.042350	59.743
26.07	26.07	0.042366	59.847
26.07	26.07	0.042383	59.943
26.07	26.07	0.042400	00.043
26.07	26.07	0.042416	00.146
26.07	26.07	0.042433	00.242
26.07	26.07	0.042450	00.343
26.07	26.07	0.042466	00.445
26.07	26.08	0.042483	00.543
26.07	26.08	0.042500	00.643
26.07	26.08	0.042516	00.743
26.07	26.08	0.042533	00.843
26.07	26.08	0.042550	00.943
26.07	26.08	0.042566	01.043
26.09	26.08	0.042583	01.143
26.09	26.08	0.042600	01.243
26.09	26.08	0.042616	01.343
26.09	26.08	0.042633	01.442
26.09	26.08	0.042650	01.543
26.09	26.08	0.042666	01.643
26.09	26.08	0.042683	01.743
26.09	26.08	0.042700	01.843
26.09	26.09	0.042716	01.943
26.09	26.09	0.042733	02.043
26.09	26.09	0.042750	02.142
26.09	26.09	0.042766	02.243
26.09	26.09	0.042783	02.342
26.09	26.09	0.042800	02.443
26.09	26.09	0.042816	02.543
26.09	26.09	0.042833	02.643
26.09	26.09	0.042850	02.743
26.09	26.09	0.042866	02.843
26.09	26.09	0.042883	02.943
26.09	26.09	0.042900	03.042
26.09	26.09	0.042916	03.143
26.09	26.10	0.042933	03.243
26.09	26.10	0.042949	03.343
26.09	26.10	0.042966	03.443
26.09	26.10	0.042983	03.543
26.09	26.10	0.042999	03.642
26.09	26.10	0.043016	03.743
26.09	26.10	0.043033	03.843
26.09	26.10	0.043049	03.943
26.09	26.10	0.043066	04.043
26.09	26.10	0.043083	04.143
26.09	26.10	0.043099	04.243
26.09	26.10	0.043116	04.342
26.09	26.10	0.043133	04.443
26.09	26.11	0.043149	04.542
26.09	26.11	0.043166	04.673
26.09	26.11	0.043183	04.752
26.12	26.11	0.043199	04.877
26.12	26.11	0.043216	04.972
26.12	26.11	0.043233	05.076
26.12	26.11	0.043249	05.176
26.12	26.11	0.043266	05.270
26.12	26.11	0.043283	05.374
26.12	26.11	0.043299	05.474
26.12	26.11	0.043316	05.569
26.12	26.11	0.043333	05.673
26.12	26.11	0.043349	05.774
26.12	26.12	0.043366	05.867
26.12	26.12	0.043383	05.972
26.12	26.12	0.043399	06.072
26.12	26.12	0.043416	06.167
26.12	26.12	0.043433	06.271
26.12	26.12	0.043449	06.366
26.12	26.12	0.043466	06.466
26.12	26.12	0.043483	06.570
26.12	26.12	0.043499	06.665
26.12	26.12	0.043516	06.764
26.12	26.12	0.043533	06.869
26.12	26.12	0.043549	06.963
26.12	26.12	0.043566	07.063
26.12	26.13	0.043583	07.167
26.12	26.13	0.043599	07.262
26.12	26.13	0.043616	07.362
26.12	26.13	0.043633	07.466
26.14	26.13	0.043649	07.561
26.14	26.13	0.043666	07.660
26.14	26.13	0.043683	07.765
26.14	26.13	0.043699	07.859
26.14	26.13	0.043716	07.959
26.14	26.13	0.043733	08.063
26.14	26.13	0.043749	08.158
26.14	26.13	0.043766	08.258
26.14	26.13	0.043782	08.362
26.14	26.14	0.043799	08.457
26.14	26.14	0.043816	08.557
26.14	26.14	0.043832	08.662
26.14	26.14	0.043849	08.756
26.14	26.14	0.043866	08.856
26.14	26.14	0.043882	08.960
26.14	26.14	0.043899	09.055
26.14	26.14	0.043916	09.155
26.14	26.14	0.043932	09.259
26.14	26.14	0.043949	09.354
26.14	26.14	0.043966	09.455
26.14	26.14	0.043982	09.558
26.14	26.14	0.043999	09.652
26.14	26.15	0.044016	09.756
26.14	26.15	0.044032	09.856
26.14	26.15	0.044049	09.951
26.14	26.15	0.044066	10.056
26.14	26.15	0.044082	10.155
26.14	26.15	0.044099	10.251
26.14	26.15	0.044116	10.354
26.14	26.15	0.044132	10.454
26.14	26.15	0.044149	10.551
26.14	26.15	0.044166	10.653
26.14	26.15	0.044182	10.753
26.14	26.15	0.044199	10.850
26.17	26.15	0.044216	10.952
26.17	26.16	0.044232	11.051
26.17	26.16	0.044249	11.151
26.17	26.16	0.044266	11.251
26.17	26.16	0.044282	11.351
26.17	26.16	0.044299	11.451
26.17	26.16	0.044316	11.551
26.17	26.16	0.044332	11.651
26.17	26.16	0.044349	11.750
26.17	26.16	0.044366	11.851
26.17	26.16	0.044382	11.951
26.17	26.16	0.044399	12.051
26.17	26.16	0.044416	12.151
26.17	26.16	0.044432	12.251
26.17	26.17	0.044449	12.351
26.17	26.17	0.044466	12.451
26.17	26.17	0.044482	12.551
26.14	26.17	0.044499	12.650
26.14	26.17	0.044516	12.751
26.14	26.17	0.044532	12.851
26.14	26.17	0.044549	12.951
26.14	26.17	0.044566	13.051
26.14	26.17	0.044582	13.151
26.17	26.17	0.044599	13.251
26.17	26.17	0.044615	13.350
26.17	26.17	0.044632	13.451
26.17	26.17	0.044649	13.551
26.17	26.18	0.044665	13.651
26.17	26.18	0.044682	13.751
26.17	26.18	0.044699	13.851
26.17	26.18	0.044715	13.951
26.17	26.18	0.044732	14.051
26.17	26.18	0.044749	14.151
26.19	26.18	0.044765	14.250
26.19	26.18	0.044782	14.351
26.19	26.18	0.044799	14.451
26.19	26.18	0.044815	14.551
26.19	26.18	0.044832	14.651
26.19	26.18	0.044849	14.751
26.19	26.18	0.044865	14.851
26.19	26.19	0.044882	14.950
26.19	26.19	0.044899	15.051
26.19	26.19	0.044915	15.150
26.19	26.19	0.044932	15.251
26.19	26.19	0.044949	15.351
26.19	26.19	0.044965	15.451
26.19	26.19	0.044982	15.551
26.19	26.19	0.044999	15.651
26.19	26.19	0.045015	15.751
26.19	26.19	0.045032	15.850
26.19	26.19	0.045049	15.951
26.19	26.19	0.045065	16.051
26.19	26.19	0.045082	16.151
26.19	26.20	0.045099	16.251
26.19	26.20	0.045115	16.375
26.19	26.20	0.045132	16.475
26.19	26.20	0.045149	16.579
26.19	26.20	0.045165	16.674
26.19	26.20	0.045182	16.750
26.19	26.20	0.045199	16.878
26.19	26.20	0.045215	16.972
26.19	26.20	0.045232	17.075
26.19	26.20	0.045249	17.177
26.19	26.20	0.045265	17.271
26.22	26.20	0.045282	17.375
26.22	26.20	0.045299	17.476
26.22	26.21	0.045315	17.570
26.22	26.21	0.045332	17.675
26.22	26.21	0.045349	17.774
26.22	26.21	0.045365	17.869
26.22	26.21	0.045382	17.974
26.22	26.21	0.045399	18.073
26.22	26.21	0.045415	18.168
26.22	26.21	0.045432	18.272
26.22	26.21	0.045448	18.373
26.22	26.21	0.045465	18.466
26.22	26.21	0.045482	18.572
26.22	26.21	0.045498	18.672
26.22	26.21	0.045515	18.765
26.22	26.22	0.045532	18.871
26.22	26.22	0.045548	18.970
26.19	26.22	0.045565	19.065
26.19	26.22	0.045582	19.169
26.19	26.22	0.045598	19.264
26.19	26.22	0.045615	19.363
26.19	26.22	0.045632	19.468
26.19	26.22	0.045648	19.563
26.22	26.22	0.045665	19.662
26.22	26.22	0.045682	19.767
26.22	26.22	0.045698	19.861
26.22	26.22	0.045715	19.961
26.22	26.22	0.045732	20.065
26.22	26.23	0.045748	20.160
26.22	26.23	0.045765	20.260
26.22	26.23	0.045782	20.364
26.22	26.23	0.045798	20.459
26.22	26.23	0.045815	20.558
26.22	26.23	0.045832	20.663
26.25	26.23	0.045848	20.757
26.25	26.23	0.045865	20.857
26.25	26.23	0.045882	20.961
26.25	26.23	0.045898	21.057
26.25	26.23	0.045915	21.156
26.25	26.23	0.045932	21.260
26.25	26.23	0.045948	21.355
26.25	26.24	0.045965	21.455
26.25	26.24	0.045982	21.560
26.25	26.24	0.045998	21.654
26.25	26.24	0.046015	21.754
26.25	26.24	0.046032	21.858
26.25	26.24	0.046048	21.953
26.25	26.24	0.046065	22.054
26.25	26.24	0.046082	22.157
26.25	26.24	0.046098	22.252
26.22	26.24	0.046115	22.354
26.22	26.24	0.046132	22.456
26.22	26.24	0.046148	22.550
26.22	26.24	0.046165	22.654
26.22	26.25	0.046182	22.755
26.22	26.25	0.046198	22.851
26.22	26.25	0.046215	22.954
26.22	26.25	0.046232	23.053
26.22	26.25	0.046248	23.151
26.25	26.25	0.046265	23.252
26.25	26.25	0.046281	23.352
26.25	26.25	0.046298	23.451
26.25	26.25	0.046315	23.551
26.25	26.25	0.046331	23.651
26.25	26.25	0.046348	23.751
26.25	26.25	0.046365	23.851
26.25	26.25	0.046381	23.951
26.25	26.26	0.046398	24.051
26.25	26.26	0.046415	24.150
26.27	26.26	0.046431	24.251
26.27	26.26	0.046448	24.351
26.27	26.26	0.046465	24.451
26.27	26.26	0.046481	24.551
26.27	26.26	0.046498	24.651
26.27	26.26	0.046515	24.751
26.27	26.26	0.046531	24.850
26.27	26.26	0.046548	24.951
26.27	26.26	0.046565	25.051
26.27	26.26	0.046581	25.151
26.27	26.26	0.046598	25.251
26.27	26.27	0.046615	25.351
26.27	26.27	0.046631	25.451
26.27	26.27	0.046648	25.551
26.27	26.27	0.046665	25.651
26.27	26.27	0.046681	25.750
26.27	26.27	0.046698	25.851
26.27	26.27	0.046715	25.951
26.27	26.27	0.046731	26.051
26.27	26.27	0.046748	26.151
26.27	26.27	0.046765	26.251
26.27	26.27	0.046781	26.351
26.27	26.27	0.046798	26.450
26.27	26.27	0.046815	26.551
26.27	26.28	0.046831	26.651
26.27	26.28	0.046848	26.751
26.27	26.28	0.046865	26.851
26.27	26.28	0.046881	26.951
26.27	26.28	0.046898	27.051
26.27	26.28	0.046915	27.150
26.27	26.28	0.046931	27.251
26.27	26.28	0.046948	27.352
26.27	26.28	0.046965	27.452
26.27	26.28	0.046981	27.552
26.27	26.28	0.046998	27.652
26.27	26.28	0.047015	27.751
26.27	26.28	0.047031	27.852
26.30	26.29	0.047048	27.952
26.30	26.29	0.047065	28.052
26.30	26.29	0.047081	28.152
26.30	26.29	0.047098	28.252
26.30	26.29	0.047114	28.352
26.30	26.29	0.047131	28.451
26.30	26.29	0.047148	28.551
26.30	26.29	0.047164	28.676
26.30	26.29	0.047181	28.776
26.30	26.29	0.047198	28.880
26.30	26.29	0.047214	28.975
26.30	26.29	0.047231	29.074
26.30	26.29	0.047248	29.179
26.30	26.30	0.047264	29.274
26.30	26.30	0.047281	29.373
26.30	26.30	0.047298	29.478
26.30	26.30	0.047314	29.572
26.30	26.30	0.047331	29.673
26.30	26.30	0.047348	29.776
26.30	26.30	0.047364	29.871
26.30	26.30	0.047381	29.974
26.30	26.30	0.047398	30.075
26.30	26.30	0.047414	30.170
26.30	26.30	0.047431	30.273
26.30	26.30	0.047448	30.374
26.30	26.30	0.047464	30.468
26.30	26.30	0.047481	30.573
26.30	26.31	0.047498	30.672
26.30	26.31	0.047514	30.767
26.30	26.31	0.047531	30.872
26.30	26.31	0.047548	30.971
26.30	26.31	0.047564	31.066
26.30	26.31	0.047581	31.170
26.30	26.31	0.047598	31.270
26.30	26.31	0.047614	31.364
26.30	26.31	0.047631	31.470
26.30	26.31	0.047648	31.568
26.30	26.31	0.047664	31.663
26.30	26.31	0.047681	31.769
26.30	26.31	0.047698	31.863
26.30	26.32	0.047714	31.963
26.30	26.32	0.047731	32.067
26.30	26.32	0.047748	32.162
26.32	26.32	0.047764	32.262
26.32	26.32	0.047781	32.366
26.32	26.32	0.047798	32.461
26.32	26.32	0.047814	32.560
26.32	26.32	0.047831	32.665
26.32	26.32	0.047848	32.759
26.32	26.32	0.047864	32.859
26.32	26.32	0.047881	32.963
26.32	26.32	0.047898	33.058
26.32	26.32	0.047914	33.158
26.32	26.33	0.047931	33.262
26.32	26.33	0.047947	33.357
26.32	26.33	0.047964	33.456
26.32	26.33	0.047981	33.561
26.32	26.33	0.047997	33.655
26.32	26.33	0.048014	33.755
26.32	26.33	0.048031	33.860
26.35	26.33	0.048047	33.954
26.35	26.33	0.048064	34.054
26.35	26.33	0.048081	34.158
26.35	26.33	0.048097	34.253
26.35	26.33	0.048114	34.352
26.35	26.33	0.048131	34.458
26.35	26.34	0.048147	34.553
26.35	26.34	0.048164	34.653
26.35	26.34	0.048181	34.756
26.35	26.34	0.048197	34.853
26.35	26.34	0.048214	34.953
26.35	26.34	0.048231	35.055
26.35	26.34	0.048247	35.153
26.35	26.34	0.048264	35.253
26.32	26.34	0.048281	35.354
26.32	26.34	0.048297	35.453
26.32	26.34	0.048314	35.553
26.32	26.34	0.048331	35.654
26.32	26.34	0.048347	35.754
26.32	26.35	0.048364	35.854
26.32	26.35	0.048381	35.953
26.32	26.35	0.048397	36.054
26.35	26.35	0.048414	36.154
26.35	26.35	0.048431	36.254
26.35	26.35	0.048447	36.354
26.35	26.35	0.048464	36.454
26.35	26.35	0.048481	36.554
26.35	26.35	0.048497	36.654
26.35	26.35	0.048514	36.754
26.35	26.35	0.048531	36.853
26.35	26.35	0.048547	36.954
26.35	26.35	0.048564	37.054
26.35	26.36	0.048581	37.154
26.35	26.36	0.048597	37.254
26.35	26.36	0.048614	37.354
26.35	26.36	0.048631	37.454
26.37	26.36	0.048647	37.553
26.37	26.36	0.048664	37.654
26.37	26.36	0.048681	37.753
26.37	26.36	0.048697	37.854
26.37	26.36	0.048714	37.954
26.37	26.36	0.048731	38.054
26.37	26.36	0.048747	38.155
26.37	26.36	0.048764	38.255
26.37	26.36	0.048780	38.355
26.37	26.37	0.048797	38.454
26.37	26.37	0.048814	38.555
26.37	26.37	0.048830	38.655
26.37	26.37	0.048847	38.755
26.37	26.37	0.048864	38.855
26.37	26.37	0.048880	38.955
26.37	26.37	0.048897	39.055
26.37	26.37	0.048914	39.154
26.37	26.37	0.048930	39.255
26.37	26.37	0.048947	39.354
26.37	26.37	0.048964	39.455
26.37	26.37	0.048980	39.555
26.37	26.37	0.048997	39.655
26.37	26.38	0.049014	39.754
26.37	26.38	0.049030	39.855
26.37	26.38	0.049047	39.955
26.37	26.38	0.049064	40.055
26.37	26.38	0.049080	40.155
26.37	26.38	0.049097	40.284
26.37	26.38	0.049114	40.379
26.37	26.38	0.049130	40.478
26.37	26.38	0.049147	40.583
26.37	26.38	0.049164	40.677
26.37	26.38	0.049180	40.777
26.37	26.38	0.049197	40.881
26.37	26.38	0.049214	40.976
26.37	26.39	0.049230	41.076
26.37	26.39	0.049247	41.180
26.37	26.39	0.049264	41.275
26.37	26.39	0.049280	41.375
26.40	26.39	0.049297	41.479
26.40	26.39	0.049314	41.574
26.40	26.39	0.049330	41.673
26.40	26.39	0.049347	41.778
26.40	26.39	0.049364	41.873
26.40	26.39	0.049380	41.972
26.40	26.39	0.049397	42.077
26.40	26.39	0.049414	42.171
26.40	26.39	0.049430	42.272
26.40	26.40	0.049447	42.375
26.40	26.40	0.049464	42.470
26.40	26.40	0.049480	42.572
26.40	26.40	0.049497	42.674
26.40	26.40	0.049514	42.769
26.40	26.40	0.049530	42.871
26.40	26.40	0.049547	42.973
26.40	26.40	0.049564	43.067
26.40	26.40	0.049580	43.171
26.40	26.40	0.049597	43.271
26.40	26.40	0.049613	43.366
26.40	26.40	0.049630	43.471
26.40	26.40	0.049647	43.570
26.40	26.41	0.049663	43.666
26.40	26.41	0.049680	43.770
26.40	26.41	0.049697	43.870
26.40	26.41	0.049713	43.964
26.40	26.41	0.049730	44.069
26.43	26.41	0.049747	44.169
26.43	26.41	0.049763	44.263
26.43	26.41	0.049780	44.368
26.43	26.41	0.049797	44.467
26.43	26.41	0.049813	44.562
26.43	26.41	0.049830	44.666
26.43	26.41	0.049847	44.761
26.43	26.41	0.049863	44.860
26.43	26.42	0.049880	44.965
26.40	26.42	0.049897	45.060
26.40	26.42	0.049913	45.159
26.40	26.42	0.049930	45.264
26.40	26.42	0.049947	45.358
26.40	26.42	0.049963	45.458
26.40	26.42	0.049980	45.562
26.40	26.42	0.049997	45.657
26.40	26.42	0.050013	45.757
26.40	26.42	0.050030	45.861
26.40	26.42	0.050047	45.956
26.43	26.42	0.050063	46.055
26.43	26.42	0.050080	46.160
26.43	26.43	0.050097	46.254
26.43	26.43	0.050113	46.355
26.43	26.43	0.050130	46.459
26.43	26.43	0.050147	46.555
26.43	26.43	0.050163	46.655
26.43	26.43	0.050180	46.758
26.43	26.43	0.050197	46.855
26.43	26.43	0.050213	46.955
26.43	26.43	0.050230	47.057
26.43	26.43	0.050247	47.154
26.43	26.43	0.050263	47.255
26.43	26.43	0.050280	47.356
26.43	26.43	0.050297	47.455
26.43	26.44	0.050313	47.555
26.43	26.44	0.050330	47.655
26.43	26.44	0.050347	47.755
26.43	26.44	0.050363	47.855
26.43	26.44	0.050380	47.955
26.43	26.44	0.050397	48.054
26.43	26.44	0.050413	48.155
26.43	26.44	0.050430	48.255
26.43	26.44	0.050446	48.355
26.45	26.44	0.050463	48.455
26.45	26.44	0.050480	48.555
26.45	26.44	0.050496	48.655
26.45	26.44	0.050513	48.754
26.45	26.45	0.050530	48.855
26.45	26.45	0.050546	48.956
26.45	26.45	0.050563	49.056
26.45	26.45	0.050580	49.156
26.45	26.45	0.050596	49.256
26.45	26.45	0.050613	49.356
26.45	26.45	0.050630	49.456
26.45	26.45	0.050646	49.556
26.45	26.45	0.050663	49.655
26.45	26.45	0.050680	49.756
26.45	26.45	0.050696	49.856
26.45	26.45	0.050713	49.956
26.45	26.45	0.050730	50.056
26.45	26.46	0.050746	50.156
26.45	26.46	0.050763	50.256
26.45	26.46	0.050780	50.355
26.45	26.46	0.050796	50.456
26.45	26.46	0.050813	50.555
26.45	26.46	0.050830	50.656
26.45	26.46	0.050846	50.756
26.45	26.46	0.050863	50.856
26.45	26.46	0.050880	50.956
26.45	26.46	0.050896	51.056
26.45	26.46	0.050913	51.156
26.45	26.46	0.050930	51.255
26.48	26.46	0.050946	51.356
26.48	26.47	0.050963	51.457
26.48	26.47	0.050980	51.557
26.48	26.47	0.050996	51.657
26.48	26.47	0.051013	51.757
26.48	26.47	0.051030	51.857
26.48	26.47	0.051046	51.957
26.48	26.47	0.051063	52.057
26.48	26.47	0.051080	52.156
26.48	26.47	0.051096	52.286
26.48	26.47	0.051113	52.380
26.48	26.47	0.051130	52.480
26.48	26.47	0.051146	52.585
26.48	26.47	0.051163	52.679
26.48	26.48	0.051180	52.779
26.48	26.48	0.051196	52.883
26.48	26.48	0.051213	52.978
26.48	26.48	0.051230	53.077
26.48	26.48	0.051246	53.182
26.48	26.48	0.051263	53.277
26.48	26.48	0.051279	53.376
26.45	26.48	0.051296	53.481
26.45	26.48	0.051313	53.575
26.45	26.48	0.051329	53.675
26.45	26.48	0.051346	53.779
26.48	26.48	0.051363	53.874
26.48	26.48	0.051379	53.974
26.48	26.49	0.051396	54.078
26.48	26.49	0.051413	54.173
26.48	26.49	0.051429	54.272
26.48	26.49	0.051446	54.377
26.48	26.49	0.051463	54.471
26.48	26.49	0.051479	54.571
26.48	26.49	0.051496	54.675
26.48	26.49	0.051513	54.770
26.48	26.49	0.051529	54.871
26.48	26.49	0.051546	54.974
26.50	26.49	0.051563	55.070
26.50	26.49	0.051579	55.170
26.50	26.49	0.051596	55.274
26.50	26.50	0.051613	55.368
26.50	26.50	0.051629	55.470
26.50	26.50	0.051646	55.573
26.50	26.50	0.051663	55.667
26.50	26.50	0.051679	55.770
26.50	26.50	0.051696	55.871
26.50	26.50	0.051713	55.966
26.50	26.50	0.051729	56.069
