100.00	0.00	7.23	30.00	150.00	2.70	97.30	2.60	

24.99	25.50	0.000000	54.867
24.99	25.50	0.000017	54.972
24.99	25.50	0.000033	55.066
24.99	25.50	0.000050	55.166
24.99	25.50	0.000067	55.270
25.09	25.50	0.000083	55.365
25.22	25.50	0.000100	55.465
25.27	25.50	0.000117	55.569
25.43	25.50	0.000133	55.664
25.55	25.50	0.000150	55.763
25.60	25.50	0.000167	55.868
25.66	25.50	0.000183	55.962
25.66	25.50	0.000200	56.062
25.66	25.50	0.000217	56.167
25.66	25.50	0.000233	56.261
25.66	25.50	0.000250	56.362
25.63	25.50	0.000267	56.466
25.55	25.50	0.000283	56.561
25.48	25.50	0.000300	56.661
25.48	25.50	0.000317	56.764
25.48	25.50	0.000333	56.859
25.45	25.50	0.000350	56.961
25.45	25.50	0.000367	57.063
25.45	25.50	0.000383	57.158
25.45	25.50	0.000400	57.262
25.45	25.50	0.000416	57.362
25.45	25.50	0.000433	57.457
25.45	25.50	0.000450	57.561
25.45	25.50	0.000466	57.661
25.45	25.50	0.000483	57.756
25.45	25.50	0.000500	57.860
25.48	25.50	0.000516	57.960
25.48	25.50	0.000533	58.054
25.50	25.50	0.000550	58.159
25.53	25.50	0.000566	58.258
25.55	25.50	0.000583	58.353
25.55	25.50	0.000600	58.457
25.58	25.50	0.000616	58.557
25.58	25.50	0.000633	58.652
25.58	25.50	0.000650	58.756
25.58	25.50	0.000666	58.851
25.58	25.50	0.000683	58.950
25.58	25.50	0.000700	59.055
25.58	25.50	0.000716	59.149
25.58	25.50	0.000733	59.250
25.58	25.50	0.000750	59.354
25.58	25.50	0.000766	59.450
25.58	25.50	0.000783	59.550
25.58	25.50	0.000800	59.653
25.58	25.50	0.000816	59.750
25.58	25.50	0.000833	59.850
25.58	25.50	0.000850	59.952
25.55	25.50	0.000866	00.049
25.55	25.50	0.000883	00.150
25.55	25.50	0.000900	00.251
25.55	25.50	0.000916	00.350
25.55	25.50	0.000933	00.450
25.53	25.50	0.000950	00.550
25.53	25.50	0.000966	00.650
25.53	25.50	0.000983	00.749
25.53	25.50	0.001000	00.850
25.53	25.50	0.001016	00.949
25.53	25.50	0.001033	01.050
25.53	25.50	0.001050	01.150
25.50	25.50	0.001066	01.250
25.50	25.50	0.001083	01.350
25.50	25.50	0.001100	01.450
25.50	25.50	0.001116	01.550
25.50	25.50	0.001133	01.649
25.50	25.50	0.001150	01.750
25.50	25.50	0.001166	01.850
25.50	25.50	0.001183	01.950
25.50	25.50	0.001200	02.050
25.50	25.50	0.001216	02.150
25.50	25.50	0.001233	02.250
25.50	25.50	0.001250	02.349
25.50	25.50	0.001266	02.450
25.53	25.50	0.001283	02.549
25.53	25.50	0.001299	02.650
25.53	25.50	0.001316	02.750
25.53	25.50	0.001333	02.850
25.53	25.50	0.001349	02.950
25.53	25.50	0.001366	03.050
25.53	25.50	0.001383	03.150
25.53	25.50	0.001399	03.249
25.53	25.50	0.001416	03.350
25.53	25.50	0.001433	03.450
25.53	25.50	0.001449	03.550
25.53	25.50	0.001466	03.650
25.50	25.50	0.001483	03.750
25.50	25.50	0.001499	03.850
25.50	25.50	0.001516	03.950
25.50	25.50	0.001533	04.050
25.50	25.50	0.001549	04.150
25.50	25.50	0.001566	04.250
25.50	25.50	0.001583	04.350
25.50	25.50	0.001599	04.450
25.50	25.50	0.001616	04.549
25.50	25.50	0.001633	04.650
25.50	25.50	0.001649	04.750
25.50	25.50	0.001666	04.850
25.50	25.50	0.001683	04.950
25.50	25.50	0.001699	05.050
25.50	25.50	0.001716	05.150
25.50	25.50	0.001733	05.249
25.50	25.50	0.001749	05.374
25.50	25.50	0.001766	05.479
25.50	25.50	0.001783	05.578
25.50	25.50	0.001799	05.673
25.50	25.50	0.001816	05.778
25.50	25.50	0.001833	05.877
25.50	25.50	0.001849	05.973
25.50	25.50	0.001866	06.076
25.50	25.50	0.001883	06.177
25.50	25.50	0.001899	06.271
25.50	25.50	0.001916	06.376
25.50	25.50	0.001933	06.470
25.50	25.50	0.001949	06.570
25.50	25.50	0.001966	06.675
25.50	25.50	0.001983	06.769
25.50	25.50	0.001999	06.869
25.50	25.50	0.002016	06.973
25.50	25.50	0.002033	07.068
25.50	25.50	0.002049	07.167
25.50	25.50	0.002066	07.272
25.50	25.50	0.002082	07.367
25.50	25.50	0.002099	07.466
25.50	25.50	0.002116	07.571
25.50	25.50	0.002132	07.666
25.50	25.50	0.002149	07.765
25.50	25.50	0.002166	07.870
25.50	25.50	0.002182	07.964
25.53	25.50	0.002199	08.064
25.53	25.50	0.002216	08.168
25.53	25.50	0.002232	08.263
25.53	25.50	0.002249	08.363
25.53	25.50	0.002266	08.467
25.53	25.50	0.002282	08.562
25.50	25.50	0.002299	08.661
25.50	25.50	0.002316	08.766
25.50	25.50	0.002332	08.860
25.50	25.50	0.002349	08.960
25.50	25.50	0.002366	09.064
25.50	25.50	0.002382	09.159
25.50	25.50	0.002399	09.261
25.50	25.50	0.002416	09.364
25.50	25.50	0.002432	09.458
25.50	25.50	0.002449	09.560
25.50	25.50	0.002466	09.662
25.50	25.50	0.002482	09.757
25.48	25.50	0.002499	09.860
25.48	25.50	0.002516	09.961
25.48	25.50	0.002532	10.055
25.48	25.50	0.002549	10.160
25.48	25.50	0.002566	10.260
25.48	25.50	0.002582	10.355
25.48	25.50	0.002599	10.459
25.48	25.50	0.002616	10.559
25.48	25.50	0.002632	10.653
25.48	25.50	0.002649	10.758
25.50	25.50	0.002666	10.858
25.50	25.50	0.002682	10.952
25.50	25.50	0.002699	11.057
25.50	25.50	0.002716	11.156
25.50	25.50	0.002732	11.251
25.50	25.50	0.002749	11.355
25.50	25.50	0.002766	11.455
25.50	25.50	0.002782	11.551
25.50	25.50	0.002799	11.654
25.50	25.50	0.002816	11.756
25.50	25.50	0.002832	11.851
25.50	25.50	0.002849	11.953
25.50	25.50	0.002866	12.055
25.50	25.50	0.002882	12.152
25.50	25.50	0.002899	12.251
25.50	25.50	0.002915	12.355
25.50	25.50	0.002932	12.452
25.50	25.50	0.002949	12.552
25.50	25.50	0.002965	12.656
25.53	25.50	0.002982	12.752
25.53	25.50	0.002999	12.852
25.53	25.50	0.003015	12.955
25.53	25.50	0.003032	13.052
25.53	25.50	0.003049	13.151
25.53	25.50	0.003065	13.255
25.53	25.50	0.003082	13.352
25.50	25.50	0.003099	13.452
25.50	25.50	0.003115	13.555
25.50	25.50	0.003132	13.652
25.50	25.50	0.003149	13.752
25.50	25.50	0.003165	13.855
25.50	25.50	0.003182	13.952
25.50	25.50	0.003199	14.051
25.50	25.50	0.003215	14.155
25.50	25.50	0.003232	14.252
25.50	25.50	0.003249	14.352
25.50	25.50	0.003265	14.455
25.50	25.50	0.003282	14.553
25.50	25.50	0.003299	14.653
25.50	25.50	0.003315	14.755
25.50	25.50	0.003332	14.853
25.50	25.50	0.003349	14.953
25.48	25.50	0.003365	15.055
25.48	25.50	0.003382	15.153
25.48	25.50	0.003399	15.252
25.48	25.50	0.003415	15.355
25.48	25.50	0.003432	15.453
25.48	25.50	0.003449	15.553
25.48	25.50	0.003465	15.655
25.48	25.50	0.003482	15.753
25.48	25.50	0.003499	15.853
25.50	25.50	0.003515	15.955
25.50	25.50	0.003532	16.053
25.50	25.50	0.003549	16.152
25.50	25.50	0.003565	16.255
25.50	25.50	0.003582	16.353
25.50	25.50	0.003599	16.453
25.50	25.50	0.003615	16.555
25.50	25.50	0.003632	16.653
25.50	25.50	0.003649	16.754
25.50	25.50	0.003665	16.854
25.50	25.50	0.003682	16.983
25.50	25.50	0.003699	17.077
25.50	25.50	0.003715	17.155
25.50	25.50	0.003732	17.281
25.50	25.50	0.003748	17.376
25.50	25.50	0.003765	17.455
25.50	25.50	0.003782	17.580
25.50	25.50	0.003798	17.675
25.50	25.50	0.003815	17.754
25.50	25.50	0.003832	17.879
25.50	25.50	0.003848	17.973
25.50	25.50	0.003865	18.078
25.50	25.50	0.003882	18.178
25.50	25.50	0.003898	18.272
25.50	25.50	0.003915	18.377
25.50	25.50	0.003932	18.476
25.50	25.50	0.003948	18.571
25.50	25.50	0.003965	18.676
25.50	25.50	0.003982	18.776
25.50	25.50	0.003998	18.870
25.50	25.50	0.004015	18.975
25.50	25.50	0.004032	19.069
25.50	25.50	0.004048	19.169
25.50	25.50	0.004065	19.273
25.50	25.50	0.004082	19.368
25.53	25.50	0.004098	19.468
25.53	25.50	0.004115	19.572
25.53	25.50	0.004132	19.667
25.53	25.50	0.004148	19.766
25.53	25.50	0.004165	19.871
25.50	25.50	0.004182	19.965
25.50	25.50	0.004198	20.065
25.50	25.50	0.004215	20.170
25.50	25.50	0.004232	20.264
25.50	25.50	0.004248	20.364
25.50	25.50	0.004265	20.469
25.50	25.50	0.004282	20.564
25.50	25.50	0.004298	20.663
25.50	25.50	0.004315	20.768
25.50	25.50	0.004332	20.862
25.50	25.50	0.004348	20.962
25.50	25.50	0.004365	21.066
25.50	25.50	0.004382	21.161
25.50	25.50	0.004398	21.260
25.50	25.50	0.004415	21.364
25.50	25.50	0.004432	21.459
25.50	25.50	0.004448	21.559
25.50	25.50	0.004465	21.663
25.50	25.50	0.004482	21.758
25.50	25.50	0.004498	21.858
25.50	25.50	0.004515	21.962
25.50	25.50	0.004532	22.056
25.50	25.50	0.004548	22.159
25.50	25.50	0.004565	22.262
25.48	25.50	0.004581	22.356
25.48	25.50	0.004598	22.459
25.48	25.50	0.004615	22.560
25.48	25.50	0.004631	22.655
25.48	25.50	0.004648	22.758
25.50	25.50	0.004665	22.859
25.50	25.50	0.004681	22.954
25.50	25.50	0.004698	23.058
25.50	25.50	0.004715	23.158
25.50	25.50	0.004731	23.254
25.50	25.50	0.004748	23.357
25.50	25.50	0.004765	23.456
25.50	25.50	0.004781	23.554
25.50	25.50	0.004798	23.655
25.50	25.50	0.004815	23.755
25.50	25.50	0.004831	23.854
25.50	25.50	0.004848	23.954
25.50	25.50	0.004865	24.054
25.50	25.50	0.004881	24.154
25.50	25.50	0.004898	24.254
25.50	25.50	0.004915	24.354
25.50	25.50	0.004931	24.454
25.50	25.50	0.004948	24.554
25.50	25.50	0.004965	24.654
25.50	25.50	0.004981	24.754
25.50	25.50	0.004998	24.854
25.50	25.50	0.005015	24.954
25.50	25.50	0.005031	25.054
25.50	25.50	0.005048	25.154
25.50	25.50	0.005065	25.253
25.50	25.50	0.005081	25.354
25.50	25.50	0.005098	25.454
25.50	25.50	0.005115	25.554
25.50	25.50	0.005131	25.654
25.50	25.50	0.005148	25.754
25.50	25.50	0.005165	25.854
25.50	25.50	0.005181	25.954
25.50	25.50	0.005198	26.054
25.50	25.50	0.005215	26.153
25.50	25.50	0.005231	26.254
25.50	25.50	0.005248	26.354
25.50	25.50	0.005265	26.454
25.50	25.50	0.005281	26.554
25.50	25.50	0.005298	26.654
25.50	25.50	0.005315	26.754
25.50	25.50	0.005331	26.853
25.50	25.50	0.005348	26.954
25.53	25.50	0.005365	27.053
25.53	25.50	0.005381	27.154
25.53	25.50	0.005398	27.254
25.53	25.50	0.005414	27.354
25.50	25.50	0.005431	27.454
25.50	25.50	0.005448	27.554
25.50	25.50	0.005464	27.654
25.50	25.50	0.005481	27.753
25.50	25.50	0.005498	27.854
25.50	25.50	0.005514	27.954
25.50	25.50	0.005531	28.054
25.50	25.50	0.005548	28.154
25.50	25.50	0.005564	28.254
25.50	25.50	0.005581	28.354
25.50	25.50	0.005598	28.453
25.50	25.50	0.005614	28.554
25.50	25.50	0.005631	28.653
25.50	25.50	0.005648	28.754
25.50	25.50	0.005664	28.854
25.50	25.50	0.005681	28.954
25.50	25.50	0.005698	29.054
25.50	25.50	0.005714	29.178
25.50	25.50	0.005731	29.283
25.50	25.50	0.005748	29.377
25.50	25.50	0.005764	29.453
25.50	25.50	0.005781	29.581
25.50	25.50	0.005798	29.676
25.50	25.50	0.005814	29.753
25.50	25.50	0.005831	29.881
25.50	25.50	0.005848	29.975
25.50	25.50	0.005864	30.078
25.50	25.50	0.005881	30.180
25.50	25.50	0.005898	30.273
25.50	25.50	0.005914	30.378
25.50	25.50	0.005931	30.478
25.50	25.50	0.005948	30.573
25.50	25.50	0.005964	30.678
25.50	25.50	0.005981	30.777
25.50	25.50	0.005998	30.872
25.50	25.50	0.006014	30.976
25.50	25.50	0.006031	31.076
25.50	25.50	0.006048	31.170
25.50	25.50	0.006064	31.275
25.50	25.50	0.006081	31.374
25.50	25.50	0.006098	31.469
25.50	25.50	0.006114	31.574
25.50	25.50	0.006131	31.673
25.50	25.50	0.006148	31.768
25.50	25.50	0.006164	31.872
25.50	25.50	0.006181	31.967
25.48	25.50	0.006198	32.066
25.48	25.50	0.006214	32.171
25.48	25.50	0.006231	32.266
25.48	25.50	0.006247	32.365
25.48	25.50	0.006264	32.470
25.48	25.50	0.006281	32.565
25.50	25.50	0.006297	32.664
25.50	25.50	0.006314	32.769
25.50	25.50	0.006331	32.863
25.50	25.50	0.006347	32.963
25.50	25.50	0.006364	33.067
25.50	25.50	0.006381	33.162
25.50	25.50	0.006397	33.262
25.50	25.50	0.006414	33.366
25.50	25.50	0.006431	33.461
25.50	25.50	0.006447	33.560
25.50	25.50	0.006464	33.665
25.50	25.50	0.006481	33.759
25.50	25.50	0.006497	33.859
25.50	25.50	0.006514	33.963
25.50	25.50	0.006531	34.058
25.50	25.50	0.006547	34.158
25.50	25.50	0.006564	34.262
25.50	25.50	0.006581	34.357
25.50	25.50	0.006597	34.457
25.50	25.50	0.006614	34.562
25.50	25.50	0.006631	34.655
25.50	25.50	0.006647	34.757
25.50	25.50	0.006664	34.860
25.50	25.50	0.006681	34.955
25.50	25.50	0.006697	35.057
25.50	25.50	0.006714	35.159
25.50	25.50	0.006731	35.255
25.50	25.50	0.006747	35.357
25.53	25.50	0.006764	35.457
25.53	25.50	0.006781	35.555
25.53	25.50	0.006797	35.657
25.53	25.50	0.006814	35.757
25.53	25.50	0.006831	35.855
25.53	25.50	0.006847	35.956
25.50	25.50	0.006864	36.056
25.50	25.50	0.006881	36.155
25.50	25.50	0.006897	36.255
25.50	25.50	0.006914	36.354
25.50	25.50	0.006931	36.455
25.50	25.50	0.006947	36.555
25.50	25.50	0.006964	36.655
25.50	25.50	0.006981	36.755
25.50	25.50	0.006997	36.855
25.50	25.50	0.007014	36.955
25.50	25.50	0.007031	37.054
25.50	25.50	0.007047	37.155
25.50	25.50	0.007064	37.255
25.50	25.50	0.007080	37.355
25.50	25.50	0.007097	37.455
25.50	25.50	0.007114	37.555
25.50	25.50	0.007130	37.656
25.50	25.50	0.007147	37.756
25.50	25.50	0.007164	37.856
25.50	25.50	0.007180	37.955
25.50	25.50	0.007197	38.056
25.50	25.50	0.007214	38.156
25.50	25.50	0.007230	38.256
25.48	25.50	0.007247	38.356
25.48	25.50	0.007264	38.456
25.48	25.50	0.007280	38.555
25.48	25.50	0.007297	38.656
25.48	25.50	0.007314	38.757
25.48	25.50	0.007330	38.857
25.48	25.50	0.007347	38.957
25.50	25.50	0.007364	39.057
25.50	25.50	0.007380	39.157
25.50	25.50	0.007397	39.259
25.50	25.50	0.007414	39.360
25.50	25.50	0.007430	39.459
25.50	25.50	0.007447	39.560
25.50	25.50	0.007464	39.660
25.50	25.50	0.007480	39.760
25.50	25.50	0.007497	39.860
25.50	25.50	0.007514	39.960
25.50	25.50	0.007530	40.060
25.50	25.50	0.007547	40.183
25.50	25.50	0.007564	40.284
25.50	25.50	0.007580	40.388
25.50	25.50	0.007597	40.483
25.50	25.50	0.007614	40.582
25.50	25.50	0.007630	40.687
25.50	25.50	0.007647	40.782
25.50	25.50	0.007664	40.881
25.50	25.50	0.007680	40.986
25.50	25.50	0.007697	41.080
25.50	25.50	0.007714	41.180
25.50	25.50	0.007730	41.284
25.50	25.50	0.007747	41.379
25.50	25.50	0.007764	41.478
25.50	25.50	0.007780	41.583
25.50	25.50	0.007797	41.677
25.50	25.50	0.007814	41.777
25.50	25.50	0.007830	41.882
25.50	25.50	0.007847	41.977
25.53	25.50	0.007864	42.077
25.53	25.50	0.007880	42.181
25.53	25.50	0.007897	42.275
25.53	25.50	0.007913	42.377
25.53	25.50	0.007930	42.479
25.53	25.50	0.007947	42.574
25.50	25.50	0.007963	42.676
25.50	25.50	0.007980	42.778
25.50	25.50	0.007997	42.872
25.50	25.50	0.008013	42.976
25.50	25.50	0.008030	43.077
25.50	25.50	0.008047	43.172
25.50	25.50	0.008063	43.276
25.50	25.50	0.008080	43.376
25.50	25.50	0.008097	43.470
25.50	25.50	0.008113	43.575
25.50	25.50	0.008130	43.674
25.50	25.50	0.008147	43.769
25.50	25.50	0.008163	43.874
25.50	25.50	0.008180	43.973
25.50	25.50	0.008197	44.068
25.50	25.50	0.008213	44.172
25.48	25.50	0.008230	44.272
25.48	25.50	0.008247	44.366
25.48	25.50	0.008263	44.471
25.48	25.50	0.008280	44.566
25.48	25.50	0.008297	44.665
25.48	25.50	0.008313	44.770
25.48	25.50	0.008330	44.864
25.48	25.50	0.008347	44.965
25.50	25.50	0.008363	45.069
25.50	25.50	0.008380	45.164
25.50	25.50	0.008397	45.263
25.50	25.50	0.008413	45.368
25.50	25.50	0.008430	45.463
25.50	25.50	0.008447	45.562
25.50	25.50	0.008463	45.667
25.50	25.50	0.008480	45.761
25.50	25.50	0.008497	45.861
25.50	25.50	0.008513	45.965
25.50	25.50	0.008530	46.061
25.50	25.50	0.008547	46.161
25.50	25.50	0.008563	46.264
25.50	25.50	0.008580	46.361
25.50	25.50	0.008597	46.462
25.50	25.50	0.008613	46.562
25.50	25.50	0.008630	46.662
25.50	25.50	0.008647	46.761
25.50	25.50	0.008663	46.862
25.50	25.50	0.008680	46.962
25.50	25.50	0.008697	47.062
25.50	25.50	0.008713	47.162
25.50	25.50	0.008730	47.262
25.50	25.50	0.008746	47.362
25.50	25.50	0.008763	47.462
25.50	25.50	0.008780	47.562
25.50	25.50	0.008796	47.661
25.50	25.50	0.008813	47.762
25.50	25.50	0.008830	47.862
25.50	25.50	0.008846	47.962
25.50	25.50	0.008863	48.062
25.50	25.50	0.008880	48.162
25.50	25.50	0.008896	48.261
25.50	25.50	0.008913	48.362
25.50	25.50	0.008930	48.462
25.50	25.50	0.008946	48.562
25.50	25.50	0.008963	48.662
25.50	25.50	0.008980	48.762
25.50	25.50	0.008996	48.862
25.50	25.50	0.009013	48.962
25.50	25.50	0.009030	49.062
25.50	25.50	0.009046	49.161
25.50	25.50	0.009063	49.262
25.50	25.50	0.009080	49.362
25.50	25.50	0.009096	49.462
25.50	25.50	0.009113	49.562
25.50	25.50	0.009130	49.662
25.50	25.50	0.009146	49.762
25.50	25.50	0.009163	49.861
25.50	25.50	0.009180	49.962
25.50	25.50	0.009196	50.061
25.50	25.50	0.009213	50.162
25.50	25.50	0.009230	50.262
25.50	25.50	0.009246	50.362
25.50	25.50	0.009263	50.462
25.50	25.50	0.009280	50.562
25.50	25.50	0.009296	50.662
25.50	25.50	0.009313	50.761
25.50	25.50	0.009330	50.862
25.50	25.50	0.009346	50.962
25.50	25.50	0.009363	51.062
25.50	25.50	0.009380	51.162
25.50	25.50	0.009396	51.262
25.53	25.50	0.009413	51.362
25.53	25.50	0.009430	51.462
25.53	25.50	0.009446	51.562
25.53	25.50	0.009463	51.661
25.53	25.50	0.009480	51.762
25.50	25.50	0.009496	51.862
25.50	25.50	0.009513	51.986
25.50	25.50	0.009530	52.091
25.50	25.50	0.009546	52.185
25.50	25.50	0.009563	52.285
25.50	25.50	0.009579	52.389
25.50	25.50	0.009596	52.484
25.50	25.50	0.009613	52.583
25.50	25.50	0.009629	52.688
25.50	25.50	0.009646	52.782
25.50	25.50	0.009663	52.882
25.50	25.50	0.009679	52.987
25.50	25.50	0.009696	53.081
25.50	25.50	0.009713	53.181
25.50	25.50	0.009729	53.286
25.50	25.50	0.009746	53.380
25.50	25.50	0.009763	53.480
25.50	25.50	0.009779	53.584
25.50	25.50	0.009796	53.679
25.50	25.50	0.009813	53.779
25.50	25.50	0.009829	53.883
25.50	25.50	0.009846	53.978
25.50	25.50	0.009863	54.077
25.50	25.50	0.009879	54.182
25.50	25.50	0.009896	54.276
25.50	25.50	0.009913	54.376
25.50	25.50	0.009929	54.481
25.50	25.50	0.009946	54.575
25.50	25.50	0.009963	54.675
25.50	25.50	0.009979	54.779
25.48	25.50	0.009996	54.874
25.48	25.50	0.010013	54.975
25.48	25.50	0.010029	55.079
25.48	25.50	0.010046	55.173
25.48	25.50	0.010063	55.275
25.48	25.50	0.010079	55.378
25.50	25.50	0.010096	55.472
25.50	25.50	0.010113	55.575
25.50	25.50	0.010129	55.676
25.50	25.50	0.010146	55.771
25.50	25.50	0.010163	55.874
25.50	25.50	0.010179	55.975
25.50	25.50	0.010196	56.070
25.50	25.50	0.010213	56.174
25.50	25.50	0.010229	56.274
25.50	25.50	0.010246	56.368
25.50	25.50	0.010263	56.473
25.50	25.50	0.010279	56.572
25.50	25.50	0.010296	56.667
25.50	25.50	0.010313	56.771
25.50	25.50	0.010329	56.871
25.50	25.50	0.010346	56.966
25.50	25.50	0.010363	57.070
25.50	25.50	0.010379	57.165
25.50	25.50	0.010396	57.264
25.50	25.50	0.010412	57.369
25.50	25.50	0.010429	57.463
25.50	25.50	0.010446	57.563
25.50	25.50	0.010462	57.668
25.50	25.50	0.010479	57.762
25.50	25.50	0.010496	57.862
25.50	25.50	0.010512	57.966
25.50	25.50	0.010529	58.062
25.50	25.50	0.010546	58.161
25.50	25.50	0.010562	58.265
25.50	25.50	0.010579	58.361
25.50	25.50	0.010596	58.462
25.50	25.50	0.010612	58.565
25.50	25.50	0.010629	58.662
25.50	25.50	0.010646	58.762
25.50	25.50	0.010662	58.863
25.50	25.50	0.010679	58.962
25.50	25.50	0.010696	59.062
25.50	25.50	0.010712	59.161
25.50	25.50	0.010729	59.262
25.50	25.50	0.010746	59.362
25.50	25.50	0.010762	59.462
25.50	25.50	0.010779	59.562
25.50	25.50	0.010796	59.662
25.50	25.50	0.010812	59.762
25.50	25.50	0.010829	59.861
25.50	25.50	0.010846	59.962
25.50	25.50	0.010862	00.061
25.50	25.50	0.010879	00.162
25.50	25.50	0.010896	00.262
25.50	25.50	0.010912	00.362
25.50	25.50	0.010929	00.462
25.50	25.50	0.010946	00.562
25.50	25.50	0.010962	00.662
25.50	25.50	0.010979	00.761
25.50	25.50	0.010996	00.862
25.50	25.50	0.011012	00.962
25.50	25.50	0.011029	01.062
25.53	25.50	0.011046	01.162
25.53	25.50	0.011062	01.262
25.53	25.50	0.011079	01.362
25.53	25.50	0.011096	01.462
25.53	25.50	0.011112	01.562
25.53	25.50	0.011129	01.661
25.50	25.50	0.011146	01.762
25.50	25.50	0.011162	01.862
25.50	25.50	0.011179	01.962
25.50	25.50	0.011196	02.062
25.50	25.50	0.011212	02.162
25.50	25.50	0.011229	02.262
25.50	25.50	0.011245	02.361
25.50	25.50	0.011262	02.462
25.50	25.50	0.011279	02.561
25.50	25.50	0.011295	02.662
25.50	25.50	0.011312	02.762
25.50	25.50	0.011329	02.862
25.50	25.50	0.011345	02.962
25.50	25.50	0.011362	03.062
25.50	25.50	0.011379	03.162
25.50	25.50	0.011395	03.261
25.48	25.50	0.011412	03.362
25.48	25.50	0.011429	03.462
25.48	25.50	0.011445	03.562
25.48	25.50	0.011462	03.662
25.48	25.50	0.011479	03.762
25.48	25.50	0.011495	03.862
25.50	25.50	0.011512	03.962
25.50	25.50	0.011529	04.062
25.50	25.50	0.011545	04.161
25.50	25.50	0.011562	04.261
25.50	25.50	0.011579	04.361
25.50	25.50	0.011595	04.490
25.50	25.50	0.011612	04.585
25.50	25.50	0.011629	04.690
25.50	25.50	0.011645	04.790
25.50	25.50	0.011662	04.884
25.50	25.50	0.011679	04.989
25.50	25.50	0.011695	05.083
25.50	25.50	0.011712	05.183
25.50	25.50	0.011729	05.288
25.50	25.50	0.011745	05.382
25.50	25.50	0.011762	05.482
25.50	25.50	0.011779	05.586
25.50	25.50	0.011795	05.681
25.50	25.50	0.011812	05.780
25.50	25.50	0.011829	05.885
25.50	25.50	0.011845	05.979
25.50	25.50	0.011862	06.079
25.50	25.50	0.011879	06.184
25.50	25.50	0.011895	06.278
25.50	25.50	0.011912	06.378
25.50	25.50	0.011929	06.482
25.50	25.50	0.011945	06.577
25.50	25.50	0.011962	06.676
25.50	25.50	0.011979	06.781
25.50	25.50	0.011995	06.876
25.50	25.50	0.012012	06.975
25.50	25.50	0.012029	07.080
25.50	25.50	0.012045	07.174
25.50	25.50	0.012062	07.274
25.50	25.50	0.012078	07.378
25.50	25.50	0.012095	07.473
25.50	25.50	0.012112	07.573
25.50	25.50	0.012128	07.677
25.50	25.50	0.012145	07.772
25.50	25.50	0.012162	07.873
25.50	25.50	0.012178	07.977
25.50	25.50	0.012195	08.071
25.50	25.50	0.012212	08.173
25.50	25.50	0.012228	08.275
25.50	25.50	0.012245	08.370
25.50	25.50	0.012262	08.473
25.50	25.50	0.012278	08.574
25.50	25.50	0.012295	08.669
25.50	25.50	0.012312	08.773
25.50	25.50	0.012328	08.873
25.50	25.50	0.012345	08.967
25.50	25.50	0.012362	09.072
25.50	25.50	0.012378	09.171
25.50	25.50	0.012395	09.266
25.50	25.50	0.012412	09.370
25.50	25.50	0.012428	09.470
25.50	25.50	0.012445	09.565
25.50	25.50	0.012462	09.669
25.50	25.50	0.012478	09.769
25.50	25.50	0.012495	09.863
25.50	25.50	0.012512	09.968
25.50	25.50	0.012528	10.062
25.50	25.50	0.012545	10.162
25.50	25.50	0.012562	10.267
25.50	25.50	0.012578	10.362
25.50	25.50	0.012595	10.462
25.50	25.50	0.012612	10.565
25.50	25.50	0.012628	10.662
25.50	25.50	0.012645	10.761
25.50	25.50	0.012662	10.865
25.50	25.50	0.012678	10.961
25.50	25.50	0.012695	11.062
25.50	25.50	0.012712	11.164
25.50	25.50	0.012728	11.262
25.50	25.50	0.012745	11.362
25.50	25.50	0.012762	11.462
25.50	25.50	0.012778	11.562
25.50	25.50	0.012795	11.662
25.50	25.50	0.012812	11.762
25.50	25.50	0.012828	11.862
25.50	25.50	0.012845	11.962
25.50	25.50	0.012862	12.062
25.50	25.50	0.012878	12.161
25.50	25.50	0.012895	12.262
25.50	25.50	0.012911	12.362
25.50	25.50	0.012928	12.462
25.50	25.50	0.012945	12.562
25.50	25.50	0.012961	12.662
25.50	25.50	0.012978	12.762
25.50	25.50	0.012995	12.862
25.50	25.50	0.013011	12.962
25.50	25.50	0.013028	13.061
25.50	25.50	0.013045	13.162
25.50	25.50	0.013061	13.262
25.50	25.50	0.013078	13.362
25.50	25.50	0.013095	13.462
25.50	25.50	0.013111	13.562
25.50	25.50	0.013128	13.661
25.50	25.50	0.013145	13.762
25.50	25.50	0.013161	13.862
25.50	25.50	0.013178	13.962
25.50	25.50	0.013195	14.062
25.50	25.50	0.013211	14.162
25.50	25.50	0.013228	14.262
25.50	25.50	0.013245	14.361
25.50	25.50	0.013261	14.462
25.50	25.50	0.013278	14.562
25.50	25.50	0.013295	14.662
25.50	25.50	0.013311	14.762
25.50	25.50	0.013328	14.862
25.50	25.50	0.013345	14.962
25.50	25.50	0.013361	15.062
25.50	25.50	0.013378	15.162
25.50	25.50	0.013395	15.262
25.50	25.50	0.013411	15.362
25.50	25.50	0.013428	15.462
25.50	25.50	0.013445	15.561
25.50	25.50	0.013461	15.662
25.50	25.50	0.013478	15.762
25.50	25.50	0.013495	15.862
25.50	25.50	0.013511	15.962
25.50	25.50	0.013528	16.062
25.50	25.50	0.013545	16.162
25.50	25.50	0.013561	16.261
25.50	25.50	0.013578	16.362
25.50	25.50	0.013595	16.462
25.50	25.50	0.013611	16.562
25.50	25.50	0.013628	16.692
25.50	25.50	0.013645	16.791
25.50	25.50	0.013661	16.886
25.50	25.50	0.013678	16.990
25.50	25.50	0.013695	17.090
25.50	25.50	0.013711	17.184
25.50	25.50	0.013728	17.289
25.50	25.50	0.013744	17.388
25.50	25.50	0.013761	17.483
25.50	25.50	0.013778	17.588
25.50	25.50	0.013794	17.682
25.50	25.50	0.013811	17.782
25.50	25.50	0.013828	17.886
25.50	25.50	0.013844	17.980
25.50	25.50	0.013861	18.080
25.50	25.50	0.013878	18.184
25.50	25.50	0.013894	18.280
25.50	25.50	0.013911	18.380
25.50	25.50	0.013928	18.484
25.50	25.50	0.013944	18.579
25.50	25.50	0.013961	18.678
25.50	25.50	0.013978	18.782
25.50	25.50	0.013994	18.877
25.50	25.50	0.014011	18.977
25.50	25.50	0.014028	19.082
25.50	25.50	0.014044	19.176
25.50	25.50	0.014061	19.276
25.50	25.50	0.014078	19.380
25.50	25.50	0.014094	19.475
25.50	25.50	0.014111	19.575
25.50	25.50	0.014128	19.679
25.50	25.50	0.014144	19.774
25.50	25.50	0.014161	19.873
25.50	25.50	0.014178	19.978
25.50	25.50	0.014194	20.072
25.50	25.50	0.014211	20.172
25.50	25.50	0.014228	20.277
25.50	25.50	0.014244	20.371
25.50	25.50	0.014261	20.472
25.50	25.50	0.014278	20.575
25.50	25.50	0.014294	20.670
25.50	25.50	0.014311	20.772
25.50	25.50	0.014328	20.874
25.50	25.50	0.014344	20.969
25.50	25.50	0.014361	21.071
25.50	25.50	0.014378	21.173
25.50	25.50	0.014394	21.267
25.50	25.50	0.014411	21.371
25.50	25.50	0.014428	21.471
25.50	25.50	0.014444	21.566
25.50	25.50	0.014461	21.671
25.50	25.50	0.014478	21.770
25.50	25.50	0.014494	21.865
25.50	25.50	0.014511	21.969
25.50	25.50	0.014528	22.069
25.50	25.50	0.014544	22.163
25.50	25.50	0.014561	22.268
25.50	25.50	0.014577	22.368
25.50	25.50	0.014594	22.462
25.50	25.50	0.014611	22.567
25.50	25.50	0.014627	22.666
25.50	25.50	0.014644	22.762
25.50	25.50	0.014661	22.866
25.50	25.50	0.014677	22.967
25.50	25.50	0.014694	23.061
25.50	25.50	0.014711	23.165
25.50	25.50	0.014727	23.262
25.50	25.50	0.014744	23.362
25.50	25.50	0.014761	23.464
25.50	25.50	0.014777	23.566
25.53	25.50	0.014794	23.662
25.53	25.50	0.014811	23.762
25.53	25.50	0.014827	23.867
25.53	25.50	0.014844	23.962
25.53	25.50	0.014861	24.062
25.50	25.50	0.014877	24.167
25.50	25.50	0.014894	24.262
25.50	25.50	0.014911	24.362
25.50	25.50	0.014927	24.466
25.50	25.50	0.014944	24.562
25.50	25.50	0.014961	24.661
25.50	25.50	0.014977	24.766
25.50	25.50	0.014994	24.862
25.50	25.50	0.015011	24.962
25.50	25.50	0.015027	25.067
25.50	25.50	0.015044	25.162
25.50	25.50	0.015061	25.262
25.50	25.50	0.015077	25.361
25.50	25.50	0.015094	25.462
25.50	25.50	0.015111	25.561
25.50	25.50	0.015127	25.666
25.50	25.50	0.015144	25.762
25.50	25.50	0.015161	25.862
25.50	25.50	0.015177	25.967
25.48	25.50	0.015194	26.062
25.48	25.50	0.015211	26.162
25.48	25.50	0.015227	26.266
25.48	25.50	0.015244	26.363
25.48	25.50	0.015261	26.463
25.48	25.50	0.015277	26.566
25.48	25.50	0.015294	26.663
25.50	25.50	0.015311	26.763
25.50	25.50	0.015327	26.866
25.50	25.50	0.015344	26.963
25.50	25.50	0.015361	27.063
25.50	25.50	0.015377	27.166
25.50	25.50	0.015394	27.263
25.50	25.50	0.015410	27.363
25.50	25.50	0.015427	27.467
25.50	25.50	0.015444	27.563
25.50	25.50	0.015460	27.663
25.50	25.50	0.015477	27.766
25.50	25.50	0.015494	27.863
25.50	25.50	0.015510	27.962
25.50	25.50	0.015527	28.066
25.50	25.50	0.015544	28.163
25.50	25.50	0.015560	28.263
25.50	25.50	0.015577	28.366
25.50	25.50	0.015594	28.463
25.50	25.50	0.015610	28.563
25.50	25.50	0.015627	28.666
25.50	25.50	0.015644	28.792
25.50	25.50	0.015660	28.887
25.50	25.50	0.015677	28.965
25.50	25.50	0.015694	29.091
25.50	25.50	0.015710	29.185
25.50	25.50	0.015727	29.290
25.50	25.50	0.015744	29.390
25.50	25.50	0.015760	29.484
25.50	25.50	0.015777	29.589
25.50	25.50	0.015794	29.688
25.50	25.50	0.015810	29.783
25.50	25.50	0.015827	29.887
25.50	25.50	0.015844	29.987
25.50	25.50	0.015860	30.082
25.50	25.50	0.015877	30.186
25.50	25.50	0.015894	30.286
25.50	25.50	0.015910	30.380
25.50	25.50	0.015927	30.485
25.50	25.50	0.015944	30.579
25.50	25.50	0.015960	30.679
25.53	25.50	0.015977	30.784
25.53	25.50	0.015994	30.879
25.53	25.50	0.016010	30.979
25.53	25.50	0.016027	31.083
25.53	25.50	0.016044	31.178
25.50	25.50	0.016060	31.277
25.50	25.50	0.016077	31.382
25.50	25.50	0.016094	31.476
25.50	25.50	0.016110	31.576
25.50	25.50	0.016127	31.680
25.50	25.50	0.016144	31.775
25.50	25.50	0.016160	31.874
25.50	25.50	0.016177	31.980
25.50	25.50	0.016194	32.073
25.50	25.50	0.016210	32.174
25.50	25.50	0.016227	32.278
25.50	25.50	0.016244	32.373
25.50	25.50	0.016260	32.473
25.50	25.50	0.016277	32.577
25.50	25.50	0.016293	32.672
25.50	25.50	0.016310	32.771
25.50	25.50	0.016327	32.876
25.50	25.50	0.016343	32.970
25.50	25.50	0.016360	33.070
25.50	25.50	0.016377	33.174
25.50	25.50	0.016393	33.269
25.50	25.50	0.016410	33.370
25.50	25.50	0.016427	33.473
25.50	25.50	0.016443	33.568
25.50	25.50	0.016460	33.669
25.50	25.50	0.016477	33.772
25.50	25.50	0.016493	33.866
25.48	25.50	0.016510	33.970
25.48	25.50	0.016527	34.070
25.48	25.50	0.016543	34.165
25.48	25.50	0.016560	34.269
25.48	25.50	0.016577	34.370
25.48	25.50	0.016593	34.463
25.50	25.50	0.016610	34.569
25.50	25.50	0.016627	34.669
25.50	25.50	0.016643	34.763
25.50	25.50	0.016660	34.868
25.50	25.50	0.016677	34.967
25.50	25.50	0.016693	35.063
25.50	25.50	0.016710	35.166
25.50	25.50	0.016727	35.266
25.50	25.50	0.016743	35.363
25.50	25.50	0.016760	35.465
25.50	25.50	0.016777	35.565
25.50	25.50	0.016793	35.663
25.50	25.50	0.016810	35.764
25.50	25.50	0.016827	35.865
25.50	25.50	0.016843	35.963
25.50	25.50	0.016860	36.062
25.50	25.50	0.016877	36.165
25.50	25.50	0.016893	36.263
25.50	25.50	0.016910	36.363
25.50	25.50	0.016927	36.465
25.50	25.50	0.016943	36.563
25.50	25.50	0.016960	36.663
25.50	25.50	0.016977	36.764
25.50	25.50	0.016993	36.863
25.50	25.50	0.017010	36.962
25.50	25.50	0.017027	37.065
25.50	25.50	0.017043	37.163
25.50	25.50	0.017060	37.263
25.50	25.50	0.017077	37.365
25.50	25.50	0.017093	37.463
25.50	25.50	0.017110	37.563
25.50	25.50	0.017126	37.664
25.50	25.50	0.017143	37.763
25.50	25.50	0.017160	37.863
25.50	25.50	0.017176	37.965
25.50	25.50	0.017193	38.063
25.50	25.50	0.017210	38.163
25.50	25.50	0.017226	38.265
25.50	25.50	0.017243	38.362
25.50	25.50	0.017260	38.463
25.50	25.50	0.017276	38.565
25.50	25.50	0.017293	38.664
25.50	25.50	0.017310	38.764
25.50	25.50	0.017326	38.864
25.50	25.50	0.017343	38.964
25.50	25.50	0.017360	39.064
25.50	25.50	0.017376	39.165
25.50	25.50	0.017393	39.263
25.50	25.50	0.017410	39.364
25.50	25.50	0.017426	39.465
25.50	25.50	0.017443	39.564
25.50	25.50	0.017460	39.664
25.50	25.50	0.017476	39.764
25.50	25.50	0.017493	39.864
25.50	25.50	0.017510	39.963
25.50	25.50	0.017526	40.064
25.50	25.50	0.017543	40.163
25.50	25.50	0.017560	40.264
25.50	25.50	0.017576	40.365
25.50	25.50	0.017593	40.464
25.50	25.50	0.017610	40.564
25.50	25.50	0.017626	40.664
25.50	25.50	0.017643	40.763
25.50	25.50	0.017660	40.863
25.50	25.50	0.017676	40.965
25.50	25.50	0.017693	41.092
25.50	25.50	0.017710	41.187
25.50	25.50	0.017726	41.264
25.50	25.50	0.017743	41.392
25.50	25.50	0.017760	41.486
25.50	25.50	0.017776	41.564
25.50	25.50	0.017793	41.690
25.50	25.50	0.017810	41.785
25.50	25.50	0.017826	41.864
25.50	25.50	0.017843	41.989
25.50	25.50	0.017860	42.084
25.50	25.50	0.017876	42.188
25.50	25.50	0.017893	42.288
25.50	25.50	0.017910	42.382
25.50	25.50	0.017926	42.487
25.50	25.50	0.017943	42.586
25.50	25.50	0.017959	42.681
25.50	25.50	0.017976	42.786
25.50	25.50	0.017993	42.885
25.50	25.50	0.018009	42.980
25.50	25.50	0.018026	43.084
25.50	25.50	0.018043	43.184
25.50	25.50	0.018059	43.278
25.50	25.50	0.018076	43.383
25.50	25.50	0.018093	43.478
25.50	25.50	0.018109	43.577
25.50	25.50	0.018126	43.682
25.50	25.50	0.018143	43.776
25.50	25.50	0.018159	43.876
25.50	25.50	0.018176	43.980
25.50	25.50	0.018193	44.075
25.50	25.50	0.018209	44.174
25.50	25.50	0.018226	44.279
25.50	25.50	0.018243	44.374
25.50	25.50	0.018259	44.473
25.50	25.50	0.018276	44.578
25.53	25.50	0.018293	44.673
25.53	25.50	0.018309	44.773
25.53	25.50	0.018326	44.877
25.53	25.50	0.018343	44.972
25.53	25.50	0.018359	45.071
25.53	25.50	0.018376	45.176
25.50	25.50	0.018393	45.271
25.50	25.50	0.018409	45.370
25.50	25.50	0.018426	45.475
25.50	25.50	0.018443	45.569
25.50	25.50	0.018459	45.669
25.50	25.50	0.018476	45.773
25.50	25.50	0.018493	45.868
25.50	25.50	0.018509	45.969
25.50	25.50	0.018526	46.072
25.50	25.50	0.018543	46.167
25.50	25.50	0.018559	46.268
25.50	25.50	0.018576	46.371
25.48	25.50	0.018593	46.465
25.48	25.50	0.018609	46.568
25.48	25.50	0.018626	46.669
25.48	25.50	0.018643	46.765
25.48	25.50	0.018659	46.868
25.48	25.50	0.018676	46.968
25.48	25.50	0.018693	47.065
25.48	25.50	0.018709	47.167
25.50	25.50	0.018726	47.267
25.50	25.50	0.018743	47.364
25.50	25.50	0.018759	47.466
25.50	25.50	0.018776	47.566
25.50	25.50	0.018792	47.665
25.50	25.50	0.018809	47.765
25.50	25.50	0.018826	47.865
25.50	25.50	0.018842	47.965
25.50	25.50	0.018859	48.064
25.50	25.50	0.018876	48.165
25.50	25.50	0.018892	48.264
25.50	25.50	0.018909	48.365
25.50	25.50	0.018926	48.465
25.50	25.50	0.018942	48.565
25.50	25.50	0.018959	48.665
25.50	25.50	0.018976	48.765
25.50	25.50	0.018992	48.865
25.50	25.50	0.019009	48.965
25.50	25.50	0.019026	49.065
25.50	25.50	0.019042	49.165
25.50	25.50	0.019059	49.265
25.50	25.50	0.019076	49.364
25.50	25.50	0.019092	49.465
25.50	25.50	0.019109	49.565
25.50	25.50	0.019126	49.665
25.50	25.50	0.019142	49.765
25.50	25.50	0.019159	49.865
25.50	25.50	0.019176	49.965
25.50	25.50	0.019192	50.065
25.50	25.50	0.019209	50.165
25.50	25.50	0.019226	50.265
25.50	25.50	0.019242	50.364
25.50	25.50	0.019259	50.465
25.50	25.50	0.019276	50.565
25.50	25.50	0.019292	50.665
25.50	25.50	0.019309	50.765
25.50	25.50	0.019326	50.865
25.50	25.50	0.019342	50.965
25.50	25.50	0.019359	51.065
25.50	25.50	0.019376	51.165
25.50	25.50	0.019392	51.264
25.50	25.50	0.019409	51.365
25.50	25.50	0.019426	51.465
25.50	25.50	0.019442	51.565
25.50	25.50	0.019459	51.665
25.50	25.50	0.019476	51.765
25.50	25.50	0.019492	51.865
25.50	25.50	0.019509	51.964
25.50	25.50	0.019526	52.065
25.50	25.50	0.019542	52.164
25.50	25.50	0.019559	52.265
25.53	25.50	0.019576	52.365
25.53	25.50	0.019592	52.465
25.53	25.50	0.019609	52.565
25.53	25.50	0.019625	52.665
25.53	25.50	0.019642	52.765
25.50	25.50	0.019659	52.864
25.50	25.50	0.019675	52.964
25.50	25.50	0.019692	53.064
25.50	25.50	0.019709	53.188
25.50	25.50	0.019725	53.288
25.50	25.50	0.019742	53.393
25.50	25.50	0.019759	53.488
25.50	25.50	0.019775	53.587
25.50	25.50	0.019792	53.692
25.50	25.50	0.019809	53.786
25.50	25.50	0.019825	53.887
25.50	25.50	0.019842	53.990
25.50	25.50	0.019859	54.085
25.50	25.50	0.019875	54.188
25.50	25.50	0.019892	54.289
25.50	25.50	0.019909	54.384
25.50	25.50	0.019925	54.487
25.50	25.50	0.019942	54.588
25.50	25.50	0.019959	54.682
25.50	25.50	0.019975	54.787
25.50	25.50	0.019992	54.887
25.50	25.50	0.020009	54.981
25.50	25.50	0.020025	55.086
25.50	25.50	0.020042	55.185
25.50	25.50	0.020059	55.280
25.50	25.50	0.020075	55.384
25.50	25.50	0.020092	55.484
25.48	25.50	0.020109	55.578
25.48	25.50	0.020125	55.683
25.48	25.50	0.020142	55.783
25.48	25.50	0.020159	55.877
25.48	25.50	0.020175	55.982
25.50	25.50	0.020192	56.076
25.50	25.50	0.020209	56.177
25.50	25.50	0.020225	56.281
25.50	25.50	0.020242	56.376
25.50	25.50	0.020259	56.476
25.50	25.50	0.020275	56.580
25.50	25.50	0.020292	56.675
25.50	25.50	0.020309	56.774
25.50	25.50	0.020325	56.879
25.50	25.50	0.020342	56.973
25.50	25.50	0.020359	57.073
25.50	25.50	0.020375	57.177
25.50	25.50	0.020392	57.272
25.50	25.50	0.020409	57.372
25.50	25.50	0.020425	57.476
25.50	25.50	0.020442	57.571
25.50	25.50	0.020458	57.670
25.50	25.50	0.020475	57.775
25.50	25.50	0.020492	57.869
25.50	25.50	0.020508	57.969
25.50	25.50	0.020525	58.074
25.50	25.50	0.020542	58.168
25.50	25.50	0.020558	58.268
25.50	25.50	0.020575	58.373
25.50	25.50	0.020592	58.467
25.50	25.50	0.020608	58.567
25.50	25.50	0.020625	58.671
25.50	25.50	0.020642	58.766
25.50	25.50	0.020658	58.867
25.50	25.50	0.020675	58.970
25.50	25.50	0.020692	59.066
25.50	25.50	0.020708	59.166
25.50	25.50	0.020725	59.269
25.50	25.50	0.020742	59.365
25.50	25.50	0.020758	59.466
25.50	25.50	0.020775	59.568
25.50	25.50	0.020792	59.666
25.50	25.50	0.020808	59.767
25.50	25.50	0.020825	59.866
25.50	25.50	0.020842	59.966
25.50	25.50	0.020858	00.065
25.50	25.50	0.020875	00.166
25.50	25.50	0.020892	00.266
25.50	25.50	0.020908	00.366
25.50	25.50	0.020925	00.466
25.50	25.50	0.020942	00.566
25.50	25.50	0.020958	00.666
25.50	25.50	0.020975	00.765
25.50	25.50	0.020992	00.866
25.50	25.50	0.021008	00.966
25.50	25.50	0.021025	01.066
25.50	25.50	0.021042	01.166
25.50	25.50	0.021058	01.266
25.50	25.50	0.021075	01.366
25.50	25.50	0.021092	01.465
25.50	25.50	0.021108	01.566
25.50	25.50	0.021125	01.665
25.50	25.50	0.021142	01.766
25.50	25.50	0.021158	01.866
25.50	25.50	0.021175	01.966
25.50	25.50	0.021192	02.066
25.50	25.50	0.021208	02.166
25.50	25.50	0.021225	02.265
25.50	25.50	0.021242	02.366
25.50	25.50	0.021258	02.466
25.50	25.50	0.021275	02.566
25.50	25.50	0.021291	02.666
25.50	25.50	0.021308	02.766
25.50	25.50	0.021325	02.866
25.50	25.50	0.021341	02.966
25.50	25.50	0.021358	03.066
25.50	25.50	0.021375	03.165
25.50	25.50	0.021391	03.266
25.50	25.50	0.021408	03.366
25.50	25.50	0.021425	03.466
25.50	25.50	0.021441	03.566
25.50	25.50	0.021458	03.666
25.50	25.50	0.021475	03.766
25.50	25.50	0.021491	03.865
25.50	25.50	0.021508	03.966
25.50	25.50	0.021525	04.066
25.50	25.50	0.021541	04.166
25.50	25.50	0.021558	04.265
25.50	25.50	0.021575	04.366
25.50	25.50	0.021591	04.466
25.50	25.50	0.021608	04.566
25.50	25.50	0.021625	04.666
25.50	25.50	0.021641	04.766
25.50	25.50	0.021658	04.866
25.50	25.50	0.021675	04.965
25.50	25.50	0.021691	05.065
25.50	25.50	0.021708	05.165
25.50	25.50	0.021725	05.290
25.50	25.50	0.021741	05.394
25.50	25.50	0.021758	05.489
25.50	25.50	0.021775	05.589
25.50	25.50	0.021791	05.693
25.50	25.50	0.021808	05.788
25.50	25.50	0.021825	05.887
25.50	25.50	0.021841	05.992
25.50	25.50	0.021858	06.086
25.50	25.50	0.021875	06.186
25.50	25.50	0.021891	06.291
25.50	25.50	0.021908	06.385
25.50	25.50	0.021925	06.486
25.50	25.50	0.021941	06.589
25.50	25.50	0.021958	06.684
25.50	25.50	0.021975	06.785
25.50	25.50	0.021991	06.888
25.50	25.50	0.022008	06.983
25.50	25.50	0.022025	07.086
25.50	25.50	0.022041	07.187
25.50	25.50	0.022058	07.281
25.50	25.50	0.022075	07.386
25.50	25.50	0.022091	07.485
25.50	25.50	0.022108	07.580
25.50	25.50	0.022124	07.684
25.50	25.50	0.022141	07.784
25.50	25.50	0.022158	07.879
25.50	25.50	0.022174	07.983
25.50	25.50	0.022191	08.083
25.50	25.50	0.022208	08.177
25.50	25.50	0.022224	08.282
25.50	25.50	0.022241	08.381
25.50	25.50	0.022258	08.476
25.50	25.50	0.022274	08.582
25.50	25.50	0.022291	08.676
25.50	25.50	0.022308	08.776
25.50	25.50	0.022324	08.880
25.50	25.50	0.022341	08.975
25.50	25.50	0.022358	09.074
25.50	25.50	0.022374	09.178
25.50	25.50	0.022391	09.273
25.50	25.50	0.022408	09.372
25.50	25.50	0.022424	09.477
25.50	25.50	0.022441	09.572
25.50	25.50	0.022458	09.671
25.50	25.50	0.022474	09.776
25.50	25.50	0.022491	09.870
25.50	25.50	0.022508	09.970
25.50	25.50	0.022524	10.075
25.50	25.50	0.022541	10.170
25.50	25.50	0.022558	10.270
25.50	25.50	0.022574	10.374
25.50	25.50	0.022591	10.469
25.50	25.50	0.022608	10.568
25.50	25.50	0.022624	10.673
25.50	25.50	0.022641	10.767
25.50	25.50	0.022658	10.867
25.50	25.50	0.022674	10.971
25.50	25.50	0.022691	11.066
25.50	25.50	0.022708	11.166
25.50	25.50	0.022724	11.270
25.50	25.50	0.022741	11.366
25.50	25.50	0.022758	11.466
25.50	25.50	0.022774	11.569
25.50	25.50	0.022791	11.665
25.50	25.50	0.022808	11.766
25.50	25.50	0.022824	11.868
25.50	25.50	0.022841	11.967
25.50	25.50	0.022858	12.067
25.50	25.50	0.022874	12.167
25.50	25.50	0.022891	12.266
25.50	25.50	0.022908	12.367
25.50	25.50	0.022924	12.467
25.50	25.50	0.022941	12.567
25.50	25.50	0.022957	12.667
25.50	25.50	0.022974	12.767
25.50	25.50	0.022991	12.867
25.50	25.50	0.023007	12.966
25.50	25.50	0.023024	13.067
25.50	25.50	0.023041	13.166
25.50	25.50	0.023057	13.267
25.50	25.50	0.023074	13.367
25.50	25.50	0.023091	13.467
25.50	25.50	0.023107	13.567
25.50	25.50	0.023124	13.667
25.50	25.50	0.023141	13.767
25.50	25.50	0.023157	13.866
25.50	25.50	0.023174	13.967
25.50	25.50	0.023191	14.067
25.50	25.50	0.023207	14.167
25.50	25.50	0.023224	14.267
25.53	25.50	0.023241	14.367
25.53	25.50	0.023257	14.467
25.53	25.50	0.023274	14.566
25.53	25.50	0.023291	14.667
25.53	25.50	0.023307	14.767
25.53	25.50	0.023324	14.867
25.50	25.50	0.023341	14.967
25.50	25.50	0.023357	15.067
25.50	25.50	0.023374	15.167
25.50	25.50	0.023391	15.267
25.50	25.50	0.023407	15.367
25.50	25.50	0.023424	15.466
25.50	25.50	0.023441	15.567
25.50	25.50	0.023457	15.667
25.50	25.50	0.023474	15.767
25.50	25.50	0.023491	15.867
25.50	25.50	0.023507	15.967
25.50	25.50	0.023524	16.067
25.50	25.50	0.023541	16.166
25.50	25.50	0.023557	16.267
25.50	25.50	0.023574	16.366
25.50	25.50	0.023591	16.467
25.50	25.50	0.023607	16.567
25.48	25.50	0.023624	16.667
25.48	25.50	0.023641	16.767
25.48	25.50	0.023657	16.867
25.48	25.50	0.023674	16.967
25.48	25.50	0.023691	17.066
25.48	25.50	0.023707	17.166
25.48	25.50	0.023724	17.266
25.50	25.50	0.023741	17.396
25.50	25.50	0.023757	17.491
25.50	25.50	0.023774	17.590
25.50	25.50	0.023790	17.695
25.50	25.50	0.023807	17.789
25.50	25.50	0.023824	17.889
25.50	25.50	0.023840	17.993
25.50	25.50	0.023857	18.088
25.50	25.50	0.023874	18.187
25.50	25.50	0.023890	18.292
25.50	25.50	0.023907	18.387
25.50	25.50	0.023924	18.486
25.50	25.50	0.023940	18.591
25.50	25.50	0.023957	18.685
25.50	25.50	0.023974	18.785
25.50	25.50	0.023990	18.889
25.50	25.50	0.024007	18.984
25.50	25.50	0.024024	19.084
25.50	25.50	0.024040	19.188
25.50	25.50	0.024057	19.283
25.50	25.50	0.024074	19.384
25.50	25.50	0.024090	19.487
25.50	25.50	0.024107	19.581
25.50	25.50	0.024124	19.684
25.50	25.50	0.024140	19.785
25.50	25.50	0.024157	19.880
25.50	25.50	0.024174	19.984
25.50	25.50	0.024190	20.084
25.50	25.50	0.024207	20.180
25.50	25.50	0.024224	20.284
25.50	25.50	0.024240	20.383
25.50	25.50	0.024257	20.478
25.50	25.50	0.024274	20.582
25.50	25.50	0.024290	20.682
25.50	25.50	0.024307	20.776
25.50	25.50	0.024324	20.881
25.50	25.50	0.024340	20.981
25.50	25.50	0.024357	21.075
25.50	25.50	0.024374	21.180
25.50	25.50	0.024390	21.280
25.50	25.50	0.024407	21.374
25.50	25.50	0.024424	21.478
25.50	25.50	0.024440	21.573
25.50	25.50	0.024457	21.673
25.50	25.50	0.024474	21.777
25.50	25.50	0.024490	21.872
25.50	25.50	0.024507	21.971
25.50	25.50	0.024524	22.076
25.50	25.50	0.024540	22.170
25.50	25.50	0.024557	22.271
25.50	25.50	0.024574	22.376
25.50	25.50	0.024590	22.471
25.50	25.50	0.024607	22.571
25.50	25.50	0.024623	22.674
25.50	25.50	0.024640	22.771
25.50	25.50	0.024657	22.870
25.50	25.50	0.024673	22.973
25.50	25.50	0.024690	23.071
25.50	25.50	0.024707	23.171
25.50	25.50	0.024723	23.272
25.50	25.50	0.024740	23.371
25.50	25.50	0.024757	23.472
25.50	25.50	0.024773	23.572
25.50	25.50	0.024790	23.672
25.50	25.50	0.024807	23.771
25.50	25.50	0.024823	23.872
25.50	25.50	0.024840	23.972
25.50	25.50	0.024857	24.072
25.50	25.50	0.024873	24.172
25.50	25.50	0.024890	24.272
25.50	25.50	0.024907	24.372
25.50	25.50	0.024923	24.472
25.50	25.50	0.024940	24.571
25.50	25.50	0.024957	24.672
25.50	25.50	0.024973	24.771
25.50	25.50	0.024990	24.872
25.50	25.50	0.025007	24.972
25.50	25.50	0.025023	25.072
25.50	25.50	0.025040	25.172
25.50	25.50	0.025057	25.272
25.50	25.50	0.025073	25.372
25.50	25.50	0.025090	25.471
25.50	25.50	0.025107	25.572
25.50	25.50	0.025123	25.672
25.50	25.50	0.025140	25.772
25.50	25.50	0.025157	25.873
25.50	25.50	0.025173	25.973
25.50	25.50	0.025190	26.073
25.50	25.50	0.025207	26.173
25.50	25.50	0.025223	26.273
25.50	25.50	0.025240	26.372
25.50	25.50	0.025257	26.473
25.50	25.50	0.025273	26.573
25.50	25.50	0.025290	26.673
25.50	25.50	0.025307	26.773
25.50	25.50	0.025323	26.873
25.50	25.50	0.025340	26.973
25.50	25.50	0.025357	27.073
25.50	25.50	0.025373	27.173
25.50	25.50	0.025390	27.273
25.50	25.50	0.025407	27.373
25.50	25.50	0.025423	27.472
25.50	25.50	0.025440	27.573
25.50	25.50	0.025456	27.673
25.50	25.50	0.025473	27.773
25.50	25.50	0.025490	27.873
25.50	25.50	0.025506	27.973
25.50	25.50	0.025523	28.072
25.50	25.50	0.025540	28.172
25.50	25.50	0.025556	28.302
25.50	25.50	0.025573	28.396
25.50	25.50	0.025590	28.500
25.50	25.50	0.025606	28.600
25.50	25.50	0.025623	28.694
25.50	25.50	0.025640	28.799
25.50	25.50	0.025656	28.899
25.50	25.50	0.025673	28.993
25.50	25.50	0.025690	29.099
25.50	25.50	0.025706	29.192
25.50	25.50	0.025723	29.292
25.50	25.50	0.025740	29.397
25.50	25.50	0.025756	29.492
25.50	25.50	0.025773	29.591
25.50	25.50	0.025790	29.696
25.50	25.50	0.025806	29.790
25.50	25.50	0.025823	29.890
25.50	25.50	0.025840	29.994
25.50	25.50	0.025856	30.089
25.50	25.50	0.025873	30.189
25.50	25.50	0.025890	30.293
25.50	25.50	0.025906	30.388
25.50	25.50	0.025923	30.487
25.53	25.50	0.025940	30.592
25.53	25.50	0.025956	30.686
25.53	25.50	0.025973	30.786
25.53	25.50	0.025990	30.891
25.50	25.50	0.026006	30.986
25.50	25.50	0.026023	31.085
25.50	25.50	0.026040	31.189
25.50	25.50	0.026056	31.285
25.50	25.50	0.026073	31.384
25.50	25.50	0.026090	31.489
25.50	25.50	0.026106	31.583
25.50	25.50	0.026123	31.682
25.50	25.50	0.026140	31.787
25.50	25.50	0.026156	31.882
25.50	25.50	0.026173	31.983
25.50	25.50	0.026190	32.086
25.50	25.50	0.026206	32.180
25.50	25.50	0.026223	32.283
25.50	25.50	0.026240	32.384
25.50	25.50	0.026256	32.479
25.50	25.50	0.026273	32.583
25.50	25.50	0.026289	32.684
25.50	25.50	0.026306	32.778
25.50	25.50	0.026323	32.883
25.50	25.50	0.026339	32.983
25.50	25.50	0.026356	33.077
25.50	25.50	0.026373	33.182
25.50	25.50	0.026389	33.281
25.48	25.50	0.026406	33.376
25.48	25.50	0.026423	33.481
25.48	25.50	0.026439	33.580
25.48	25.50	0.026456	33.674
25.48	25.50	0.026473	33.779
25.48	25.50	0.026489	33.878
25.48	25.50	0.026506	33.973
25.48	25.50	0.026523	34.077
25.50	25.50	0.026539	34.173
25.50	25.50	0.026556	34.272
25.50	25.50	0.026573	34.377
25.50	25.50	0.026589	34.473
25.50	25.50	0.026606	34.573
25.50	25.50	0.026623	34.676
25.50	25.50	0.026639	34.773
25.50	25.50	0.026656	34.873
25.50	25.50	0.026673	34.974
25.50	25.50	0.026689	35.073
25.50	25.50	0.026706	35.172
25.50	25.50	0.026723	35.273
25.50	25.50	0.026739	35.373
25.50	25.50	0.026756	35.473
25.50	25.50	0.026773	35.573
25.50	25.50	0.026789	35.678
25.50	25.50	0.026806	35.773
25.50	25.50	0.026823	35.872
25.50	25.50	0.026839	35.973
25.50	25.50	0.026856	36.073
25.50	25.50	0.026873	36.173
25.50	25.50	0.026889	36.273
25.50	25.50	0.026906	36.373
25.50	25.50	0.026923	36.473
25.50	25.50	0.026939	36.577
25.50	25.50	0.026956	36.673
25.50	25.50	0.026973	36.772
25.50	25.50	0.026989	36.873
25.50	25.50	0.027006	36.973
25.50	25.50	0.027023	37.073
25.53	25.50	0.027039	37.173
25.53	25.50	0.027056	37.273
25.53	25.50	0.027073	37.373
25.53	25.50	0.027089	37.472
25.53	25.50	0.027106	37.573
25.50	25.50	0.027122	37.673
25.50	25.50	0.027139	37.778
25.50	25.50	0.027156	37.873
25.50	25.50	0.027172	37.973
25.50	25.50	0.027189	38.078
25.50	25.50	0.027206	38.173
25.50	25.50	0.027222	38.273
25.50	25.50	0.027239	38.372
25.50	25.50	0.027256	38.473
25.50	25.50	0.027272	38.573
25.50	25.50	0.027289	38.678
25.50	25.50	0.027306	38.773
25.50	25.50	0.027322	38.873
25.50	25.50	0.027339	38.978
25.50	25.50	0.027356	39.072
25.50	25.50	0.027372	39.173
25.50	25.50	0.027389	39.278
25.50	25.50	0.027406	39.373
25.50	25.50	0.027422	39.473
25.50	25.50	0.027439	39.578
25.50	25.50	0.027456	39.673
25.50	25.50	0.027472	39.773
25.50	25.50	0.027489	39.872
25.50	25.50	0.027506	39.973
25.50	25.50	0.027522	40.073
25.50	25.50	0.027539	40.177
25.50	25.50	0.027556	40.273
25.50	25.50	0.027572	40.397
25.50	25.50	0.027589	40.478
25.50	25.50	0.027606	40.571
25.48	25.50	0.027622	40.696
25.48	25.50	0.027639	40.800
25.48	25.50	0.027656	40.900
25.48	25.50	0.027672	40.995
25.48	25.50	0.027689	41.100
25.48	25.50	0.027706	41.199
25.48	25.50	0.027722	41.294
25.50	25.50	0.027739	41.398
25.50	25.50	0.027756	41.498
25.50	25.50	0.027772	41.592
25.50	25.50	0.027789	41.697
25.50	25.50	0.027806	41.792
25.50	25.50	0.027822	41.891
25.50	25.50	0.027839	41.996
25.50	25.50	0.027856	42.090
25.50	25.50	0.027872	42.190
25.50	25.50	0.027889	42.294
25.50	25.50	0.027906	42.389
25.50	25.50	0.027922	42.489
25.50	25.50	0.027939	42.593
25.50	25.50	0.027955	42.688
25.50	25.50	0.027972	42.787
25.50	25.50	0.027989	42.892
25.50	25.50	0.028005	42.986
25.50	25.50	0.028022	43.087
25.50	25.50	0.028039	43.191
25.50	25.50	0.028055	43.286
25.50	25.50	0.028072	43.386
25.50	25.50	0.028089	43.490
25.50	25.50	0.028105	43.585
25.50	25.50	0.028122	43.684
25.50	25.50	0.028139	43.789
25.53	25.50	0.028155	43.883
25.53	25.50	0.028172	43.983
25.53	25.50	0.028189	44.088
25.53	25.50	0.028205	44.182
25.53	25.50	0.028222	44.282
25.53	25.50	0.028239	44.386
25.50	25.50	0.028255	44.481
25.50	25.50	0.028272	44.581
25.50	25.50	0.028289	44.686
25.50	25.50	0.028305	44.779
25.50	25.50	0.028322	44.882
25.50	25.50	0.028339	44.984
25.50	25.50	0.028355	45.078
25.50	25.50	0.028372	45.181
25.50	25.50	0.028389	45.283
25.50	25.50	0.028405	45.378
25.50	25.50	0.028422	45.481
25.50	25.50	0.028439	45.582
25.50	25.50	0.028455	45.676
25.50	25.50	0.028472	45.781
25.50	25.50	0.028489	45.880
25.50	25.50	0.028505	45.975
25.50	25.50	0.028522	46.079
25.50	25.50	0.028539	46.179
25.50	25.50	0.028555	46.274
25.50	25.50	0.028572	46.378
25.50	25.50	0.028589	46.478
25.50	25.50	0.028605	46.574
25.50	25.50	0.028622	46.677
25.50	25.50	0.028639	46.776
25.50	25.50	0.028655	46.874
25.50	25.50	0.028672	46.976
25.50	25.50	0.028689	47.077
25.50	25.50	0.028705	47.174
25.50	25.50	0.028722	47.274
25.50	25.50	0.028739	47.377
25.48	25.50	0.028755	47.474
25.48	25.50	0.028772	47.574
25.48	25.50	0.028788	47.676
25.48	25.50	0.028805	47.774
25.48	25.50	0.028822	47.874
25.48	25.50	0.028838	47.976
25.48	25.50	0.028855	48.074
25.48	25.50	0.028872	48.174
25.50	25.50	0.028888	48.277
25.50	25.50	0.028905	48.373
25.50	25.50	0.028922	48.474
25.50	25.50	0.028938	48.576
25.50	25.50	0.028955	48.674
25.50	25.50	0.028972	48.774
25.50	25.50	0.028988	48.876
25.50	25.50	0.029005	48.974
25.50	25.50	0.029022	49.074
25.50	25.50	0.029038	49.177
25.50	25.50	0.029055	49.273
25.50	25.50	0.029072	49.374
25.50	25.50	0.029088	49.477
25.50	25.50	0.029105	49.574
25.50	25.50	0.029122	49.674
25.50	25.50	0.029138	49.776
25.50	25.50	0.029155	49.874
25.50	25.50	0.029172	49.974
25.50	25.50	0.029188	50.076
25.50	25.50	0.029205	50.173
25.50	25.50	0.029222	50.274
25.50	25.50	0.029238	50.377
25.50	25.50	0.029255	50.474
25.50	25.50	0.029272	50.574
25.50	25.50	0.029288	50.676
25.50	25.50	0.029305	50.774
25.50	25.50	0.029322	50.874
25.50	25.50	0.029338	50.976
25.50	25.50	0.029355	51.074
25.50	25.50	0.029372	51.174
25.50	25.50	0.029388	51.276
25.50	25.50	0.029405	51.374
25.50	25.50	0.029422	51.474
25.50	25.50	0.029438	51.577
25.50	25.50	0.029455	51.673
25.50	25.50	0.029472	51.774
25.50	25.50	0.029488	51.877
25.50	25.50	0.029505	51.974
25.50	25.50	0.029522	52.074
25.50	25.50	0.029538	52.176
25.50	25.50	0.029555	52.274
25.53	25.50	0.029572	52.374
25.53	25.50	0.029588	52.476
25.53	25.50	0.029605	52.573
25.53	25.50	0.029621	52.698
25.53	25.50	0.029638	52.776
25.50	25.50	0.029655	52.902
25.50	25.50	0.029671	52.996
25.50	25.50	0.029688	53.076
25.50	25.50	0.029705	53.201
25.50	25.50	0.029721	53.295
25.50	25.50	0.029738	53.400
25.50	25.50	0.029755	53.499
25.50	25.50	0.029771	53.594
25.50	25.50	0.029788	53.698
25.50	25.50	0.029805	53.798
25.50	25.50	0.029821	53.893
25.50	25.50	0.029838	53.997
25.50	25.50	0.029855	54.097
25.50	25.50	0.029871	54.192
25.50	25.50	0.029888	54.296
25.50	25.50	0.029905	54.391
25.50	25.50	0.029921	54.490
25.50	25.50	0.029938	54.595
25.50	25.50	0.029955	54.689
25.50	25.50	0.029971	54.789
25.50	25.50	0.029988	54.893
25.50	25.50	0.030005	54.988
25.50	25.50	0.030021	55.088
25.50	25.50	0.030038	55.192
25.50	25.50	0.030055	55.287
25.50	25.50	0.030071	55.386
25.50	25.50	0.030088	55.491
25.50	25.51	0.030105	55.585
25.50	25.51	0.030121	55.685
25.50	25.51	0.030138	55.791
25.50	25.51	0.030155	55.885
25.50	25.51	0.030171	55.985
25.50	25.51	0.030188	56.089
25.50	25.51	0.030205	56.183
25.50	25.51	0.030221	56.283
25.50	25.51	0.030238	56.388
25.50	25.51	0.030255	56.483
25.50	25.51	0.030271	56.582
25.50	25.51	0.030288	56.687
25.50	25.51	0.030305	56.781
25.50	25.52	0.030321	56.881
25.50	25.52	0.030338	56.985
25.50	25.52	0.030355	57.080
25.50	25.52	0.030371	57.181
25.50	25.52	0.030388	57.284
25.50	25.52	0.030405	57.379
25.50	25.52	0.030421	57.480
25.50	25.52	0.030438	57.583
25.50	25.52	0.030454	57.677
25.53	25.52	0.030471	57.780
25.53	25.52	0.030488	57.881
25.53	25.52	0.030504	57.976
25.53	25.52	0.030521	58.081
25.53	25.53	0.030538	58.180
25.53	25.53	0.030554	58.277
25.53	25.53	0.030571	58.379
25.53	25.53	0.030588	58.479
25.53	25.53	0.030604	58.577
25.53	25.53	0.030621	58.678
25.53	25.53	0.030638	58.778
25.53	25.53	0.030654	58.878
25.53	25.53	0.030671	58.978
25.53	25.53	0.030688	59.078
25.55	25.53	0.030704	59.178
25.55	25.53	0.030721	59.277
25.55	25.53	0.030738	59.378
25.55	25.54	0.030754	59.478
25.55	25.54	0.030771	59.578
25.55	25.54	0.030788	59.678
25.55	25.54	0.030804	59.778
25.55	25.54	0.030821	59.878
25.55	25.54	0.030838	59.978
25.55	25.54	0.030854	00.078
25.55	25.54	0.030871	00.178
25.55	25.54	0.030888	00.277
25.53	25.54	0.030904	00.378
25.53	25.54	0.030921	00.478
25.53	25.54	0.030938	00.578
25.53	25.54	0.030954	00.678
25.53	25.55	0.030971	00.778
25.53	25.55	0.030988	00.878
25.53	25.55	0.031004	00.977
25.53	25.55	0.031021	01.078
25.53	25.55	0.031038	01.177
25.53	25.55	0.031054	01.278
25.53	25.55	0.031071	01.378
25.55	25.55	0.031088	01.478
25.55	25.55	0.031104	01.578
25.55	25.55	0.031121	01.678
25.55	25.55	0.031138	01.778
25.55	25.55	0.031154	01.877
25.55	25.55	0.031171	01.978
25.55	25.56	0.031188	02.079
25.55	25.56	0.031204	02.179
25.55	25.56	0.031221	02.279
25.55	25.56	0.031238	02.379
25.55	25.56	0.031254	02.479
25.55	25.56	0.031271	02.579
25.55	25.56	0.031287	02.679
25.55	25.56	0.031304	02.778
25.55	25.56	0.031321	02.879
25.58	25.56	0.031337	02.979
25.58	25.56	0.031354	03.078
25.58	25.56	0.031371	03.179
25.58	25.56	0.031387	03.279
25.58	25.57	0.031404	03.379
25.58	25.57	0.031421	03.479
25.58	25.57	0.031437	03.579
25.58	25.57	0.031454	03.678
25.58	25.57	0.031471	03.778
25.58	25.57	0.031487	03.903
25.58	25.57	0.031504	04.007
25.58	25.57	0.031521	04.102
25.58	25.57	0.031537	04.201
25.58	25.57	0.031554	04.306
25.58	25.57	0.031571	04.401
25.58	25.57	0.031587	04.500
25.58	25.57	0.031604	04.605
25.55	25.58	0.031621	04.699
25.55	25.58	0.031637	04.800
25.55	25.58	0.031654	04.903
25.55	25.58	0.031671	04.998
25.55	25.58	0.031687	05.100
25.55	25.58	0.031704	05.202
25.55	25.58	0.031721	05.296
25.58	25.58	0.031737	05.399
25.58	25.58	0.031754	05.501
25.58	25.58	0.031771	05.595
25.58	25.58	0.031787	05.700
25.58	25.58	0.031804	05.799
25.58	25.58	0.031821	05.894
25.58	25.59	0.031837	05.998
25.58	25.59	0.031854	06.098
25.58	25.59	0.031871	06.193
25.58	25.59	0.031887	06.297
25.58	25.59	0.031904	06.398
25.58	25.59	0.031921	06.491
25.60	25.59	0.031937	06.597
25.60	25.59	0.031954	06.696
25.60	25.59	0.031971	06.790
25.60	25.59	0.031987	06.895
25.60	25.59	0.032004	06.995
25.60	25.59	0.032021	07.089
25.60	25.59	0.032037	07.194
25.60	25.60	0.032054	07.288
25.60	25.60	0.032071	07.388
25.60	25.60	0.032087	07.492
25.60	25.60	0.032104	07.587
25.60	25.60	0.032120	07.687
25.60	25.60	0.032137	07.791
25.60	25.60	0.032154	07.886
25.60	25.60	0.032170	07.986
25.60	25.60	0.032187	08.091
25.60	25.60	0.032204	08.185
25.60	25.60	0.032220	08.285
25.60	25.60	0.032237	08.389
25.60	25.60	0.032254	08.484
25.60	25.61	0.032270	08.584
25.60	25.61	0.032287	08.688
25.60	25.61	0.032304	08.783
25.60	25.61	0.032320	08.882
25.60	25.61	0.032337	08.987
25.60	25.61	0.032354	09.081
25.60	25.61	0.032370	09.181
25.60	25.61	0.032387	09.286
25.60	25.61	0.032404	09.380
25.60	25.61	0.032420	09.480
25.60	25.61	0.032437	09.584
25.60	25.61	0.032454	09.680
25.63	25.61	0.032470	09.780
25.63	25.62	0.032487	09.883
25.63	25.62	0.032504	09.979
25.63	25.62	0.032520	10.080
25.63	25.62	0.032537	10.182
25.63	25.62	0.032554	10.280
25.63	25.62	0.032570	10.380
25.63	25.62	0.032587	10.480
25.63	25.62	0.032604	10.580
25.63	25.62	0.032620	10.679
25.63	25.62	0.032637	10.780
25.63	25.62	0.032654	10.880
25.63	25.62	0.032670	10.980
25.63	25.62	0.032687	11.080
25.63	25.62	0.032704	11.180
25.63	25.63	0.032720	11.280
25.63	25.63	0.032737	11.380
25.63	25.63	0.032754	11.480
25.60	25.63	0.032770	11.579
25.60	25.63	0.032787	11.680
25.60	25.63	0.032804	11.780
25.60	25.63	0.032820	11.880
25.60	25.63	0.032837	11.979
25.63	25.63	0.032854	12.080
25.63	25.63	0.032870	12.179
25.63	25.63	0.032887	12.280
25.63	25.63	0.032904	12.380
25.63	25.63	0.032920	12.480
25.63	25.64	0.032937	12.580
25.63	25.64	0.032953	12.680
25.63	25.64	0.032970	12.780
25.63	25.64	0.032987	12.879
25.63	25.64	0.033003	12.980
25.63	25.64	0.033020	13.080
25.63	25.64	0.033037	13.180
25.66	25.64	0.033053	13.280
25.66	25.64	0.033070	13.380
25.66	25.64	0.033087	13.480
25.66	25.64	0.033103	13.579
25.66	25.64	0.033120	13.680
25.66	25.64	0.033137	13.780
25.66	25.65	0.033153	13.880
25.66	25.65	0.033170	13.980
25.66	25.65	0.033187	14.080
25.66	25.65	0.033203	14.181
25.66	25.65	0.033220	14.281
25.66	25.65	0.033237	14.381
25.66	25.65	0.033253	14.481
25.66	25.65	0.033270	14.581
25.63	25.65	0.033287	14.681
25.63	25.65	0.033303	14.781
25.63	25.65	0.033320	14.880
25.63	25.65	0.033337	14.981
25.63	25.65	0.033353	15.081
25.63	25.66	0.033370	15.181
25.63	25.66	0.033387	15.281
25.63	25.66	0.033403	15.381
25.63	25.66	0.033420	15.481
25.66	25.66	0.033437	15.605
25.66	25.66	0.033453	15.710
25.66	25.66	0.033470	15.804
25.66	25.66	0.033487	15.904
25.66	25.66	0.033503	16.008
25.66	25.66	0.033520	16.103
25.66	25.66	0.033537	16.203
25.66	25.66	0.033553	16.307
25.66	25.66	0.033570	16.402
25.66	25.67	0.033587	16.502
25.66	25.67	0.033603	16.606
25.66	25.67	0.033620	16.701
25.68	25.67	0.033637	16.800
25.68	25.67	0.033653	16.905
25.68	25.67	0.033670	16.999
25.68	25.67	0.033687	17.099
25.68	25.67	0.033703	17.204
25.68	25.67	0.033720	17.298
25.68	25.67	0.033737	17.399
25.68	25.67	0.033753	17.502
25.68	25.67	0.033770	17.597
25.68	25.67	0.033786	17.698
25.68	25.68	0.033803	17.801
25.68	25.68	0.033820	17.896
25.68	25.68	0.033836	17.998
25.68	25.68	0.033853	18.100
25.68	25.68	0.033870	18.194
25.68	25.68	0.033886	18.299
25.68	25.68	0.033903	18.398
25.68	25.68	0.033920	18.493
25.68	25.68	0.033936	18.597
25.68	25.68	0.033953	18.697
25.68	25.68	0.033970	18.792
25.68	25.68	0.033986	18.897
25.68	25.68	0.034003	18.996
25.68	25.69	0.034020	19.091
25.68	25.69	0.034036	19.195
25.68	25.69	0.034053	19.295
25.68	25.69	0.034070	19.389
25.68	25.69	0.034086	19.494
25.68	25.69	0.034103	19.593
25.68	25.69	0.034120	19.688
25.68	25.69	0.034136	19.793
25.68	25.69	0.034153	19.887
25.68	25.69	0.034170	19.987
25.68	25.69	0.034186	20.092
25.68	25.69	0.034203	20.187
25.68	25.69	0.034220	20.286
25.68	25.70	0.034236	20.391
25.71	25.70	0.034253	20.485
25.71	25.70	0.034270	20.585
25.71	25.70	0.034286	20.690
25.71	25.70	0.034303	20.784
25.71	25.70	0.034320	20.884
25.71	25.70	0.034336	20.988
25.71	25.70	0.034353	21.083
25.71	25.70	0.034370	21.183
25.71	25.70	0.034386	21.287
25.71	25.70	0.034403	21.382
25.71	25.70	0.034420	21.482
25.71	25.70	0.034436	21.586
25.71	25.71	0.034453	21.681
25.71	25.71	0.034470	21.782
25.71	25.71	0.034486	21.885
25.71	25.71	0.034503	21.982
25.71	25.71	0.034520	22.082
25.71	25.71	0.034536	22.183
25.71	25.71	0.034553	22.282
25.71	25.71	0.034570	22.381
25.71	25.71	0.034586	22.482
25.71	25.71	0.034603	22.581
25.71	25.71	0.034619	22.682
25.71	25.71	0.034636	22.782
25.71	25.71	0.034653	22.882
25.71	25.72	0.034669	22.982
25.71	25.72	0.034686	23.082
25.71	25.72	0.034703	23.182
25.71	25.72	0.034719	23.281
25.71	25.72	0.034736	23.382
25.71	25.72	0.034753	23.482
25.71	25.72	0.034769	23.582
25.71	25.72	0.034786	23.682
25.71	25.72	0.034803	23.782
25.71	25.72	0.034819	23.882
25.71	25.72	0.034836	23.982
25.71	25.72	0.034853	24.082
25.73	25.72	0.034869	24.182
25.73	25.73	0.034886	24.282
25.73	25.73	0.034903	24.382
25.73	25.73	0.034919	24.482
25.73	25.73	0.034936	24.582
25.73	25.73	0.034953	24.682
25.73	25.73	0.034969	24.782
25.73	25.73	0.034986	24.881
25.73	25.73	0.035003	24.982
25.73	25.73	0.035019	25.082
25.73	25.73	0.035036	25.182
25.73	25.73	0.035053	25.282
25.73	25.73	0.035069	25.382
25.73	25.73	0.035086	25.482
25.73	25.74	0.035103	25.581
25.73	25.74	0.035119	25.682
25.73	25.74	0.035136	25.782
25.73	25.74	0.035153	25.882
25.73	25.74	0.035169	25.982
25.73	25.74	0.035186	26.082
25.73	25.74	0.035203	26.182
25.73	25.74	0.035219	26.282
25.73	25.74	0.035236	26.382
25.73	25.74	0.035253	26.481
25.73	25.74	0.035269	26.582
25.76	25.74	0.035286	26.682
25.76	25.74	0.035303	26.782
25.76	25.75	0.035319	26.882
25.76	25.75	0.035336	26.982
25.76	25.75	0.035353	27.082
25.76	25.75	0.035369	27.182
25.76	25.75	0.035386	27.282
25.76	25.75	0.035403	27.381
25.76	25.75	0.035419	27.482
25.76	25.75	0.035436	27.582
25.76	25.75	0.035452	27.711
25.76	25.75	0.035469	27.781
25.76	25.75	0.035486	27.905
25.76	25.75	0.035502	28.010
25.76	25.75	0.035519	28.104
25.76	25.76	0.035536	28.204
25.76	25.76	0.035552	28.308
25.76	25.76	0.035569	28.403
25.73	25.76	0.035586	28.503
25.73	25.76	0.035602	28.607
25.73	25.76	0.035619	28.702
25.73	25.76	0.035636	28.801
25.73	25.76	0.035652	28.906
25.73	25.76	0.035669	29.000
25.76	25.76	0.035686	29.101
25.76	25.76	0.035702	29.205
25.76	25.76	0.035719	29.300
25.76	25.76	0.035736	29.400
25.76	25.77	0.035752	29.504
25.76	25.77	0.035769	29.599
25.76	25.77	0.035786	29.698
25.76	25.77	0.035802	29.803
25.76	25.77	0.035819	29.897
25.76	25.77	0.035836	29.997
25.76	25.77	0.035852	30.102
25.78	25.77	0.035869	30.196
25.78	25.77	0.035886	30.298
25.78	25.77	0.035902	30.400
25.78	25.77	0.035919	30.495
25.78	25.77	0.035936	30.597
25.78	25.77	0.035952	30.699
25.78	25.78	0.035969	30.793
25.78	25.78	0.035986	30.897
25.78	25.78	0.036002	30.998
25.78	25.78	0.036019	31.092
25.78	25.78	0.036036	31.197
25.78	25.78	0.036052	31.296
25.78	25.78	0.036069	31.391
25.78	25.78	0.036086	31.495
25.78	25.78	0.036102	31.595
25.78	25.78	0.036119	31.690
25.78	25.78	0.036136	31.794
25.78	25.78	0.036152	31.894
25.78	25.78	0.036169	31.989
25.78	25.79	0.036186	32.093
25.78	25.79	0.036202	32.193
25.78	25.79	0.036219	32.287
25.78	25.79	0.036236	32.392
25.78	25.79	0.036252	32.486
25.78	25.79	0.036269	32.586
25.78	25.79	0.036285	32.691
25.78	25.79	0.036302	32.785
25.78	25.79	0.036319	32.885
25.81	25.79	0.036335	32.989
25.81	25.79	0.036352	33.085
25.81	25.79	0.036369	33.184
25.81	25.79	0.036385	33.289
25.81	25.80	0.036402	33.383
25.81	25.80	0.036419	33.484
25.81	25.80	0.036435	33.588
25.81	25.80	0.036452	33.684
25.81	25.80	0.036469	33.784
25.81	25.80	0.036485	33.886
25.81	25.80	0.036502	33.984
25.81	25.80	0.036519	34.083
25.81	25.80	0.036535	34.185
25.81	25.80	0.036552	34.283
25.81	25.80	0.036569	34.384
25.81	25.80	0.036585	34.484
25.78	25.80	0.036602	34.584
25.78	25.81	0.036619	34.684
25.78	25.81	0.036635	34.784
25.78	25.81	0.036652	34.884
25.78	25.81	0.036669	34.983
25.78	25.81	0.036685	35.084
25.78	25.81	0.036702	35.184
25.81	25.81	0.036719	35.284
25.81	25.81	0.036735	35.384
25.81	25.81	0.036752	35.484
25.81	25.81	0.036769	35.584
25.81	25.81	0.036785	35.683
25.81	25.81	0.036802	35.784
25.81	25.81	0.036819	35.883
25.81	25.82	0.036835	35.984
25.81	25.82	0.036852	36.084
25.81	25.82	0.036869	36.184
25.81	25.82	0.036885	36.284
25.81	25.82	0.036902	36.384
25.81	25.82	0.036919	36.484
25.84	25.82	0.036935	36.583
25.84	25.82	0.036952	36.684
25.84	25.82	0.036969	36.784
25.84	25.82	0.036985	36.884
25.84	25.82	0.037002	36.984
25.84	25.82	0.037019	37.084
25.84	25.82	0.037035	37.184
25.84	25.83	0.037052	37.284
25.84	25.83	0.037069	37.384
25.84	25.83	0.037085	37.483
25.84	25.83	0.037102	37.584
25.84	25.83	0.037118	37.684
25.84	25.83	0.037135	37.784
25.84	25.83	0.037152	37.884
25.84	25.83	0.037168	37.984
25.81	25.83	0.037185	38.084
25.81	25.83	0.037202	38.184
25.81	25.83	0.037218	38.284
25.81	25.83	0.037235	38.383
25.81	25.83	0.037252	38.484
25.81	25.84	0.037268	38.584
25.81	25.84	0.037285	38.684
25.81	25.84	0.037302	38.784
25.81	25.84	0.037318	38.884
25.84	25.84	0.037335	38.984
25.84	25.84	0.037352	39.083
25.84	25.84	0.037368	39.184
25.84	25.84	0.037385	39.283
25.84	25.84	0.037402	39.384
25.84	25.84	0.037418	39.484
25.84	25.84	0.037435	39.608
25.84	25.84	0.037452	39.713
25.84	25.84	0.037468	39.812
25.84	25.84	0.037485	39.907
25.84	25.85	0.037502	40.011
25.84	25.85	0.037518	40.106
25.86	25.85	0.037535	40.205
25.86	25.85	0.037552	40.310
25.86	25.85	0.037568	40.405
25.86	25.85	0.037585	40.504
25.86	25.85	0.037602	40.609
25.86	25.85	0.037618	40.703
25.86	25.85	0.037635	40.803
25.86	25.85	0.037652	40.907
25.86	25.85	0.037668	41.002
25.86	25.85	0.037685	41.102
25.86	25.85	0.037702	41.206
25.86	25.86	0.037718	41.301
25.86	25.86	0.037735	41.400
25.86	25.86	0.037752	41.505
25.86	25.86	0.037768	41.599
25.86	25.86	0.037785	41.699
25.86	25.86	0.037802	41.804
25.86	25.86	0.037818	41.899
25.86	25.86	0.037835	41.999
25.86	25.86	0.037852	42.103
25.86	25.86	0.037868	42.198
25.86	25.86	0.037885	42.297
25.86	25.86	0.037902	42.402
25.86	25.86	0.037918	42.496
25.86	25.87	0.037935	42.596
25.86	25.87	0.037951	42.700
25.86	25.87	0.037968	42.795
25.86	25.87	0.037985	42.897
25.86	25.87	0.038001	42.999
25.86	25.87	0.038018	43.094
25.86	25.87	0.038035	43.196
25.86	25.87	0.038051	43.298
25.86	25.87	0.038068	43.393
25.86	25.87	0.038085	43.496
25.86	25.87	0.038101	43.597
25.86	25.87	0.038118	43.691
25.86	25.87	0.038135	43.796
25.86	25.88	0.038151	43.895
25.86	25.88	0.038168	43.990
25.86	25.88	0.038185	44.094
25.86	25.88	0.038201	44.194
25.86	25.88	0.038218	44.289
25.89	25.88	0.038235	44.394
25.89	25.88	0.038251	44.493
25.89	25.88	0.038268	44.587
25.89	25.88	0.038285	44.692
25.89	25.88	0.038301	44.792
25.89	25.88	0.038318	44.886
25.89	25.88	0.038335	44.991
25.89	25.88	0.038351	45.085
25.89	25.89	0.038368	45.185
25.89	25.89	0.038385	45.289
25.89	25.89	0.038401	45.384
25.89	25.89	0.038418	45.484
25.89	25.89	0.038435	45.588
25.89	25.89	0.038451	45.684
25.89	25.89	0.038468	45.784
25.89	25.89	0.038485	45.887
25.89	25.89	0.038501	45.983
25.89	25.89	0.038518	46.084
25.89	25.89	0.038535	46.186
25.89	25.89	0.038551	46.284
25.89	25.89	0.038568	46.384
25.89	25.90	0.038585	46.485
25.89	25.90	0.038601	46.585
25.89	25.90	0.038618	46.685
25.89	25.90	0.038635	46.785
25.89	25.90	0.038651	46.884
25.89	25.90	0.038668	46.985
25.89	25.90	0.038685	47.085
25.89	25.90	0.038701	47.185
25.89	25.90	0.038718	47.285
25.89	25.90	0.038735	47.385
25.91	25.90	0.038751	47.485
25.91	25.90	0.038768	47.585
25.91	25.90	0.038784	47.685
25.91	25.91	0.038801	47.784
25.91	25.91	0.038818	47.885
25.91	25.91	0.038834	47.985
25.91	25.91	0.038851	48.085
25.91	25.91	0.038868	48.185
25.91	25.91	0.038884	48.285
25.91	25.91	0.038901	48.385
25.91	25.91	0.038918	48.484
25.91	25.91	0.038934	48.585
25.91	25.91	0.038951	48.684
25.91	25.91	0.038968	48.785
25.91	25.91	0.038984	48.885
25.91	25.91	0.039001	48.985
25.91	25.92	0.039018	49.085
25.91	25.92	0.039034	49.185
25.91	25.92	0.039051	49.285
25.91	25.92	0.039068	49.384
25.91	25.92	0.039084	49.485
25.91	25.92	0.039101	49.585
25.91	25.92	0.039118	49.685
25.91	25.92	0.039134	49.785
25.91	25.92	0.039151	49.884
25.91	25.92	0.039168	49.985
25.94	25.92	0.039184	50.084
25.94	25.92	0.039201	50.185
25.94	25.92	0.039218	50.285
25.94	25.93	0.039234	50.385
25.94	25.93	0.039251	50.485
25.94	25.93	0.039268	50.585
25.94	25.93	0.039284	50.685
25.94	25.93	0.039301	50.784
25.94	25.93	0.039318	50.885
25.94	25.93	0.039334	50.985
25.94	25.93	0.039351	51.085
25.94	25.93	0.039368	51.185
25.94	25.93	0.039384	51.285
25.94	25.93	0.039401	51.385
25.94	25.93	0.039418	51.485
25.94	25.93	0.039434	51.585
25.94	25.94	0.039451	51.684
25.94	25.94	0.039468	51.814
25.91	25.94	0.039484	51.908
25.91	25.94	0.039501	52.013
25.91	25.94	0.039518	52.113
25.91	25.94	0.039534	52.207
25.91	25.94	0.039551	52.312
25.94	25.94	0.039568	52.411
25.94	25.94	0.039584	52.506
25.94	25.94	0.039601	52.610
25.94	25.94	0.039617	52.705
25.94	25.94	0.039634	52.805
25.94	25.94	0.039651	52.909
25.94	25.95	0.039667	53.004
25.94	25.95	0.039684	53.103
25.94	25.95	0.039701	53.208
25.94	25.95	0.039717	53.302
25.94	25.95	0.039734	53.402
25.94	25.95	0.039751	53.506
25.96	25.95	0.039767	53.601
25.96	25.95	0.039784	53.701
25.96	25.95	0.039801	53.805
25.96	25.95	0.039817	53.900
25.96	25.95	0.039834	53.999
25.96	25.95	0.039851	54.104
25.96	25.95	0.039867	54.199
25.96	25.96	0.039884	54.299
25.96	25.96	0.039901	54.403
25.96	25.96	0.039917	54.498
25.96	25.96	0.039934	54.597
25.96	25.96	0.039951	54.702
25.96	25.96	0.039967	54.796
25.96	25.96	0.039984	54.896
25.96	25.96	0.040001	55.000
25.96	25.96	0.040017	55.095
25.96	25.96	0.040034	55.196
25.96	25.96	0.040051	55.299
25.96	25.96	0.040067	55.394
25.96	25.96	0.040084	55.495
25.96	25.97	0.040101	55.598
25.96	25.97	0.040117	55.692
25.96	25.97	0.040134	55.795
25.96	25.97	0.040151	55.897
25.96	25.97	0.040167	55.991
25.96	25.97	0.040184	56.095
25.96	25.97	0.040201	56.195
25.99	25.97	0.040217	56.291
25.99	25.97	0.040234	56.395
25.99	25.97	0.040251	56.495
25.99	25.97	0.040267	56.590
25.99	25.97	0.040284	56.694
25.99	25.97	0.040301	56.794
25.99	25.98	0.040317	56.888
25.99	25.98	0.040334	56.993
25.99	25.98	0.040351	57.092
25.99	25.98	0.040367	57.187
25.99	25.98	0.040384	57.291
25.99	25.98	0.040401	57.391
25.96	25.98	0.040417	57.486
25.96	25.98	0.040434	57.590
25.96	25.98	0.040450	57.686
25.96	25.98	0.040467	57.786
25.96	25.98	0.040484	57.889
25.96	25.98	0.040500	57.985
25.96	25.98	0.040517	58.086
25.96	25.99	0.040534	58.187
25.96	25.99	0.040550	58.290
25.99	25.99	0.040567	58.386
25.99	25.99	0.040584	58.486
25.99	25.99	0.040600	58.586
25.99	25.99	0.040617	58.686
25.99	25.99	0.040634	58.786
25.99	25.99	0.040650	58.885
25.99	25.99	0.040667	58.986
25.99	25.99	0.040684	59.086
25.99	25.99	0.040700	59.190
25.99	25.99	0.040717	59.286
25.99	25.99	0.040734	59.386
25.99	26.00	0.040750	59.491
25.99	26.00	0.040767	59.585
25.99	26.00	0.040784	59.686
25.99	26.00	0.040800	59.786
25.99	26.00	0.040817	59.886
25.99	26.00	0.040834	59.986
25.99	26.00	0.040850	00.090
26.02	26.00	0.040867	00.186
26.02	26.00	0.040884	00.285
26.02	26.00	0.040900	00.390
26.02	26.00	0.040917	00.485
26.02	26.00	0.040934	00.586
26.02	26.00	0.040950	00.691
26.02	26.01	0.040967	00.786
26.02	26.01	0.040984	00.886
26.02	26.01	0.041000	00.990
26.02	26.01	0.041017	01.086
26.02	26.01	0.041034	01.185
26.02	26.01	0.041050	01.290
25.99	26.01	0.041067	01.386
25.99	26.01	0.041084	01.486
25.99	26.01	0.041100	01.590
25.99	26.01	0.041117	01.686
25.99	26.01	0.041134	01.785
25.99	26.01	0.041150	01.890
25.99	26.01	0.041167	01.986
25.99	26.02	0.041184	02.086
25.99	26.02	0.041200	02.191
26.02	26.02	0.041217	02.286
26.02	26.02	0.041234	02.386
26.02	26.02	0.041250	02.490
26.02	26.02	0.041267	02.586
26.02	26.02	0.041283	02.685
26.02	26.02	0.041300	02.790
26.02	26.02	0.041317	02.885
26.02	26.02	0.041333	02.986
26.02	26.02	0.041350	03.091
26.02	26.02	0.041367	03.186
26.02	26.02	0.041383	03.286
26.02	26.03	0.041400	03.390
26.02	26.03	0.041417	03.486
26.04	26.03	0.041433	03.585
26.04	26.03	0.041450	03.690
26.04	26.03	0.041467	03.785
26.04	26.03	0.041483	03.910
26.04	26.03	0.041500	04.015
26.04	26.03	0.041517	04.114
26.04	26.03	0.041533	04.209
26.04	26.03	0.041550	04.313
26.04	26.03	0.041567	04.413
26.04	26.03	0.041583	04.507
26.04	26.03	0.041600	04.611
26.04	26.04	0.041617	04.711
26.04	26.04	0.041633	04.805
26.04	26.04	0.041650	04.911
26.04	26.04	0.041667	05.011
26.04	26.04	0.041683	05.105
26.04	26.04	0.041700	05.210
26.04	26.04	0.041717	05.304
26.04	26.04	0.041733	05.404
26.04	26.04	0.041750	05.508
26.04	26.04	0.041767	05.603
26.04	26.04	0.041783	05.702
26.04	26.04	0.041800	05.807
26.04	26.04	0.041817	05.902
26.04	26.05	0.041833	06.001
26.04	26.05	0.041850	06.106
26.04	26.05	0.041867	06.200
26.04	26.05	0.041883	06.300
26.04	26.05	0.041900	06.404
26.04	26.05	0.041917	06.498
26.04	26.05	0.041933	06.599
26.04	26.05	0.041950	06.704
26.04	26.05	0.041967	06.797
26.04	26.05	0.041983	06.898
26.04	26.05	0.042000	07.002
26.04	26.05	0.042017	07.097
26.04	26.05	0.042033	07.196
26.04	26.06	0.042050	07.301
26.04	26.06	0.042067	07.396
26.07	26.06	0.042083	07.495
26.07	26.06	0.042100	07.600
26.07	26.06	0.042116	07.695
26.07	26.06	0.042133	07.794
26.07	26.06	0.042150	07.899
26.07	26.06	0.042166	07.993
26.07	26.06	0.042183	08.094
26.07	26.06	0.042200	08.198
26.07	26.06	0.042216	08.292
26.07	26.06	0.042233	08.395
26.07	26.06	0.042250	08.496
26.07	26.07	0.042266	08.591
26.07	26.07	0.042283	08.694
26.07	26.07	0.042300	08.795
26.07	26.07	0.042316	08.889
26.07	26.07	0.042333	08.994
26.07	26.07	0.042350	09.094
26.07	26.07	0.042366	09.188
26.07	26.07	0.042383	09.293
26.07	26.07	0.042400	09.392
26.07	26.07	0.042416	09.487
26.07	26.07	0.042433	09.591
26.07	26.07	0.042450	09.691
26.07	26.07	0.042466	09.786
26.07	26.08	0.042483	09.890
26.07	26.08	0.042500	09.990
26.07	26.08	0.042516	10.086
26.07	26.08	0.042533	10.189
26.07	26.08	0.042550	10.289
26.07	26.08	0.042566	10.386
26.07	26.08	0.042583	10.487
26.07	26.08	0.042600	10.589
26.07	26.08	0.042616	10.686
26.07	26.08	0.042633	10.786
26.07	26.08	0.042650	10.890
26.07	26.08	0.042666	10.986
26.07	26.08	0.042683	11.086
26.07	26.08	0.042700	11.189
26.09	26.09	0.042716	11.286
26.09	26.09	0.042733	11.385
26.09	26.09	0.042750	11.489
26.09	26.09	0.042766	11.586
26.09	26.09	0.042783	11.685
26.09	26.09	0.042800	11.790
26.09	26.09	0.042816	11.886
26.09	26.09	0.042833	11.986
26.09	26.09	0.042850	12.089
26.09	26.09	0.042866	12.186
26.09	26.09	0.042883	12.286
26.09	26.09	0.042900	12.389
26.09	26.09	0.042916	12.486
26.09	26.10	0.042933	12.586
26.09	26.10	0.042949	12.689
26.09	26.10	0.042966	12.786
26.09	26.10	0.042983	12.886
26.09	26.10	0.042999	12.989
26.09	26.10	0.043016	13.086
26.09	26.10	0.043033	13.186
26.12	26.10	0.043049	13.289
26.12	26.10	0.043066	13.386
26.12	26.10	0.043083	13.486
26.12	26.10	0.043099	13.589
26.12	26.10	0.043116	13.686
26.12	26.10	0.043133	13.786
26.12	26.11	0.043149	13.889
26.12	26.11	0.043166	13.986
26.12	26.11	0.043183	14.086
26.12	26.11	0.043199	14.189
26.12	26.11	0.043216	14.286
26.12	26.11	0.043233	14.386
26.12	26.11	0.043249	14.489
26.12	26.11	0.043266	14.585
26.12	26.11	0.043283	14.686
26.09	26.11	0.043299	14.789
26.09	26.11	0.043316	14.886
26.09	26.11	0.043333	14.986
26.09	26.11	0.043349	15.089
26.09	26.12	0.043366	15.186
26.09	26.12	0.043383	15.286
26.09	26.12	0.043399	15.389
26.09	26.12	0.043416	15.485
26.09	26.12	0.043433	15.586
26.09	26.12	0.043449	15.689
26.12	26.12	0.043466	15.786
26.12	26.12	0.043483	15.886
26.12	26.12	0.043499	15.989
26.12	26.12	0.043516	16.086
26.12	26.12	0.043533	16.210
26.12	26.12	0.043549	16.289
26.12	26.12	0.043566	16.414
26.12	26.13	0.043583	16.509
26.12	26.13	0.043599	16.613
26.12	26.13	0.043616	16.713
26.14	26.13	0.043633	16.808
26.14	26.13	0.043649	16.912
26.14	26.13	0.043666	17.012
26.14	26.13	0.043683	17.106
26.14	26.13	0.043699	17.211
26.14	26.13	0.043716	17.310
26.14	26.13	0.043733	17.405
26.14	26.13	0.043749	17.510
26.14	26.13	0.043766	17.609
26.14	26.13	0.043782	17.704
26.14	26.14	0.043799	17.808
26.14	26.14	0.043816	17.903
26.14	26.14	0.043832	18.002
26.14	26.14	0.043849	18.107
26.14	26.14	0.043866	18.201
26.14	26.14	0.043882	18.301
26.14	26.14	0.043899	18.406
26.14	26.14	0.043916	18.500
26.14	26.14	0.043932	18.600
26.14	26.14	0.043949	18.704
26.14	26.14	0.043966	18.799
26.14	26.14	0.043982	18.898
26.14	26.14	0.043999	19.003
26.14	26.15	0.044016	19.098
26.14	26.15	0.044032	19.198
26.14	26.15	0.044049	19.302
26.14	26.15	0.044066	19.397
26.14	26.15	0.044082	19.496
26.14	26.15	0.044099	19.601
26.14	26.15	0.044116	19.695
26.14	26.15	0.044132	19.795
26.14	26.15	0.044149	19.900
26.14	26.15	0.044166	19.994
26.14	26.15	0.044182	20.094
26.17	26.15	0.044199	20.198
26.17	26.15	0.044216	20.294
26.17	26.16	0.044232	20.393
26.17	26.16	0.044249	20.498
26.17	26.16	0.044266	20.591
26.17	26.16	0.044282	20.693
26.17	26.16	0.044299	20.797
26.17	26.16	0.044316	20.891
26.17	26.16	0.044332	20.993
26.17	26.16	0.044349	21.095
26.17	26.16	0.044366	21.190
26.17	26.16	0.044382	21.292
26.17	26.16	0.044399	21.394
26.17	26.16	0.044416	21.489
26.17	26.16	0.044432	21.593
26.17	26.17	0.044449	21.693
26.17	26.17	0.044466	21.787
26.17	26.17	0.044482	21.892
26.17	26.17	0.044499	21.991
26.14	26.17	0.044516	22.089
26.14	26.17	0.044532	22.190
26.14	26.17	0.044549	22.290
26.14	26.17	0.044566	22.389
26.14	26.17	0.044582	22.489
26.14	26.17	0.044599	22.589
26.17	26.17	0.044615	22.689
26.17	26.17	0.044632	22.789
26.17	26.17	0.044649	22.888
26.17	26.18	0.044665	22.989
26.17	26.18	0.044682	23.088
26.17	26.18	0.044699	23.189
26.17	26.18	0.044715	23.289
26.17	26.18	0.044732	23.389
26.17	26.18	0.044749	23.489
26.17	26.18	0.044765	23.589
26.19	26.18	0.044782	23.689
26.19	26.18	0.044799	23.788
26.19	26.18	0.044815	23.889
26.19	26.18	0.044832	23.989
26.19	26.18	0.044849	24.089
26.19	26.18	0.044865	24.189
26.19	26.19	0.044882	24.289
26.19	26.19	0.044899	24.389
26.19	26.19	0.044915	24.489
26.19	26.19	0.044932	24.589
26.19	26.19	0.044949	24.689
26.19	26.19	0.044965	24.789
26.19	26.19	0.044982	24.888
26.19	26.19	0.044999	24.989
26.19	26.19	0.045015	25.089
26.19	26.19	0.045032	25.189
26.19	26.19	0.045049	25.289
26.19	26.19	0.045065	25.389
26.19	26.19	0.045082	25.489
26.19	26.20	0.045099	25.588
26.19	26.20	0.045115	25.689
26.19	26.20	0.045132	25.788
26.19	26.20	0.045149	25.889
26.22	26.20	0.045165	25.989
26.22	26.20	0.045182	26.089
26.22	26.20	0.045199	26.189
26.22	26.20	0.045215	26.289
26.22	26.20	0.045232	26.389
26.22	26.20	0.045249	26.488
26.22	26.20	0.045265	26.589
26.22	26.20	0.045282	26.689
26.22	26.20	0.045299	26.789
26.22	26.21	0.045315	26.889
26.22	26.21	0.045332	26.989
26.19	26.21	0.045349	27.089
26.19	26.21	0.045365	27.189
26.19	26.21	0.045382	27.289
26.19	26.21	0.045399	27.388
26.19	26.21	0.045415	27.489
26.19	26.21	0.045432	27.589
26.19	26.21	0.045448	27.688
26.19	26.21	0.045465	27.788
26.19	26.21	0.045482	27.912
26.19	26.21	0.045498	28.012
26.19	26.21	0.045515	28.116
26.22	26.22	0.045532	28.211
26.22	26.22	0.045548	28.312
26.22	26.22	0.045565	28.415
26.22	26.22	0.045582	28.510
26.22	26.22	0.045598	28.612
26.22	26.22	0.045615	28.715
26.22	26.22	0.045632	28.809
26.22	26.22	0.045648	28.912
26.22	26.22	0.045665	29.013
26.22	26.22	0.045682	29.108
26.22	26.22	0.045698	29.211
26.22	26.22	0.045715	29.312
26.25	26.22	0.045732	29.407
26.25	26.23	0.045748	29.511
26.25	26.23	0.045765	29.611
26.25	26.23	0.045782	29.705
26.25	26.23	0.045798	29.810
26.25	26.23	0.045815	29.909
26.25	26.23	0.045832	30.004
26.25	26.23	0.045848	30.108
26.25	26.23	0.045865	30.208
26.22	26.23	0.045882	30.303
26.22	26.23	0.045898	30.407
26.22	26.23	0.045915	30.502
26.22	26.23	0.045932	30.601
26.22	26.23	0.045948	30.706
26.22	26.24	0.045965	30.800
26.22	26.24	0.045982	30.900
26.22	26.24	0.045998	31.004
26.22	26.24	0.046015	31.099
26.22	26.24	0.046032	31.199
26.22	26.24	0.046048	31.303
26.22	26.24	0.046065	31.398
26.25	26.24	0.046082	31.498
26.25	26.24	0.046098	31.603
26.25	26.24	0.046115	31.697
26.25	26.24	0.046132	31.797
26.25	26.24	0.046148	31.902
26.25	26.24	0.046165	31.996
26.25	26.25	0.046182	32.096
26.25	26.25	0.046198	32.200
26.25	26.25	0.046215	32.295
26.25	26.25	0.046232	32.394
26.25	26.25	0.046248	32.499
26.25	26.25	0.046265	32.593
26.25	26.25	0.046281	32.693
26.25	26.25	0.046298	32.798
26.25	26.25	0.046315	32.892
26.25	26.25	0.046331	32.992
26.25	26.25	0.046348	33.096
26.25	26.25	0.046365	33.191
26.25	26.25	0.046381	33.291
26.25	26.26	0.046398	33.395
26.25	26.26	0.046415	33.490
26.25	26.26	0.046431	33.591
26.25	26.26	0.046448	33.694
26.25	26.26	0.046465	33.789
26.25	26.26	0.046481	33.891
26.25	26.26	0.046498	33.992
26.25	26.26	0.046515	34.089
26.25	26.26	0.046531	34.191
26.27	26.26	0.046548	34.291
26.27	26.26	0.046565	34.389
26.27	26.26	0.046581	34.491
26.27	26.26	0.046598	34.591
26.27	26.27	0.046615	34.689
26.27	26.27	0.046631	34.790
26.27	26.27	0.046648	34.888
26.27	26.27	0.046665	34.989
26.27	26.27	0.046681	35.088
26.27	26.27	0.046698	35.189
26.27	26.27	0.046715	35.289
26.27	26.27	0.046731	35.389
26.27	26.27	0.046748	35.489
26.27	26.27	0.046765	35.589
26.27	26.27	0.046781	35.689
26.27	26.27	0.046798	35.788
26.27	26.27	0.046815	35.889
26.27	26.28	0.046831	35.989
26.27	26.28	0.046848	36.089
26.27	26.28	0.046865	36.189
26.27	26.28	0.046881	36.289
26.27	26.28	0.046898	36.389
26.27	26.28	0.046915	36.489
26.27	26.28	0.046931	36.589
26.27	26.28	0.046948	36.688
26.27	26.28	0.046965	36.789
26.27	26.28	0.046981	36.889
26.27	26.28	0.046998	36.989
26.27	26.28	0.047015	37.089
26.27	26.28	0.047031	37.189
26.27	26.29	0.047048	37.289
26.30	26.29	0.047065	37.388
26.30	26.29	0.047081	37.489
26.30	26.29	0.047098	37.588
26.30	26.29	0.047114	37.689
26.30	26.29	0.047131	37.789
26.30	26.29	0.047148	37.890
26.30	26.29	0.047164	37.990
26.30	26.29	0.047181	38.090
26.30	26.29	0.047198	38.190
26.30	26.29	0.047214	38.289
26.30	26.29	0.047231	38.390
26.30	26.29	0.047248	38.490
26.30	26.30	0.047264	38.590
26.30	26.30	0.047281	38.690
26.30	26.30	0.047298	38.790
26.30	26.30	0.047314	38.890
26.30	26.30	0.047331	38.990
26.30	26.30	0.047348	39.090
26.30	26.30	0.047364	39.189
26.30	26.30	0.047381	39.290
26.30	26.30	0.047398	39.390
26.30	26.30	0.047414	39.490
26.30	26.30	0.047431	39.590
26.30	26.30	0.047448	39.690
26.30	26.30	0.047464	39.790
26.30	26.30	0.047481	39.914
26.30	26.31	0.047498	40.014
26.30	26.31	0.047514	40.118
26.30	26.31	0.047531	40.213
26.30	26.31	0.047548	40.312
26.30	26.31	0.047564	40.417
26.30	26.31	0.047581	40.512
26.30	26.31	0.047598	40.611
26.30	26.31	0.047614	40.716
26.30	26.31	0.047631	40.810
26.30	26.31	0.047648	40.911
26.30	26.31	0.047664	41.014
26.30	26.31	0.047681	41.109
26.30	26.31	0.047698	41.211
26.30	26.32	0.047714	41.313
26.32	26.32	0.047731	41.408
26.32	26.32	0.047748	41.510
26.32	26.32	0.047764	41.612
26.32	26.32	0.047781	41.706
26.32	26.32	0.047798	41.810
26.32	26.32	0.047814	41.910
26.32	26.32	0.047831	42.005
26.32	26.32	0.047848	42.110
26.32	26.32	0.047864	42.209
26.32	26.32	0.047881	42.304
26.32	26.32	0.047898	42.408
26.32	26.32	0.047914	42.508
26.32	26.33	0.047931	42.602
26.32	26.33	0.047947	42.707
26.32	26.33	0.047964	42.806
26.32	26.33	0.047981	42.901
26.32	26.33	0.047997	43.007
26.32	26.33	0.048014	43.106
26.32	26.33	0.048031	43.201
26.35	26.33	0.048047	43.305
26.35	26.33	0.048064	43.400
26.35	26.33	0.048081	43.499
26.35	26.33	0.048097	43.604
26.35	26.33	0.048114	43.699
26.35	26.33	0.048131	43.798
26.35	26.34	0.048147	43.903
26.35	26.34	0.048164	43.997
26.35	26.34	0.048181	44.097
26.35	26.34	0.048197	44.201
26.35	26.34	0.048214	44.296
26.35	26.34	0.048231	44.396
26.35	26.34	0.048247	44.500
26.35	26.34	0.048264	44.595
26.35	26.34	0.048281	44.694
26.35	26.34	0.048297	44.799
26.32	26.34	0.048314	44.893
26.32	26.34	0.048331	44.993
26.32	26.34	0.048347	45.097
26.32	26.35	0.048364	45.192
26.32	26.35	0.048381	45.292
26.32	26.35	0.048397	45.396
26.32	26.35	0.048414	45.491
26.32	26.35	0.048431	45.590
26.35	26.35	0.048447	45.695
26.35	26.35	0.048464	45.789
26.35	26.35	0.048481	45.890
26.35	26.35	0.048497	45.993
26.35	26.35	0.048514	46.090
26.35	26.35	0.048531	46.190
26.35	26.35	0.048547	46.293
26.35	26.35	0.048564	46.390
26.35	26.36	0.048581	46.490
26.35	26.36	0.048597	46.592
26.35	26.36	0.048614	46.689
26.37	26.36	0.048631	46.790
26.37	26.36	0.048647	46.891
26.37	26.36	0.048664	46.990
26.37	26.36	0.048681	47.090
26.37	26.36	0.048697	47.190
26.37	26.36	0.048714	47.290
26.37	26.36	0.048731	47.390
26.37	26.36	0.048747	47.490
26.37	26.36	0.048764	47.589
26.37	26.36	0.048780	47.690
26.37	26.37	0.048797	47.790
26.37	26.37	0.048814	47.890
26.37	26.37	0.048830	47.990
26.37	26.37	0.048847	48.090
26.37	26.37	0.048864	48.190
26.37	26.37	0.048880	48.289
26.37	26.37	0.048897	48.390
26.37	26.37	0.048914	48.490
26.37	26.37	0.048930	48.590
26.37	26.37	0.048947	48.690
26.37	26.37	0.048964	48.790
26.37	26.37	0.048980	48.890
26.37	26.37	0.048997	48.989
26.37	26.38	0.049014	49.090
26.37	26.38	0.049030	49.189
26.37	26.38	0.049047	49.290
26.37	26.38	0.049064	49.390
26.37	26.38	0.049080	49.490
26.37	26.38	0.049097	49.590
26.37	26.38	0.049114	49.690
26.37	26.38	0.049130	49.789
26.37	26.38	0.049147	49.890
26.37	26.38	0.049164	49.989
26.37	26.38	0.049180	50.090
26.37	26.38	0.049197	50.190
26.37	26.38	0.049214	50.290
26.37	26.39	0.049230	50.390
26.37	26.39	0.049247	50.490
26.37	26.39	0.049264	50.590
26.37	26.39	0.049280	50.689
26.40	26.39	0.049297	50.790
26.40	26.39	0.049314	50.890
26.40	26.39	0.049330	50.990
26.40	26.39	0.049347	51.090
26.40	26.39	0.049364	51.190
26.40	26.39	0.049380	51.290
26.40	26.39	0.049397	51.390
26.40	26.39	0.049414	51.490
26.40	26.39	0.049430	51.589
26.40	26.40	0.049447	51.690
26.40	26.40	0.049464	51.790
26.40	26.40	0.049480	51.890
26.40	26.40	0.049497	51.990
26.40	26.40	0.049514	52.119
26.40	26.40	0.049530	52.214
26.40	26.40	0.049547	52.313
26.40	26.40	0.049564	52.418
26.40	26.40	0.049580	52.512
26.40	26.40	0.049597	52.612
26.40	26.40	0.049613	52.716
26.40	26.40	0.049630	52.811
26.40	26.40	0.049647	52.912
26.40	26.41	0.049663	53.016
26.40	26.41	0.049680	53.111
26.40	26.41	0.049697	53.210
26.40	26.41	0.049713	53.315
26.40	26.41	0.049730	53.409
26.40	26.41	0.049747	53.509
26.40	26.41	0.049763	53.614
26.40	26.41	0.049780	53.708
26.40	26.41	0.049797	53.809
26.40	26.41	0.049813	53.912
26.43	26.41	0.049830	54.007
26.43	26.41	0.049847	54.109
26.43	26.41	0.049863	54.211
26.43	26.42	0.049880	54.306
26.43	26.42	0.049897	54.409
26.43	26.42	0.049913	54.510
26.43	26.42	0.049930	54.604
26.43	26.42	0.049947	54.709
26.43	26.42	0.049963	54.808
26.43	26.42	0.049980	54.903
26.43	26.42	0.049997	55.007
26.43	26.42	0.050013	55.107
26.43	26.42	0.050030	55.202
26.43	26.42	0.050047	55.306
26.43	26.42	0.050063	55.406
26.43	26.42	0.050080	55.500
26.43	26.43	0.050097	55.605
26.43	26.43	0.050113	55.704
26.43	26.43	0.050130	55.799
26.40	26.43	0.050147	55.904
26.40	26.43	0.050163	55.999
26.40	26.43	0.050180	56.099
26.40	26.43	0.050197	56.203
26.40	26.43	0.050213	56.298
26.40	26.43	0.050230	56.396
26.40	26.43	0.050247	56.502
26.43	26.43	0.050263	56.597
26.43	26.43	0.050280	56.696
26.43	26.43	0.050297	56.801
26.43	26.44	0.050313	56.895
26.43	26.44	0.050330	56.995
26.43	26.44	0.050347	57.099
26.43	26.44	0.050363	57.193
26.43	26.44	0.050380	57.293
26.43	26.44	0.050397	57.397
26.45	26.44	0.050413	57.493
26.45	26.44	0.050430	57.593
26.45	26.44	0.050446	57.697
26.45	26.44	0.050463	57.792
26.45	26.44	0.050480	57.891
26.45	26.44	0.050496	57.996
26.45	26.44	0.050513	58.091
26.45	26.45	0.050530	58.190
26.45	26.45	0.050546	58.295
26.45	26.45	0.050563	58.390
26.45	26.45	0.050580	58.490
26.45	26.45	0.050596	58.593
26.45	26.45	0.050613	58.690
26.45	26.45	0.050630	58.789
26.45	26.45	0.050646	58.892
26.45	26.45	0.050663	58.990
26.45	26.45	0.050680	59.091
26.45	26.45	0.050696	59.191
26.45	26.45	0.050713	59.291
26.45	26.45	0.050730	59.391
26.45	26.46	0.050746	59.490
26.45	26.46	0.050763	59.591
26.45	26.46	0.050780	59.691
26.45	26.46	0.050796	59.791
26.45	26.46	0.050813	59.891
26.45	26.46	0.050830	59.991
26.45	26.46	0.050846	00.090
26.48	26.46	0.050863	00.191
26.48	26.46	0.050880	00.291
26.48	26.46	0.050896	00.390
26.48	26.46	0.050913	00.491
26.48	26.46	0.050930	00.591
26.48	26.46	0.050946	00.691
26.48	26.47	0.050963	00.791
26.48	26.47	0.050980	00.891
26.48	26.47	0.050996	00.991
26.48	26.47	0.051013	01.090
26.48	26.47	0.051030	01.191
26.48	26.47	0.051046	01.291
26.45	26.47	0.051063	01.391
26.45	26.47	0.051080	01.491
26.45	26.47	0.051096	01.591
26.45	26.47	0.051113	01.691
26.45	26.47	0.051130	01.791
26.45	26.47	0.051146	01.891
26.45	26.47	0.051163	01.990
26.45	26.48	0.051180	02.091
26.45	26.48	0.051196	02.191
26.48	26.48	0.051213	02.291
26.48	26.48	0.051230	02.391
26.48	26.48	0.051246	02.490
26.48	26.48	0.051263	02.591
26.48	26.48	0.051279	02.691
26.48	26.48	0.051296	02.791
26.48	26.48	0.051313	02.891
26.48	26.48	0.051329	02.991
26.48	26.48	0.051346	03.091
26.48	26.48	0.051363	03.190
26.48	26.48	0.051379	03.291
26.48	26.49	0.051396	03.391
26.48	26.49	0.051413	03.491
26.48	26.49	0.051429	03.591
26.48	26.49	0.051446	03.691
26.48	26.49	0.051463	03.792
26.48	26.49	0.051479	03.892
26.50	26.49	0.051496	03.992
26.50	26.49	0.051513	04.091
26.50	26.49	0.051529	04.216
26.50	26.49	0.051546	04.315
26.50	26.49	0.051563	04.420
26.50	26.49	0.051579	04.515
26.50	26.49	0.051596	04.614
26.50	26.50	0.051613	04.718
26.50	26.50	0.051629	04.813
26.50	26.50	0.051646	04.913
26.50	26.50	0.051663	05.018
26.50	26.50	0.051679	05.112
26.50	26.50	0.051696	05.212
26.50	26.50	0.051713	05.316
26.50	26.50	0.051729	05.411
