100.00	0.00	7.23	30.00	150.00	2.70	97.30	2.90	

20.01	25.50	0.000000	32.838
19.98	25.50	0.000017	32.962
19.98	25.50	0.000033	33.037
20.06	25.50	0.000050	33.136
20.75	25.50	0.000067	33.261
22.67	25.50	0.000083	33.366
23.06	25.50	0.000100	33.465
25.08	25.50	0.000117	33.560
25.16	25.50	0.000133	33.665
25.44	25.50	0.000150	33.764
25.67	25.50	0.000167	33.859
25.75	25.50	0.000183	33.963
25.80	25.50	0.000200	34.063
25.78	25.50	0.000217	34.157
25.73	25.50	0.000233	34.262
25.57	25.50	0.000250	34.357
25.44	25.50	0.000267	34.456
25.39	25.50	0.000283	34.561
25.29	25.50	0.000300	34.655
25.29	25.50	0.000317	34.755
25.29	25.50	0.000333	34.859
25.34	25.50	0.000350	34.954
25.47	25.50	0.000367	35.053
25.55	25.50	0.000383	35.158
25.75	25.50	0.000400	35.254
25.93	25.50	0.000416	35.353
26.03	25.50	0.000433	35.458
26.19	25.50	0.000450	35.552
26.29	25.50	0.000466	35.652
26.32	25.50	0.000483	35.756
26.34	25.50	0.000500	35.851
26.34	25.50	0.000516	35.951
26.32	25.50	0.000533	36.055
26.24	25.50	0.000550	36.150
26.16	25.50	0.000566	36.249
26.14	25.50	0.000583	36.354
26.08	25.50	0.000600	36.448
26.06	25.50	0.000616	36.548
26.06	25.50	0.000633	36.652
26.06	25.50	0.000650	36.747
26.06	25.50	0.000666	36.848
26.06	25.50	0.000683	36.951
26.06	25.50	0.000700	37.046
26.06	25.50	0.000716	37.147
26.06	25.50	0.000733	37.250
26.06	25.50	0.000750	37.344
26.08	25.50	0.000766	37.447
26.08	25.50	0.000783	37.549
26.08	25.50	0.000800	37.643
26.08	25.50	0.000816	37.748
26.08	25.50	0.000833	37.847
26.11	25.50	0.000850	37.942
26.11	25.50	0.000866	38.046
26.11	25.50	0.000883	38.146
26.11	25.50	0.000900	38.240
26.11	25.50	0.000916	38.346
26.08	25.50	0.000933	38.446
26.08	25.50	0.000950	38.539
26.08	25.50	0.000966	38.645
26.03	25.50	0.000983	38.744
25.98	25.50	0.001000	38.839
25.96	25.50	0.001016	38.943
25.93	25.50	0.001033	39.042
25.88	25.50	0.001050	39.141
25.88	25.50	0.001066	39.241
25.88	25.50	0.001083	39.343
25.85	25.50	0.001100	39.441
25.85	25.50	0.001116	39.541
25.85	25.50	0.001133	39.642
25.85	25.50	0.001150	39.741
25.83	25.50	0.001166	39.840
25.83	25.50	0.001183	39.942
25.83	25.50	0.001200	40.041
25.83	25.50	0.001216	40.141
25.80	25.50	0.001233	40.243
25.80	25.50	0.001250	40.341
25.80	25.50	0.001266	40.441
25.78	25.50	0.001283	40.542
25.78	25.50	0.001299	40.641
25.75	25.50	0.001316	40.740
25.73	25.50	0.001333	40.843
25.70	25.50	0.001349	40.941
25.70	25.50	0.001366	41.041
25.67	25.50	0.001383	41.142
25.67	25.50	0.001399	41.241
25.67	25.50	0.001416	41.341
25.65	25.50	0.001433	41.442
25.65	25.50	0.001449	41.540
25.65	25.50	0.001466	41.641
25.62	25.50	0.001483	41.743
25.62	25.50	0.001499	41.841
25.62	25.50	0.001516	41.941
25.62	25.50	0.001533	42.043
25.60	25.50	0.001549	42.141
25.60	25.50	0.001566	42.241
25.60	25.50	0.001583	42.342
25.60	25.50	0.001599	42.441
25.60	25.50	0.001616	42.541
25.57	25.50	0.001633	42.643
25.57	25.50	0.001649	42.741
25.57	25.50	0.001666	42.841
25.57	25.50	0.001683	42.942
25.57	25.50	0.001699	43.041
25.55	25.50	0.001716	43.140
25.55	25.50	0.001733	43.243
25.55	25.50	0.001749	43.341
25.55	25.50	0.001766	43.441
25.55	25.50	0.001783	43.542
25.55	25.50	0.001799	43.641
25.55	25.50	0.001816	43.741
25.55	25.50	0.001833	43.842
25.52	25.50	0.001849	43.940
25.52	25.50	0.001866	44.041
25.52	25.50	0.001883	44.143
25.52	25.50	0.001899	44.241
25.52	25.50	0.001916	44.341
25.52	25.50	0.001933	44.442
25.52	25.50	0.001949	44.541
25.52	25.50	0.001966	44.665
25.52	25.50	0.001983	44.742
25.52	25.50	0.001999	44.869
25.52	25.50	0.002016	44.964
25.52	25.50	0.002033	45.043
25.52	25.50	0.002049	45.168
25.52	25.50	0.002066	45.263
25.52	25.50	0.002082	45.342
25.52	25.50	0.002099	45.467
25.49	25.50	0.002116	45.561
25.49	25.50	0.002132	45.665
25.49	25.50	0.002149	45.765
25.49	25.50	0.002166	45.860
25.49	25.50	0.002182	45.965
25.49	25.50	0.002199	46.065
25.49	25.50	0.002216	46.159
25.49	25.50	0.002232	46.264
25.49	25.50	0.002249	46.363
25.49	25.50	0.002266	46.458
25.49	25.50	0.002282	46.562
25.52	25.50	0.002299	46.662
25.52	25.50	0.002316	46.756
25.52	25.50	0.002332	46.861
25.52	25.50	0.002349	46.956
25.52	25.50	0.002366	47.055
25.52	25.50	0.002382	47.160
25.52	25.50	0.002399	47.255
25.52	25.50	0.002416	47.354
25.52	25.50	0.002432	47.459
25.52	25.50	0.002449	47.553
25.52	25.50	0.002466	47.653
25.52	25.50	0.002482	47.758
25.52	25.50	0.002499	47.852
25.52	25.50	0.002516	47.952
25.52	25.50	0.002532	48.056
25.52	25.50	0.002549	48.151
25.49	25.50	0.002566	48.250
25.49	25.50	0.002582	48.355
25.49	25.50	0.002599	48.449
25.49	25.50	0.002616	48.549
25.49	25.50	0.002632	48.654
25.49	25.50	0.002649	48.748
25.49	25.50	0.002666	48.848
25.49	25.50	0.002682	48.952
25.49	25.50	0.002699	49.047
25.49	25.50	0.002716	49.146
25.49	25.50	0.002732	49.251
25.49	25.50	0.002749	49.346
25.49	25.50	0.002766	49.446
25.49	25.50	0.002782	49.549
25.49	25.50	0.002799	49.644
25.49	25.50	0.002816	49.746
25.49	25.50	0.002832	49.849
25.49	25.50	0.002849	49.944
25.52	25.50	0.002866	50.046
25.52	25.50	0.002882	50.148
25.52	25.50	0.002899	50.242
25.52	25.50	0.002915	50.346
25.52	25.50	0.002932	50.447
25.52	25.50	0.002949	50.543
25.52	25.50	0.002965	50.646
25.52	25.50	0.002982	50.745
25.52	25.50	0.002999	50.843
25.52	25.50	0.003015	50.945
25.52	25.50	0.003032	51.044
25.52	25.50	0.003049	51.143
25.49	25.50	0.003065	51.243
25.49	25.50	0.003082	51.343
25.49	25.50	0.003099	51.442
25.49	25.50	0.003115	51.543
25.49	25.50	0.003132	51.643
25.49	25.50	0.003149	51.743
25.49	25.50	0.003165	51.843
25.49	25.50	0.003182	51.943
25.49	25.50	0.003199	52.043
25.49	25.50	0.003215	52.143
25.49	25.50	0.003232	52.243
25.49	25.50	0.003249	52.342
25.49	25.50	0.003265	52.443
25.52	25.50	0.003282	52.543
25.52	25.50	0.003299	52.643
25.52	25.50	0.003315	52.743
25.52	25.50	0.003332	52.843
25.52	25.50	0.003349	52.943
25.52	25.50	0.003365	53.042
25.52	25.50	0.003382	53.143
25.52	25.50	0.003399	53.242
25.52	25.50	0.003415	53.343
25.52	25.50	0.003432	53.443
25.52	25.50	0.003449	53.543
25.52	25.50	0.003465	53.643
25.49	25.50	0.003482	53.743
25.49	25.50	0.003499	53.843
25.49	25.50	0.003515	53.943
25.49	25.50	0.003532	54.043
25.49	25.50	0.003549	54.143
25.49	25.50	0.003565	54.242
25.49	25.50	0.003582	54.343
25.49	25.50	0.003599	54.443
25.49	25.50	0.003615	54.543
25.49	25.50	0.003632	54.643
25.49	25.50	0.003649	54.743
25.49	25.50	0.003665	54.843
25.49	25.50	0.003682	54.942
25.49	25.50	0.003699	55.043
25.49	25.50	0.003715	55.144
25.49	25.50	0.003732	55.244
25.52	25.50	0.003748	55.344
25.52	25.50	0.003765	55.444
25.52	25.50	0.003782	55.544
25.52	25.50	0.003798	55.644
25.52	25.50	0.003815	55.744
25.52	25.50	0.003832	55.843
25.52	25.50	0.003848	55.944
25.52	25.50	0.003865	56.044
25.52	25.50	0.003882	56.143
25.52	25.50	0.003898	56.243
25.49	25.50	0.003915	56.368
25.49	25.50	0.003932	56.467
25.49	25.50	0.003948	56.571
25.49	25.50	0.003965	56.666
25.49	25.50	0.003982	56.765
25.49	25.50	0.003998	56.871
25.49	25.50	0.004015	56.966
25.49	25.50	0.004032	57.065
25.49	25.50	0.004048	57.170
25.49	25.50	0.004065	57.264
25.49	25.50	0.004082	57.365
25.49	25.50	0.004098	57.468
25.49	25.50	0.004115	57.563
25.49	25.50	0.004132	57.665
25.49	25.50	0.004148	57.767
25.49	25.50	0.004165	57.862
25.52	25.50	0.004182	57.965
25.52	25.50	0.004198	58.066
25.52	25.50	0.004215	58.160
25.52	25.50	0.004232	58.265
25.52	25.50	0.004248	58.364
25.52	25.50	0.004265	58.459
25.52	25.50	0.004282	58.563
25.52	25.50	0.004298	58.663
25.52	25.50	0.004315	58.758
25.52	25.50	0.004332	58.862
25.52	25.50	0.004348	58.962
25.49	25.50	0.004365	59.056
25.49	25.50	0.004382	59.161
25.49	25.50	0.004398	59.261
25.49	25.50	0.004415	59.356
25.49	25.50	0.004432	59.460
25.49	25.50	0.004448	59.555
25.49	25.50	0.004465	59.654
25.49	25.50	0.004482	59.759
25.49	25.50	0.004498	59.853
25.49	25.50	0.004515	59.953
25.49	25.50	0.004532	00.057
25.49	25.50	0.004548	00.152
25.49	25.50	0.004565	00.252
25.49	25.50	0.004581	00.356
25.49	25.50	0.004598	00.451
25.49	25.50	0.004615	00.550
25.49	25.50	0.004631	00.655
25.49	25.50	0.004648	00.749
25.52	25.50	0.004665	00.849
25.52	25.50	0.004681	00.954
25.52	25.50	0.004698	01.048
25.52	25.50	0.004715	01.148
25.52	25.50	0.004731	01.252
25.52	25.50	0.004748	01.348
25.52	25.50	0.004765	01.447
25.52	25.50	0.004781	01.552
25.52	25.50	0.004798	01.646
25.52	25.50	0.004815	01.746
25.52	25.50	0.004831	01.851
25.49	25.50	0.004848	01.945
25.49	25.50	0.004865	02.045
25.49	25.50	0.004881	02.149
25.49	25.50	0.004898	02.245
25.49	25.50	0.004915	02.344
25.49	25.50	0.004931	02.448
25.49	25.50	0.004948	02.546
25.49	25.50	0.004965	02.646
25.49	25.50	0.004981	02.747
25.49	25.50	0.004998	02.846
25.49	25.50	0.005015	02.946
25.49	25.50	0.005031	03.046
25.49	25.50	0.005048	03.146
25.49	25.50	0.005065	03.245
25.49	25.50	0.005081	03.346
25.49	25.50	0.005098	03.446
25.49	25.50	0.005115	03.546
25.49	25.50	0.005131	03.646
25.52	25.50	0.005148	03.746
25.52	25.50	0.005165	03.846
25.52	25.50	0.005181	03.945
25.52	25.50	0.005198	04.046
25.52	25.50	0.005215	04.145
25.52	25.50	0.005231	04.246
25.52	25.50	0.005248	04.346
25.52	25.50	0.005265	04.446
25.52	25.50	0.005281	04.546
25.52	25.50	0.005298	04.646
25.49	25.50	0.005315	04.746
25.49	25.50	0.005331	04.845
25.49	25.50	0.005348	04.946
25.49	25.50	0.005365	05.046
25.49	25.50	0.005381	05.146
25.49	25.50	0.005398	05.246
25.49	25.50	0.005414	05.346
25.49	25.50	0.005431	05.446
25.49	25.50	0.005448	05.545
25.49	25.50	0.005464	05.646
25.49	25.50	0.005481	05.746
25.49	25.50	0.005498	05.846
25.49	25.50	0.005514	05.946
25.49	25.50	0.005531	06.046
25.52	25.50	0.005548	06.147
25.52	25.50	0.005564	06.248
25.52	25.50	0.005581	06.348
25.52	25.50	0.005598	06.447
25.52	25.50	0.005614	06.548
25.52	25.50	0.005631	06.648
25.52	25.50	0.005648	06.748
25.52	25.50	0.005664	06.848
25.52	25.50	0.005681	06.948
25.52	25.50	0.005698	07.048
25.52	25.50	0.005714	07.148
25.49	25.50	0.005731	07.248
25.49	25.50	0.005748	07.347
25.49	25.50	0.005764	07.448
25.49	25.50	0.005781	07.548
25.49	25.50	0.005798	07.677
25.49	25.50	0.005814	07.771
25.49	25.50	0.005831	07.871
25.49	25.50	0.005848	07.976
25.49	25.50	0.005864	08.070
25.49	25.50	0.005881	08.170
25.49	25.50	0.005898	08.274
25.49	25.50	0.005914	08.369
25.49	25.50	0.005931	08.468
25.49	25.50	0.005948	08.573
25.49	25.50	0.005964	08.667
25.49	25.50	0.005981	08.767
25.49	25.50	0.005998	08.872
25.49	25.50	0.006014	08.966
25.49	25.50	0.006031	09.066
25.49	25.50	0.006048	09.170
25.52	25.50	0.006064	09.265
25.52	25.50	0.006081	09.364
25.52	25.50	0.006098	09.469
25.52	25.50	0.006114	09.565
25.52	25.50	0.006131	09.664
25.52	25.50	0.006148	09.769
25.52	25.50	0.006164	09.863
25.52	25.50	0.006181	09.964
25.52	25.50	0.006198	10.067
25.52	25.50	0.006214	10.162
25.52	25.50	0.006231	10.264
25.49	25.50	0.006247	10.366
25.49	25.50	0.006264	10.461
25.49	25.50	0.006281	10.564
25.49	25.50	0.006297	10.664
25.49	25.50	0.006314	10.759
25.49	25.50	0.006331	10.863
25.49	25.50	0.006347	10.963
25.49	25.50	0.006364	11.058
25.49	25.50	0.006381	11.162
25.49	25.50	0.006397	11.262
25.49	25.50	0.006414	11.356
25.49	25.50	0.006431	11.461
25.49	25.50	0.006447	11.561
25.49	25.50	0.006464	11.655
25.49	25.50	0.006481	11.760
25.49	25.50	0.006497	11.860
25.49	25.50	0.006514	11.954
25.49	25.50	0.006531	12.059
25.49	25.50	0.006547	12.153
25.49	25.50	0.006564	12.253
25.52	25.50	0.006581	12.357
25.52	25.50	0.006597	12.452
25.52	25.50	0.006614	12.552
25.52	25.50	0.006631	12.656
25.52	25.50	0.006647	12.751
25.52	25.50	0.006664	12.850
25.52	25.50	0.006681	12.955
25.52	25.50	0.006697	13.050
25.52	25.50	0.006714	13.150
25.52	25.50	0.006731	13.254
25.52	25.50	0.006747	13.350
25.49	25.50	0.006764	13.450
25.49	25.50	0.006781	13.553
25.49	25.50	0.006797	13.650
25.49	25.50	0.006814	13.750
25.49	25.50	0.006831	13.852
25.49	25.50	0.006847	13.949
25.49	25.50	0.006864	14.050
25.49	25.50	0.006881	14.151
25.49	25.50	0.006897	14.250
25.49	25.50	0.006914	14.350
25.49	25.50	0.006931	14.450
25.49	25.50	0.006947	14.550
25.49	25.50	0.006964	14.650
25.49	25.50	0.006981	14.750
25.49	25.50	0.006997	14.849
25.49	25.50	0.007014	14.950
25.49	25.50	0.007031	15.050
25.49	25.50	0.007047	15.150
25.49	25.50	0.007064	15.250
25.49	25.50	0.007080	15.350
25.52	25.50	0.007097	15.450
25.52	25.50	0.007114	15.549
25.52	25.50	0.007130	15.650
25.52	25.50	0.007147	15.749
25.52	25.50	0.007164	15.850
25.52	25.50	0.007180	15.950
25.52	25.50	0.007197	16.050
25.52	25.50	0.007214	16.150
25.52	25.50	0.007230	16.250
25.52	25.50	0.007247	16.350
25.52	25.50	0.007264	16.449
25.49	25.50	0.007280	16.550
25.49	25.50	0.007297	16.650
25.49	25.50	0.007314	16.750
25.49	25.50	0.007330	16.850
25.49	25.50	0.007347	16.950
25.49	25.50	0.007364	17.050
25.49	25.50	0.007380	17.150
25.49	25.50	0.007397	17.250
25.49	25.50	0.007414	17.349
25.49	25.50	0.007430	17.450
25.49	25.50	0.007447	17.550
25.49	25.50	0.007464	17.650
25.49	25.50	0.007480	17.750
25.49	25.50	0.007497	17.850
25.49	25.50	0.007514	17.950
25.49	25.50	0.007530	18.049
25.49	25.50	0.007547	18.150
25.49	25.50	0.007564	18.249
25.49	25.50	0.007580	18.350
25.49	25.50	0.007597	18.450
25.49	25.50	0.007614	18.550
25.49	25.50	0.007630	18.650
25.49	25.50	0.007647	18.750
25.49	25.50	0.007664	18.850
25.49	25.50	0.007680	18.949
25.52	25.50	0.007697	19.050
25.52	25.50	0.007714	19.150
25.52	25.50	0.007730	19.250
25.52	25.50	0.007747	19.350
25.52	25.50	0.007764	19.479
25.52	25.50	0.007780	19.574
25.52	25.50	0.007797	19.678
25.52	25.50	0.007814	19.778
25.52	25.50	0.007830	19.872
25.49	25.50	0.007847	19.977
25.49	25.50	0.007864	20.071
25.49	25.50	0.007880	20.171
25.49	25.50	0.007897	20.276
25.49	25.50	0.007913	20.370
25.49	25.50	0.007930	20.470
25.49	25.50	0.007947	20.574
25.49	25.50	0.007963	20.669
25.49	25.50	0.007980	20.768
25.49	25.50	0.007997	20.873
25.49	25.50	0.008013	20.968
25.49	25.50	0.008030	21.067
25.49	25.50	0.008047	21.172
25.52	25.50	0.008063	21.267
25.52	25.50	0.008080	21.366
25.52	25.50	0.008097	21.471
25.52	25.50	0.008113	21.566
25.52	25.50	0.008130	21.665
25.52	25.50	0.008147	21.770
25.52	25.50	0.008163	21.865
25.52	25.50	0.008180	21.964
25.52	25.50	0.008197	22.068
25.52	25.50	0.008213	22.163
25.52	25.50	0.008230	22.262
25.49	25.50	0.008247	22.367
25.49	25.50	0.008263	22.461
25.49	25.50	0.008280	22.562
25.49	25.50	0.008297	22.665
25.49	25.50	0.008313	22.760
25.49	25.50	0.008330	22.862
25.49	25.50	0.008347	22.964
25.49	25.50	0.008363	23.060
25.49	25.50	0.008380	23.162
25.49	25.50	0.008397	23.263
25.49	25.50	0.008413	23.358
25.49	25.50	0.008430	23.461
25.49	25.50	0.008447	23.562
25.49	25.50	0.008463	23.656
25.49	25.50	0.008480	23.761
25.49	25.50	0.008497	23.861
25.49	25.50	0.008513	23.955
25.49	25.50	0.008530	24.060
25.49	25.50	0.008547	24.159
25.49	25.50	0.008563	24.254
25.49	25.50	0.008580	24.359
25.49	25.50	0.008597	24.458
25.52	25.50	0.008613	24.553
25.52	25.50	0.008630	24.658
25.52	25.50	0.008647	24.757
25.52	25.50	0.008663	24.852
25.52	25.50	0.008680	24.956
25.52	25.50	0.008697	25.051
25.52	25.50	0.008713	25.151
25.52	25.50	0.008730	25.255
25.52	25.50	0.008746	25.351
25.52	25.50	0.008763	25.451
25.52	25.50	0.008780	25.554
25.49	25.50	0.008796	25.650
25.49	25.50	0.008813	25.751
25.49	25.50	0.008830	25.853
25.49	25.50	0.008846	25.951
25.49	25.50	0.008863	26.051
25.49	25.50	0.008880	26.151
25.49	25.50	0.008896	26.251
25.49	25.50	0.008913	26.350
25.49	25.50	0.008930	26.451
25.49	25.50	0.008946	26.550
25.49	25.50	0.008963	26.651
25.49	25.50	0.008980	26.751
25.49	25.50	0.008996	26.851
25.49	25.50	0.009013	26.950
25.49	25.50	0.009030	27.065
25.49	25.50	0.009046	27.164
25.49	25.50	0.009063	27.265
25.49	25.50	0.009080	27.365
25.49	25.50	0.009096	27.465
25.52	25.50	0.009113	27.565
25.52	25.50	0.009130	27.665
25.52	25.50	0.009146	27.765
25.52	25.50	0.009163	27.864
25.52	25.50	0.009180	27.965
25.52	25.50	0.009196	28.089
25.52	25.50	0.009213	28.193
25.52	25.50	0.009230	28.288
25.52	25.50	0.009246	28.387
25.52	25.50	0.009263	28.493
25.49	25.50	0.009280	28.588
25.49	25.50	0.009296	28.686
25.49	25.50	0.009313	28.791
25.49	25.50	0.009330	28.885
25.49	25.50	0.009346	28.985
25.49	25.50	0.009363	29.090
25.49	25.50	0.009380	29.184
25.49	25.50	0.009396	29.284
25.49	25.50	0.009413	29.388
25.49	25.50	0.009430	29.483
25.49	25.50	0.009446	29.582
25.49	25.50	0.009463	29.687
25.49	25.50	0.009480	29.782
25.49	25.50	0.009496	29.881
25.49	25.50	0.009513	29.986
25.49	25.50	0.009530	30.080
25.49	25.50	0.009546	30.181
25.49	25.50	0.009563	30.285
25.49	25.50	0.009579	30.380
25.49	25.50	0.009596	30.481
25.49	25.50	0.009613	30.584
25.49	25.50	0.009629	30.678
25.52	25.50	0.009646	30.781
25.52	25.50	0.009663	30.882
25.52	25.50	0.009679	30.977
25.52	25.50	0.009696	31.080
25.52	25.50	0.009713	31.181
25.52	25.50	0.009729	31.277
25.52	25.50	0.009746	31.381
25.52	25.50	0.009763	31.481
25.52	25.50	0.009779	31.575
25.52	25.50	0.009796	31.680
25.52	25.50	0.009813	31.779
25.49	25.50	0.009829	31.874
25.49	25.50	0.009846	31.978
25.49	25.50	0.009863	32.078
25.49	25.50	0.009879	32.173
25.49	25.50	0.009896	32.277
25.49	25.50	0.009913	32.377
25.49	25.50	0.009929	32.471
25.49	25.50	0.009946	32.576
25.49	25.50	0.009963	32.670
25.49	25.50	0.009979	32.770
25.49	25.50	0.009996	32.875
25.49	25.50	0.010013	32.969
25.49	25.50	0.010029	33.069
25.49	25.50	0.010046	33.173
25.49	25.50	0.010063	33.268
25.49	25.50	0.010079	33.367
25.49	25.50	0.010096	33.472
25.49	25.50	0.010113	33.567
25.49	25.50	0.010129	33.666
25.49	25.50	0.010146	33.771
25.52	25.50	0.010163	33.865
25.52	25.50	0.010179	33.965
25.52	25.50	0.010196	34.069
25.52	25.50	0.010213	34.165
25.52	25.50	0.010229	34.265
25.52	25.50	0.010246	34.368
25.52	25.50	0.010263	34.465
25.52	25.50	0.010279	34.565
25.52	25.50	0.010296	34.667
25.52	25.50	0.010313	34.764
25.52	25.50	0.010329	34.865
25.49	25.50	0.010346	34.966
25.49	25.50	0.010363	35.065
25.49	25.50	0.010379	35.165
25.49	25.50	0.010396	35.265
25.49	25.50	0.010412	35.365
25.49	25.50	0.010429	35.464
25.49	25.50	0.010446	35.565
25.49	25.50	0.010462	35.665
25.49	25.50	0.010479	35.765
25.49	25.50	0.010496	35.865
25.49	25.50	0.010512	35.965
25.49	25.50	0.010529	36.065
25.49	25.50	0.010546	36.165
25.49	25.50	0.010562	36.265
25.49	25.50	0.010579	36.364
25.49	25.50	0.010596	36.465
25.49	25.50	0.010612	36.565
25.49	25.50	0.010629	36.665
25.49	25.50	0.010646	36.765
25.49	25.50	0.010662	36.864
25.49	25.50	0.010679	36.965
25.52	25.50	0.010696	37.065
25.52	25.50	0.010712	37.165
25.52	25.50	0.010729	37.265
25.52	25.50	0.010746	37.365
25.52	25.50	0.010762	37.465
25.52	25.50	0.010779	37.564
25.52	25.50	0.010796	37.665
25.52	25.50	0.010812	37.764
25.52	25.50	0.010829	37.865
25.52	25.50	0.010846	37.965
25.52	25.50	0.010862	38.065
25.52	25.50	0.010879	38.165
25.49	25.50	0.010896	38.265
25.49	25.50	0.010912	38.365
25.49	25.50	0.010929	38.464
25.49	25.50	0.010946	38.565
25.49	25.50	0.010962	38.665
25.49	25.50	0.010979	38.765
25.49	25.50	0.010996	38.865
25.49	25.50	0.011012	38.965
25.49	25.50	0.011029	39.065
25.49	25.50	0.011046	39.165
25.49	25.50	0.011062	39.265
25.49	25.50	0.011079	39.364
25.49	25.50	0.011096	39.465
25.49	25.50	0.011112	39.565
25.49	25.50	0.011129	39.665
25.49	25.50	0.011146	39.765
25.49	25.50	0.011162	39.865
25.49	25.50	0.011179	39.965
25.49	25.50	0.011196	40.064
25.49	25.50	0.011212	40.165
25.49	25.50	0.011229	40.264
25.49	25.50	0.011245	40.365
25.49	25.50	0.011262	40.494
25.49	25.50	0.011279	40.589
25.49	25.50	0.011295	40.688
25.52	25.50	0.011312	40.793
25.52	25.50	0.011329	40.887
25.52	25.50	0.011345	40.987
25.52	25.50	0.011362	41.091
25.52	25.50	0.011379	41.186
25.52	25.50	0.011395	41.286
25.52	25.50	0.011412	41.390
25.52	25.50	0.011429	41.485
25.52	25.50	0.011445	41.584
25.52	25.50	0.011462	41.689
25.49	25.50	0.011479	41.783
25.49	25.50	0.011495	41.883
25.49	25.50	0.011512	41.987
25.49	25.50	0.011529	42.082
25.49	25.50	0.011545	42.182
25.49	25.50	0.011562	42.286
25.49	25.50	0.011579	42.381
25.49	25.50	0.011595	42.480
25.49	25.50	0.011612	42.585
25.49	25.50	0.011629	42.679
25.49	25.50	0.011645	42.779
25.49	25.50	0.011662	42.884
25.49	25.50	0.011679	42.978
25.49	25.50	0.011695	43.079
25.49	25.50	0.011712	43.182
25.49	25.50	0.011729	43.277
25.49	25.50	0.011745	43.379
25.52	25.50	0.011762	43.482
25.52	25.50	0.011779	43.576
25.52	25.50	0.011795	43.679
25.52	25.50	0.011812	43.781
25.52	25.50	0.011829	43.875
25.52	25.50	0.011845	43.979
25.52	25.50	0.011862	44.079
25.52	25.50	0.011879	44.174
25.52	25.50	0.011895	44.278
25.52	25.50	0.011912	44.378
25.49	25.50	0.011929	44.472
25.49	25.50	0.011945	44.577
25.49	25.50	0.011962	44.676
25.49	25.50	0.011979	44.771
25.49	25.50	0.011995	44.876
25.49	25.50	0.012012	44.975
25.49	25.50	0.012029	45.070
25.49	25.50	0.012045	45.174
25.49	25.50	0.012062	45.274
25.49	25.50	0.012078	45.369
25.49	25.50	0.012095	45.473
25.49	25.50	0.012112	45.568
25.49	25.50	0.012128	45.667
25.49	25.50	0.012145	45.772
25.49	25.50	0.012162	45.866
25.49	25.50	0.012178	45.966
25.49	25.50	0.012195	46.071
25.49	25.50	0.012212	46.165
25.49	25.50	0.012228	46.265
25.49	25.50	0.012245	46.369
25.49	25.50	0.012262	46.465
25.49	25.50	0.012278	46.564
25.52	25.50	0.012295	46.669
25.52	25.50	0.012312	46.764
25.52	25.50	0.012328	46.865
25.52	25.50	0.012345	46.968
25.52	25.50	0.012362	47.065
25.52	25.50	0.012378	47.165
25.52	25.50	0.012395	47.267
25.52	25.50	0.012412	47.365
25.52	25.50	0.012428	47.465
25.52	25.50	0.012445	47.565
25.49	25.50	0.012462	47.665
25.49	25.50	0.012478	47.764
25.49	25.50	0.012495	47.865
25.49	25.50	0.012512	47.965
25.49	25.50	0.012528	48.065
25.49	25.50	0.012545	48.165
25.49	25.50	0.012562	48.265
25.49	25.50	0.012578	48.365
25.49	25.50	0.012595	48.464
25.49	25.50	0.012612	48.565
25.49	25.50	0.012628	48.664
25.49	25.50	0.012645	48.765
25.49	25.50	0.012662	48.865
25.49	25.50	0.012678	48.965
25.49	25.50	0.012695	49.065
25.49	25.50	0.012712	49.165
25.49	25.50	0.012728	49.265
25.49	25.50	0.012745	49.364
25.49	25.50	0.012762	49.465
25.49	25.50	0.012778	49.565
25.52	25.50	0.012795	49.665
25.52	25.50	0.012812	49.765
25.52	25.50	0.012828	49.865
25.52	25.50	0.012845	49.965
25.52	25.50	0.012862	50.065
25.52	25.50	0.012878	50.165
25.52	25.50	0.012895	50.264
25.52	25.50	0.012911	50.365
25.52	25.50	0.012928	50.465
25.52	25.50	0.012945	50.565
25.52	25.50	0.012961	50.665
25.52	25.50	0.012978	50.765
25.49	25.50	0.012995	50.865
25.49	25.50	0.013011	50.965
25.49	25.50	0.013028	51.065
25.49	25.50	0.013045	51.164
25.49	25.50	0.013061	51.265
25.49	25.50	0.013078	51.365
25.49	25.50	0.013095	51.465
25.49	25.50	0.013111	51.565
25.49	25.50	0.013128	51.665
25.49	25.50	0.013145	51.765
25.49	25.50	0.013161	51.864
25.49	25.50	0.013178	51.965
25.49	25.50	0.013195	52.064
25.49	25.50	0.013211	52.165
25.49	25.50	0.013228	52.265
25.49	25.50	0.013245	52.365
25.49	25.50	0.013261	52.465
25.49	25.50	0.013278	52.565
25.52	25.50	0.013295	52.664
25.52	25.50	0.013311	52.794
25.52	25.50	0.013328	52.864
25.52	25.50	0.013345	52.988
25.52	25.50	0.013361	53.093
25.52	25.50	0.013378	53.187
25.52	25.50	0.013395	53.287
25.52	25.50	0.013411	53.391
25.52	25.50	0.013428	53.486
25.49	25.50	0.013445	53.585
25.49	25.50	0.013461	53.690
25.49	25.50	0.013478	53.784
25.49	25.50	0.013495	53.884
25.49	25.50	0.013511	53.989
25.49	25.50	0.013528	54.083
25.49	25.50	0.013545	54.183
25.49	25.50	0.013561	54.287
25.49	25.50	0.013578	54.382
25.49	25.50	0.013595	54.481
25.49	25.50	0.013611	54.587
25.49	25.50	0.013628	54.682
25.49	25.50	0.013645	54.781
25.49	25.50	0.013661	54.886
25.49	25.50	0.013678	54.980
25.49	25.50	0.013695	55.080
25.49	25.50	0.013711	55.184
25.49	25.50	0.013728	55.279
25.49	25.50	0.013744	55.378
25.49	25.50	0.013761	55.483
25.52	25.50	0.013778	55.578
25.52	25.50	0.013794	55.677
25.52	25.50	0.013811	55.782
25.52	25.50	0.013828	55.876
25.52	25.50	0.013844	55.977
25.52	25.50	0.013861	56.080
25.52	25.50	0.013878	56.175
25.52	25.50	0.013894	56.278
25.52	25.50	0.013911	56.379
25.52	25.50	0.013928	56.474
25.49	25.50	0.013944	56.577
25.49	25.50	0.013961	56.678
25.49	25.50	0.013978	56.772
25.49	25.50	0.013994	56.877
25.49	25.50	0.014011	56.976
25.49	25.50	0.014028	57.071
25.49	25.50	0.014044	57.176
25.49	25.50	0.014061	57.275
25.49	25.50	0.014078	57.370
25.49	25.50	0.014094	57.474
25.49	25.50	0.014111	57.574
25.49	25.50	0.014128	57.669
25.49	25.50	0.014144	57.774
25.49	25.50	0.014161	57.873
25.49	25.50	0.014178	57.968
25.49	25.50	0.014194	58.073
25.49	25.50	0.014211	58.167
25.49	25.50	0.014228	58.267
25.49	25.50	0.014244	58.371
25.49	25.50	0.014261	58.466
25.52	25.50	0.014278	58.565
25.52	25.50	0.014294	58.670
25.52	25.50	0.014311	58.766
25.52	25.50	0.014328	58.866
25.52	25.50	0.014344	58.969
25.52	25.50	0.014361	59.066
25.52	25.50	0.014378	59.166
25.52	25.50	0.014394	59.267
25.49	25.50	0.014411	59.366
25.49	25.50	0.014428	59.466
25.49	25.50	0.014444	59.566
25.49	25.50	0.014461	59.666
25.49	25.50	0.014478	59.766
25.49	25.50	0.014494	59.866
25.49	25.50	0.014511	59.965
25.49	25.50	0.014528	00.066
25.49	25.50	0.014544	00.166
25.49	25.50	0.014561	00.266
25.49	25.50	0.014577	00.366
25.49	25.50	0.014594	00.466
25.49	25.50	0.014611	00.566
25.49	25.50	0.014627	00.665
25.49	25.50	0.014644	00.766
25.52	25.50	0.014661	00.866
25.52	25.50	0.014677	00.966
25.52	25.50	0.014694	01.066
25.52	25.50	0.014711	01.166
25.52	25.50	0.014727	01.266
25.52	25.50	0.014744	01.366
25.52	25.50	0.014761	01.466
25.52	25.50	0.014777	01.565
25.52	25.50	0.014794	01.666
25.49	25.50	0.014811	01.766
25.49	25.50	0.014827	01.866
25.49	25.50	0.014844	01.966
25.49	25.50	0.014861	02.066
25.49	25.50	0.014877	02.166
25.49	25.50	0.014894	02.265
25.49	25.50	0.014911	02.366
25.49	25.50	0.014927	02.467
25.49	25.50	0.014944	02.567
25.49	25.50	0.014961	02.667
25.49	25.50	0.014977	02.767
25.49	25.50	0.014994	02.868
25.49	25.50	0.015011	02.972
25.49	25.50	0.015027	03.068
25.49	25.50	0.015044	03.167
25.49	25.50	0.015061	03.272
25.49	25.50	0.015077	03.368
25.49	25.50	0.015094	03.468
25.49	25.50	0.015111	03.572
25.52	25.50	0.015127	03.668
25.52	25.50	0.015144	03.768
25.52	25.50	0.015161	03.872
25.52	25.50	0.015177	03.968
25.52	25.50	0.015194	04.068
25.52	25.50	0.015211	04.171
25.52	25.50	0.015227	04.298
25.52	25.50	0.015244	04.392
25.52	25.50	0.015261	04.472
25.52	25.50	0.015277	04.596
25.49	25.50	0.015294	04.691
25.49	25.50	0.015311	04.795
25.49	25.50	0.015327	04.895
25.49	25.50	0.015344	04.989
25.49	25.50	0.015361	05.094
25.49	25.50	0.015377	05.193
25.49	25.50	0.015394	05.288
25.49	25.50	0.015410	05.392
25.49	25.50	0.015427	05.492
25.49	25.50	0.015444	05.586
25.49	25.50	0.015460	05.691
25.49	25.50	0.015477	05.786
25.49	25.50	0.015494	05.886
25.49	25.50	0.015510	05.990
25.49	25.50	0.015527	06.084
25.49	25.50	0.015544	06.185
25.49	25.50	0.015560	06.289
25.49	25.50	0.015577	06.384
25.49	25.50	0.015594	06.484
25.49	25.50	0.015610	06.588
25.52	25.50	0.015627	06.683
25.52	25.50	0.015644	06.782
25.52	25.50	0.015660	06.887
25.52	25.50	0.015677	06.981
25.52	25.50	0.015694	07.081
25.52	25.50	0.015710	07.185
25.52	25.50	0.015727	07.280
25.52	25.50	0.015744	07.380
25.52	25.50	0.015760	07.484
25.52	25.50	0.015777	07.579
25.49	25.50	0.015794	07.678
25.49	25.50	0.015810	07.783
25.49	25.50	0.015827	07.877
25.49	25.50	0.015844	07.977
25.49	25.50	0.015860	08.082
25.49	25.50	0.015877	08.176
25.49	25.50	0.015894	08.276
25.49	25.50	0.015910	08.380
25.49	25.50	0.015927	08.475
25.49	25.50	0.015944	08.575
25.49	25.50	0.015960	08.679
25.49	25.50	0.015977	08.774
25.49	25.50	0.015994	08.875
25.49	25.50	0.016010	08.978
25.49	25.50	0.016027	09.074
25.49	25.50	0.016044	09.175
25.49	25.50	0.016060	09.277
25.49	25.50	0.016077	09.374
25.49	25.50	0.016094	09.475
25.49	25.50	0.016110	09.576
25.52	25.50	0.016127	09.674
25.52	25.50	0.016144	09.775
25.52	25.50	0.016160	09.875
25.52	25.50	0.016177	09.974
25.52	25.50	0.016194	10.074
25.52	25.50	0.016210	10.173
25.52	25.50	0.016227	10.274
25.52	25.50	0.016244	10.374
25.52	25.50	0.016260	10.474
25.52	25.50	0.016277	10.574
25.52	25.50	0.016293	10.674
25.49	25.50	0.016310	10.774
25.49	25.50	0.016327	10.873
25.49	25.50	0.016343	10.974
25.49	25.50	0.016360	11.073
25.49	25.50	0.016377	11.174
25.49	25.50	0.016393	11.274
25.49	25.50	0.016410	11.373
25.49	25.50	0.016427	11.474
25.49	25.50	0.016443	11.574
25.49	25.50	0.016460	11.674
25.49	25.50	0.016477	11.774
25.49	25.50	0.016493	11.874
25.49	25.50	0.016510	11.974
25.49	25.50	0.016527	12.073
25.49	25.50	0.016543	12.174
25.49	25.50	0.016560	12.273
25.49	25.50	0.016577	12.374
25.49	25.50	0.016593	12.474
25.49	25.50	0.016610	12.574
25.52	25.50	0.016627	12.674
25.52	25.50	0.016643	12.774
25.52	25.50	0.016660	12.874
25.52	25.50	0.016677	12.973
25.52	25.50	0.016693	13.074
25.52	25.50	0.016710	13.174
25.52	25.50	0.016727	13.274
25.52	25.50	0.016743	13.374
25.52	25.50	0.016760	13.474
25.49	25.50	0.016777	13.574
25.49	25.50	0.016793	13.674
25.49	25.50	0.016810	13.774
25.49	25.50	0.016827	13.873
25.49	25.50	0.016843	13.974
25.49	25.50	0.016860	14.074
25.49	25.50	0.016877	14.174
25.49	25.50	0.016893	14.274
25.49	25.50	0.016910	14.373
25.49	25.50	0.016927	14.474
25.49	25.50	0.016943	14.574
25.49	25.50	0.016960	14.674
25.49	25.50	0.016977	14.774
25.49	25.50	0.016993	14.874
25.49	25.50	0.017010	14.999
25.49	25.50	0.017027	15.104
25.49	25.50	0.017043	15.198
25.49	25.50	0.017060	15.298
25.49	25.50	0.017077	15.402
25.49	25.50	0.017093	15.497
25.49	25.50	0.017110	15.596
25.49	25.50	0.017126	15.701
25.49	25.50	0.017143	15.796
25.49	25.50	0.017160	15.895
25.49	25.50	0.017176	16.000
25.52	25.50	0.017193	16.094
25.52	25.50	0.017210	16.195
25.52	25.50	0.017226	16.298
25.52	25.50	0.017243	16.393
25.52	25.50	0.017260	16.494
25.52	25.50	0.017276	16.597
25.52	25.50	0.017293	16.693
25.52	25.50	0.017310	16.795
25.52	25.50	0.017326	16.897
25.52	25.50	0.017343	16.991
25.49	25.50	0.017360	17.095
25.49	25.50	0.017376	17.195
25.49	25.50	0.017393	17.289
25.49	25.50	0.017410	17.394
25.49	25.50	0.017426	17.494
25.49	25.50	0.017443	17.589
25.49	25.50	0.017460	17.693
25.49	25.50	0.017476	17.793
25.49	25.50	0.017493	17.887
25.49	25.50	0.017510	17.992
25.49	25.50	0.017526	18.091
25.49	25.50	0.017543	18.186
25.49	25.50	0.017560	18.291
25.49	25.50	0.017576	18.390
25.49	25.50	0.017593	18.485
25.49	25.50	0.017610	18.589
25.49	25.50	0.017626	18.684
25.52	25.50	0.017643	18.783
25.52	25.50	0.017660	18.888
25.52	25.50	0.017676	18.983
25.52	25.50	0.017693	19.082
25.52	25.50	0.017710	19.187
25.52	25.50	0.017726	19.281
25.52	25.50	0.017743	19.381
25.52	25.50	0.017760	19.486
25.52	25.50	0.017776	19.580
25.52	25.50	0.017793	19.680
25.49	25.50	0.017810	19.785
25.49	25.50	0.017826	19.879
25.49	25.50	0.017843	19.979
25.49	25.50	0.017860	20.083
25.49	25.50	0.017876	20.178
25.49	25.50	0.017893	20.277
25.49	25.50	0.017910	20.382
25.49	25.50	0.017926	20.476
25.49	25.50	0.017943	20.576
25.49	25.50	0.017959	20.681
25.49	25.50	0.017976	20.776
25.49	25.50	0.017993	20.875
25.49	25.50	0.018009	20.980
25.49	25.50	0.018026	21.075
25.49	25.50	0.018043	21.175
25.49	25.50	0.018059	21.278
25.49	25.50	0.018076	21.375
25.49	25.50	0.018093	21.476
25.49	25.50	0.018109	21.577
25.49	25.50	0.018126	21.676
25.52	25.50	0.018143	21.776
25.52	25.50	0.018159	21.876
25.52	25.50	0.018176	21.976
25.52	25.50	0.018193	22.075
25.52	25.50	0.018209	22.176
25.52	25.50	0.018226	22.276
25.52	25.50	0.018243	22.376
25.52	25.50	0.018259	22.476
25.52	25.50	0.018276	22.575
25.52	25.50	0.018293	22.676
25.49	25.50	0.018309	22.776
25.49	25.50	0.018326	22.876
25.49	25.50	0.018343	22.976
25.49	25.50	0.018359	23.076
25.49	25.50	0.018376	23.176
25.49	25.50	0.018393	23.276
25.49	25.50	0.018409	23.375
25.49	25.50	0.018426	23.476
25.49	25.50	0.018443	23.576
25.49	25.50	0.018459	23.676
25.49	25.50	0.018476	23.776
25.49	25.50	0.018493	23.876
25.49	25.50	0.018509	23.976
25.49	25.50	0.018526	24.076
25.49	25.50	0.018543	24.176
25.49	25.50	0.018559	24.275
25.49	25.50	0.018576	24.376
25.49	25.50	0.018593	24.476
25.49	25.50	0.018609	24.576
25.52	25.50	0.018626	24.676
25.52	25.50	0.018643	24.776
25.52	25.50	0.018659	24.876
25.52	25.50	0.018676	24.975
25.52	25.50	0.018693	25.076
25.52	25.50	0.018709	25.176
25.52	25.50	0.018726	25.276
25.52	25.50	0.018743	25.376
25.52	25.50	0.018759	25.476
25.52	25.50	0.018776	25.576
25.52	25.50	0.018792	25.676
25.49	25.50	0.018809	25.776
25.49	25.50	0.018826	25.875
25.49	25.50	0.018842	25.976
25.49	25.50	0.018859	26.076
25.49	25.50	0.018876	26.176
25.49	25.50	0.018892	26.276
25.49	25.50	0.018909	26.376
25.49	25.50	0.018926	26.476
25.49	25.50	0.018942	26.575
25.49	25.50	0.018959	26.676
25.49	25.50	0.018976	26.775
25.49	25.50	0.018992	26.876
25.49	25.50	0.019009	26.976
25.49	25.50	0.019026	27.105
25.49	25.50	0.019042	27.200
25.49	25.50	0.019059	27.299
25.49	25.50	0.019076	27.404
25.49	25.50	0.019092	27.498
25.49	25.50	0.019109	27.598
25.49	25.50	0.019126	27.702
25.49	25.50	0.019142	27.797
25.52	25.50	0.019159	27.897
25.52	25.50	0.019176	28.001
25.52	25.50	0.019192	28.096
25.52	25.50	0.019209	28.195
25.52	25.50	0.019226	28.300
25.52	25.50	0.019242	28.394
25.52	25.50	0.019259	28.494
25.52	25.50	0.019276	28.598
25.52	25.50	0.019292	28.693
25.52	25.50	0.019309	28.793
25.49	25.50	0.019326	28.898
25.49	25.50	0.019342	28.992
25.49	25.50	0.019359	29.093
25.49	25.50	0.019376	29.196
25.49	25.50	0.019392	29.291
25.49	25.50	0.019409	29.392
25.49	25.50	0.019426	29.495
25.49	25.50	0.019442	29.590
25.49	25.50	0.019459	29.692
25.49	25.50	0.019476	29.794
25.49	25.50	0.019492	29.888
25.49	25.50	0.019509	29.993
25.49	25.50	0.019526	30.092
25.49	25.50	0.019542	30.187
25.49	25.50	0.019559	30.291
25.49	25.50	0.019576	30.391
25.49	25.50	0.019592	30.486
25.49	25.50	0.019609	30.590
25.49	25.50	0.019625	30.690
25.49	25.50	0.019642	30.785
25.52	25.50	0.019659	30.890
25.52	25.50	0.019675	30.989
25.52	25.50	0.019692	31.084
25.52	25.50	0.019709	31.188
25.52	25.50	0.019725	31.288
25.52	25.50	0.019742	31.383
25.52	25.50	0.019759	31.487
25.52	25.50	0.019775	31.582
25.52	25.50	0.019792	31.681
25.52	25.50	0.019809	31.786
25.49	25.50	0.019825	31.880
25.49	25.50	0.019842	31.980
25.49	25.50	0.019859	32.085
25.49	25.50	0.019875	32.179
25.49	25.50	0.019892	32.279
25.49	25.50	0.019909	32.383
25.49	25.50	0.019925	32.478
25.49	25.50	0.019942	32.578
25.49	25.50	0.019959	32.682
25.49	25.50	0.019975	32.777
25.49	25.50	0.019992	32.877
25.49	25.50	0.020009	32.981
25.49	25.50	0.020025	33.076
25.49	25.50	0.020042	33.180
25.49	25.50	0.020059	33.279
25.49	25.50	0.020075	33.380
25.49	25.50	0.020092	33.480
25.49	25.50	0.020109	33.580
25.49	25.50	0.020125	33.680
25.49	25.50	0.020142	33.780
25.49	25.50	0.020159	33.880
25.49	25.50	0.020175	33.979
25.49	25.50	0.020192	34.080
25.49	25.50	0.020209	34.180
25.52	25.50	0.020225	34.281
25.52	25.50	0.020242	34.381
25.52	25.50	0.020259	34.481
25.52	25.50	0.020275	34.581
25.52	25.50	0.020292	34.681
25.52	25.50	0.020309	34.781
25.52	25.50	0.020325	34.880
25.52	25.50	0.020342	34.981
25.52	25.50	0.020359	35.081
25.52	25.50	0.020375	35.181
25.52	25.50	0.020392	35.281
25.49	25.50	0.020409	35.381
25.49	25.50	0.020425	35.481
25.49	25.50	0.020442	35.580
25.49	25.50	0.020458	35.681
25.49	25.50	0.020475	35.781
25.49	25.50	0.020492	35.881
25.49	25.50	0.020508	35.981
25.49	25.50	0.020525	36.081
25.49	25.50	0.020542	36.181
25.49	25.50	0.020558	36.281
25.49	25.50	0.020575	36.381
25.49	25.50	0.020592	36.480
25.49	25.50	0.020608	36.581
25.49	25.50	0.020625	36.681
25.49	25.50	0.020642	36.781
25.49	25.50	0.020658	36.881
25.49	25.50	0.020675	36.981
25.49	25.50	0.020692	37.081
25.49	25.50	0.020708	37.180
25.52	25.50	0.020725	37.281
25.52	25.50	0.020742	37.381
25.52	25.50	0.020758	37.481
25.52	25.50	0.020775	37.581
25.52	25.50	0.020792	37.681
25.52	25.50	0.020808	37.781
25.52	25.50	0.020825	37.881
25.52	25.50	0.020842	37.981
25.52	25.50	0.020858	38.080
25.52	25.50	0.020875	38.210
25.49	25.50	0.020892	38.309
25.49	25.50	0.020908	38.404
25.49	25.50	0.020925	38.509
25.49	25.50	0.020942	38.608
25.49	25.50	0.020958	38.703
25.49	25.50	0.020975	38.807
25.49	25.50	0.020992	38.907
25.49	25.50	0.021008	39.001
25.49	25.50	0.021025	39.106
25.49	25.50	0.021042	39.201
25.49	25.50	0.021058	39.300
25.49	25.50	0.021075	39.405
25.49	25.50	0.021092	39.499
25.49	25.50	0.021108	39.599
25.49	25.50	0.021125	39.703
25.49	25.50	0.021142	39.798
25.49	25.50	0.021158	39.898
25.49	25.50	0.021175	40.002
25.49	25.50	0.021192	40.097
25.49	25.50	0.021208	40.197
25.49	25.50	0.021225	40.301
25.49	25.50	0.021242	40.395
25.49	25.50	0.021258	40.496
25.49	25.50	0.021275	40.600
25.52	25.50	0.021291	40.695
25.52	25.50	0.021308	40.795
25.52	25.50	0.021325	40.899
25.52	25.50	0.021341	40.994
25.52	25.50	0.021358	41.093
25.52	25.50	0.021375	41.198
25.52	25.50	0.021391	41.292
25.52	25.50	0.021408	41.392
25.52	25.50	0.021425	41.497
25.52	25.50	0.021441	41.591
25.49	25.50	0.021458	41.692
25.49	25.50	0.021475	41.795
25.49	25.50	0.021491	41.890
25.49	25.50	0.021508	41.991
25.49	25.50	0.021525	42.094
25.49	25.50	0.021541	42.189
25.49	25.50	0.021558	42.291
25.49	25.50	0.021575	42.393
25.49	25.50	0.021591	42.487
25.49	25.50	0.021608	42.591
25.49	25.50	0.021625	42.691
25.49	25.50	0.021641	42.786
25.49	25.50	0.021658	42.890
25.49	25.50	0.021675	42.990
25.49	25.50	0.021691	43.085
25.49	25.50	0.021708	43.189
25.49	25.50	0.021725	43.289
25.49	25.50	0.021741	43.383
25.49	25.50	0.021758	43.488
25.49	25.50	0.021775	43.588
25.49	25.50	0.021791	43.682
25.49	25.50	0.021808	43.787
25.49	25.50	0.021825	43.887
25.49	25.50	0.021841	43.982
25.49	25.50	0.021858	44.086
25.52	25.50	0.021875	44.187
25.52	25.50	0.021891	44.282
25.52	25.50	0.021908	44.385
25.52	25.50	0.021925	44.481
25.52	25.50	0.021941	44.582
25.52	25.50	0.021958	44.684
25.52	25.50	0.021975	44.786
25.52	25.50	0.021991	44.882
25.52	25.50	0.022008	44.982
25.52	25.50	0.022025	45.086
25.49	25.50	0.022041	45.181
25.49	25.50	0.022058	45.282
25.49	25.50	0.022075	45.386
25.49	25.50	0.022091	45.482
25.49	25.50	0.022108	45.582
25.49	25.50	0.022124	45.686
25.49	25.50	0.022141	45.782
25.49	25.50	0.022158	45.882
25.49	25.50	0.022174	45.986
25.49	25.50	0.022191	46.081
25.49	25.50	0.022208	46.182
25.49	25.50	0.022224	46.286
25.49	25.50	0.022241	46.382
25.49	25.50	0.022258	46.482
25.49	25.50	0.022274	46.586
25.49	25.50	0.022291	46.682
25.49	25.50	0.022308	46.781
25.49	25.50	0.022324	46.886
25.49	25.50	0.022341	46.981
25.49	25.50	0.022358	47.082
25.49	25.50	0.022374	47.186
25.52	25.50	0.022391	47.282
25.52	25.50	0.022408	47.382
25.52	25.50	0.022424	47.486
25.52	25.50	0.022441	47.581
25.52	25.50	0.022458	47.682
25.52	25.50	0.022474	47.785
25.52	25.50	0.022491	47.882
25.52	25.50	0.022508	47.982
25.52	25.50	0.022524	48.086
25.52	25.50	0.022541	48.182
25.52	25.50	0.022558	48.282
25.52	25.50	0.022574	48.386
25.49	25.50	0.022591	48.481
25.49	25.50	0.022608	48.582
25.49	25.50	0.022624	48.686
25.49	25.50	0.022641	48.782
25.49	25.50	0.022658	48.882
25.49	25.50	0.022674	48.986
25.49	25.50	0.022691	49.082
25.49	25.50	0.022708	49.181
25.49	25.50	0.022724	49.286
25.49	25.50	0.022741	49.381
25.49	25.50	0.022758	49.482
25.49	25.50	0.022774	49.586
25.49	25.50	0.022791	49.682
25.49	25.50	0.022808	49.783
25.49	25.50	0.022824	49.885
25.49	25.50	0.022841	49.982
25.49	25.50	0.022858	50.107
25.49	25.50	0.022874	50.186
25.49	25.50	0.022891	50.311
25.49	25.50	0.022908	50.406
25.49	25.50	0.022924	50.485
25.52	25.50	0.022941	50.610
25.52	25.50	0.022957	50.704
25.52	25.50	0.022974	50.809
25.52	25.50	0.022991	50.908
25.52	25.50	0.023007	51.003
25.52	25.50	0.023024	51.108
25.52	25.50	0.023041	51.207
25.52	25.50	0.023057	51.302
25.52	25.50	0.023074	51.406
25.52	25.50	0.023091	51.506
25.49	25.50	0.023107	51.601
25.49	25.50	0.023124	51.705
25.49	25.50	0.023141	51.800
25.49	25.50	0.023157	51.899
25.49	25.50	0.023174	52.004
25.49	25.50	0.023191	52.099
25.49	25.50	0.023207	52.198
25.49	25.50	0.023224	52.303
25.49	25.50	0.023241	52.397
25.49	25.50	0.023257	52.497
25.49	25.50	0.023274	52.601
25.49	25.50	0.023291	52.696
25.49	25.50	0.023307	52.795
25.49	25.50	0.023324	52.900
25.49	25.50	0.023341	52.995
25.49	25.50	0.023357	53.095
25.49	25.50	0.023374	53.199
25.49	25.50	0.023391	53.294
25.49	25.50	0.023407	53.394
25.49	25.50	0.023424	53.498
25.49	25.50	0.023441	53.593
25.52	25.50	0.023457	53.692
25.52	25.50	0.023474	53.797
25.52	25.50	0.023491	53.891
25.52	25.50	0.023507	53.991
25.52	25.50	0.023524	54.095
25.52	25.50	0.023541	54.190
25.52	25.50	0.023557	54.290
25.52	25.50	0.023574	54.394
25.52	25.50	0.023591	54.489
25.49	25.50	0.023607	54.589
25.49	25.50	0.023624	54.693
25.49	25.50	0.023641	54.787
25.49	25.50	0.023657	54.889
25.49	25.50	0.023674	54.992
25.49	25.50	0.023691	55.086
25.49	25.50	0.023707	55.189
25.49	25.50	0.023724	55.290
25.49	25.50	0.023741	55.385
25.49	25.50	0.023757	55.490
25.49	25.50	0.023774	55.589
25.49	25.50	0.023790	55.684
25.49	25.50	0.023807	55.788
25.49	25.50	0.023824	55.888
25.49	25.50	0.023840	55.982
25.49	25.50	0.023857	56.087
25.49	25.50	0.023874	56.186
25.52	25.50	0.023890	56.283
25.52	25.50	0.023907	56.387
25.52	25.50	0.023924	56.486
25.52	25.50	0.023940	56.584
25.52	25.50	0.023957	56.685
25.52	25.50	0.023974	56.785
25.52	25.50	0.023990	56.883
25.52	25.50	0.024007	56.984
25.52	25.50	0.024024	57.085
25.52	25.50	0.024040	57.184
25.52	25.50	0.024057	57.284
25.49	25.50	0.024074	57.384
25.49	25.50	0.024090	57.484
25.49	25.50	0.024107	57.584
25.49	25.50	0.024124	57.684
25.49	25.50	0.024140	57.783
25.49	25.50	0.024157	57.884
25.49	25.50	0.024174	57.985
25.49	25.50	0.024190	58.083
25.49	25.50	0.024207	58.184
25.49	25.50	0.024224	58.284
25.49	25.50	0.024240	58.384
25.49	25.50	0.024257	58.483
25.49	25.50	0.024274	58.584
25.49	25.50	0.024290	58.683
25.49	25.50	0.024307	58.784
25.49	25.50	0.024324	58.884
25.49	25.50	0.024340	58.984
25.49	25.50	0.024357	59.084
25.49	25.50	0.024374	59.184
25.49	25.50	0.024390	59.284
25.49	25.50	0.024407	59.383
25.49	25.50	0.024424	59.484
25.49	25.50	0.024440	59.585
25.49	25.50	0.024457	59.685
25.52	25.50	0.024474	59.785
25.52	25.50	0.024490	59.885
25.52	25.50	0.024507	59.985
25.52	25.50	0.024524	00.084
25.52	25.50	0.024540	00.185
25.52	25.50	0.024557	00.285
25.52	25.50	0.024574	00.385
25.52	25.50	0.024590	00.485
25.52	25.50	0.024607	00.585
25.52	25.50	0.024623	00.685
25.49	25.50	0.024640	00.785
25.49	25.50	0.024657	00.885
25.49	25.50	0.024673	00.984
25.49	25.50	0.024690	01.085
25.49	25.50	0.024707	01.185
25.49	25.50	0.024723	01.285
25.49	25.50	0.024740	01.385
25.49	25.50	0.024757	01.485
25.49	25.50	0.024773	01.585
25.49	25.50	0.024790	01.684
25.49	25.50	0.024807	01.785
25.49	25.50	0.024823	01.884
25.49	25.50	0.024840	02.014
25.49	25.50	0.024857	02.108
25.49	25.50	0.024873	02.208
25.49	25.50	0.024890	02.313
25.49	25.50	0.024907	02.407
25.49	25.50	0.024923	02.508
25.49	25.50	0.024940	02.611
25.49	25.50	0.024957	02.706
25.49	25.50	0.024973	02.808
25.49	25.50	0.024990	02.910
25.52	25.50	0.025007	03.005
25.52	25.50	0.025023	03.108
25.52	25.50	0.025040	03.209
25.52	25.50	0.025057	03.303
25.52	25.50	0.025073	03.408
25.52	25.50	0.025090	03.507
25.52	25.50	0.025107	03.602
25.52	25.50	0.025123	03.706
25.52	25.50	0.025140	03.806
25.52	25.50	0.025157	03.901
25.52	25.50	0.025173	04.005
25.49	25.50	0.025190	04.105
25.49	25.50	0.025207	04.199
25.49	25.50	0.025223	04.304
25.49	25.50	0.025240	04.403
25.49	25.50	0.025257	04.498
25.49	25.50	0.025273	04.603
25.49	25.50	0.025290	04.697
25.49	25.50	0.025307	04.797
25.49	25.50	0.025323	04.901
25.49	25.50	0.025340	04.996
25.49	25.50	0.025357	05.096
25.49	25.50	0.025373	05.200
25.49	25.50	0.025390	05.295
25.49	25.50	0.025407	05.394
25.49	25.50	0.025423	05.500
25.49	25.50	0.025440	05.594
25.49	25.50	0.025456	05.694
25.49	25.50	0.025473	05.798
25.49	25.50	0.025490	05.892
25.49	25.50	0.025506	05.992
25.49	25.50	0.025523	06.097
25.52	25.50	0.025540	06.191
25.52	25.50	0.025556	06.291
25.52	25.50	0.025573	06.395
25.52	25.50	0.025590	06.490
25.52	25.50	0.025606	06.590
25.52	25.50	0.025623	06.694
25.52	25.50	0.025640	06.789
25.52	25.50	0.025656	06.888
25.52	25.50	0.025673	06.994
25.52	25.50	0.025690	07.087
25.52	25.50	0.025706	07.188
25.52	25.50	0.025723	07.292
25.49	25.50	0.025740	07.386
25.49	25.50	0.025756	07.488
25.49	25.50	0.025773	07.591
25.49	25.50	0.025790	07.686
25.49	25.50	0.025806	07.787
25.49	25.50	0.025823	07.890
25.49	25.50	0.025840	07.985
25.49	25.50	0.025856	08.087
25.49	25.50	0.025873	08.189
25.49	25.50	0.025890	08.286
25.49	25.50	0.025906	08.387
25.49	25.50	0.025923	08.487
25.49	25.50	0.025940	08.586
25.49	25.50	0.025956	08.686
25.49	25.50	0.025973	08.786
25.49	25.50	0.025990	08.886
25.49	25.50	0.026006	08.987
25.49	25.50	0.026023	09.087
25.49	25.50	0.026040	09.187
25.49	25.50	0.026056	09.286
25.49	25.50	0.026073	09.387
25.52	25.50	0.026090	09.487
25.52	25.50	0.026106	09.587
25.52	25.50	0.026123	09.687
25.52	25.50	0.026140	09.787
25.52	25.50	0.026156	09.887
25.52	25.50	0.026173	09.986
25.52	25.50	0.026190	10.087
25.52	25.50	0.026206	10.187
25.52	25.50	0.026223	10.287
25.52	25.50	0.026240	10.387
25.52	25.50	0.026256	10.487
25.49	25.50	0.026273	10.587
25.49	25.50	0.026289	10.686
25.49	25.50	0.026306	10.787
25.49	25.50	0.026323	10.887
25.49	25.50	0.026339	10.987
25.49	25.50	0.026356	11.087
25.49	25.50	0.026373	11.187
25.49	25.50	0.026389	11.287
25.49	25.50	0.026406	11.386
25.49	25.50	0.026423	11.487
25.49	25.50	0.026439	11.586
25.49	25.50	0.026456	11.687
25.49	25.50	0.026473	11.787
25.49	25.50	0.026489	11.887
25.49	25.50	0.026506	11.987
25.49	25.50	0.026523	12.087
25.49	25.50	0.026539	12.187
25.49	25.50	0.026556	12.286
25.49	25.50	0.026573	12.387
25.49	25.50	0.026589	12.487
25.49	25.50	0.026606	12.587
25.49	25.50	0.026623	12.687
25.49	25.50	0.026639	12.787
25.49	25.50	0.026656	12.887
25.52	25.50	0.026673	12.987
25.52	25.50	0.026689	13.087
25.52	25.50	0.026706	13.186
25.52	25.50	0.026723	13.287
25.52	25.50	0.026739	13.387
25.52	25.50	0.026756	13.487
25.52	25.50	0.026773	13.587
25.52	25.50	0.026789	13.686
25.52	25.50	0.026806	13.811
25.52	25.50	0.026823	13.910
25.52	25.50	0.026839	14.015
25.52	25.50	0.026856	14.110
25.49	25.50	0.026873	14.209
25.49	25.50	0.026889	14.314
25.49	25.50	0.026906	14.408
25.49	25.50	0.026923	14.508
25.49	25.50	0.026939	14.612
25.49	25.50	0.026956	14.707
25.49	25.50	0.026973	14.807
25.49	25.50	0.026989	14.911
25.49	25.50	0.027006	15.006
25.49	25.50	0.027023	15.107
25.49	25.50	0.027039	15.210
25.49	25.50	0.027056	15.305
25.49	25.50	0.027073	15.406
25.49	25.50	0.027089	15.509
25.49	25.50	0.027106	15.604
25.49	25.50	0.027122	15.706
25.49	25.50	0.027139	15.808
25.49	25.50	0.027156	15.902
25.49	25.50	0.027172	16.006
25.49	25.50	0.027189	16.106
25.49	25.50	0.027206	16.201
25.49	25.50	0.027222	16.305
25.49	25.50	0.027239	16.405
25.49	25.50	0.027256	16.500
25.52	25.50	0.027272	16.604
25.52	25.50	0.027289	16.704
25.52	25.50	0.027306	16.798
25.52	25.50	0.027322	16.903
25.52	25.50	0.027339	17.002
25.52	25.50	0.027356	17.097
25.52	25.50	0.027372	17.202
25.52	25.50	0.027389	17.301
25.52	25.50	0.027406	17.396
25.52	25.50	0.027422	17.501
25.49	25.50	0.027439	17.595
25.49	25.50	0.027456	17.694
25.49	25.50	0.027472	17.799
25.49	25.50	0.027489	17.894
25.49	25.50	0.027506	17.993
25.49	25.50	0.027522	18.099
25.49	25.50	0.027539	18.193
25.49	25.50	0.027556	18.292
25.49	25.50	0.027572	18.397
25.49	25.50	0.027589	18.492
25.49	25.50	0.027606	18.591
25.49	25.50	0.027622	18.696
25.49	25.50	0.027639	18.790
25.49	25.50	0.027656	18.890
25.49	25.50	0.027672	18.994
25.49	25.50	0.027689	19.089
25.49	25.50	0.027706	19.189
25.49	25.50	0.027722	19.293
25.49	25.50	0.027739	19.388
25.49	25.50	0.027756	19.488
25.49	25.50	0.027772	19.592
25.52	25.50	0.027789	19.687
25.52	25.50	0.027806	19.788
25.52	25.50	0.027822	19.891
25.52	25.50	0.027839	19.988
25.52	25.50	0.027856	20.088
25.52	25.50	0.027872	20.190
25.52	25.50	0.027889	20.288
25.52	25.50	0.027906	20.387
25.52	25.50	0.027922	20.489
25.52	25.50	0.027939	20.588
25.52	25.50	0.027955	20.688
25.52	25.50	0.027972	20.788
25.49	25.50	0.027989	20.888
25.49	25.50	0.028005	20.988
25.49	25.50	0.028022	21.088
25.49	25.50	0.028039	21.188
25.49	25.50	0.028055	21.287
25.49	25.50	0.028072	21.388
25.49	25.50	0.028089	21.488
25.49	25.50	0.028105	21.588
25.49	25.50	0.028122	21.688
25.49	25.50	0.028139	21.788
25.49	25.50	0.028155	21.888
25.49	25.50	0.028172	21.987
25.49	25.50	0.028189	22.088
25.49	25.50	0.028205	22.187
25.49	25.50	0.028222	22.288
25.49	25.50	0.028239	22.388
25.49	25.50	0.028255	22.488
25.49	25.50	0.028272	22.588
25.49	25.50	0.028289	22.688
25.49	25.50	0.028305	22.788
25.49	25.50	0.028322	22.887
25.49	25.50	0.028339	22.988
25.49	25.50	0.028355	23.088
25.52	25.50	0.028372	23.188
25.52	25.50	0.028389	23.288
25.52	25.50	0.028405	23.388
25.52	25.50	0.028422	23.488
25.52	25.50	0.028439	23.588
25.52	25.50	0.028455	23.687
25.52	25.50	0.028472	23.788
25.52	25.50	0.028489	23.888
25.52	25.50	0.028505	23.988
25.52	25.50	0.028522	24.088
25.49	25.50	0.028539	24.187
25.49	25.50	0.028555	24.289
25.49	25.50	0.028572	24.390
25.49	25.50	0.028589	24.490
25.49	25.50	0.028605	24.590
25.49	25.50	0.028622	24.690
25.49	25.50	0.028639	24.790
25.49	25.50	0.028655	24.890
25.49	25.50	0.028672	24.990
25.49	25.50	0.028689	25.090
25.49	25.50	0.028705	25.189
25.49	25.50	0.028722	25.290
25.49	25.50	0.028739	25.419
25.49	25.50	0.028755	25.513
25.49	25.50	0.028772	25.613
25.49	25.50	0.028788	25.718
25.49	25.50	0.028805	25.812
25.49	25.50	0.028822	25.912
25.49	25.50	0.028838	26.016
25.49	25.50	0.028855	26.111
25.52	25.50	0.028872	26.211
25.52	25.50	0.028888	26.315
25.52	25.50	0.028905	26.410
25.52	25.50	0.028922	26.509
25.52	25.50	0.028938	26.614
25.52	25.50	0.028955	26.708
25.52	25.50	0.028972	26.808
25.52	25.50	0.028988	26.913
25.52	25.50	0.029005	27.007
25.52	25.50	0.029022	27.107
25.49	25.50	0.029038	27.211
25.49	25.50	0.029055	27.306
25.49	25.50	0.029072	27.405
25.49	25.50	0.029088	27.510
25.49	25.50	0.029105	27.604
25.49	25.50	0.029122	27.705
25.49	25.50	0.029138	27.809
25.49	25.50	0.029155	27.903
25.49	25.50	0.029172	28.005
25.49	25.50	0.029188	28.107
25.49	25.50	0.029205	28.202
25.49	25.50	0.029222	28.304
25.49	25.50	0.029238	28.406
25.49	25.50	0.029255	28.501
25.49	25.50	0.029272	28.604
25.49	25.50	0.029288	28.706
25.49	25.50	0.029305	28.800
25.52	25.50	0.029322	28.905
25.52	25.50	0.029338	29.004
25.52	25.50	0.029355	29.099
25.52	25.50	0.029372	29.203
25.52	25.50	0.029388	29.303
25.52	25.50	0.029405	29.398
25.52	25.50	0.029422	29.502
25.52	25.50	0.029438	29.602
25.52	25.50	0.029455	29.696
25.52	25.50	0.029472	29.801
25.49	25.50	0.029488	29.900
25.49	25.50	0.029505	29.995
25.49	25.50	0.029522	30.099
25.49	25.50	0.029538	30.194
25.49	25.50	0.029555	30.293
25.49	25.50	0.029572	30.399
25.49	25.50	0.029588	30.492
25.49	25.50	0.029605	30.593
25.49	25.50	0.029621	30.697
25.49	25.50	0.029638	30.792
25.49	25.50	0.029655	30.892
25.49	25.50	0.029671	30.996
25.49	25.50	0.029688	31.091
25.49	25.50	0.029705	31.190
25.49	25.50	0.029721	31.295
25.49	25.50	0.029738	31.389
25.49	25.50	0.029755	31.490
25.49	25.50	0.029771	31.594
25.49	25.50	0.029788	31.690
25.49	25.50	0.029805	31.790
25.52	25.50	0.029821	31.892
25.52	25.50	0.029838	31.990
25.52	25.50	0.029855	32.089
25.52	25.50	0.029871	32.191
25.52	25.50	0.029888	32.289
25.52	25.50	0.029905	32.390
25.52	25.50	0.029921	32.490
25.52	25.50	0.029938	32.590
25.52	25.50	0.029955	32.690
25.52	25.50	0.029971	32.790
25.49	25.50	0.029988	32.890
25.49	25.50	0.030005	32.989
25.49	25.50	0.030021	33.090
25.49	25.50	0.030038	33.190
25.49	25.50	0.030055	33.290
25.49	25.50	0.030071	33.390
25.49	25.50	0.030088	33.490
25.49	25.51	0.030105	33.590
25.49	25.51	0.030121	33.690
25.49	25.51	0.030138	33.790
25.49	25.51	0.030155	33.889
25.49	25.51	0.030171	33.990
25.49	25.51	0.030188	34.090
25.49	25.51	0.030205	34.190
25.49	25.51	0.030221	34.290
25.49	25.51	0.030238	34.390
25.49	25.51	0.030255	34.490
25.49	25.51	0.030271	34.589
25.52	25.51	0.030288	34.690
25.52	25.51	0.030305	34.789
25.52	25.52	0.030321	34.890
25.52	25.52	0.030338	34.990
25.52	25.52	0.030355	35.090
25.52	25.52	0.030371	35.190
25.52	25.52	0.030388	35.290
25.52	25.52	0.030405	35.390
25.52	25.52	0.030421	35.489
25.52	25.52	0.030438	35.590
25.52	25.52	0.030454	35.690
25.52	25.52	0.030471	35.790
25.52	25.52	0.030488	35.890
25.52	25.52	0.030504	35.990
25.52	25.52	0.030521	36.090
25.52	25.53	0.030538	36.189
25.52	25.53	0.030554	36.290
25.52	25.53	0.030571	36.389
25.52	25.53	0.030588	36.490
25.52	25.53	0.030604	36.590
25.55	25.53	0.030621	36.690
25.55	25.53	0.030638	36.790
25.55	25.53	0.030654	36.890
25.55	25.53	0.030671	36.990
25.55	25.53	0.030688	37.089
25.55	25.53	0.030704	37.190
25.55	25.53	0.030721	37.290
25.55	25.53	0.030738	37.390
25.55	25.54	0.030754	37.490
25.55	25.54	0.030771	37.614
25.55	25.54	0.030788	37.719
25.52	25.54	0.030804	37.818
25.52	25.54	0.030821	37.913
25.52	25.54	0.030838	38.017
25.52	25.54	0.030854	38.112
25.52	25.54	0.030871	38.211
25.52	25.54	0.030888	38.316
25.52	25.54	0.030904	38.411
25.52	25.54	0.030921	38.510
25.52	25.54	0.030938	38.615
25.52	25.54	0.030954	38.709
25.55	25.55	0.030971	38.810
25.55	25.55	0.030988	38.914
25.55	25.55	0.031004	39.009
25.55	25.55	0.031021	39.109
25.55	25.55	0.031038	39.213
25.55	25.55	0.031054	39.308
25.55	25.55	0.031071	39.407
25.55	25.55	0.031088	39.512
25.55	25.55	0.031104	39.606
25.55	25.55	0.031121	39.706
25.55	25.55	0.031138	39.810
25.55	25.55	0.031154	39.905
25.55	25.55	0.031171	40.005
25.55	25.56	0.031188	40.109
25.55	25.56	0.031204	40.204
25.55	25.56	0.031221	40.303
25.55	25.56	0.031238	40.408
25.55	25.56	0.031254	40.502
25.57	25.56	0.031271	40.603
25.57	25.56	0.031287	40.706
25.57	25.56	0.031304	40.801
25.57	25.56	0.031321	40.903
25.57	25.56	0.031337	41.005
25.57	25.56	0.031354	41.100
25.57	25.56	0.031371	41.202
25.57	25.56	0.031387	41.304
25.57	25.57	0.031404	41.398
25.57	25.57	0.031421	41.503
25.57	25.57	0.031437	41.603
25.57	25.57	0.031454	41.697
25.57	25.57	0.031471	41.802
25.57	25.57	0.031487	41.902
25.57	25.57	0.031504	41.996
25.57	25.57	0.031521	42.101
25.57	25.57	0.031537	42.201
25.57	25.57	0.031554	42.296
25.57	25.57	0.031571	42.400
25.57	25.57	0.031587	42.500
25.57	25.57	0.031604	42.594
25.57	25.58	0.031621	42.699
25.57	25.58	0.031637	42.798
25.57	25.58	0.031654	42.893
25.57	25.58	0.031671	42.997
25.57	25.58	0.031687	43.093
25.57	25.58	0.031704	43.193
25.57	25.58	0.031721	43.296
25.57	25.58	0.031737	43.393
25.57	25.58	0.031754	43.493
25.57	25.58	0.031771	43.595
25.57	25.58	0.031787	43.692
25.57	25.58	0.031804	43.793
25.57	25.58	0.031821	43.893
25.57	25.59	0.031837	43.998
25.57	25.59	0.031854	44.093
25.57	25.59	0.031871	44.193
25.60	25.59	0.031887	44.293
25.60	25.59	0.031904	44.393
25.60	25.59	0.031921	44.493
25.60	25.59	0.031937	44.592
25.60	25.59	0.031954	44.693
25.60	25.59	0.031971	44.793
25.60	25.59	0.031987	44.897
25.60	25.59	0.032004	44.993
25.60	25.59	0.032021	45.093
25.60	25.59	0.032037	45.198
25.60	25.60	0.032054	45.292
25.60	25.60	0.032071	45.393
25.60	25.60	0.032087	45.493
25.60	25.60	0.032104	45.593
25.60	25.60	0.032120	45.693
25.60	25.60	0.032137	45.797
25.60	25.60	0.032154	45.893
25.60	25.60	0.032170	45.993
25.60	25.60	0.032187	46.097
25.60	25.60	0.032204	46.192
25.60	25.60	0.032220	46.293
25.60	25.60	0.032237	46.398
25.60	25.60	0.032254	46.493
25.60	25.61	0.032270	46.593
25.60	25.61	0.032287	46.697
25.60	25.61	0.032304	46.793
25.60	25.61	0.032320	46.892
25.60	25.61	0.032337	46.997
25.60	25.61	0.032354	47.094
25.60	25.61	0.032370	47.194
25.60	25.61	0.032387	47.298
25.60	25.61	0.032404	47.394
25.60	25.61	0.032420	47.494
25.60	25.61	0.032437	47.597
25.60	25.61	0.032454	47.694
25.62	25.61	0.032470	47.793
25.62	25.62	0.032487	47.897
25.62	25.62	0.032504	47.994
25.62	25.62	0.032520	48.094
25.62	25.62	0.032537	48.197
25.62	25.62	0.032554	48.294
25.62	25.62	0.032570	48.394
25.62	25.62	0.032587	48.497
25.62	25.62	0.032604	48.594
25.62	25.62	0.032620	48.693
25.62	25.62	0.032637	48.797
25.62	25.62	0.032654	48.923
25.62	25.62	0.032670	49.018
25.62	25.62	0.032687	49.097
25.62	25.62	0.032704	49.222
25.62	25.63	0.032720	49.317
25.62	25.63	0.032737	49.421
25.62	25.63	0.032754	49.521
25.62	25.63	0.032770	49.615
25.62	25.63	0.032787	49.720
25.62	25.63	0.032804	49.820
25.62	25.63	0.032820	49.915
25.62	25.63	0.032837	50.019
25.62	25.63	0.032854	50.119
25.62	25.63	0.032870	50.213
25.65	25.63	0.032887	50.318
25.65	25.63	0.032904	50.417
25.65	25.63	0.032920	50.512
25.65	25.64	0.032937	50.617
25.65	25.64	0.032953	50.711
25.65	25.64	0.032970	50.811
25.65	25.64	0.032987	50.915
25.65	25.64	0.033003	51.010
25.65	25.64	0.033020	51.109
25.65	25.64	0.033037	51.214
25.65	25.64	0.033053	51.309
25.65	25.64	0.033070	51.408
25.65	25.64	0.033087	51.513
25.65	25.64	0.033103	51.607
25.65	25.64	0.033120	51.707
25.65	25.64	0.033137	51.811
25.65	25.65	0.033153	51.906
25.65	25.65	0.033170	52.005
25.65	25.65	0.033187	52.110
25.65	25.65	0.033203	52.205
25.65	25.65	0.033220	52.304
25.65	25.65	0.033237	52.410
25.65	25.65	0.033253	52.503
25.65	25.65	0.033270	52.604
25.65	25.65	0.033287	52.708
25.65	25.65	0.033303	52.802
25.65	25.65	0.033320	52.902
25.65	25.65	0.033337	53.007
25.65	25.65	0.033353	53.102
25.65	25.66	0.033370	53.201
25.65	25.66	0.033387	53.306
25.65	25.66	0.033403	53.400
25.65	25.66	0.033420	53.501
25.65	25.66	0.033437	53.604
25.65	25.66	0.033453	53.699
25.65	25.66	0.033470	53.801
25.65	25.66	0.033487	53.903
25.65	25.66	0.033503	53.999
25.65	25.66	0.033520	54.100
25.65	25.66	0.033537	54.202
25.65	25.66	0.033553	54.298
25.65	25.66	0.033570	54.401
25.65	25.67	0.033587	54.500
25.65	25.67	0.033603	54.599
25.65	25.67	0.033620	54.700
25.65	25.67	0.033637	54.799
25.65	25.67	0.033653	54.899
25.65	25.67	0.033670	54.999
25.65	25.67	0.033687	55.099
25.67	25.67	0.033703	55.198
25.67	25.67	0.033720	55.299
25.67	25.67	0.033737	55.399
25.67	25.67	0.033753	55.499
25.67	25.67	0.033770	55.599
25.67	25.67	0.033786	55.699
25.67	25.68	0.033803	55.799
25.67	25.68	0.033820	55.899
25.67	25.68	0.033836	55.999
25.67	25.68	0.033853	56.098
25.67	25.68	0.033870	56.199
25.67	25.68	0.033886	56.299
25.70	25.68	0.033903	56.399
25.70	25.68	0.033920	56.500
25.70	25.68	0.033936	56.600
25.70	25.68	0.033953	56.700
25.70	25.68	0.033970	56.800
25.70	25.68	0.033986	56.899
25.70	25.68	0.034003	57.000
25.70	25.69	0.034020	57.100
25.70	25.69	0.034036	57.200
25.70	25.69	0.034053	57.300
25.70	25.69	0.034070	57.400
25.70	25.69	0.034086	57.500
25.70	25.69	0.034103	57.599
25.70	25.69	0.034120	57.700
25.70	25.69	0.034136	57.800
25.70	25.69	0.034153	57.900
25.70	25.69	0.034170	58.000
25.67	25.69	0.034186	58.100
25.67	25.69	0.034203	58.200
25.67	25.69	0.034220	58.300
25.67	25.70	0.034236	58.400
25.67	25.70	0.034253	58.499
25.67	25.70	0.034270	58.600
25.67	25.70	0.034286	58.700
25.70	25.70	0.034303	58.800
25.70	25.70	0.034320	58.900
25.70	25.70	0.034336	59.000
25.70	25.70	0.034353	59.099
25.70	25.70	0.034370	59.200
25.70	25.70	0.034386	59.299
25.70	25.70	0.034403	59.400
25.70	25.70	0.034420	59.500
25.70	25.70	0.034436	59.600
25.70	25.71	0.034453	59.700
25.70	25.71	0.034470	59.824
25.73	25.71	0.034486	59.924
25.73	25.71	0.034503	00.028
25.73	25.71	0.034520	00.123
25.73	25.71	0.034536	00.222
25.73	25.71	0.034553	00.327
25.73	25.71	0.034570	00.422
25.73	25.71	0.034586	00.521
25.73	25.71	0.034603	00.626
25.73	25.71	0.034619	00.720
25.73	25.71	0.034636	00.820
25.70	25.71	0.034653	00.925
25.70	25.72	0.034669	01.019
25.70	25.72	0.034686	01.120
25.70	25.72	0.034703	01.223
25.70	25.72	0.034719	01.318
25.70	25.72	0.034736	01.420
25.70	25.72	0.034753	01.522
25.70	25.72	0.034769	01.616
25.70	25.72	0.034786	01.720
25.70	25.72	0.034803	01.821
25.70	25.72	0.034819	01.915
25.73	25.72	0.034836	02.020
25.73	25.72	0.034853	02.120
25.73	25.72	0.034869	02.214
25.73	25.73	0.034886	02.319
25.73	25.73	0.034903	02.418
25.73	25.73	0.034919	02.513
25.73	25.73	0.034936	02.617
25.73	25.73	0.034953	02.717
25.73	25.73	0.034969	02.812
25.73	25.73	0.034986	02.916
25.73	25.73	0.035003	03.016
25.73	25.73	0.035019	03.110
25.73	25.73	0.035036	03.215
25.73	25.73	0.035053	03.314
25.73	25.73	0.035069	03.409
25.73	25.73	0.035086	03.515
25.73	25.74	0.035103	03.609
25.73	25.74	0.035119	03.709
25.75	25.74	0.035136	03.813
25.75	25.74	0.035153	03.908
25.75	25.74	0.035169	04.007
25.75	25.74	0.035186	04.112
25.75	25.74	0.035203	04.206
25.75	25.74	0.035219	04.306
25.75	25.74	0.035236	04.411
25.75	25.74	0.035253	04.505
25.75	25.74	0.035269	04.605
25.75	25.74	0.035286	04.709
25.75	25.74	0.035303	04.804
25.75	25.75	0.035319	04.903
25.75	25.75	0.035336	05.008
25.75	25.75	0.035353	05.103
25.75	25.75	0.035369	05.202
25.75	25.75	0.035386	05.307
25.75	25.75	0.035403	05.401
25.75	25.75	0.035419	05.501
25.75	25.75	0.035436	05.605
25.75	25.75	0.035452	05.700
25.75	25.75	0.035469	05.800
25.75	25.75	0.035486	05.904
25.75	25.75	0.035502	06.000
25.75	25.75	0.035519	06.100
25.75	25.76	0.035536	06.203
25.75	25.76	0.035552	06.302
25.75	25.76	0.035569	06.402
25.75	25.76	0.035586	06.501
25.75	25.76	0.035602	06.602
25.75	25.76	0.035619	06.702
25.75	25.76	0.035636	06.802
25.75	25.76	0.035652	06.902
25.75	25.76	0.035669	07.002
25.75	25.76	0.035686	07.102
25.75	25.76	0.035702	07.201
25.75	25.76	0.035719	07.302
25.75	25.76	0.035736	07.401
25.75	25.77	0.035752	07.502
25.75	25.77	0.035769	07.602
25.75	25.77	0.035786	07.702
25.75	25.77	0.035802	07.802
25.75	25.77	0.035819	07.902
25.75	25.77	0.035836	08.002
25.75	25.77	0.035852	08.101
25.78	25.77	0.035869	08.202
25.78	25.77	0.035886	08.302
25.78	25.77	0.035902	08.402
25.78	25.77	0.035919	08.502
25.78	25.77	0.035936	08.602
25.78	25.77	0.035952	08.702
25.78	25.78	0.035969	08.802
25.78	25.78	0.035986	08.902
25.78	25.78	0.036002	09.001
25.78	25.78	0.036019	09.102
25.78	25.78	0.036036	09.202
25.78	25.78	0.036052	09.302
25.78	25.78	0.036069	09.402
25.78	25.78	0.036086	09.502
25.78	25.78	0.036102	09.602
25.78	25.78	0.036119	09.702
25.78	25.78	0.036136	09.802
25.78	25.78	0.036152	09.901
25.78	25.78	0.036169	10.002
25.78	25.79	0.036186	10.102
25.78	25.79	0.036202	10.202
25.78	25.79	0.036219	10.302
25.78	25.79	0.036236	10.402
25.78	25.79	0.036252	10.502
25.78	25.79	0.036269	10.601
25.78	25.79	0.036285	10.702
25.80	25.79	0.036302	10.802
25.80	25.79	0.036319	10.902
25.80	25.79	0.036335	11.002
25.80	25.79	0.036352	11.102
25.80	25.79	0.036369	11.202
25.80	25.79	0.036385	11.302
25.80	25.80	0.036402	11.402
25.80	25.80	0.036419	11.501
25.80	25.80	0.036435	11.626
25.80	25.80	0.036452	11.702
25.80	25.80	0.036469	11.826
25.80	25.80	0.036485	11.926
25.80	25.80	0.036502	12.030
25.80	25.80	0.036519	12.125
25.80	25.80	0.036535	12.224
25.80	25.80	0.036552	12.329
25.80	25.80	0.036569	12.423
25.80	25.80	0.036585	12.523
25.80	25.80	0.036602	12.628
25.80	25.81	0.036619	12.722
25.80	25.81	0.036635	12.822
25.80	25.81	0.036652	12.926
25.80	25.81	0.036669	13.021
25.80	25.81	0.036685	13.120
25.80	25.81	0.036702	13.225
25.80	25.81	0.036719	13.319
25.80	25.81	0.036735	13.419
25.80	25.81	0.036752	13.524
25.80	25.81	0.036769	13.618
25.83	25.81	0.036785	13.718
25.83	25.81	0.036802	13.822
25.83	25.81	0.036819	13.917
25.83	25.82	0.036835	14.017
25.83	25.82	0.036852	14.121
25.83	25.82	0.036869	14.216
25.83	25.82	0.036885	14.318
25.83	25.82	0.036902	14.420
25.83	25.82	0.036919	14.515
25.83	25.82	0.036935	14.618
25.83	25.82	0.036952	14.718
25.83	25.82	0.036969	14.813
25.83	25.82	0.036985	14.917
25.83	25.82	0.037002	15.018
25.83	25.82	0.037019	15.113
25.83	25.82	0.037035	15.217
25.83	25.83	0.037052	15.317
25.80	25.83	0.037069	15.411
25.80	25.83	0.037085	15.516
25.80	25.83	0.037102	15.615
25.80	25.83	0.037118	15.710
25.80	25.83	0.037135	15.815
25.80	25.83	0.037152	15.914
25.83	25.83	0.037168	16.009
25.83	25.83	0.037185	16.113
25.83	25.83	0.037202	16.208
25.83	25.83	0.037218	16.307
25.83	25.83	0.037235	16.412
25.83	25.83	0.037252	16.506
25.83	25.84	0.037268	16.606
25.83	25.84	0.037285	16.711
25.83	25.84	0.037302	16.805
25.83	25.84	0.037318	16.905
25.83	25.84	0.037335	17.009
25.85	25.84	0.037352	17.104
25.85	25.84	0.037368	17.203
25.85	25.84	0.037385	17.308
25.85	25.84	0.037402	17.403
25.85	25.84	0.037418	17.503
25.85	25.84	0.037435	17.607
25.85	25.84	0.037452	17.703
25.85	25.84	0.037468	17.803
25.85	25.84	0.037485	17.905
25.85	25.85	0.037502	18.003
25.85	25.85	0.037518	18.102
25.85	25.85	0.037535	18.204
25.85	25.85	0.037552	18.303
25.85	25.85	0.037568	18.403
25.85	25.85	0.037585	18.503
25.85	25.85	0.037602	18.603
25.85	25.85	0.037618	18.703
25.85	25.85	0.037635	18.802
25.85	25.85	0.037652	18.903
25.85	25.85	0.037668	19.003
25.85	25.85	0.037685	19.103
25.85	25.85	0.037702	19.203
25.85	25.86	0.037718	19.303
25.85	25.86	0.037735	19.404
25.85	25.86	0.037752	19.504
25.85	25.86	0.037768	19.604
25.85	25.86	0.037785	19.703
25.85	25.86	0.037802	19.804
25.85	25.86	0.037818	19.904
25.85	25.86	0.037835	20.004
25.85	25.86	0.037852	20.104
25.85	25.86	0.037868	20.204
25.85	25.86	0.037885	20.304
25.85	25.86	0.037902	20.404
25.85	25.86	0.037918	20.504
25.88	25.87	0.037935	20.603
25.88	25.87	0.037951	20.704
25.88	25.87	0.037968	20.804
25.88	25.87	0.037985	20.904
25.88	25.87	0.038001	21.004
25.88	25.87	0.038018	21.104
25.88	25.87	0.038035	21.204
25.88	25.87	0.038051	21.303
25.88	25.87	0.038068	21.404
25.88	25.87	0.038085	21.503
25.88	25.87	0.038101	21.604
25.88	25.87	0.038118	21.704
25.88	25.87	0.038135	21.804
25.88	25.88	0.038151	21.904
25.88	25.88	0.038168	22.005
25.88	25.88	0.038185	22.105
25.88	25.88	0.038201	22.204
25.88	25.88	0.038218	22.305
25.88	25.88	0.038235	22.405
25.88	25.88	0.038251	22.505
25.88	25.88	0.038268	22.605
25.88	25.88	0.038285	22.705
25.88	25.88	0.038301	22.805
25.88	25.88	0.038318	22.905
25.88	25.88	0.038335	23.005
25.88	25.88	0.038351	23.104
25.88	25.89	0.038368	23.204
25.88	25.89	0.038385	23.328
25.88	25.89	0.038401	23.434
25.88	25.89	0.038418	23.534
25.88	25.89	0.038435	23.628
25.88	25.89	0.038451	23.733
25.88	25.89	0.038468	23.832
25.88	25.89	0.038485	23.927
25.88	25.89	0.038501	24.031
25.88	25.89	0.038518	24.126
25.88	25.89	0.038535	24.226
25.88	25.89	0.038551	24.330
25.88	25.89	0.038568	24.425
25.90	25.90	0.038585	24.524
25.90	25.90	0.038601	24.629
25.90	25.90	0.038618	24.723
25.90	25.90	0.038635	24.823
25.90	25.90	0.038651	24.927
25.90	25.90	0.038668	25.022
25.90	25.90	0.038685	25.122
25.90	25.90	0.038701	25.226
25.90	25.90	0.038718	25.321
25.90	25.90	0.038735	25.420
25.90	25.90	0.038751	25.525
25.90	25.90	0.038768	25.619
25.90	25.90	0.038784	25.719
25.90	25.91	0.038801	25.824
25.90	25.91	0.038818	25.918
25.90	25.91	0.038834	26.018
25.90	25.91	0.038851	26.122
25.90	25.91	0.038868	26.217
25.90	25.91	0.038884	26.316
25.90	25.91	0.038901	26.421
25.93	25.91	0.038918	26.516
25.93	25.91	0.038934	26.616
25.93	25.91	0.038951	26.721
25.93	25.91	0.038968	26.815
25.93	25.91	0.038984	26.916
25.93	25.91	0.039001	27.019
25.93	25.92	0.039018	27.114
25.93	25.92	0.039034	27.215
25.93	25.92	0.039051	27.318
25.93	25.92	0.039068	27.413
25.93	25.92	0.039084	27.516
25.90	25.92	0.039101	27.617
25.90	25.92	0.039118	27.711
25.90	25.92	0.039134	27.816
25.90	25.92	0.039151	27.915
25.90	25.92	0.039168	28.010
25.90	25.92	0.039184	28.114
25.90	25.92	0.039201	28.214
25.90	25.92	0.039218	28.309
25.90	25.93	0.039234	28.413
25.90	25.93	0.039251	28.513
25.93	25.93	0.039268	28.609
25.93	25.93	0.039284	28.712
25.93	25.93	0.039301	28.811
25.93	25.93	0.039318	28.910
25.93	25.93	0.039334	29.011
25.93	25.93	0.039351	29.111
25.93	25.93	0.039368	29.210
25.93	25.93	0.039384	29.310
25.93	25.93	0.039401	29.411
25.93	25.93	0.039418	29.510
25.93	25.93	0.039434	29.610
25.93	25.94	0.039451	29.710
25.96	25.94	0.039468	29.810
25.96	25.94	0.039484	29.910
25.96	25.94	0.039501	30.011
25.96	25.94	0.039518	30.110
25.96	25.94	0.039534	30.210
25.96	25.94	0.039551	30.311
25.96	25.94	0.039568	30.409
25.96	25.94	0.039584	30.510
25.96	25.94	0.039601	30.610
25.96	25.94	0.039617	30.710
25.96	25.94	0.039634	30.810
25.93	25.94	0.039651	30.911
25.93	25.95	0.039667	31.010
25.93	25.95	0.039684	31.110
25.93	25.95	0.039701	31.211
25.93	25.95	0.039717	31.309
25.93	25.95	0.039734	31.410
25.93	25.95	0.039751	31.511
25.93	25.95	0.039767	31.610
25.93	25.95	0.039784	31.710
25.93	25.95	0.039801	31.810
25.93	25.95	0.039817	31.910
25.93	25.95	0.039834	32.010
25.96	25.95	0.039851	32.111
25.96	25.95	0.039867	32.209
25.96	25.96	0.039884	32.310
25.96	25.96	0.039901	32.411
25.96	25.96	0.039917	32.510
25.96	25.96	0.039934	32.610
25.96	25.96	0.039951	32.710
25.96	25.96	0.039967	32.810
25.96	25.96	0.039984	32.909
25.96	25.96	0.040001	33.010
25.96	25.96	0.040017	33.109
25.96	25.96	0.040034	33.210
25.96	25.96	0.040051	33.311
25.96	25.96	0.040067	33.410
25.96	25.96	0.040084	33.511
25.96	25.97	0.040101	33.611
25.96	25.97	0.040117	33.711
25.98	25.97	0.040134	33.810
25.98	25.97	0.040151	33.911
25.98	25.97	0.040167	34.011
25.98	25.97	0.040184	34.110
25.98	25.97	0.040201	34.211
25.98	25.97	0.040217	34.339
25.98	25.97	0.040234	34.434
25.98	25.97	0.040251	34.535
25.98	25.97	0.040267	34.639
25.98	25.97	0.040284	34.732
25.98	25.97	0.040301	34.835
25.98	25.98	0.040317	34.936
25.98	25.98	0.040334	35.031
25.98	25.98	0.040351	35.110
25.98	25.98	0.040367	35.236
25.98	25.98	0.040384	35.331
25.98	25.98	0.040401	35.410
25.98	25.98	0.040417	35.535
25.98	25.98	0.040434	35.629
25.98	25.98	0.040450	35.734
25.98	25.98	0.040467	35.834
25.98	25.98	0.040484	35.928
25.98	25.98	0.040500	36.033
25.98	25.98	0.040517	36.132
25.98	25.99	0.040534	36.227
25.96	25.99	0.040550	36.331
25.96	25.99	0.040567	36.431
25.96	25.99	0.040584	36.525
25.96	25.99	0.040600	36.630
25.98	25.99	0.040617	36.725
25.98	25.99	0.040634	36.824
25.98	25.99	0.040650	36.929
25.98	25.99	0.040667	37.023
25.98	25.99	0.040684	37.123
25.98	25.99	0.040700	37.227
25.98	25.99	0.040717	37.322
25.98	25.99	0.040734	37.422
25.98	26.00	0.040750	37.526
25.98	26.00	0.040767	37.621
26.01	26.00	0.040784	37.720
26.01	26.00	0.040800	37.825
26.01	26.00	0.040817	37.920
26.01	26.00	0.040834	38.019
26.01	26.00	0.040850	38.124
26.01	26.00	0.040867	38.219
26.01	26.00	0.040884	38.319
26.01	26.00	0.040900	38.423
26.01	26.00	0.040917	38.518
26.01	26.00	0.040934	38.617
26.01	26.00	0.040950	38.722
26.01	26.01	0.040967	38.816
26.01	26.01	0.040984	38.916
26.01	26.01	0.041000	39.021
26.01	26.01	0.041017	39.115
26.01	26.01	0.041034	39.214
26.01	26.01	0.041050	39.319
26.01	26.01	0.041067	39.413
26.01	26.01	0.041084	39.514
26.01	26.01	0.041100	39.617
26.01	26.01	0.041117	39.712
26.01	26.01	0.041134	39.814
26.01	26.01	0.041150	39.916
26.01	26.01	0.041167	40.011
26.01	26.02	0.041184	40.114
26.01	26.02	0.041200	40.215
26.01	26.02	0.041217	40.310
26.01	26.02	0.041234	40.414
26.01	26.02	0.041250	40.515
26.01	26.02	0.041267	40.611
26.01	26.02	0.041283	40.714
26.03	26.02	0.041300	40.813
26.03	26.02	0.041317	40.911
26.03	26.02	0.041333	41.012
26.03	26.02	0.041350	41.112
26.03	26.02	0.041367	41.210
26.03	26.02	0.041383	41.311
26.03	26.03	0.041400	41.411
26.03	26.03	0.041417	41.511
26.03	26.03	0.041433	41.611
26.03	26.03	0.041450	41.711
26.03	26.03	0.041467	41.811
26.03	26.03	0.041483	41.910
26.03	26.03	0.041500	42.011
26.03	26.03	0.041517	42.111
26.03	26.03	0.041533	42.211
26.03	26.03	0.041550	42.311
26.03	26.03	0.041567	42.411
26.03	26.03	0.041583	42.511
26.03	26.03	0.041600	42.610
26.03	26.04	0.041617	42.711
26.03	26.04	0.041633	42.810
26.03	26.04	0.041650	42.911
26.03	26.04	0.041667	43.011
26.03	26.04	0.041683	43.111
26.03	26.04	0.041700	43.211
26.03	26.04	0.041717	43.311
26.03	26.04	0.041733	43.411
26.03	26.04	0.041750	43.510
26.03	26.04	0.041767	43.611
26.03	26.04	0.041783	43.712
26.03	26.04	0.041800	43.812
26.03	26.04	0.041817	43.912
26.03	26.05	0.041833	44.012
26.03	26.05	0.041850	44.112
26.06	26.05	0.041867	44.212
26.06	26.05	0.041883	44.312
26.06	26.05	0.041900	44.411
26.06	26.05	0.041917	44.512
26.06	26.05	0.041933	44.612
26.06	26.05	0.041950	44.712
26.06	26.05	0.041967	44.812
26.06	26.05	0.041983	44.912
26.06	26.05	0.042000	45.012
26.06	26.05	0.042017	45.112
26.06	26.05	0.042033	45.212
26.06	26.06	0.042050	45.311
26.06	26.06	0.042067	45.412
26.06	26.06	0.042083	45.512
26.06	26.06	0.042100	45.612
26.06	26.06	0.042116	45.712
26.06	26.06	0.042133	45.812
26.06	26.06	0.042150	45.912
26.06	26.06	0.042166	46.011
26.06	26.06	0.042183	46.111
26.06	26.06	0.042200	46.211
26.06	26.06	0.042216	46.311
26.06	26.06	0.042233	46.435
26.06	26.06	0.042250	46.535
26.06	26.07	0.042266	46.639
26.06	26.07	0.042283	46.734
26.06	26.07	0.042300	46.833
26.06	26.07	0.042316	46.938
26.06	26.07	0.042333	47.032
26.06	26.07	0.042350	47.133
26.06	26.07	0.042366	47.238
26.06	26.07	0.042383	47.332
26.06	26.07	0.042400	47.433
26.06	26.07	0.042416	47.536
26.06	26.07	0.042433	47.631
26.06	26.07	0.042450	47.732
26.08	26.07	0.042466	47.835
26.08	26.08	0.042483	47.929
26.08	26.08	0.042500	48.033
26.08	26.08	0.042516	48.134
26.08	26.08	0.042533	48.228
26.08	26.08	0.042550	48.333
26.08	26.08	0.042566	48.432
26.08	26.08	0.042583	48.527
26.08	26.08	0.042600	48.631
26.08	26.08	0.042616	48.731
26.08	26.08	0.042633	48.826
26.08	26.08	0.042650	48.930
26.08	26.08	0.042666	49.030
26.08	26.08	0.042683	49.124
26.08	26.08	0.042700	49.229
26.08	26.09	0.042716	49.328
26.08	26.09	0.042733	49.423
26.08	26.09	0.042750	49.527
26.08	26.09	0.042766	49.622
26.08	26.09	0.042783	49.722
26.08	26.09	0.042800	49.826
26.08	26.09	0.042816	49.921
26.11	26.09	0.042833	50.021
26.11	26.09	0.042850	50.126
26.11	26.09	0.042866	50.220
26.11	26.09	0.042883	50.320
26.11	26.09	0.042900	50.425
26.11	26.09	0.042916	50.519
26.11	26.10	0.042933	50.619
26.11	26.10	0.042949	50.723
26.11	26.10	0.042966	50.818
26.11	26.10	0.042983	50.917
26.11	26.10	0.042999	51.022
26.11	26.10	0.043016	51.117
26.11	26.10	0.043033	51.216
26.08	26.10	0.043049	51.321
26.08	26.10	0.043066	51.415
26.08	26.10	0.043083	51.515
26.08	26.10	0.043099	51.619
26.08	26.10	0.043116	51.714
26.08	26.10	0.043133	51.813
26.08	26.11	0.043149	51.918
26.08	26.11	0.043166	52.013
26.08	26.11	0.043183	52.112
26.08	26.11	0.043199	52.217
26.11	26.11	0.043216	52.312
26.11	26.11	0.043233	52.412
26.11	26.11	0.043249	52.515
26.11	26.11	0.043266	52.612
26.11	26.11	0.043283	52.712
26.11	26.11	0.043299	52.814
26.11	26.11	0.043316	52.912
26.11	26.11	0.043333	53.012
26.14	26.11	0.043349	53.114
26.14	26.12	0.043366	53.212
26.14	26.12	0.043383	53.312
26.14	26.12	0.043399	53.412
26.14	26.12	0.043416	53.512
26.14	26.12	0.043433	53.612
26.14	26.12	0.043449	53.712
26.14	26.12	0.043466	53.812
26.14	26.12	0.043483	53.912
26.14	26.12	0.043499	54.012
26.14	26.12	0.043516	54.112
26.14	26.12	0.043533	54.212
26.11	26.12	0.043549	54.311
26.11	26.12	0.043566	54.412
26.11	26.13	0.043583	54.512
26.11	26.13	0.043599	54.612
26.11	26.13	0.043616	54.712
26.11	26.13	0.043633	54.812
26.11	26.13	0.043649	54.912
26.11	26.13	0.043666	55.012
26.11	26.13	0.043683	55.111
26.11	26.13	0.043699	55.212
26.11	26.13	0.043716	55.312
26.11	26.13	0.043733	55.412
26.14	26.13	0.043749	55.512
26.14	26.13	0.043766	55.612
26.14	26.13	0.043782	55.712
26.14	26.14	0.043799	55.811
26.14	26.14	0.043816	55.912
26.14	26.14	0.043832	56.011
26.14	26.14	0.043849	56.112
26.14	26.14	0.043866	56.212
26.14	26.14	0.043882	56.312
26.14	26.14	0.043899	56.412
26.14	26.14	0.043916	56.512
26.14	26.14	0.043932	56.612
26.14	26.14	0.043949	56.711
26.14	26.14	0.043966	56.812
26.14	26.14	0.043982	56.913
26.14	26.14	0.043999	57.013
26.14	26.15	0.044016	57.113
26.14	26.15	0.044032	57.213
26.14	26.15	0.044049	57.313
26.14	26.15	0.044066	57.413
26.14	26.15	0.044082	57.513
26.14	26.15	0.044099	57.612
26.14	26.15	0.044116	57.713
26.16	26.15	0.044132	57.813
26.16	26.15	0.044149	57.913
26.16	26.15	0.044166	58.013
26.16	26.15	0.044182	58.113
26.16	26.15	0.044199	58.213
26.16	26.15	0.044216	58.312
26.16	26.16	0.044232	58.437
26.16	26.16	0.044249	58.536
26.16	26.16	0.044266	58.641
26.16	26.16	0.044282	58.736
26.16	26.16	0.044299	58.835
26.16	26.16	0.044316	58.940
26.16	26.16	0.044332	59.034
26.16	26.16	0.044349	59.134
26.16	26.16	0.044366	59.238
26.16	26.16	0.044382	59.333
26.16	26.16	0.044399	59.432
26.16	26.16	0.044416	59.537
26.16	26.16	0.044432	59.632
26.16	26.17	0.044449	59.731
26.16	26.17	0.044466	59.836
26.16	26.17	0.044482	59.930
26.16	26.17	0.044499	00.031
26.16	26.17	0.044516	00.134
26.16	26.17	0.044532	00.229
26.16	26.17	0.044549	00.331
26.16	26.17	0.044566	00.433
26.16	26.17	0.044582	00.528
26.19	26.17	0.044599	00.631
26.19	26.17	0.044615	00.733
26.19	26.17	0.044632	00.827
26.19	26.17	0.044649	00.931
26.19	26.18	0.044665	01.031
26.19	26.18	0.044682	01.126
26.19	26.18	0.044699	01.231
26.19	26.18	0.044715	01.330
26.19	26.18	0.044732	01.425
26.19	26.18	0.044749	01.529
26.19	26.18	0.044765	01.629
26.19	26.18	0.044782	01.723
26.19	26.18	0.044799	01.828
26.19	26.18	0.044815	01.927
26.16	26.18	0.044832	02.022
26.16	26.18	0.044849	02.127
26.16	26.18	0.044865	02.226
26.16	26.19	0.044882	02.321
26.16	26.19	0.044899	02.425
26.16	26.19	0.044915	02.520
26.16	26.19	0.044932	02.619
26.16	26.19	0.044949	02.724
26.19	26.19	0.044965	02.819
26.19	26.19	0.044982	02.918
26.19	26.19	0.044999	03.023
26.19	26.19	0.045015	03.117
26.19	26.19	0.045032	03.217
26.19	26.19	0.045049	03.321
26.19	26.19	0.045065	03.416
26.19	26.19	0.045082	03.516
26.19	26.20	0.045099	03.621
26.19	26.20	0.045115	03.715
26.19	26.20	0.045132	03.815
26.21	26.20	0.045149	03.920
26.21	26.20	0.045165	04.014
26.21	26.20	0.045182	04.114
26.21	26.20	0.045199	04.218
26.21	26.20	0.045215	04.314
26.21	26.20	0.045232	04.414
26.21	26.20	0.045249	04.517
26.21	26.20	0.045265	04.614
26.21	26.20	0.045282	04.714
26.21	26.20	0.045299	04.816
26.21	26.21	0.045315	04.913
26.21	26.21	0.045332	05.014
26.21	26.21	0.045349	05.114
26.21	26.21	0.045365	05.214
26.21	26.21	0.045382	05.314
26.21	26.21	0.045399	05.414
26.21	26.21	0.045415	05.514
26.21	26.21	0.045432	05.614
26.21	26.21	0.045448	05.714
26.21	26.21	0.045465	05.813
26.21	26.21	0.045482	05.914
26.21	26.21	0.045498	06.014
26.21	26.21	0.045515	06.114
26.21	26.22	0.045532	06.214
26.21	26.22	0.045548	06.314
26.21	26.22	0.045565	06.414
26.21	26.22	0.045582	06.514
26.21	26.22	0.045598	06.613
26.21	26.22	0.045615	06.714
26.21	26.22	0.045632	06.814
26.21	26.22	0.045648	06.914
26.21	26.22	0.045665	07.014
26.21	26.22	0.045682	07.114
26.21	26.22	0.045698	07.215
26.24	26.22	0.045715	07.315
26.24	26.22	0.045732	07.415
26.24	26.23	0.045748	07.514
26.24	26.23	0.045765	07.615
26.24	26.23	0.045782	07.715
26.24	26.23	0.045798	07.815
26.24	26.23	0.045815	07.915
26.24	26.23	0.045832	08.015
26.24	26.23	0.045848	08.115
26.24	26.23	0.045865	08.215
26.24	26.23	0.045882	08.315
26.24	26.23	0.045898	08.414
26.24	26.23	0.045915	08.515
26.24	26.23	0.045932	08.615
26.24	26.23	0.045948	08.715
26.21	26.24	0.045965	08.815
26.21	26.24	0.045982	08.915
26.21	26.24	0.045998	09.015
26.21	26.24	0.046015	09.114
26.21	26.24	0.046032	09.215
26.21	26.24	0.046048	09.314
26.21	26.24	0.046065	09.415
26.24	26.24	0.046082	09.515
26.24	26.24	0.046098	09.615
26.24	26.24	0.046115	09.715
26.24	26.24	0.046132	09.815
26.24	26.24	0.046148	09.915
26.24	26.24	0.046165	10.014
26.24	26.25	0.046182	10.114
26.24	26.25	0.046198	10.215
26.24	26.25	0.046215	10.343
26.26	26.25	0.046232	10.438
26.26	26.25	0.046248	10.538
26.26	26.25	0.046265	10.643
26.26	26.25	0.046281	10.737
26.26	26.25	0.046298	10.837
26.26	26.25	0.046315	10.942
26.26	26.25	0.046331	11.036
26.26	26.25	0.046348	11.135
26.26	26.25	0.046365	11.240
26.26	26.25	0.046381	11.334
26.26	26.26	0.046398	11.434
26.26	26.26	0.046415	11.538
26.26	26.26	0.046431	11.633
26.26	26.26	0.046448	11.732
26.26	26.26	0.046465	11.837
26.26	26.26	0.046481	11.932
26.26	26.26	0.046498	12.031
26.26	26.26	0.046515	12.136
26.26	26.26	0.046531	12.230
26.26	26.26	0.046548	12.330
26.26	26.26	0.046565	12.435
26.26	26.26	0.046581	12.530
26.26	26.26	0.046598	12.629
26.26	26.27	0.046615	12.734
26.26	26.27	0.046631	12.829
26.26	26.27	0.046648	12.929
26.26	26.27	0.046665	13.033
26.26	26.27	0.046681	13.127
26.26	26.27	0.046698	13.229
26.26	26.27	0.046715	13.331
26.26	26.27	0.046731	13.426
26.26	26.27	0.046748	13.529
26.26	26.27	0.046765	13.630
26.26	26.27	0.046781	13.725
26.26	26.27	0.046798	13.829
26.26	26.27	0.046815	13.929
26.26	26.28	0.046831	14.023
26.26	26.28	0.046848	14.128
26.29	26.28	0.046865	14.227
26.29	26.28	0.046881	14.322
26.29	26.28	0.046898	14.427
26.29	26.28	0.046915	14.526
26.29	26.28	0.046931	14.621
26.29	26.28	0.046948	14.726
26.29	26.28	0.046965	14.825
26.29	26.28	0.046981	14.919
26.29	26.28	0.046998	15.025
26.29	26.28	0.047015	15.120
26.29	26.28	0.047031	15.219
26.29	26.29	0.047048	15.324
26.29	26.29	0.047065	15.418
26.29	26.29	0.047081	15.517
26.29	26.29	0.047098	15.622
26.29	26.29	0.047114	15.717
26.29	26.29	0.047131	15.816
26.29	26.29	0.047148	15.921
26.29	26.29	0.047164	16.016
26.29	26.29	0.047181	16.115
26.29	26.29	0.047198	16.219
26.29	26.29	0.047214	16.315
26.29	26.29	0.047231	16.415
26.29	26.29	0.047248	16.518
26.29	26.30	0.047264	16.615
26.29	26.30	0.047281	16.715
26.29	26.30	0.047298	16.817
26.29	26.30	0.047314	16.915
26.29	26.30	0.047331	17.014
26.29	26.30	0.047348	17.116
26.29	26.30	0.047364	17.215
26.29	26.30	0.047381	17.315
26.32	26.30	0.047398	17.415
26.32	26.30	0.047414	17.515
26.32	26.30	0.047431	17.615
26.32	26.30	0.047448	17.715
26.32	26.30	0.047464	17.815
26.32	26.30	0.047481	17.914
26.32	26.31	0.047498	18.015
26.32	26.31	0.047514	18.115
26.32	26.31	0.047531	18.215
26.32	26.31	0.047548	18.315
26.32	26.31	0.047564	18.415
26.32	26.31	0.047581	18.515
26.29	26.31	0.047598	18.614
26.29	26.31	0.047614	18.715
26.29	26.31	0.047631	18.814
26.29	26.31	0.047648	18.915
26.29	26.31	0.047664	19.015
26.29	26.31	0.047681	19.116
26.29	26.31	0.047698	19.216
26.29	26.32	0.047714	19.316
26.29	26.32	0.047731	19.416
26.32	26.32	0.047748	19.515
26.32	26.32	0.047764	19.616
26.32	26.32	0.047781	19.716
26.32	26.32	0.047798	19.816
26.32	26.32	0.047814	19.916
26.32	26.32	0.047831	20.016
26.32	26.32	0.047848	20.116
26.32	26.32	0.047864	20.216
26.32	26.32	0.047881	20.316
26.32	26.32	0.047898	20.415
26.32	26.32	0.047914	20.516
26.32	26.33	0.047931	20.616
26.32	26.33	0.047947	20.716
26.34	26.33	0.047964	20.816
26.34	26.33	0.047981	20.916
26.34	26.33	0.047997	21.016
26.34	26.33	0.048014	21.115
26.34	26.33	0.048031	21.216
26.34	26.33	0.048047	21.316
26.34	26.33	0.048064	21.416
26.34	26.33	0.048081	21.516
26.34	26.33	0.048097	21.616
26.34	26.33	0.048114	21.716
26.34	26.33	0.048131	21.815
26.34	26.34	0.048147	21.916
26.34	26.34	0.048164	22.016
26.34	26.34	0.048181	22.116
26.34	26.34	0.048197	22.216
26.34	26.34	0.048214	22.345
26.34	26.34	0.048231	22.445
26.34	26.34	0.048247	22.539
26.34	26.34	0.048264	22.644
26.34	26.34	0.048281	22.743
26.34	26.34	0.048297	22.838
26.34	26.34	0.048314	22.942
26.34	26.34	0.048331	23.037
26.34	26.34	0.048347	23.137
26.34	26.35	0.048364	23.241
26.34	26.35	0.048381	23.336
26.34	26.35	0.048397	23.435
26.34	26.35	0.048414	23.540
26.34	26.35	0.048431	23.634
26.34	26.35	0.048447	23.734
26.34	26.35	0.048464	23.838
26.34	26.35	0.048481	23.933
26.34	26.35	0.048497	24.033
26.34	26.35	0.048514	24.138
26.34	26.35	0.048531	24.232
26.34	26.35	0.048547	24.332
26.34	26.35	0.048564	24.436
26.34	26.36	0.048581	24.531
26.34	26.36	0.048597	24.631
26.34	26.36	0.048614	24.735
26.34	26.36	0.048631	24.830
26.34	26.36	0.048647	24.929
26.34	26.36	0.048664	25.034
26.37	26.36	0.048681	25.128
26.37	26.36	0.048697	25.228
26.37	26.36	0.048714	25.333
26.37	26.36	0.048731	25.427
26.37	26.36	0.048747	25.528
26.37	26.36	0.048764	25.631
26.37	26.36	0.048780	25.726
26.37	26.37	0.048797	25.827
26.37	26.37	0.048814	25.930
26.37	26.37	0.048830	26.024
26.37	26.37	0.048847	26.127
26.37	26.37	0.048864	26.229
26.37	26.37	0.048880	26.323
26.37	26.37	0.048897	26.427
26.37	26.37	0.048914	26.527
26.37	26.37	0.048930	26.622
26.37	26.37	0.048947	26.727
26.37	26.37	0.048964	26.826
26.37	26.37	0.048980	26.921
26.37	26.37	0.048997	27.025
26.37	26.38	0.049014	27.125
26.37	26.38	0.049030	27.220
26.37	26.38	0.049047	27.324
26.37	26.38	0.049064	27.424
26.37	26.38	0.049080	27.518
26.39	26.38	0.049097	27.624
26.39	26.38	0.049114	27.723
26.39	26.38	0.049130	27.818
26.39	26.38	0.049147	27.922
26.39	26.38	0.049164	28.022
26.39	26.38	0.049180	28.118
26.39	26.38	0.049197	28.221
26.39	26.38	0.049214	28.322
26.39	26.39	0.049230	28.417
26.39	26.39	0.049247	28.520
26.39	26.39	0.049264	28.622
26.39	26.39	0.049280	28.718
26.39	26.39	0.049297	28.819
26.39	26.39	0.049314	28.922
26.39	26.39	0.049330	29.018
26.39	26.39	0.049347	29.118
26.39	26.39	0.049364	29.222
26.39	26.39	0.049380	29.317
26.39	26.39	0.049397	29.418
26.39	26.39	0.049414	29.523
26.39	26.39	0.049430	29.618
26.39	26.40	0.049447	29.718
26.39	26.40	0.049464	29.822
26.39	26.40	0.049480	29.918
26.39	26.40	0.049497	30.017
26.39	26.40	0.049514	30.122
26.39	26.40	0.049530	30.217
26.39	26.40	0.049547	30.318
26.39	26.40	0.049564	30.422
26.39	26.40	0.049580	30.518
26.39	26.40	0.049597	30.618
26.39	26.40	0.049613	30.722
26.39	26.40	0.049630	30.818
26.39	26.40	0.049647	30.917
26.42	26.41	0.049663	31.021
26.42	26.41	0.049680	31.118
26.42	26.41	0.049697	31.218
26.42	26.41	0.049713	31.322
26.42	26.41	0.049730	31.418
26.42	26.41	0.049747	31.518
26.42	26.41	0.049763	31.622
26.42	26.41	0.049780	31.717
26.42	26.41	0.049797	31.818
26.42	26.41	0.049813	31.922
26.42	26.41	0.049830	32.018
26.42	26.41	0.049847	32.118
26.42	26.41	0.049863	32.221
26.42	26.42	0.049880	32.318
26.42	26.42	0.049897	32.418
26.42	26.42	0.049913	32.522
26.42	26.42	0.049930	32.618
26.42	26.42	0.049947	32.718
26.42	26.42	0.049963	32.822
26.42	26.42	0.049980	32.917
26.42	26.42	0.049997	33.018
26.42	26.42	0.050013	33.121
26.42	26.42	0.050030	33.218
26.42	26.42	0.050047	33.318
26.42	26.42	0.050063	33.421
26.42	26.42	0.050080	33.518
26.42	26.43	0.050097	33.618
26.42	26.43	0.050113	33.722
26.42	26.43	0.050130	33.817
26.42	26.43	0.050147	33.918
26.42	26.43	0.050163	34.022
26.42	26.43	0.050180	34.117
26.42	26.43	0.050197	34.242
26.42	26.43	0.050213	34.321
26.42	26.43	0.050230	34.446
26.42	26.43	0.050247	34.540
26.42	26.43	0.050263	34.645
26.42	26.43	0.050280	34.744
26.42	26.43	0.050297	34.839
26.42	26.44	0.050313	34.944
26.42	26.44	0.050330	35.043
26.42	26.44	0.050347	35.138
26.44	26.44	0.050363	35.242
26.44	26.44	0.050380	35.342
26.44	26.44	0.050397	35.437
26.44	26.44	0.050413	35.541
26.44	26.44	0.050430	35.636
26.44	26.44	0.050446	35.735
26.44	26.44	0.050463	35.840
26.44	26.44	0.050480	35.934
26.44	26.44	0.050496	36.034
26.44	26.44	0.050513	36.138
26.44	26.45	0.050530	36.234
26.44	26.45	0.050546	36.333
26.44	26.45	0.050563	36.438
26.44	26.45	0.050580	36.532
26.44	26.45	0.050596	36.632
26.44	26.45	0.050613	36.737
26.47	26.45	0.050630	36.831
26.47	26.45	0.050646	36.931
26.47	26.45	0.050663	37.035
26.47	26.45	0.050680	37.130
26.47	26.45	0.050696	37.229
26.47	26.45	0.050713	37.334
26.47	26.45	0.050730	37.429
26.47	26.46	0.050746	37.528
26.47	26.46	0.050763	37.633
26.47	26.46	0.050780	37.727
26.47	26.46	0.050796	37.827
26.47	26.46	0.050813	37.931
26.44	26.46	0.050830	38.026
26.44	26.46	0.050846	38.125
26.44	26.46	0.050863	38.230
26.44	26.46	0.050880	38.325
26.44	26.46	0.050896	38.425
26.44	26.46	0.050913	38.529
26.44	26.46	0.050930	38.623
26.44	26.46	0.050946	38.725
26.44	26.47	0.050963	38.828
26.47	26.47	0.050980	38.923
26.47	26.47	0.050996	39.026
26.47	26.47	0.051013	39.127
26.47	26.47	0.051030	39.222
26.47	26.47	0.051046	39.325
26.47	26.47	0.051063	39.426
26.47	26.47	0.051080	39.520
26.47	26.47	0.051096	39.625
26.47	26.47	0.051113	39.724
26.47	26.47	0.051130	39.819
26.47	26.47	0.051146	39.924
26.47	26.47	0.051163	40.023
26.49	26.48	0.051180	40.119
26.49	26.48	0.051196	40.222
26.49	26.48	0.051213	40.322
26.49	26.48	0.051230	40.419
26.49	26.48	0.051246	40.521
26.49	26.48	0.051263	40.621
26.49	26.48	0.051279	40.720
26.49	26.48	0.051296	40.820
26.49	26.48	0.051313	40.921
26.49	26.48	0.051329	41.020
26.49	26.48	0.051346	41.120
26.49	26.48	0.051363	41.220
26.49	26.48	0.051379	41.320
26.49	26.49	0.051396	41.420
26.49	26.49	0.051413	41.520
26.49	26.49	0.051429	41.620
26.49	26.49	0.051446	41.719
26.49	26.49	0.051463	41.820
26.49	26.49	0.051479	41.919
26.49	26.49	0.051496	42.020
26.49	26.49	0.051513	42.121
26.49	26.49	0.051529	42.220
26.49	26.49	0.051546	42.319
26.49	26.49	0.051563	42.421
26.49	26.49	0.051579	42.520
26.49	26.49	0.051596	42.620
26.49	26.50	0.051613	42.720
26.49	26.50	0.051629	42.820
26.49	26.50	0.051646	42.919
26.49	26.50	0.051663	43.020
26.49	26.50	0.051679	43.119
26.49	26.50	0.051696	43.220
26.49	26.50	0.051713	43.320
26.49	26.50	0.051729	43.420
