100.00	0.00	7.23	30.00	150.00	2.70	97.30	2.90	

19.98	25.50	0.000000	43.052
19.98	25.50	0.000017	43.147
20.06	25.50	0.000033	43.247
20.19	25.50	0.000050	43.352
20.70	25.50	0.000067	43.446
22.70	25.50	0.000083	43.546
22.96	25.50	0.000100	43.650
25.03	25.50	0.000117	43.745
25.24	25.50	0.000133	43.844
25.42	25.50	0.000150	43.949
25.70	25.50	0.000167	44.043
25.83	25.50	0.000183	44.143
25.83	25.50	0.000200	44.248
25.83	25.50	0.000217	44.342
25.73	25.50	0.000233	44.442
25.65	25.50	0.000250	44.546
25.49	25.50	0.000267	44.641
25.37	25.50	0.000283	44.741
25.34	25.50	0.000300	44.845
25.32	25.50	0.000317	44.940
25.32	25.50	0.000333	45.041
25.37	25.50	0.000350	45.144
25.47	25.50	0.000367	45.238
25.62	25.50	0.000383	45.341
25.73	25.50	0.000400	45.443
25.90	25.50	0.000416	45.538
26.08	25.50	0.000433	45.640
26.14	25.50	0.000450	45.742
26.26	25.50	0.000466	45.837
26.32	25.50	0.000483	45.941
26.32	25.50	0.000500	46.041
26.32	25.50	0.000516	46.135
26.32	25.50	0.000533	46.240
26.29	25.50	0.000550	46.339
26.21	25.50	0.000566	46.434
26.16	25.50	0.000583	46.539
26.08	25.50	0.000600	46.638
26.08	25.50	0.000616	46.733
26.06	25.50	0.000633	46.837
26.06	25.50	0.000650	46.937
26.06	25.50	0.000666	47.031
26.06	25.50	0.000683	47.136
26.06	25.50	0.000700	47.231
26.06	25.50	0.000716	47.330
26.06	25.50	0.000733	47.435
26.06	25.50	0.000750	47.529
26.06	25.50	0.000766	47.630
26.08	25.50	0.000783	47.733
26.08	25.50	0.000800	47.830
26.08	25.50	0.000816	47.929
26.08	25.50	0.000833	48.032
26.11	25.50	0.000850	48.130
26.11	25.50	0.000866	48.230
26.11	25.50	0.000883	48.331
26.11	25.50	0.000900	48.430
26.11	25.50	0.000916	48.530
26.11	25.50	0.000933	48.629
26.08	25.50	0.000950	48.730
26.08	25.50	0.000966	48.830
26.03	25.50	0.000983	48.930
25.98	25.50	0.001000	49.030
25.93	25.50	0.001016	49.130
25.90	25.50	0.001033	49.230
25.90	25.50	0.001050	49.330
25.88	25.50	0.001066	49.430
25.88	25.50	0.001083	49.529
25.88	25.50	0.001100	49.630
25.85	25.50	0.001116	49.730
25.85	25.50	0.001133	49.830
25.85	25.50	0.001150	49.930
25.83	25.50	0.001166	50.030
25.83	25.50	0.001183	50.130
25.83	25.50	0.001200	50.229
25.80	25.50	0.001216	50.330
25.80	25.50	0.001233	50.430
25.80	25.50	0.001250	50.530
25.78	25.50	0.001266	50.630
25.78	25.50	0.001283	50.730
25.78	25.50	0.001299	50.830
25.73	25.50	0.001316	50.930
25.73	25.50	0.001333	51.030
25.70	25.50	0.001349	51.129
25.70	25.50	0.001366	51.230
25.67	25.50	0.001383	51.330
25.67	25.50	0.001399	51.430
25.67	25.50	0.001416	51.530
25.65	25.50	0.001433	51.630
25.65	25.50	0.001449	51.730
25.65	25.50	0.001466	51.830
25.62	25.50	0.001483	51.930
25.62	25.50	0.001499	52.029
25.62	25.50	0.001516	52.130
25.62	25.50	0.001533	52.230
25.60	25.50	0.001549	52.330
25.60	25.50	0.001566	52.430
25.60	25.50	0.001583	52.530
25.60	25.50	0.001599	52.630
25.57	25.50	0.001616	52.729
25.57	25.50	0.001633	52.830
25.57	25.50	0.001649	52.930
25.57	25.50	0.001666	53.030
25.57	25.50	0.001683	53.130
25.57	25.50	0.001699	53.230
25.55	25.50	0.001716	53.330
25.55	25.50	0.001733	53.430
25.55	25.50	0.001749	53.530
25.55	25.50	0.001766	53.629
25.55	25.50	0.001783	53.729
25.55	25.50	0.001799	53.829
25.55	25.50	0.001816	53.958
25.55	25.50	0.001833	54.053
25.52	25.50	0.001849	54.158
25.52	25.50	0.001866	54.258
25.52	25.50	0.001883	54.351
25.52	25.50	0.001899	54.457
25.52	25.50	0.001916	54.556
25.52	25.50	0.001933	54.651
25.52	25.50	0.001949	54.755
25.52	25.50	0.001966	54.850
25.52	25.50	0.001983	54.950
25.52	25.50	0.001999	55.054
25.52	25.50	0.002016	55.149
25.52	25.50	0.002033	55.248
25.52	25.50	0.002049	55.353
25.52	25.50	0.002066	55.447
25.52	25.50	0.002082	55.547
25.52	25.50	0.002099	55.652
25.49	25.50	0.002116	55.746
25.49	25.50	0.002132	55.846
25.49	25.50	0.002149	55.950
25.49	25.50	0.002166	56.045
25.49	25.50	0.002182	56.144
25.49	25.50	0.002199	56.249
25.49	25.50	0.002216	56.343
25.49	25.50	0.002232	56.443
25.49	25.50	0.002249	56.548
25.49	25.50	0.002266	56.642
25.49	25.50	0.002282	56.742
25.49	25.50	0.002299	56.846
25.49	25.50	0.002316	56.941
25.49	25.50	0.002332	57.040
25.52	25.50	0.002349	57.145
25.52	25.50	0.002366	57.240
25.52	25.50	0.002382	57.340
25.52	25.50	0.002399	57.445
25.52	25.50	0.002416	57.539
25.52	25.50	0.002432	57.640
25.52	25.50	0.002449	57.743
25.52	25.50	0.002466	57.838
25.52	25.50	0.002482	57.939
25.52	25.50	0.002499	58.042
25.52	25.50	0.002516	58.137
25.52	25.50	0.002532	58.239
25.52	25.50	0.002549	58.341
25.52	25.50	0.002566	58.435
25.52	25.50	0.002582	58.539
25.52	25.50	0.002599	58.639
25.49	25.50	0.002616	58.733
25.49	25.50	0.002632	58.838
25.49	25.50	0.002649	58.938
25.49	25.50	0.002666	59.032
25.49	25.50	0.002682	59.137
25.49	25.50	0.002699	59.236
25.49	25.50	0.002716	59.331
25.49	25.50	0.002732	59.436
25.49	25.50	0.002749	59.536
25.49	25.50	0.002766	59.631
25.49	25.50	0.002782	59.735
25.49	25.50	0.002799	59.835
25.49	25.50	0.002816	59.931
25.49	25.50	0.002832	00.034
25.49	25.50	0.002849	00.134
25.49	25.50	0.002866	00.231
25.49	25.50	0.002882	00.332
25.49	25.50	0.002899	00.434
25.52	25.50	0.002915	00.531
25.52	25.50	0.002932	00.631
25.52	25.50	0.002949	00.735
25.52	25.50	0.002965	00.831
25.52	25.50	0.002982	00.931
25.52	25.50	0.002999	01.034
25.52	25.50	0.003015	01.131
25.52	25.50	0.003032	01.230
25.52	25.50	0.003049	01.334
25.52	25.50	0.003065	01.431
25.52	25.50	0.003082	01.531
25.52	25.50	0.003099	01.635
25.52	25.50	0.003115	01.731
25.49	25.50	0.003132	01.831
25.49	25.50	0.003149	01.934
25.49	25.50	0.003165	02.031
25.49	25.50	0.003182	02.131
25.49	25.50	0.003199	02.234
25.49	25.50	0.003215	02.331
25.49	25.50	0.003232	02.431
25.49	25.50	0.003249	02.535
25.49	25.50	0.003265	02.631
25.49	25.50	0.003282	02.730
25.49	25.50	0.003299	02.834
25.49	25.50	0.003315	02.931
25.49	25.50	0.003332	03.031
25.49	25.50	0.003349	03.135
25.49	25.50	0.003365	03.231
25.49	25.50	0.003382	03.331
25.49	25.50	0.003399	03.434
25.52	25.50	0.003415	03.531
25.52	25.50	0.003432	03.630
25.52	25.50	0.003449	03.734
25.52	25.50	0.003465	03.831
25.52	25.50	0.003482	03.931
25.52	25.50	0.003499	04.034
25.52	25.50	0.003515	04.131
25.52	25.50	0.003532	04.231
25.52	25.50	0.003549	04.334
25.52	25.50	0.003565	04.431
25.52	25.50	0.003582	04.531
25.52	25.50	0.003599	04.634
25.52	25.50	0.003615	04.731
25.49	25.50	0.003632	04.831
25.49	25.50	0.003649	04.934
25.49	25.50	0.003665	05.031
25.49	25.50	0.003682	05.131
25.49	25.50	0.003699	05.234
25.49	25.50	0.003715	05.331
25.49	25.50	0.003732	05.430
25.49	25.50	0.003748	05.534
25.49	25.50	0.003765	05.631
25.49	25.50	0.003782	05.731
25.49	25.50	0.003798	05.834
25.49	25.50	0.003815	05.960
25.49	25.50	0.003832	06.055
25.49	25.50	0.003848	06.133
25.49	25.50	0.003865	06.259
25.49	25.50	0.003882	06.353
25.49	25.50	0.003898	06.458
25.52	25.50	0.003915	06.557
25.52	25.50	0.003932	06.652
25.52	25.50	0.003948	06.757
25.52	25.50	0.003965	06.856
25.52	25.50	0.003982	06.951
25.52	25.50	0.003998	07.055
25.52	25.50	0.004015	07.155
25.52	25.50	0.004032	07.250
25.52	25.50	0.004048	07.354
25.52	25.50	0.004065	07.454
25.52	25.50	0.004082	07.549
25.52	25.50	0.004098	07.653
25.52	25.50	0.004115	07.748
25.49	25.50	0.004132	07.847
25.49	25.50	0.004148	07.952
25.49	25.50	0.004165	08.046
25.49	25.50	0.004182	08.146
25.49	25.50	0.004198	08.250
25.49	25.50	0.004215	08.345
25.49	25.50	0.004232	08.445
25.49	25.50	0.004248	08.549
25.49	25.50	0.004265	08.644
25.49	25.50	0.004282	08.743
25.49	25.50	0.004298	08.848
25.49	25.50	0.004315	08.942
25.49	25.50	0.004332	09.042
25.49	25.50	0.004348	09.147
25.49	25.50	0.004365	09.241
25.49	25.50	0.004382	09.341
25.49	25.50	0.004398	09.445
25.49	25.50	0.004415	09.540
25.49	25.50	0.004432	09.639
25.52	25.50	0.004448	09.744
25.52	25.50	0.004465	09.840
25.52	25.50	0.004482	09.939
25.52	25.50	0.004498	10.044
25.52	25.50	0.004515	10.138
25.52	25.50	0.004532	10.238
25.52	25.50	0.004548	10.342
25.52	25.50	0.004565	10.437
25.52	25.50	0.004581	10.538
25.52	25.50	0.004598	10.641
25.52	25.50	0.004615	10.736
25.52	25.50	0.004631	10.838
25.52	25.50	0.004648	10.940
25.49	25.50	0.004665	11.034
25.49	25.50	0.004681	11.138
25.49	25.50	0.004698	11.239
25.49	25.50	0.004715	11.333
25.49	25.50	0.004731	11.438
25.49	25.50	0.004748	11.537
25.49	25.50	0.004765	11.632
25.49	25.50	0.004781	11.736
25.49	25.50	0.004798	11.836
25.49	25.50	0.004815	11.932
25.49	25.50	0.004831	12.035
25.49	25.50	0.004848	12.135
25.49	25.50	0.004865	12.232
25.49	25.50	0.004881	12.334
25.49	25.50	0.004898	12.433
25.49	25.50	0.004915	12.532
25.49	25.50	0.004931	12.633
25.49	25.50	0.004948	12.733
25.49	25.50	0.004965	12.832
25.52	25.50	0.004981	12.932
25.52	25.50	0.004998	13.033
25.52	25.50	0.005015	13.131
25.52	25.50	0.005031	13.232
25.52	25.50	0.005048	13.332
25.52	25.50	0.005065	13.432
25.52	25.50	0.005081	13.532
25.52	25.50	0.005098	13.633
25.52	25.50	0.005115	13.732
25.52	25.50	0.005131	13.832
25.52	25.50	0.005148	13.933
25.52	25.50	0.005165	14.031
25.52	25.50	0.005181	14.132
25.49	25.50	0.005198	14.233
25.49	25.50	0.005215	14.332
25.49	25.50	0.005231	14.432
25.49	25.50	0.005248	14.533
25.49	25.50	0.005265	14.632
25.49	25.50	0.005281	14.732
25.49	25.50	0.005298	14.833
25.49	25.50	0.005315	14.931
25.49	25.50	0.005331	15.032
25.49	25.50	0.005348	15.133
25.49	25.50	0.005365	15.232
25.49	25.50	0.005381	15.332
25.49	25.50	0.005398	15.432
25.49	25.50	0.005414	15.532
25.49	25.50	0.005431	15.631
25.49	25.50	0.005448	15.733
25.49	25.50	0.005464	15.831
25.49	25.50	0.005481	15.932
25.49	25.50	0.005498	16.033
25.49	25.50	0.005514	16.132
25.49	25.50	0.005531	16.232
25.52	25.50	0.005548	16.332
25.52	25.50	0.005564	16.432
25.52	25.50	0.005581	16.532
25.52	25.50	0.005598	16.632
25.52	25.50	0.005614	16.732
25.52	25.50	0.005631	16.832
25.52	25.50	0.005648	16.933
25.52	25.50	0.005664	17.031
25.52	25.50	0.005681	17.132
25.52	25.50	0.005698	17.232
25.52	25.50	0.005714	17.332
25.49	25.50	0.005731	17.432
25.49	25.50	0.005748	17.532
25.49	25.50	0.005764	17.632
25.49	25.50	0.005781	17.732
25.49	25.50	0.005798	17.833
25.49	25.50	0.005814	17.931
25.49	25.50	0.005831	18.056
25.49	25.50	0.005848	18.133
25.49	25.50	0.005864	18.260
25.49	25.50	0.005881	18.355
25.49	25.50	0.005898	18.432
25.49	25.50	0.005914	18.559
25.49	25.50	0.005931	18.653
25.49	25.50	0.005948	18.732
25.49	25.50	0.005964	18.857
25.49	25.50	0.005981	18.952
25.49	25.50	0.005998	19.056
25.49	25.50	0.006014	19.156
25.52	25.50	0.006031	19.251
25.52	25.50	0.006048	19.355
25.52	25.50	0.006064	19.455
25.52	25.50	0.006081	19.550
25.52	25.50	0.006098	19.655
25.52	25.50	0.006114	19.754
25.52	25.50	0.006131	19.849
25.52	25.50	0.006148	19.954
25.52	25.50	0.006164	20.053
25.52	25.50	0.006181	20.148
25.52	25.50	0.006198	20.252
25.52	25.50	0.006214	20.347
25.49	25.50	0.006231	20.446
25.49	25.50	0.006247	20.551
25.49	25.50	0.006264	20.646
25.49	25.50	0.006281	20.745
25.49	25.50	0.006297	20.850
25.49	25.50	0.006314	20.944
25.49	25.50	0.006331	21.044
25.49	25.50	0.006347	21.148
25.49	25.50	0.006364	21.243
25.49	25.50	0.006381	21.342
25.49	25.50	0.006397	21.447
25.49	25.50	0.006414	21.542
25.49	25.50	0.006431	21.641
25.49	25.50	0.006447	21.746
25.49	25.50	0.006464	21.840
25.49	25.50	0.006481	21.940
25.49	25.50	0.006497	22.044
25.49	25.50	0.006514	22.139
25.52	25.50	0.006531	22.239
25.52	25.50	0.006547	22.343
25.52	25.50	0.006564	22.438
25.52	25.50	0.006581	22.538
25.52	25.50	0.006597	22.642
25.52	25.50	0.006614	22.736
25.52	25.50	0.006631	22.837
25.52	25.50	0.006647	22.941
25.52	25.50	0.006664	23.036
25.52	25.50	0.006681	23.137
25.52	25.50	0.006697	23.240
25.52	25.50	0.006714	23.335
25.49	25.50	0.006731	23.436
25.49	25.50	0.006747	23.539
25.49	25.50	0.006764	23.633
25.49	25.50	0.006781	23.736
25.49	25.50	0.006797	23.838
25.49	25.50	0.006814	23.933
25.49	25.50	0.006831	24.036
25.49	25.50	0.006847	24.136
25.49	25.50	0.006864	24.233
25.49	25.50	0.006881	24.335
25.49	25.50	0.006897	24.435
25.49	25.50	0.006914	24.532
25.49	25.50	0.006931	24.634
25.49	25.50	0.006947	24.734
25.49	25.50	0.006964	24.833
25.49	25.50	0.006981	24.933
25.49	25.50	0.006997	25.033
25.49	25.50	0.007014	25.133
25.49	25.50	0.007031	25.232
25.49	25.50	0.007047	25.333
25.49	25.50	0.007064	25.432
25.49	25.50	0.007080	25.533
25.52	25.50	0.007097	25.633
25.52	25.50	0.007114	25.733
25.52	25.50	0.007130	25.833
25.52	25.50	0.007147	25.932
25.52	25.50	0.007164	26.033
25.52	25.50	0.007180	26.133
25.52	25.50	0.007197	26.233
25.52	25.50	0.007214	26.333
25.52	25.50	0.007230	26.433
25.52	25.50	0.007247	26.533
25.52	25.50	0.007264	26.633
25.49	25.50	0.007280	26.733
25.49	25.50	0.007297	26.832
25.49	25.50	0.007314	26.933
25.49	25.50	0.007330	27.033
25.49	25.50	0.007347	27.133
25.49	25.50	0.007364	27.233
25.49	25.50	0.007380	27.333
25.49	25.50	0.007397	27.433
25.49	25.50	0.007414	27.532
25.49	25.50	0.007430	27.633
25.49	25.50	0.007447	27.733
25.49	25.50	0.007464	27.833
25.49	25.50	0.007480	27.932
25.49	25.50	0.007497	28.033
25.49	25.50	0.007514	28.133
25.49	25.50	0.007530	28.233
25.49	25.50	0.007547	28.333
25.49	25.50	0.007564	28.433
25.49	25.50	0.007580	28.534
25.49	25.50	0.007597	28.634
25.52	25.50	0.007614	28.734
25.52	25.50	0.007630	28.833
25.52	25.50	0.007647	28.934
25.52	25.50	0.007664	29.034
25.52	25.50	0.007680	29.134
25.52	25.50	0.007697	29.234
25.52	25.50	0.007714	29.334
25.52	25.50	0.007730	29.434
25.52	25.50	0.007747	29.534
25.52	25.50	0.007764	29.634
25.52	25.50	0.007780	29.733
25.49	25.50	0.007797	29.833
25.49	25.50	0.007814	29.933
25.49	25.50	0.007830	30.057
25.49	25.50	0.007847	30.157
25.49	25.50	0.007864	30.261
25.49	25.50	0.007880	30.356
25.49	25.50	0.007897	30.455
25.49	25.50	0.007913	30.560
25.49	25.50	0.007930	30.654
25.49	25.50	0.007947	30.755
25.49	25.50	0.007963	30.858
25.49	25.50	0.007980	30.954
25.49	25.50	0.007997	31.056
25.49	25.50	0.008013	31.158
25.49	25.50	0.008030	31.252
25.49	25.50	0.008047	31.356
25.49	25.50	0.008063	31.456
25.49	25.50	0.008080	31.551
25.52	25.50	0.008097	31.655
25.52	25.50	0.008113	31.755
25.52	25.50	0.008130	31.850
25.52	25.50	0.008147	31.955
25.52	25.50	0.008163	32.055
25.52	25.50	0.008180	32.149
25.52	25.50	0.008197	32.253
25.52	25.50	0.008213	32.353
25.52	25.50	0.008230	32.447
25.52	25.50	0.008247	32.552
25.49	25.50	0.008263	32.651
25.49	25.50	0.008280	32.746
25.49	25.50	0.008297	32.851
25.49	25.50	0.008313	32.945
25.49	25.50	0.008330	33.045
25.49	25.50	0.008347	33.149
25.49	25.50	0.008363	33.244
25.49	25.50	0.008380	33.343
25.49	25.50	0.008397	33.448
25.49	25.50	0.008413	33.542
25.49	25.50	0.008430	33.643
25.49	25.50	0.008447	33.748
25.49	25.50	0.008463	33.841
25.49	25.50	0.008480	33.942
25.49	25.50	0.008497	34.046
25.49	25.50	0.008513	34.141
25.49	25.50	0.008530	34.240
25.49	25.50	0.008547	34.344
25.49	25.50	0.008563	34.439
25.49	25.50	0.008580	34.539
25.49	25.50	0.008597	34.643
25.52	25.50	0.008613	34.738
25.52	25.50	0.008630	34.837
25.52	25.50	0.008647	34.942
25.52	25.50	0.008663	35.037
25.52	25.50	0.008680	35.136
25.52	25.50	0.008697	35.241
25.52	25.50	0.008713	35.336
25.52	25.50	0.008730	35.435
25.52	25.50	0.008746	35.540
25.52	25.50	0.008763	35.635
25.49	25.50	0.008780	35.735
25.49	25.50	0.008796	35.838
25.49	25.50	0.008813	35.935
25.49	25.50	0.008830	36.035
25.49	25.50	0.008846	36.137
25.49	25.50	0.008863	36.235
25.49	25.50	0.008880	36.336
25.49	25.50	0.008896	36.436
25.49	25.50	0.008913	36.535
25.49	25.50	0.008930	36.636
25.49	25.50	0.008946	36.736
25.49	25.50	0.008963	36.836
25.49	25.50	0.008980	36.935
25.49	25.50	0.008996	37.036
25.49	25.50	0.009013	37.136
25.49	25.50	0.009030	37.237
25.49	25.50	0.009046	37.337
25.49	25.50	0.009063	37.437
25.49	25.50	0.009080	37.537
25.49	25.50	0.009096	37.637
25.49	25.50	0.009113	37.737
25.52	25.50	0.009130	37.836
25.52	25.50	0.009146	37.937
25.52	25.50	0.009163	38.037
25.52	25.50	0.009180	38.137
25.52	25.50	0.009196	38.237
25.52	25.50	0.009213	38.337
25.52	25.50	0.009230	38.437
25.52	25.50	0.009246	38.536
25.52	25.50	0.009263	38.637
25.52	25.50	0.009280	38.737
25.52	25.50	0.009296	38.837
25.49	25.50	0.009313	38.937
25.49	25.50	0.009330	39.037
25.49	25.50	0.009346	39.137
25.49	25.50	0.009363	39.237
25.49	25.50	0.009380	39.337
25.49	25.50	0.009396	39.436
25.49	25.50	0.009413	39.537
25.49	25.50	0.009430	39.637
25.49	25.50	0.009446	39.738
25.49	25.50	0.009463	39.838
25.49	25.50	0.009480	39.941
25.49	25.50	0.009496	40.041
25.49	25.50	0.009513	40.140
25.49	25.50	0.009530	40.241
25.49	25.50	0.009546	40.340
25.49	25.50	0.009563	40.440
25.49	25.50	0.009579	40.540
25.52	25.50	0.009596	40.664
25.52	25.50	0.009613	40.769
25.52	25.50	0.009629	40.863
25.52	25.50	0.009646	40.963
25.52	25.50	0.009663	41.068
25.52	25.50	0.009679	41.163
25.52	25.50	0.009696	41.262
25.52	25.50	0.009713	41.367
25.52	25.50	0.009729	41.462
25.52	25.50	0.009746	41.561
25.52	25.50	0.009763	41.666
25.49	25.50	0.009779	41.760
25.49	25.50	0.009796	41.860
25.49	25.50	0.009813	41.964
25.49	25.50	0.009829	42.059
25.49	25.50	0.009846	42.158
25.49	25.50	0.009863	42.263
25.49	25.50	0.009879	42.358
25.49	25.50	0.009896	42.457
25.49	25.50	0.009913	42.562
25.49	25.50	0.009929	42.656
25.49	25.50	0.009946	42.756
25.49	25.50	0.009963	42.860
25.49	25.50	0.009979	42.955
25.49	25.50	0.009996	43.055
25.49	25.50	0.010013	43.159
25.49	25.50	0.010029	43.254
25.49	25.50	0.010046	43.354
25.49	25.50	0.010063	43.457
25.49	25.50	0.010079	43.553
25.49	25.50	0.010096	43.653
25.49	25.50	0.010113	43.757
25.49	25.50	0.010129	43.852
25.52	25.50	0.010146	43.954
25.52	25.50	0.010163	44.056
25.52	25.50	0.010179	44.150
25.52	25.50	0.010196	44.254
25.52	25.50	0.010213	44.354
25.52	25.50	0.010229	44.449
25.52	25.50	0.010246	44.553
25.52	25.50	0.010263	44.653
25.52	25.50	0.010279	44.748
25.52	25.50	0.010296	44.852
25.52	25.50	0.010313	44.952
25.49	25.50	0.010329	45.046
25.49	25.50	0.010346	45.151
25.49	25.50	0.010363	45.250
25.49	25.50	0.010379	45.345
25.49	25.50	0.010396	45.450
25.49	25.50	0.010412	45.549
25.49	25.50	0.010429	45.644
25.49	25.50	0.010446	45.748
25.49	25.50	0.010462	45.843
25.49	25.50	0.010479	45.942
25.49	25.50	0.010496	46.047
25.49	25.50	0.010512	46.142
25.49	25.50	0.010529	46.241
25.49	25.50	0.010546	46.346
25.49	25.50	0.010562	46.441
25.49	25.50	0.010579	46.541
25.49	25.50	0.010596	46.645
25.49	25.50	0.010612	46.740
25.52	25.50	0.010629	46.841
25.52	25.50	0.010646	46.944
25.52	25.50	0.010662	47.041
25.52	25.50	0.010679	47.141
25.52	25.50	0.010696	47.243
25.52	25.50	0.010712	47.341
25.52	25.50	0.010729	47.441
25.52	25.50	0.010746	47.541
25.52	25.50	0.010762	47.641
25.52	25.50	0.010779	47.742
25.49	25.50	0.010796	47.842
25.49	25.50	0.010812	47.942
25.49	25.50	0.010829	48.042
25.49	25.50	0.010846	48.142
25.49	25.50	0.010862	48.241
25.49	25.50	0.010879	48.342
25.49	25.50	0.010896	48.441
25.49	25.50	0.010912	48.542
25.49	25.50	0.010929	48.642
25.49	25.50	0.010946	48.742
25.49	25.50	0.010962	48.842
25.49	25.50	0.010979	48.942
25.49	25.50	0.010996	49.042
25.49	25.50	0.011012	49.141
25.49	25.50	0.011029	49.242
25.49	25.50	0.011046	49.343
25.49	25.50	0.011062	49.443
25.49	25.50	0.011079	49.543
25.49	25.50	0.011096	49.643
25.49	25.50	0.011112	49.743
25.49	25.50	0.011129	49.843
25.49	25.50	0.011146	49.943
25.49	25.50	0.011162	50.042
25.49	25.50	0.011179	50.143
25.52	25.50	0.011196	50.243
25.52	25.50	0.011212	50.343
25.52	25.50	0.011229	50.443
25.52	25.50	0.011245	50.543
25.52	25.50	0.011262	50.643
25.52	25.50	0.011279	50.742
25.52	25.50	0.011295	50.843
25.52	25.50	0.011312	50.942
25.52	25.50	0.011329	51.043
25.52	25.50	0.011345	51.143
25.52	25.50	0.011362	51.248
25.49	25.50	0.011379	51.343
25.49	25.50	0.011395	51.443
25.49	25.50	0.011412	51.543
25.49	25.50	0.011429	51.642
25.49	25.50	0.011445	51.743
25.49	25.50	0.011462	51.843
25.49	25.50	0.011479	51.943
25.49	25.50	0.011495	52.043
25.49	25.50	0.011512	52.143
25.49	25.50	0.011529	52.243
25.49	25.50	0.011545	52.367
25.49	25.50	0.011562	52.472
25.49	25.50	0.011579	52.571
25.49	25.50	0.011595	52.666
25.49	25.50	0.011612	52.770
25.49	25.50	0.011629	52.870
25.49	25.50	0.011645	52.964
25.49	25.50	0.011662	53.069
25.49	25.50	0.011679	53.168
25.49	25.50	0.011695	53.263
25.49	25.50	0.011712	53.368
25.49	25.50	0.011729	53.463
25.52	25.50	0.011745	53.562
25.52	25.50	0.011762	53.667
25.52	25.50	0.011779	53.762
25.52	25.50	0.011795	53.861
25.52	25.50	0.011812	53.966
25.52	25.50	0.011829	54.060
25.52	25.50	0.011845	54.160
25.52	25.50	0.011862	54.264
25.52	25.50	0.011879	54.359
25.52	25.50	0.011895	54.459
25.52	25.50	0.011912	54.563
25.52	25.50	0.011929	54.658
25.49	25.50	0.011945	54.757
25.49	25.50	0.011962	54.862
25.49	25.50	0.011979	54.956
25.49	25.50	0.011995	55.056
25.49	25.50	0.012012	55.160
25.49	25.50	0.012029	55.256
25.49	25.50	0.012045	55.355
25.49	25.50	0.012062	55.460
25.49	25.50	0.012078	55.554
25.49	25.50	0.012095	55.654
25.49	25.50	0.012112	55.758
25.49	25.50	0.012128	55.853
25.49	25.50	0.012145	55.952
25.49	25.50	0.012162	56.057
25.49	25.50	0.012178	56.152
25.49	25.50	0.012195	56.252
25.49	25.50	0.012212	56.356
25.49	25.50	0.012228	56.450
25.49	25.50	0.012245	56.552
25.52	25.50	0.012262	56.654
25.52	25.50	0.012278	56.749
25.52	25.50	0.012295	56.853
25.52	25.50	0.012312	56.953
25.52	25.50	0.012328	57.048
25.52	25.50	0.012345	57.152
25.52	25.50	0.012362	57.252
25.52	25.50	0.012378	57.347
25.52	25.50	0.012395	57.451
25.52	25.50	0.012412	57.551
25.49	25.50	0.012428	57.647
25.49	25.50	0.012445	57.750
25.49	25.50	0.012462	57.850
25.49	25.50	0.012478	57.946
25.49	25.50	0.012495	58.049
25.49	25.50	0.012512	58.149
25.49	25.50	0.012528	58.247
25.49	25.50	0.012545	58.348
25.49	25.50	0.012562	58.447
25.49	25.50	0.012578	58.547
25.49	25.50	0.012595	58.647
25.49	25.50	0.012612	58.747
25.49	25.50	0.012628	58.846
25.49	25.50	0.012645	58.947
25.49	25.50	0.012662	59.048
25.49	25.50	0.012678	59.147
25.49	25.50	0.012695	59.247
25.49	25.50	0.012712	59.347
25.49	25.50	0.012728	59.447
25.49	25.50	0.012745	59.546
25.49	25.50	0.012762	59.647
25.52	25.50	0.012778	59.746
25.52	25.50	0.012795	59.847
25.52	25.50	0.012812	59.947
25.52	25.50	0.012828	00.047
25.52	25.50	0.012845	00.147
25.52	25.50	0.012862	00.247
25.52	25.50	0.012878	00.347
25.52	25.50	0.012895	00.446
25.52	25.50	0.012911	00.547
25.49	25.50	0.012928	00.647
25.49	25.50	0.012945	00.747
25.49	25.50	0.012961	00.847
25.49	25.50	0.012978	00.947
25.49	25.50	0.012995	01.047
25.49	25.50	0.013011	01.147
25.49	25.50	0.013028	01.247
25.49	25.50	0.013045	01.346
25.49	25.50	0.013061	01.447
25.49	25.50	0.013078	01.547
25.49	25.50	0.013095	01.647
25.49	25.50	0.013111	01.748
25.49	25.50	0.013128	01.848
25.49	25.50	0.013145	01.948
25.49	25.50	0.013161	02.047
25.49	25.50	0.013178	02.148
25.49	25.50	0.013195	02.248
25.49	25.50	0.013211	02.348
25.49	25.50	0.013228	02.448
25.49	25.50	0.013245	02.548
25.49	25.50	0.013261	02.649
25.49	25.50	0.013278	02.749
25.52	25.50	0.013295	02.848
25.52	25.50	0.013311	02.949
25.52	25.50	0.013328	03.049
25.52	25.50	0.013345	03.173
25.52	25.50	0.013361	03.273
25.52	25.50	0.013378	03.378
25.52	25.50	0.013395	03.472
25.52	25.50	0.013411	03.571
25.52	25.50	0.013428	03.677
25.52	25.50	0.013445	03.771
25.52	25.50	0.013461	03.871
25.52	25.50	0.013478	03.975
25.49	25.50	0.013495	04.070
25.49	25.50	0.013511	04.171
25.49	25.50	0.013528	04.274
25.49	25.50	0.013545	04.369
25.49	25.50	0.013561	04.471
25.49	25.50	0.013578	04.572
25.49	25.50	0.013595	04.667
25.49	25.50	0.013611	04.771
25.49	25.50	0.013628	04.871
25.49	25.50	0.013645	04.966
25.49	25.50	0.013661	05.070
25.49	25.50	0.013678	05.170
25.49	25.50	0.013695	05.264
25.49	25.50	0.013711	05.369
25.49	25.50	0.013728	05.469
25.49	25.50	0.013744	05.564
25.49	25.50	0.013761	05.668
25.49	25.50	0.013778	05.768
25.49	25.50	0.013794	05.863
25.49	25.50	0.013811	05.967
25.49	25.50	0.013828	06.067
25.52	25.50	0.013844	06.161
25.52	25.50	0.013861	06.266
25.52	25.50	0.013878	06.360
25.52	25.50	0.013894	06.460
25.52	25.50	0.013911	06.564
25.52	25.50	0.013928	06.659
25.52	25.50	0.013944	06.759
25.52	25.50	0.013961	06.863
25.52	25.50	0.013978	06.958
25.52	25.50	0.013994	07.057
25.52	25.50	0.014011	07.162
25.49	25.50	0.014028	07.256
25.49	25.50	0.014044	07.356
25.49	25.50	0.014061	07.461
25.49	25.50	0.014078	07.556
25.49	25.50	0.014094	07.655
25.49	25.50	0.014111	07.760
25.49	25.50	0.014128	07.854
25.49	25.50	0.014144	07.954
25.49	25.50	0.014161	08.058
25.49	25.50	0.014178	08.153
25.49	25.50	0.014194	08.253
25.49	25.50	0.014211	08.357
25.49	25.50	0.014228	08.452
25.49	25.50	0.014244	08.551
25.49	25.50	0.014261	08.656
25.49	25.50	0.014278	08.750
25.49	25.50	0.014294	08.850
25.49	25.50	0.014311	08.954
25.49	25.50	0.014328	09.050
25.49	25.50	0.014344	09.151
25.52	25.50	0.014361	09.253
25.52	25.50	0.014378	09.350
25.52	25.50	0.014394	09.451
25.52	25.50	0.014411	09.552
25.52	25.50	0.014428	09.650
25.52	25.50	0.014444	09.750
25.52	25.50	0.014461	09.851
25.52	25.50	0.014478	09.949
25.52	25.50	0.014494	10.050
25.52	25.50	0.014511	10.150
25.52	25.50	0.014528	10.250
25.49	25.50	0.014544	10.350
25.49	25.50	0.014561	10.451
25.49	25.50	0.014577	10.551
25.49	25.50	0.014594	10.651
25.49	25.50	0.014611	10.751
25.49	25.50	0.014627	10.850
25.49	25.50	0.014644	10.951
25.49	25.50	0.014661	11.051
25.49	25.50	0.014677	11.151
25.49	25.50	0.014694	11.251
25.49	25.50	0.014711	11.351
25.49	25.50	0.014727	11.451
25.49	25.50	0.014744	11.550
25.49	25.50	0.014761	11.651
25.49	25.50	0.014777	11.750
25.49	25.50	0.014794	11.851
25.49	25.50	0.014811	11.951
25.49	25.50	0.014827	12.051
25.49	25.50	0.014844	12.151
25.49	25.50	0.014861	12.251
25.52	25.50	0.014877	12.351
25.52	25.50	0.014894	12.451
25.52	25.50	0.014911	12.550
25.52	25.50	0.014927	12.651
25.52	25.50	0.014944	12.751
25.52	25.50	0.014961	12.851
25.52	25.50	0.014977	12.951
25.52	25.50	0.014994	13.051
25.49	25.50	0.015011	13.150
25.49	25.50	0.015027	13.251
25.49	25.50	0.015044	13.351
25.49	25.50	0.015061	13.451
25.49	25.50	0.015077	13.551
25.49	25.50	0.015094	13.651
25.49	25.50	0.015111	13.751
25.49	25.50	0.015127	13.851
25.49	25.50	0.015144	13.951
25.49	25.50	0.015161	14.050
25.49	25.50	0.015177	14.151
25.49	25.50	0.015194	14.251
25.49	25.50	0.015211	14.351
25.49	25.50	0.015227	14.451
25.49	25.50	0.015244	14.551
25.49	25.50	0.015261	14.651
25.49	25.50	0.015277	14.750
25.49	25.50	0.015294	14.851
25.52	25.50	0.015311	14.951
25.52	25.50	0.015327	15.080
25.52	25.50	0.015344	15.175
25.52	25.50	0.015361	15.274
25.52	25.50	0.015377	15.379
25.52	25.50	0.015394	15.473
25.52	25.50	0.015410	15.573
25.52	25.50	0.015427	15.677
25.52	25.50	0.015444	15.772
25.52	25.50	0.015460	15.871
25.49	25.50	0.015477	15.977
25.49	25.50	0.015494	16.071
25.49	25.50	0.015510	16.170
25.49	25.50	0.015527	16.275
25.49	25.50	0.015544	16.370
25.49	25.50	0.015560	16.470
25.49	25.50	0.015577	16.574
25.49	25.50	0.015594	16.669
25.49	25.50	0.015610	16.770
25.49	25.50	0.015627	16.873
25.49	25.50	0.015644	16.968
25.49	25.50	0.015660	17.069
25.49	25.50	0.015677	17.172
25.49	25.50	0.015694	17.266
25.49	25.50	0.015710	17.370
25.49	25.50	0.015727	17.470
25.49	25.50	0.015744	17.565
25.52	25.50	0.015760	17.670
25.52	25.50	0.015777	17.769
25.52	25.50	0.015794	17.864
25.52	25.50	0.015810	17.968
25.52	25.50	0.015827	18.068
25.52	25.50	0.015844	18.162
25.52	25.50	0.015860	18.267
25.52	25.50	0.015877	18.366
25.52	25.50	0.015894	18.461
25.52	25.50	0.015910	18.566
25.49	25.50	0.015927	18.665
25.49	25.50	0.015944	18.760
25.49	25.50	0.015960	18.865
25.49	25.50	0.015977	18.959
25.49	25.50	0.015994	19.059
25.49	25.50	0.016010	19.163
25.49	25.50	0.016027	19.258
25.49	25.50	0.016044	19.357
25.49	25.50	0.016060	19.463
25.49	25.50	0.016077	19.557
25.49	25.50	0.016094	19.657
25.49	25.50	0.016110	19.761
25.49	25.50	0.016127	19.856
25.49	25.50	0.016144	19.955
25.49	25.50	0.016160	20.060
25.49	25.50	0.016177	20.155
25.49	25.50	0.016194	20.254
25.49	25.50	0.016210	20.359
25.49	25.50	0.016227	20.453
25.49	25.50	0.016244	20.553
25.49	25.50	0.016260	20.658
25.49	25.50	0.016277	20.752
25.52	25.50	0.016293	20.852
25.52	25.50	0.016310	20.956
25.52	25.50	0.016327	21.052
25.52	25.50	0.016343	21.151
25.52	25.50	0.016360	21.255
25.52	25.50	0.016377	21.352
25.52	25.50	0.016393	21.452
25.52	25.50	0.016410	21.554
25.52	25.50	0.016427	21.652
25.52	25.50	0.016443	21.752
25.52	25.50	0.016460	21.852
25.49	25.50	0.016477	21.952
25.49	25.50	0.016493	22.053
25.49	25.50	0.016510	22.153
25.49	25.50	0.016527	22.253
25.49	25.50	0.016543	22.353
25.49	25.50	0.016560	22.453
25.49	25.50	0.016577	22.553
25.49	25.50	0.016593	22.653
25.49	25.50	0.016610	22.752
25.49	25.50	0.016627	22.853
25.49	25.50	0.016643	22.953
25.49	25.50	0.016660	23.053
25.49	25.50	0.016677	23.153
25.49	25.50	0.016693	23.252
25.49	25.50	0.016710	23.353
25.49	25.50	0.016727	23.452
25.49	25.50	0.016743	23.553
25.49	25.50	0.016760	23.653
25.49	25.50	0.016777	23.753
25.49	25.50	0.016793	23.853
25.49	25.50	0.016810	23.953
25.49	25.50	0.016827	24.053
25.49	25.50	0.016843	24.152
25.52	25.50	0.016860	24.253
25.52	25.50	0.016877	24.353
25.52	25.50	0.016893	24.453
25.52	25.50	0.016910	24.553
25.52	25.50	0.016927	24.653
25.52	25.50	0.016943	24.753
25.52	25.50	0.016960	24.853
25.52	25.50	0.016977	24.953
25.52	25.50	0.016993	25.052
25.52	25.50	0.017010	25.153
25.49	25.50	0.017027	25.253
25.49	25.50	0.017043	25.353
25.49	25.50	0.017060	25.453
25.49	25.50	0.017077	25.553
25.49	25.50	0.017093	25.653
25.49	25.50	0.017110	25.752
25.49	25.50	0.017126	25.853
25.49	25.50	0.017143	25.953
25.49	25.50	0.017160	26.053
25.49	25.50	0.017176	26.153
25.49	25.50	0.017193	26.253
25.49	25.50	0.017210	26.353
25.49	25.50	0.017226	26.453
25.49	25.50	0.017243	26.553
25.49	25.50	0.017260	26.652
25.49	25.50	0.017276	26.753
25.49	25.50	0.017293	26.853
25.52	25.50	0.017310	26.977
25.52	25.50	0.017326	27.082
25.52	25.50	0.017343	27.176
25.52	25.50	0.017360	27.276
25.52	25.50	0.017376	27.380
25.52	25.50	0.017393	27.475
25.52	25.50	0.017410	27.574
25.52	25.50	0.017426	27.679
25.52	25.50	0.017443	27.773
25.49	25.50	0.017460	27.873
25.49	25.50	0.017476	27.978
25.49	25.50	0.017493	28.073
25.49	25.50	0.017510	28.172
25.49	25.50	0.017526	28.277
25.49	25.50	0.017543	28.371
25.49	25.50	0.017560	28.471
25.49	25.50	0.017576	28.575
25.49	25.50	0.017593	28.670
25.49	25.50	0.017610	28.770
25.49	25.50	0.017626	28.874
25.49	25.50	0.017643	28.969
25.49	25.50	0.017660	29.068
25.49	25.50	0.017676	29.173
25.49	25.50	0.017693	29.267
25.49	25.50	0.017710	29.368
25.49	25.50	0.017726	29.472
25.49	25.50	0.017743	29.566
25.49	25.50	0.017760	29.668
25.49	25.50	0.017776	29.770
25.49	25.50	0.017793	29.865
25.52	25.50	0.017810	29.968
25.52	25.50	0.017826	30.069
25.52	25.50	0.017843	30.164
25.52	25.50	0.017860	30.268
25.52	25.50	0.017876	30.369
25.52	25.50	0.017893	30.463
25.52	25.50	0.017910	30.568
25.52	25.50	0.017926	30.667
25.52	25.50	0.017943	30.762
25.52	25.50	0.017959	30.866
25.52	25.50	0.017976	30.966
25.49	25.50	0.017993	31.061
25.49	25.50	0.018009	31.165
25.49	25.50	0.018026	31.265
25.49	25.50	0.018043	31.359
25.49	25.50	0.018059	31.464
25.49	25.50	0.018076	31.563
25.49	25.50	0.018093	31.658
25.49	25.50	0.018109	31.762
25.49	25.50	0.018126	31.857
25.49	25.50	0.018143	31.957
25.49	25.50	0.018159	32.061
25.49	25.50	0.018176	32.156
25.49	25.50	0.018193	32.255
25.49	25.50	0.018209	32.360
25.49	25.50	0.018226	32.454
25.49	25.50	0.018243	32.554
25.49	25.50	0.018259	32.658
25.49	25.50	0.018276	32.754
25.49	25.50	0.018293	32.854
25.49	25.50	0.018309	32.957
25.52	25.50	0.018326	33.054
25.52	25.50	0.018343	33.154
25.52	25.50	0.018359	33.257
25.52	25.50	0.018376	33.353
25.52	25.50	0.018393	33.454
25.52	25.50	0.018409	33.556
25.52	25.50	0.018426	33.654
25.52	25.50	0.018443	33.754
25.52	25.50	0.018459	33.854
25.52	25.50	0.018476	33.954
25.49	25.50	0.018493	34.053
25.49	25.50	0.018509	34.154
25.49	25.50	0.018526	34.253
25.49	25.50	0.018543	34.354
25.49	25.50	0.018559	34.454
25.49	25.50	0.018576	34.554
25.49	25.50	0.018593	34.655
25.49	25.50	0.018609	34.755
25.49	25.50	0.018626	34.855
25.49	25.50	0.018643	34.954
25.49	25.50	0.018659	35.055
25.49	25.50	0.018676	35.155
25.49	25.50	0.018693	35.255
25.49	25.50	0.018709	35.355
25.49	25.50	0.018726	35.455
25.49	25.50	0.018743	35.555
25.49	25.50	0.018759	35.655
25.49	25.50	0.018776	35.756
25.49	25.50	0.018792	35.855
25.49	25.50	0.018809	35.956
25.49	25.50	0.018826	36.056
25.52	25.50	0.018842	36.156
25.52	25.50	0.018859	36.256
25.52	25.50	0.018876	36.356
25.52	25.50	0.018892	36.456
25.52	25.50	0.018909	36.555
25.52	25.50	0.018926	36.656
25.52	25.50	0.018942	36.756
25.52	25.50	0.018959	36.856
25.52	25.50	0.018976	36.956
25.52	25.50	0.018992	37.056
25.52	25.50	0.019009	37.156
25.49	25.50	0.019026	37.256
25.49	25.50	0.019042	37.356
25.49	25.50	0.019059	37.455
25.49	25.50	0.019076	37.556
25.49	25.50	0.019092	37.656
25.49	25.50	0.019109	37.756
25.49	25.50	0.019126	37.856
25.49	25.50	0.019142	37.956
25.49	25.50	0.019159	38.056
25.49	25.50	0.019176	38.156
25.49	25.50	0.019192	38.256
25.49	25.50	0.019209	38.356
25.49	25.50	0.019226	38.456
25.49	25.50	0.019242	38.555
25.49	25.50	0.019259	38.679
25.49	25.50	0.019276	38.785
25.49	25.50	0.019292	38.884
25.49	25.50	0.019309	38.979
25.49	25.50	0.019326	39.083
25.52	25.50	0.019342	39.183
25.52	25.50	0.019359	39.277
25.52	25.50	0.019376	39.382
25.52	25.50	0.019392	39.476
25.52	25.50	0.019409	39.576
25.52	25.50	0.019426	39.681
25.52	25.50	0.019442	39.775
25.52	25.50	0.019459	39.875
25.52	25.50	0.019476	39.979
25.52	25.50	0.019492	40.074
25.49	25.50	0.019509	40.173
25.49	25.50	0.019526	40.278
25.49	25.50	0.019542	40.373
25.49	25.50	0.019559	40.472
25.49	25.50	0.019576	40.577
25.49	25.50	0.019592	40.671
25.49	25.50	0.019609	40.771
25.49	25.50	0.019625	40.875
25.49	25.50	0.019642	40.970
25.49	25.50	0.019659	41.069
25.49	25.50	0.019675	41.174
25.49	25.50	0.019692	41.269
25.49	25.50	0.019709	41.368
25.49	25.50	0.019725	41.473
25.49	25.50	0.019742	41.567
25.49	25.50	0.019759	41.667
25.49	25.50	0.019775	41.772
25.49	25.50	0.019792	41.867
25.49	25.50	0.019809	41.967
25.49	25.50	0.019825	42.071
25.52	25.50	0.019842	42.166
25.52	25.50	0.019859	42.266
25.52	25.50	0.019875	42.370
25.52	25.50	0.019892	42.464
25.52	25.50	0.019909	42.566
25.52	25.50	0.019925	42.668
25.52	25.50	0.019942	42.763
25.52	25.50	0.019959	42.867
25.52	25.50	0.019975	42.967
25.52	25.50	0.019992	43.062
25.52	25.50	0.020009	43.166
25.49	25.50	0.020025	43.266
25.49	25.50	0.020042	43.361
25.49	25.50	0.020059	43.465
25.49	25.50	0.020075	43.565
25.49	25.50	0.020092	43.660
25.49	25.50	0.020109	43.764
25.49	25.50	0.020125	43.863
25.49	25.50	0.020142	43.958
25.49	25.50	0.020159	44.062
25.49	25.50	0.020175	44.162
25.49	25.50	0.020192	44.257
25.49	25.50	0.020209	44.361
25.49	25.50	0.020225	44.456
25.49	25.50	0.020242	44.556
25.49	25.50	0.020259	44.660
25.49	25.50	0.020275	44.756
25.49	25.50	0.020292	44.857
25.49	25.50	0.020309	44.958
25.49	25.50	0.020325	45.061
25.49	25.50	0.020342	45.157
25.49	25.50	0.020359	45.258
25.49	25.50	0.020375	45.362
25.49	25.50	0.020392	45.457
25.49	25.50	0.020409	45.559
25.49	25.50	0.020425	45.662
25.49	25.50	0.020442	45.761
25.52	25.50	0.020458	45.861
25.52	25.50	0.020475	45.961
25.52	25.50	0.020492	46.061
25.52	25.50	0.020508	46.161
25.52	25.50	0.020525	46.261
25.52	25.50	0.020542	46.360
25.52	25.50	0.020558	46.461
25.52	25.50	0.020575	46.562
25.52	25.50	0.020592	46.662
25.52	25.50	0.020608	46.762
25.52	25.50	0.020625	46.862
25.49	25.50	0.020642	46.962
25.49	25.50	0.020658	47.061
25.49	25.50	0.020675	47.162
25.49	25.50	0.020692	47.261
25.49	25.50	0.020708	47.362
25.49	25.50	0.020725	47.462
25.49	25.50	0.020742	47.562
25.49	25.50	0.020758	47.662
25.49	25.50	0.020775	47.762
25.49	25.50	0.020792	47.861
25.49	25.50	0.020808	47.962
25.49	25.50	0.020825	48.062
25.49	25.50	0.020842	48.162
25.49	25.50	0.020858	48.262
25.49	25.50	0.020875	48.362
25.49	25.50	0.020892	48.462
25.49	25.50	0.020908	48.562
25.49	25.50	0.020925	48.662
25.52	25.50	0.020942	48.761
25.52	25.50	0.020958	48.862
25.52	25.50	0.020975	48.962
25.52	25.50	0.020992	49.062
25.52	25.50	0.021008	49.162
25.52	25.50	0.021025	49.262
25.52	25.50	0.021042	49.362
25.52	25.50	0.021058	49.461
25.49	25.50	0.021075	49.586
25.49	25.50	0.021092	49.690
25.49	25.50	0.021108	49.784
25.49	25.50	0.021125	49.885
25.49	25.50	0.021142	49.989
25.49	25.50	0.021158	50.083
25.49	25.50	0.021175	50.186
25.49	25.50	0.021192	50.287
25.49	25.50	0.021208	50.382
25.49	25.50	0.021225	50.485
25.49	25.50	0.021242	50.586
25.49	25.50	0.021258	50.681
25.49	25.50	0.021275	50.785
25.49	25.50	0.021291	50.885
25.49	25.50	0.021308	50.980
25.49	25.50	0.021325	51.085
25.49	25.50	0.021341	51.184
25.52	25.50	0.021358	51.279
25.52	25.50	0.021375	51.383
25.52	25.50	0.021391	51.483
25.52	25.50	0.021408	51.578
25.52	25.50	0.021425	51.682
25.52	25.50	0.021441	51.782
25.52	25.50	0.021458	51.876
25.52	25.50	0.021475	51.981
25.52	25.50	0.021491	52.080
25.52	25.50	0.021508	52.175
25.49	25.50	0.021525	52.279
25.49	25.50	0.021541	52.374
25.49	25.50	0.021558	52.474
25.49	25.50	0.021575	52.578
25.49	25.50	0.021591	52.673
25.49	25.50	0.021608	52.772
25.49	25.50	0.021625	52.877
25.49	25.50	0.021641	52.971
25.49	25.50	0.021658	53.071
25.49	25.50	0.021675	53.176
25.49	25.50	0.021691	53.270
25.49	25.50	0.021708	53.370
25.49	25.50	0.021725	53.474
25.49	25.50	0.021741	53.569
25.49	25.50	0.021758	53.668
25.49	25.50	0.021775	53.773
25.49	25.50	0.021791	53.868
25.49	25.50	0.021808	53.967
25.49	25.50	0.021825	54.072
25.49	25.50	0.021841	54.166
25.49	25.50	0.021858	54.266
25.49	25.50	0.021875	54.371
25.49	25.50	0.021891	54.465
25.49	25.50	0.021908	54.565
25.49	25.50	0.021925	54.670
25.49	25.50	0.021941	54.765
25.52	25.50	0.021958	54.864
25.52	25.50	0.021975	54.969
25.52	25.50	0.021991	55.063
25.52	25.50	0.022008	55.165
25.52	25.50	0.022025	55.267
25.52	25.50	0.022041	55.362
25.52	25.50	0.022058	55.465
25.52	25.50	0.022075	55.566
25.52	25.50	0.022091	55.662
25.52	25.50	0.022108	55.764
25.52	25.50	0.022124	55.865
25.49	25.50	0.022141	55.961
25.49	25.50	0.022158	56.064
25.49	25.50	0.022174	56.164
25.49	25.50	0.022191	56.262
25.49	25.50	0.022208	56.363
25.49	25.50	0.022224	56.462
25.49	25.50	0.022241	56.562
25.49	25.50	0.022258	56.661
25.49	25.50	0.022274	56.762
25.49	25.50	0.022291	56.861
25.49	25.50	0.022308	56.962
25.49	25.50	0.022324	57.062
25.49	25.50	0.022341	57.162
25.49	25.50	0.022358	57.262
25.49	25.50	0.022374	57.363
25.49	25.50	0.022391	57.463
25.49	25.50	0.022408	57.562
25.49	25.50	0.022424	57.663
25.49	25.50	0.022441	57.763
25.49	25.50	0.022458	57.864
25.52	25.50	0.022474	57.964
25.52	25.50	0.022491	58.065
25.52	25.50	0.022508	58.165
25.52	25.50	0.022524	58.265
25.52	25.50	0.022541	58.365
25.52	25.50	0.022558	58.464
25.52	25.50	0.022574	58.565
25.52	25.50	0.022591	58.665
25.52	25.50	0.022608	58.765
25.52	25.50	0.022624	58.865
25.49	25.50	0.022641	58.965
25.49	25.50	0.022658	59.065
25.49	25.50	0.022674	59.164
25.49	25.50	0.022691	59.265
25.49	25.50	0.022708	59.365
25.49	25.50	0.022724	59.465
25.49	25.50	0.022741	59.565
25.49	25.50	0.022758	59.665
25.49	25.50	0.022774	59.765
25.49	25.50	0.022791	59.865
25.49	25.50	0.022808	59.965
25.49	25.50	0.022824	00.064
25.49	25.50	0.022841	00.165
25.49	25.50	0.022858	00.265
25.49	25.50	0.022874	00.365
25.49	25.50	0.022891	00.465
25.49	25.50	0.022908	00.565
25.49	25.50	0.022924	00.665
25.49	25.50	0.022941	00.764
25.52	25.50	0.022957	00.865
25.52	25.50	0.022974	00.964
25.52	25.50	0.022991	01.094
25.52	25.50	0.023007	01.189
25.52	25.50	0.023024	01.288
25.52	25.50	0.023041	01.393
25.52	25.50	0.023057	01.487
25.52	25.50	0.023074	01.587
25.52	25.50	0.023091	01.691
25.52	25.50	0.023107	01.786
25.52	25.50	0.023124	01.885
25.52	25.50	0.023141	01.990
25.49	25.50	0.023157	02.085
25.49	25.50	0.023174	02.184
25.49	25.50	0.023191	02.289
25.49	25.50	0.023207	02.383
25.49	25.50	0.023224	02.484
25.49	25.50	0.023241	02.587
25.49	25.50	0.023257	02.682
25.49	25.50	0.023274	02.784
25.49	25.50	0.023291	02.887
25.49	25.50	0.023307	02.982
25.49	25.50	0.023324	03.084
25.49	25.50	0.023341	03.185
25.49	25.50	0.023357	03.280
25.49	25.50	0.023374	03.383
25.49	25.50	0.023391	03.484
25.49	25.50	0.023407	03.578
25.49	25.50	0.023424	03.683
25.49	25.50	0.023441	03.783
25.49	25.50	0.023457	03.877
25.49	25.50	0.023474	03.982
25.49	25.50	0.023491	04.081
25.52	25.50	0.023507	04.177
25.52	25.50	0.023524	04.281
25.52	25.50	0.023541	04.381
25.52	25.50	0.023557	04.476
25.52	25.50	0.023574	04.580
25.52	25.50	0.023591	04.680
25.52	25.50	0.023607	04.774
25.52	25.50	0.023624	04.878
25.52	25.50	0.023641	04.973
25.49	25.50	0.023657	05.072
25.49	25.50	0.023674	05.177
25.49	25.50	0.023691	05.272
25.49	25.50	0.023707	05.371
25.49	25.50	0.023724	05.476
25.49	25.50	0.023741	05.570
25.49	25.50	0.023757	05.670
25.49	25.50	0.023774	05.774
25.49	25.50	0.023790	05.869
25.49	25.50	0.023807	05.969
25.49	25.50	0.023824	06.074
25.49	25.50	0.023840	06.169
25.49	25.50	0.023857	06.268
25.49	25.50	0.023874	06.373
25.49	25.50	0.023890	06.467
25.49	25.50	0.023907	06.567
25.49	25.50	0.023924	06.671
25.49	25.50	0.023940	06.766
25.49	25.50	0.023957	06.866
25.49	25.50	0.023974	06.970
25.49	25.50	0.023990	07.065
25.52	25.50	0.024007	07.165
25.52	25.50	0.024024	07.269
25.52	25.50	0.024040	07.364
25.52	25.50	0.024057	07.465
25.52	25.50	0.024074	07.567
25.52	25.50	0.024090	07.665
25.52	25.50	0.024107	07.765
25.52	25.50	0.024124	07.866
25.52	25.50	0.024140	07.965
25.52	25.50	0.024157	08.065
25.52	25.50	0.024174	08.165
25.49	25.50	0.024190	08.264
25.49	25.50	0.024207	08.365
25.49	25.50	0.024224	08.465
25.49	25.50	0.024240	08.565
25.49	25.50	0.024257	08.665
25.49	25.50	0.024274	08.766
25.49	25.50	0.024290	08.866
25.49	25.50	0.024307	08.966
25.49	25.50	0.024324	09.066
25.49	25.50	0.024340	09.165
25.49	25.50	0.024357	09.266
25.49	25.50	0.024374	09.366
25.49	25.50	0.024390	09.466
25.49	25.50	0.024407	09.566
25.49	25.50	0.024424	09.666
25.49	25.50	0.024440	09.766
25.49	25.50	0.024457	09.865
25.49	25.50	0.024474	09.966
25.49	25.50	0.024490	10.065
25.49	25.50	0.024507	10.166
25.49	25.50	0.024524	10.266
25.49	25.50	0.024540	10.366
25.49	25.50	0.024557	10.465
25.49	25.50	0.024574	10.565
25.52	25.50	0.024590	10.666
25.52	25.50	0.024607	10.765
25.52	25.50	0.024623	10.866
25.52	25.50	0.024640	10.966
25.52	25.50	0.024657	11.066
25.52	25.50	0.024673	11.166
25.52	25.50	0.024690	11.266
25.52	25.50	0.024707	11.365
25.52	25.50	0.024723	11.466
25.52	25.50	0.024740	11.565
25.52	25.50	0.024757	11.666
25.49	25.50	0.024773	11.766
25.49	25.50	0.024790	11.866
25.49	25.50	0.024807	11.966
25.49	25.50	0.024823	12.066
25.49	25.50	0.024840	12.166
25.49	25.50	0.024857	12.265
25.49	25.50	0.024873	12.366
25.49	25.50	0.024890	12.466
25.49	25.50	0.024907	12.566
25.49	25.50	0.024923	12.666
25.49	25.50	0.024940	12.766
25.49	25.50	0.024957	12.866
25.49	25.50	0.024973	12.965
25.49	25.50	0.024990	13.066
25.49	25.50	0.025007	13.165
25.49	25.50	0.025023	13.290
25.49	25.50	0.025040	13.394
25.52	25.50	0.025057	13.489
25.52	25.50	0.025073	13.589
25.52	25.50	0.025090	13.693
25.52	25.50	0.025107	13.788
25.52	25.50	0.025123	13.887
25.52	25.50	0.025140	13.992
25.52	25.50	0.025157	14.086
25.52	25.50	0.025173	14.186
25.52	25.50	0.025190	14.291
25.52	25.50	0.025207	14.385
25.49	25.50	0.025223	14.485
25.49	25.50	0.025240	14.589
25.49	25.50	0.025257	14.684
25.49	25.50	0.025273	14.783
25.49	25.50	0.025290	14.888
25.49	25.50	0.025307	14.982
25.49	25.50	0.025323	15.083
25.49	25.50	0.025340	15.187
25.49	25.50	0.025357	15.281
25.49	25.50	0.025373	15.383
25.49	25.50	0.025390	15.486
25.49	25.50	0.025407	15.581
25.49	25.50	0.025423	15.683
25.49	25.50	0.025440	15.785
25.49	25.50	0.025456	15.879
25.49	25.50	0.025473	15.983
25.49	25.50	0.025490	16.083
25.49	25.50	0.025506	16.178
25.49	25.50	0.025523	16.282
25.49	25.50	0.025540	16.382
25.49	25.50	0.025556	16.477
25.49	25.50	0.025573	16.581
25.49	25.50	0.025590	16.681
25.49	25.50	0.025606	16.776
25.49	25.50	0.025623	16.880
25.52	25.50	0.025640	16.980
25.52	25.50	0.025656	17.074
25.52	25.50	0.025673	17.179
25.52	25.50	0.025690	17.278
25.52	25.50	0.025706	17.373
25.52	25.50	0.025723	17.477
25.52	25.50	0.025740	17.572
25.52	25.50	0.025756	17.672
25.52	25.50	0.025773	17.776
25.52	25.50	0.025790	17.871
25.49	25.50	0.025806	17.970
25.49	25.50	0.025823	18.075
25.49	25.50	0.025840	18.169
25.49	25.50	0.025856	18.270
25.49	25.50	0.025873	18.374
25.49	25.50	0.025890	18.471
25.49	25.50	0.025906	18.571
25.49	25.50	0.025923	18.672
25.49	25.50	0.025940	18.771
25.49	25.50	0.025956	18.871
25.49	25.50	0.025973	18.971
25.49	25.50	0.025990	19.070
25.49	25.50	0.026006	19.171
25.49	25.50	0.026023	19.271
25.49	25.50	0.026040	19.371
25.49	25.50	0.026056	19.471
25.49	25.50	0.026073	19.571
25.49	25.50	0.026090	19.671
25.52	25.50	0.026106	19.770
25.52	25.50	0.026123	19.871
25.52	25.50	0.026140	19.970
25.52	25.50	0.026156	20.071
25.52	25.50	0.026173	20.171
25.52	25.50	0.026190	20.271
25.52	25.50	0.026206	20.371
25.52	25.50	0.026223	20.471
25.52	25.50	0.026240	20.571
25.52	25.50	0.026256	20.670
25.49	25.50	0.026273	20.771
25.49	25.50	0.026289	20.871
25.49	25.50	0.026306	20.971
25.49	25.50	0.026323	21.071
25.49	25.50	0.026339	21.171
25.49	25.50	0.026356	21.271
25.49	25.50	0.026373	21.371
25.49	25.50	0.026389	21.471
25.49	25.50	0.026406	21.570
25.49	25.50	0.026423	21.671
25.49	25.50	0.026439	21.771
25.49	25.50	0.026456	21.870
25.49	25.50	0.026473	21.971
25.49	25.50	0.026489	22.071
25.49	25.50	0.026506	22.171
25.49	25.50	0.026523	22.271
25.49	25.50	0.026539	22.371
25.49	25.50	0.026556	22.471
25.49	25.50	0.026573	22.570
25.52	25.50	0.026589	22.671
25.52	25.50	0.026606	22.771
25.52	25.50	0.026623	22.871
25.52	25.50	0.026639	22.971
25.52	25.50	0.026656	23.071
25.52	25.50	0.026673	23.171
25.52	25.50	0.026689	23.271
25.52	25.50	0.026706	23.371
25.52	25.50	0.026723	23.470
25.52	25.50	0.026739	23.571
25.52	25.50	0.026756	23.671
25.49	25.50	0.026773	23.771
25.49	25.50	0.026789	23.871
25.49	25.50	0.026806	23.971
25.49	25.50	0.026823	24.071
25.49	25.50	0.026839	24.170
25.49	25.50	0.026856	24.270
25.49	25.50	0.026873	24.369
25.49	25.50	0.026889	24.499
25.49	25.50	0.026906	24.598
25.49	25.50	0.026923	24.693
25.49	25.50	0.026939	24.798
25.49	25.50	0.026956	24.892
25.49	25.50	0.026973	24.992
25.49	25.50	0.026989	25.096
25.49	25.50	0.027006	25.191
25.49	25.50	0.027023	25.291
25.49	25.50	0.027039	25.395
25.49	25.50	0.027056	25.490
25.49	25.50	0.027073	25.590
25.49	25.50	0.027089	25.694
25.49	25.50	0.027106	25.789
25.52	25.50	0.027122	25.888
25.52	25.50	0.027139	25.993
25.52	25.50	0.027156	26.087
25.52	25.50	0.027172	26.187
25.52	25.50	0.027189	26.292
25.52	25.50	0.027206	26.386
25.52	25.50	0.027222	26.487
25.52	25.50	0.027239	26.591
25.52	25.50	0.027256	26.686
25.49	25.50	0.027272	26.785
25.49	25.50	0.027289	26.890
25.49	25.50	0.027306	26.984
25.49	25.50	0.027322	27.084
25.49	25.50	0.027339	27.189
25.49	25.50	0.027356	27.282
25.49	25.50	0.027372	27.383
25.49	25.50	0.027389	27.487
25.49	25.50	0.027406	27.582
25.49	25.50	0.027422	27.682
25.49	25.50	0.027439	27.786
25.49	25.50	0.027456	27.881
25.49	25.50	0.027472	27.982
25.49	25.50	0.027489	28.085
25.49	25.50	0.027506	28.179
25.49	25.50	0.027522	28.282
25.49	25.50	0.027539	28.383
25.49	25.50	0.027556	28.478
25.49	25.50	0.027572	28.582
25.52	25.50	0.027589	28.682
25.52	25.50	0.027606	28.777
25.52	25.50	0.027622	28.881
25.52	25.50	0.027639	28.981
25.52	25.50	0.027656	29.076
25.52	25.50	0.027672	29.180
25.52	25.50	0.027689	29.280
25.52	25.50	0.027706	29.374
25.52	25.50	0.027722	29.479
25.52	25.50	0.027739	29.578
25.49	25.50	0.027756	29.674
25.49	25.50	0.027772	29.777
25.49	25.50	0.027789	29.877
25.49	25.50	0.027806	29.974
25.49	25.50	0.027822	30.076
25.49	25.50	0.027839	30.178
25.49	25.50	0.027856	30.274
25.49	25.50	0.027872	30.375
25.49	25.50	0.027889	30.477
25.49	25.50	0.027906	30.574
25.49	25.50	0.027922	30.674
25.49	25.50	0.027939	30.777
25.49	25.50	0.027955	30.874
25.49	25.50	0.027972	30.974
25.49	25.50	0.027989	31.078
25.49	25.50	0.028005	31.174
25.49	25.50	0.028022	31.274
25.49	25.50	0.028039	31.377
25.49	25.50	0.028055	31.474
25.49	25.50	0.028072	31.574
25.49	25.50	0.028089	31.677
25.49	25.50	0.028105	31.774
25.52	25.50	0.028122	31.874
25.52	25.50	0.028139	31.977
25.52	25.50	0.028155	32.073
25.52	25.50	0.028172	32.174
25.52	25.50	0.028189	32.277
25.52	25.50	0.028205	32.374
25.52	25.50	0.028222	32.474
25.52	25.50	0.028239	32.577
25.52	25.50	0.028255	32.674
25.52	25.50	0.028272	32.773
25.52	25.50	0.028289	32.877
25.52	25.50	0.028305	32.973
25.52	25.50	0.028322	33.074
25.49	25.50	0.028339	33.178
25.49	25.50	0.028355	33.274
25.49	25.50	0.028372	33.374
25.49	25.50	0.028389	33.477
25.49	25.50	0.028405	33.574
25.49	25.50	0.028422	33.674
25.49	25.50	0.028439	33.777
25.49	25.50	0.028455	33.875
25.49	25.50	0.028472	33.974
25.49	25.50	0.028489	34.077
25.49	25.50	0.028505	34.175
25.49	25.50	0.028522	34.275
25.49	25.50	0.028539	34.377
25.49	25.50	0.028555	34.475
25.49	25.50	0.028572	34.575
25.49	25.50	0.028589	34.677
25.49	25.50	0.028605	34.775
25.49	25.50	0.028622	34.874
25.49	25.50	0.028639	34.977
25.49	25.50	0.028655	35.075
25.49	25.50	0.028672	35.175
25.49	25.50	0.028689	35.277
25.49	25.50	0.028705	35.375
25.49	25.50	0.028722	35.475
25.52	25.50	0.028739	35.577
25.52	25.50	0.028755	35.674
25.52	25.50	0.028772	35.773
25.52	25.50	0.028788	35.877
25.52	25.50	0.028805	36.002
25.52	25.50	0.028822	36.097
25.52	25.50	0.028838	36.177
25.52	25.50	0.028855	36.302
25.52	25.50	0.028872	36.396
25.52	25.50	0.028888	36.501
25.49	25.50	0.028905	36.601
25.49	25.50	0.028922	36.694
25.49	25.50	0.028938	36.799
25.49	25.50	0.028955	36.900
25.49	25.50	0.028972	36.994
25.49	25.50	0.028988	37.098
25.49	25.50	0.029005	37.198
25.49	25.50	0.029022	37.292
25.49	25.50	0.029038	37.397
25.49	25.50	0.029055	37.496
25.49	25.50	0.029072	37.591
25.49	25.50	0.029088	37.696
25.49	25.50	0.029105	37.790
25.49	25.50	0.029122	37.890
25.49	25.50	0.029138	37.994
25.49	25.50	0.029155	38.089
25.49	25.50	0.029172	38.188
25.52	25.50	0.029188	38.294
25.52	25.50	0.029205	38.388
25.52	25.50	0.029222	38.488
25.52	25.50	0.029238	38.593
25.52	25.50	0.029255	38.687
25.52	25.50	0.029272	38.787
25.52	25.50	0.029288	38.891
25.52	25.50	0.029305	38.986
25.52	25.50	0.029322	39.085
25.52	25.50	0.029338	39.190
25.49	25.50	0.029355	39.285
25.49	25.50	0.029372	39.384
25.49	25.50	0.029388	39.489
25.49	25.50	0.029405	39.583
25.49	25.50	0.029422	39.683
25.49	25.50	0.029438	39.787
25.49	25.50	0.029455	39.882
25.49	25.50	0.029472	39.982
25.49	25.50	0.029488	40.086
25.49	25.50	0.029505	40.181
25.49	25.50	0.029522	40.281
25.49	25.50	0.029538	40.385
25.49	25.50	0.029555	40.479
25.49	25.50	0.029572	40.581
25.49	25.50	0.029588	40.683
25.49	25.50	0.029605	40.778
25.49	25.50	0.029621	40.881
25.49	25.50	0.029638	40.983
25.49	25.50	0.029655	41.077
25.49	25.50	0.029671	41.181
25.49	25.50	0.029688	41.281
25.49	25.50	0.029705	41.376
25.49	25.50	0.029721	41.480
25.49	25.50	0.029738	41.580
25.52	25.50	0.029755	41.675
25.52	25.50	0.029771	41.779
25.52	25.50	0.029788	41.879
25.52	25.50	0.029805	41.975
25.52	25.50	0.029821	42.078
25.52	25.50	0.029838	42.178
25.52	25.50	0.029855	42.275
25.52	25.50	0.029871	42.377
25.52	25.50	0.029888	42.476
25.52	25.50	0.029905	42.575
25.52	25.50	0.029921	42.675
25.49	25.50	0.029938	42.776
25.49	25.50	0.029955	42.874
25.49	25.50	0.029971	42.975
25.49	25.50	0.029988	43.077
25.49	25.50	0.030005	43.175
25.49	25.50	0.030021	43.275
25.49	25.50	0.030038	43.376
25.49	25.50	0.030055	43.475
25.49	25.50	0.030071	43.574
25.49	25.50	0.030088	43.676
25.49	25.51	0.030105	43.775
25.49	25.51	0.030121	43.875
25.49	25.51	0.030138	43.977
25.49	25.51	0.030155	44.075
25.49	25.51	0.030171	44.175
25.49	25.51	0.030188	44.276
25.49	25.51	0.030205	44.375
25.49	25.51	0.030221	44.474
25.49	25.51	0.030238	44.576
25.52	25.51	0.030255	44.675
25.52	25.51	0.030271	44.775
25.52	25.51	0.030288	44.876
25.52	25.51	0.030305	44.975
25.52	25.52	0.030321	45.075
25.52	25.52	0.030338	45.176
25.52	25.52	0.030355	45.275
25.52	25.52	0.030371	45.374
25.52	25.52	0.030388	45.476
25.52	25.52	0.030405	45.575
25.52	25.52	0.030421	45.675
25.52	25.52	0.030438	45.776
25.52	25.52	0.030454	45.875
25.52	25.52	0.030471	45.975
25.52	25.52	0.030488	46.076
25.52	25.52	0.030504	46.176
25.52	25.52	0.030521	46.277
25.52	25.53	0.030538	46.377
25.52	25.53	0.030554	46.477
25.52	25.53	0.030571	46.577
25.52	25.53	0.030588	46.677
25.52	25.53	0.030604	46.777
25.52	25.53	0.030621	46.877
25.52	25.53	0.030638	46.976
25.52	25.53	0.030654	47.077
25.52	25.53	0.030671	47.177
25.52	25.53	0.030688	47.277
25.55	25.53	0.030704	47.377
25.55	25.53	0.030721	47.502
25.55	25.53	0.030738	47.600
25.55	25.54	0.030754	47.706
25.55	25.54	0.030771	47.801
25.55	25.54	0.030788	47.900
25.55	25.54	0.030804	48.005
25.55	25.54	0.030821	48.099
25.55	25.54	0.030838	48.201
25.55	25.54	0.030854	48.303
25.55	25.54	0.030871	48.398
25.55	25.54	0.030888	48.500
25.55	25.54	0.030904	48.602
25.55	25.54	0.030921	48.696
25.55	25.54	0.030938	48.801
25.52	25.54	0.030954	48.900
25.52	25.55	0.030971	48.995
25.52	25.55	0.030988	49.099
25.52	25.55	0.031004	49.199
25.52	25.55	0.031021	49.294
25.52	25.55	0.031038	49.399
25.52	25.55	0.031054	49.498
25.55	25.55	0.031071	49.593
25.55	25.55	0.031088	49.697
25.55	25.55	0.031104	49.797
25.55	25.55	0.031121	49.891
25.55	25.55	0.031138	49.996
25.55	25.55	0.031154	50.096
25.55	25.55	0.031171	50.190
25.55	25.56	0.031188	50.295
25.55	25.56	0.031204	50.389
25.55	25.56	0.031221	50.489
25.55	25.56	0.031238	50.593
25.55	25.56	0.031254	50.688
25.57	25.56	0.031271	50.788
25.57	25.56	0.031287	50.893
25.57	25.56	0.031304	50.987
25.57	25.56	0.031321	51.087
25.57	25.56	0.031337	51.192
25.57	25.56	0.031354	51.286
25.57	25.56	0.031371	51.386
25.57	25.56	0.031387	51.490
25.57	25.57	0.031404	51.585
25.57	25.57	0.031421	51.685
25.57	25.57	0.031437	51.789
25.57	25.57	0.031454	51.884
25.57	25.57	0.031471	51.983
25.57	25.57	0.031487	52.088
25.57	25.57	0.031504	52.182
25.57	25.57	0.031521	52.282
25.57	25.57	0.031537	52.386
25.57	25.57	0.031554	52.481
25.57	25.57	0.031571	52.581
25.57	25.57	0.031587	52.685
25.57	25.57	0.031604	52.780
25.57	25.58	0.031621	52.880
25.57	25.58	0.031637	52.984
25.57	25.58	0.031654	53.079
25.57	25.58	0.031671	53.180
25.57	25.58	0.031687	53.283
25.57	25.58	0.031704	53.377
25.57	25.58	0.031721	53.480
25.57	25.58	0.031737	53.581
25.60	25.58	0.031754	53.677
25.60	25.58	0.031771	53.780
25.60	25.58	0.031787	53.880
25.60	25.58	0.031804	53.977
25.60	25.58	0.031821	54.079
25.60	25.59	0.031837	54.179
25.60	25.59	0.031854	54.277
25.60	25.59	0.031871	54.378
25.60	25.59	0.031887	54.477
25.60	25.59	0.031904	54.577
25.60	25.59	0.031921	54.677
25.60	25.59	0.031937	54.777
25.60	25.59	0.031954	54.877
25.60	25.59	0.031971	54.977
25.57	25.59	0.031987	55.077
25.57	25.59	0.032004	55.177
25.57	25.59	0.032021	55.277
25.57	25.59	0.032037	55.377
25.57	25.60	0.032054	55.477
25.57	25.60	0.032071	55.577
25.57	25.60	0.032087	55.676
25.57	25.60	0.032104	55.777
25.57	25.60	0.032120	55.877
25.60	25.60	0.032137	55.977
25.60	25.60	0.032154	56.077
25.60	25.60	0.032170	56.177
25.60	25.60	0.032187	56.277
25.60	25.60	0.032204	56.377
25.60	25.60	0.032220	56.477
25.60	25.60	0.032237	56.576
25.60	25.60	0.032254	56.677
25.60	25.61	0.032270	56.777
25.62	25.61	0.032287	56.877
25.62	25.61	0.032304	56.977
25.62	25.61	0.032320	57.077
25.62	25.61	0.032337	57.177
25.62	25.61	0.032354	57.277
25.62	25.61	0.032370	57.377
25.62	25.61	0.032387	57.476
25.62	25.61	0.032404	57.577
25.62	25.61	0.032420	57.677
25.62	25.61	0.032437	57.777
25.62	25.61	0.032454	57.877
25.62	25.61	0.032470	57.977
25.62	25.62	0.032487	58.077
25.62	25.62	0.032504	58.176
25.62	25.62	0.032520	58.277
25.62	25.62	0.032537	58.376
25.62	25.62	0.032554	58.477
25.62	25.62	0.032570	58.577
25.62	25.62	0.032587	58.677
25.62	25.62	0.032604	58.777
25.62	25.62	0.032620	58.877
25.62	25.62	0.032637	58.977
25.62	25.62	0.032654	59.076
25.62	25.62	0.032670	59.177
25.62	25.62	0.032687	59.278
25.62	25.62	0.032704	59.378
25.62	25.63	0.032720	59.478
25.62	25.63	0.032737	59.602
25.62	25.63	0.032754	59.707
25.62	25.63	0.032770	59.801
25.62	25.63	0.032787	59.901
25.62	25.63	0.032804	00.005
25.62	25.63	0.032820	00.100
25.62	25.63	0.032837	00.199
25.62	25.63	0.032854	00.304
25.62	25.63	0.032870	00.399
25.62	25.63	0.032887	00.499
25.62	25.63	0.032904	00.604
25.62	25.63	0.032920	00.697
25.62	25.64	0.032937	00.799
25.62	25.64	0.032953	00.902
25.62	25.64	0.032970	00.996
25.62	25.64	0.032987	01.100
25.62	25.64	0.033003	01.201
25.65	25.64	0.033020	01.295
25.65	25.64	0.033037	01.399
25.65	25.64	0.033053	01.499
25.65	25.64	0.033070	01.594
25.65	25.64	0.033087	01.699
25.65	25.64	0.033103	01.799
25.65	25.64	0.033120	01.893
25.65	25.64	0.033137	01.998
25.65	25.65	0.033153	02.097
25.65	25.65	0.033170	02.192
25.65	25.65	0.033187	02.296
25.65	25.65	0.033203	02.396
25.65	25.65	0.033220	02.491
25.65	25.65	0.033237	02.595
25.65	25.65	0.033253	02.695
25.65	25.65	0.033270	02.789
25.65	25.65	0.033287	02.894
25.65	25.65	0.033303	02.988
25.65	25.65	0.033320	03.088
25.65	25.65	0.033337	03.193
25.65	25.65	0.033353	03.287
25.65	25.66	0.033370	03.387
25.65	25.66	0.033387	03.491
25.65	25.66	0.033403	03.586
25.65	25.66	0.033420	03.685
25.65	25.66	0.033437	03.790
25.65	25.66	0.033453	03.884
25.67	25.66	0.033470	03.984
25.67	25.66	0.033487	04.090
25.67	25.66	0.033503	04.184
25.67	25.66	0.033520	04.284
25.67	25.66	0.033537	04.388
25.67	25.66	0.033553	04.482
25.67	25.66	0.033570	04.582
25.67	25.67	0.033587	04.687
25.67	25.67	0.033603	04.781
25.67	25.67	0.033620	04.881
25.67	25.67	0.033637	04.985
25.67	25.67	0.033653	05.080
25.67	25.67	0.033670	05.179
25.67	25.67	0.033687	05.284
25.67	25.67	0.033703	05.380
25.67	25.67	0.033720	05.480
25.67	25.67	0.033737	05.583
25.67	25.67	0.033753	05.680
25.67	25.67	0.033770	05.780
25.67	25.67	0.033786	05.881
25.67	25.68	0.033803	05.980
25.67	25.68	0.033820	06.079
25.67	25.68	0.033836	06.180
25.67	25.68	0.033853	06.280
25.67	25.68	0.033870	06.380
25.67	25.68	0.033886	06.480
25.67	25.68	0.033903	06.580
25.67	25.68	0.033920	06.680
25.67	25.68	0.033936	06.779
25.67	25.68	0.033953	06.879
25.67	25.68	0.033970	06.980
25.70	25.68	0.033986	07.080
25.70	25.68	0.034003	07.180
25.70	25.69	0.034020	07.281
25.70	25.69	0.034036	07.381
25.70	25.69	0.034053	07.481
25.70	25.69	0.034070	07.580
25.70	25.69	0.034086	07.681
25.70	25.69	0.034103	07.781
25.70	25.69	0.034120	07.881
25.70	25.69	0.034136	07.981
25.70	25.69	0.034153	08.081
25.70	25.69	0.034170	08.181
25.70	25.69	0.034186	08.280
25.70	25.69	0.034203	08.381
25.70	25.69	0.034220	08.480
25.70	25.70	0.034236	08.581
25.70	25.70	0.034253	08.681
25.70	25.70	0.034270	08.781
25.70	25.70	0.034286	08.881
25.70	25.70	0.034303	08.981
25.70	25.70	0.034320	09.081
25.67	25.70	0.034336	09.180
25.67	25.70	0.034353	09.281
25.67	25.70	0.034370	09.381
25.67	25.70	0.034386	09.481
25.70	25.70	0.034403	09.581
25.70	25.70	0.034420	09.681
25.70	25.70	0.034436	09.781
25.70	25.71	0.034453	09.881
25.70	25.71	0.034470	09.981
25.70	25.71	0.034486	10.080
25.70	25.71	0.034503	10.181
25.70	25.71	0.034520	10.281
25.70	25.71	0.034536	10.381
25.70	25.71	0.034553	10.481
25.70	25.71	0.034570	10.581
25.70	25.71	0.034586	10.681
25.73	25.71	0.034603	10.781
25.73	25.71	0.034619	10.880
25.73	25.71	0.034636	10.981
25.73	25.71	0.034653	11.081
25.73	25.72	0.034669	11.180
25.73	25.72	0.034686	11.280
25.73	25.72	0.034703	11.410
25.73	25.72	0.034719	11.505
25.73	25.72	0.034736	11.604
25.73	25.72	0.034753	11.709
25.73	25.72	0.034769	11.803
25.73	25.72	0.034786	11.903
25.73	25.72	0.034803	12.007
25.73	25.72	0.034819	12.102
25.73	25.72	0.034836	12.202
25.73	25.72	0.034853	12.306
25.70	25.72	0.034869	12.401
25.70	25.73	0.034886	12.500
25.70	25.73	0.034903	12.605
25.70	25.73	0.034919	12.699
25.70	25.73	0.034936	12.799
25.70	25.73	0.034953	12.904
25.70	25.73	0.034969	12.998
25.70	25.73	0.034986	13.099
25.73	25.73	0.035003	13.202
25.73	25.73	0.035019	13.297
25.73	25.73	0.035036	13.398
25.73	25.73	0.035053	13.501
25.73	25.73	0.035069	13.595
25.73	25.73	0.035086	13.698
25.73	25.74	0.035103	13.800
25.73	25.74	0.035119	13.894
25.73	25.74	0.035136	13.999
25.73	25.74	0.035153	14.099
25.75	25.74	0.035169	14.193
25.75	25.74	0.035186	14.298
25.75	25.74	0.035203	14.397
25.75	25.74	0.035219	14.492
25.75	25.74	0.035236	14.597
25.75	25.74	0.035253	14.696
25.75	25.74	0.035269	14.791
25.75	25.74	0.035286	14.895
25.75	25.74	0.035303	14.995
25.75	25.75	0.035319	15.089
25.75	25.75	0.035336	15.194
25.75	25.75	0.035353	15.294
25.75	25.75	0.035369	15.388
25.75	25.75	0.035386	15.493
25.75	25.75	0.035403	15.587
25.75	25.75	0.035419	15.687
25.75	25.75	0.035436	15.791
25.75	25.75	0.035452	15.886
25.75	25.75	0.035469	15.986
25.75	25.75	0.035486	16.090
25.75	25.75	0.035502	16.185
25.75	25.75	0.035519	16.284
25.75	25.76	0.035536	16.389
25.75	25.76	0.035552	16.483
25.75	25.76	0.035569	16.583
25.75	25.76	0.035586	16.688
25.75	25.76	0.035602	16.783
25.75	25.76	0.035619	16.883
25.75	25.76	0.035636	16.987
25.75	25.76	0.035652	17.082
25.75	25.76	0.035669	17.181
25.75	25.76	0.035686	17.286
25.75	25.76	0.035702	17.380
25.78	25.76	0.035719	17.481
25.78	25.76	0.035736	17.584
25.78	25.77	0.035752	17.681
25.78	25.77	0.035769	17.781
25.78	25.77	0.035786	17.883
25.78	25.77	0.035802	17.981
25.78	25.77	0.035819	18.081
25.78	25.77	0.035836	18.182
25.78	25.77	0.035852	18.280
25.78	25.77	0.035869	18.381
25.78	25.77	0.035886	18.482
25.78	25.77	0.035902	18.582
25.78	25.77	0.035919	18.682
25.78	25.77	0.035936	18.782
25.78	25.77	0.035952	18.882
25.75	25.78	0.035969	18.982
25.75	25.78	0.035986	19.082
25.75	25.78	0.036002	19.181
25.75	25.78	0.036019	19.282
25.75	25.78	0.036036	19.382
25.75	25.78	0.036052	19.482
25.75	25.78	0.036069	19.582
25.78	25.78	0.036086	19.682
25.78	25.78	0.036102	19.782
25.78	25.78	0.036119	19.881
25.78	25.78	0.036136	19.982
25.78	25.78	0.036152	20.081
25.78	25.78	0.036169	20.182
25.78	25.79	0.036186	20.281
25.78	25.79	0.036202	20.382
25.78	25.79	0.036219	20.482
25.78	25.79	0.036236	20.582
25.78	25.79	0.036252	20.682
25.78	25.79	0.036269	20.782
25.80	25.79	0.036285	20.882
25.80	25.79	0.036302	20.982
25.80	25.79	0.036319	21.082
25.80	25.79	0.036335	21.182
25.80	25.79	0.036352	21.281
25.80	25.79	0.036369	21.383
25.80	25.79	0.036385	21.483
25.80	25.80	0.036402	21.583
25.80	25.80	0.036419	21.683
25.80	25.80	0.036435	21.783
25.80	25.80	0.036452	21.883
25.80	25.80	0.036469	21.983
25.80	25.80	0.036485	22.083
25.80	25.80	0.036502	22.182
25.80	25.80	0.036519	22.283
25.80	25.80	0.036535	22.383
25.80	25.80	0.036552	22.483
25.80	25.80	0.036569	22.583
25.80	25.80	0.036585	22.683
25.80	25.80	0.036602	22.783
25.80	25.81	0.036619	22.882
25.80	25.81	0.036635	22.983
25.80	25.81	0.036652	23.112
25.80	25.81	0.036669	23.207
25.80	25.81	0.036685	23.307
25.80	25.81	0.036702	23.411
25.80	25.81	0.036719	23.506
25.80	25.81	0.036735	23.605
25.80	25.81	0.036752	23.710
25.83	25.81	0.036769	23.804
25.83	25.81	0.036785	23.904
25.83	25.81	0.036802	24.008
25.83	25.81	0.036819	24.103
25.83	25.82	0.036835	24.203
25.83	25.82	0.036852	24.307
25.83	25.82	0.036869	24.402
25.83	25.82	0.036885	24.501
25.83	25.82	0.036902	24.606
25.83	25.82	0.036919	24.700
25.83	25.82	0.036935	24.800
25.83	25.82	0.036952	24.905
25.83	25.82	0.036969	24.999
25.83	25.82	0.036985	25.099
25.83	25.82	0.037002	25.204
25.80	25.82	0.037019	25.299
25.80	25.82	0.037035	25.397
25.80	25.83	0.037052	25.503
25.80	25.83	0.037069	25.597
25.80	25.83	0.037085	25.697
25.80	25.83	0.037102	25.802
25.80	25.83	0.037118	25.896
25.83	25.83	0.037135	25.997
25.83	25.83	0.037152	26.100
25.83	25.83	0.037168	26.194
25.83	25.83	0.037185	26.297
25.83	25.83	0.037202	26.398
25.83	25.83	0.037218	26.493
25.83	25.83	0.037235	26.598
25.83	25.83	0.037252	26.698
25.83	25.84	0.037268	26.793
25.83	25.84	0.037285	26.897
25.83	25.84	0.037302	26.997
25.85	25.84	0.037318	27.091
25.85	25.84	0.037335	27.196
25.85	25.84	0.037352	27.296
25.85	25.84	0.037368	27.390
25.85	25.84	0.037385	27.495
25.85	25.84	0.037402	27.594
25.85	25.84	0.037418	27.689
25.85	25.84	0.037435	27.793
25.85	25.84	0.037452	27.893
25.85	25.84	0.037468	27.987
25.85	25.84	0.037485	28.092
25.85	25.85	0.037502	28.187
25.85	25.85	0.037518	28.286
25.85	25.85	0.037535	28.391
25.85	25.85	0.037552	28.486
25.85	25.85	0.037568	28.586
25.85	25.85	0.037585	28.689
25.85	25.85	0.037602	28.786
25.85	25.85	0.037618	28.886
25.85	25.85	0.037635	28.988
25.85	25.85	0.037652	29.086
25.85	25.85	0.037668	29.186
25.85	25.85	0.037685	29.287
25.85	25.85	0.037702	29.386
25.85	25.86	0.037718	29.486
25.85	25.86	0.037735	29.585
25.85	25.86	0.037752	29.686
25.85	25.86	0.037768	29.786
25.85	25.86	0.037785	29.886
25.85	25.86	0.037802	29.986
25.85	25.86	0.037818	30.086
25.85	25.86	0.037835	30.186
25.88	25.86	0.037852	30.286
25.88	25.86	0.037868	30.386
25.88	25.86	0.037885	30.485
25.88	25.86	0.037902	30.586
25.88	25.86	0.037918	30.686
25.88	25.87	0.037935	30.786
25.88	25.87	0.037951	30.886
25.88	25.87	0.037968	30.986
25.88	25.87	0.037985	31.086
25.88	25.87	0.038001	31.185
25.88	25.87	0.038018	31.286
25.88	25.87	0.038035	31.387
25.85	25.87	0.038051	31.487
25.85	25.87	0.038068	31.587
25.85	25.87	0.038085	31.687
25.85	25.87	0.038101	31.787
25.85	25.87	0.038118	31.887
25.85	25.87	0.038135	31.987
25.85	25.88	0.038151	32.086
25.85	25.88	0.038168	32.187
25.85	25.88	0.038185	32.287
25.85	25.88	0.038201	32.392
25.88	25.88	0.038218	32.489
25.88	25.88	0.038235	32.589
25.88	25.88	0.038251	32.692
25.88	25.88	0.038268	32.788
25.88	25.88	0.038285	32.889
25.88	25.88	0.038301	32.993
25.88	25.88	0.038318	33.090
25.88	25.88	0.038335	33.190
25.88	25.88	0.038351	33.292
25.88	25.89	0.038368	33.390
25.88	25.89	0.038385	33.490
25.88	25.89	0.038401	33.592
25.88	25.89	0.038418	33.689
25.88	25.89	0.038435	33.814
25.88	25.89	0.038451	33.892
25.90	25.89	0.038468	34.019
25.90	25.89	0.038485	34.113
25.90	25.89	0.038501	34.192
25.90	25.89	0.038518	34.317
25.90	25.89	0.038535	34.412
25.90	25.89	0.038551	34.516
25.90	25.89	0.038568	34.616
25.90	25.90	0.038585	34.711
25.90	25.90	0.038601	34.815
25.90	25.90	0.038618	34.915
25.90	25.90	0.038635	35.009
25.90	25.90	0.038651	35.114
25.90	25.90	0.038668	35.213
25.90	25.90	0.038685	35.308
25.90	25.90	0.038701	35.412
25.90	25.90	0.038718	35.512
25.90	25.90	0.038735	35.607
25.90	25.90	0.038751	35.711
25.90	25.90	0.038768	35.806
25.90	25.90	0.038784	35.905
25.90	25.91	0.038801	36.010
25.90	25.91	0.038818	36.104
25.90	25.91	0.038834	36.204
25.90	25.91	0.038851	36.309
25.90	25.91	0.038868	36.403
25.90	25.91	0.038884	36.503
25.90	25.91	0.038901	36.607
25.90	25.91	0.038918	36.702
25.90	25.91	0.038934	36.801
25.90	25.91	0.038951	36.906
25.90	25.91	0.038968	37.000
25.90	25.91	0.038984	37.101
25.90	25.91	0.039001	37.206
25.93	25.92	0.039018	37.300
25.93	25.92	0.039034	37.400
25.93	25.92	0.039051	37.504
25.93	25.92	0.039068	37.599
25.93	25.92	0.039084	37.698
25.93	25.92	0.039101	37.803
25.93	25.92	0.039118	37.897
25.93	25.92	0.039134	37.997
25.93	25.92	0.039151	38.102
25.93	25.92	0.039168	38.196
25.93	25.92	0.039184	38.297
25.93	25.92	0.039201	38.400
25.93	25.92	0.039218	38.495
25.93	25.93	0.039234	38.596
25.93	25.93	0.039251	38.699
25.93	25.93	0.039268	38.794
25.93	25.93	0.039284	38.896
25.93	25.93	0.039301	38.998
25.93	25.93	0.039318	39.092
25.93	25.93	0.039334	39.196
25.93	25.93	0.039351	39.296
25.93	25.93	0.039368	39.391
25.93	25.93	0.039384	39.495
25.93	25.93	0.039401	39.595
25.93	25.93	0.039418	39.690
25.93	25.93	0.039434	39.794
25.93	25.94	0.039451	39.894
25.93	25.94	0.039468	39.990
25.93	25.94	0.039484	40.093
25.93	25.94	0.039501	40.202
25.93	25.94	0.039518	40.303
25.93	25.94	0.039534	40.402
25.93	25.94	0.039551	40.503
25.93	25.94	0.039568	40.603
25.93	25.94	0.039584	40.703
25.96	25.94	0.039601	40.803
25.96	25.94	0.039617	40.903
25.96	25.94	0.039634	41.003
25.96	25.94	0.039651	41.102
25.96	25.95	0.039667	41.203
25.96	25.95	0.039684	41.303
25.96	25.95	0.039701	41.403
25.96	25.95	0.039717	41.503
25.96	25.95	0.039734	41.603
25.96	25.95	0.039751	41.703
25.96	25.95	0.039767	41.803
25.96	25.95	0.039784	41.903
25.93	25.95	0.039801	42.002
25.93	25.95	0.039817	42.103
25.93	25.95	0.039834	42.203
25.93	25.95	0.039851	42.303
25.93	25.95	0.039867	42.403
25.93	25.96	0.039884	42.503
25.93	25.96	0.039901	42.603
25.93	25.96	0.039917	42.702
25.93	25.96	0.039934	42.803
25.96	25.96	0.039951	42.903
25.96	25.96	0.039967	43.032
25.96	25.96	0.039984	43.132
25.96	25.96	0.040001	43.226
25.96	25.96	0.040017	43.331
25.96	25.96	0.040034	43.425
25.96	25.96	0.040051	43.525
25.96	25.96	0.040067	43.629
25.96	25.96	0.040084	43.724
25.96	25.97	0.040101	43.824
25.98	25.97	0.040117	43.928
25.98	25.97	0.040134	44.023
25.98	25.97	0.040151	44.122
25.98	25.97	0.040167	44.227
25.98	25.97	0.040184	44.321
25.98	25.97	0.040201	44.421
25.98	25.97	0.040217	44.525
25.98	25.97	0.040234	44.620
25.98	25.97	0.040251	44.720
25.98	25.97	0.040267	44.824
25.98	25.97	0.040284	44.918
25.98	25.97	0.040301	45.019
25.98	25.98	0.040317	45.124
25.98	25.98	0.040334	45.218
25.98	25.98	0.040351	45.318
25.98	25.98	0.040367	45.422
25.98	25.98	0.040384	45.517
25.98	25.98	0.040401	45.616
25.98	25.98	0.040417	45.721
25.98	25.98	0.040434	45.816
25.98	25.98	0.040450	45.916
25.98	25.98	0.040467	46.020
25.98	25.98	0.040484	46.114
25.98	25.98	0.040500	46.216
25.98	25.98	0.040517	46.318
25.98	25.99	0.040534	46.413
25.98	25.99	0.040550	46.515
25.98	25.99	0.040567	46.617
25.98	25.99	0.040584	46.712
25.98	25.99	0.040600	46.815
25.98	25.99	0.040617	46.916
25.98	25.99	0.040634	47.010
25.98	25.99	0.040650	47.115
25.98	25.99	0.040667	47.214
25.98	25.99	0.040684	47.309
25.98	25.99	0.040700	47.414
25.98	25.99	0.040717	47.513
25.98	25.99	0.040734	47.608
25.98	26.00	0.040750	47.712
25.98	26.00	0.040767	47.812
25.98	26.00	0.040784	47.906
25.98	26.00	0.040800	48.011
26.01	26.00	0.040817	48.111
26.01	26.00	0.040834	48.206
26.01	26.00	0.040850	48.310
26.01	26.00	0.040867	48.406
26.01	26.00	0.040884	48.505
26.01	26.00	0.040900	48.609
26.01	26.00	0.040917	48.706
26.01	26.00	0.040934	48.806
26.01	26.00	0.040950	48.908
26.01	26.01	0.040967	49.011
26.01	26.01	0.040984	49.107
26.01	26.01	0.041000	49.207
26.01	26.01	0.041017	49.311
26.01	26.01	0.041034	49.406
26.01	26.01	0.041050	49.507
26.01	26.01	0.041067	49.611
26.01	26.01	0.041084	49.708
26.01	26.01	0.041100	49.808
26.01	26.01	0.041117	49.910
26.01	26.01	0.041134	50.008
26.01	26.01	0.041150	50.108
26.01	26.01	0.041167	50.211
26.01	26.02	0.041184	50.307
26.01	26.02	0.041200	50.410
26.01	26.02	0.041217	50.511
26.01	26.02	0.041234	50.610
26.01	26.02	0.041250	50.710
26.01	26.02	0.041267	50.810
26.03	26.02	0.041283	50.910
26.03	26.02	0.041300	51.009
26.03	26.02	0.041317	51.111
26.03	26.02	0.041333	51.210
26.03	26.02	0.041350	51.311
26.03	26.02	0.041367	51.411
26.03	26.02	0.041383	51.511
26.03	26.03	0.041400	51.611
26.03	26.03	0.041417	51.711
26.03	26.03	0.041433	51.811
26.03	26.03	0.041450	51.910
26.03	26.03	0.041467	52.011
26.03	26.03	0.041483	52.111
26.03	26.03	0.041500	52.211
26.03	26.03	0.041517	52.311
26.03	26.03	0.041533	52.411
26.03	26.03	0.041550	52.511
26.03	26.03	0.041567	52.611
26.03	26.03	0.041583	52.711
26.03	26.03	0.041600	52.811
26.03	26.04	0.041617	52.910
26.03	26.04	0.041633	53.011
26.03	26.04	0.041650	53.111
26.03	26.04	0.041667	53.235
26.03	26.04	0.041683	53.310
26.03	26.04	0.041700	53.434
26.03	26.04	0.041717	53.510
26.03	26.04	0.041733	53.638
26.03	26.04	0.041750	53.733
26.03	26.04	0.041767	53.810
26.03	26.04	0.041783	53.938
26.03	26.04	0.041800	54.033
26.06	26.04	0.041817	54.135
26.06	26.05	0.041833	54.237
26.06	26.05	0.041850	54.331
26.06	26.05	0.041867	54.435
26.06	26.05	0.041883	54.535
26.06	26.05	0.041900	54.630
26.06	26.05	0.041917	54.734
26.06	26.05	0.041933	54.834
26.06	26.05	0.041950	54.929
26.06	26.05	0.041967	55.033
26.06	26.05	0.041983	55.133
26.06	26.05	0.042000	55.227
26.06	26.05	0.042017	55.332
26.06	26.05	0.042033	55.431
26.06	26.06	0.042050	55.526
26.06	26.06	0.042067	55.630
26.06	26.06	0.042083	55.730
26.06	26.06	0.042100	55.825
26.06	26.06	0.042116	55.929
26.06	26.06	0.042133	56.024
26.06	26.06	0.042150	56.123
26.06	26.06	0.042166	56.228
26.06	26.06	0.042183	56.322
26.06	26.06	0.042200	56.422
26.06	26.06	0.042216	56.527
26.06	26.06	0.042233	56.621
26.06	26.06	0.042250	56.721
26.06	26.07	0.042266	56.825
26.06	26.07	0.042283	56.920
26.06	26.07	0.042300	57.020
26.06	26.07	0.042316	57.124
26.06	26.07	0.042333	57.219
26.06	26.07	0.042350	57.319
26.06	26.07	0.042366	57.424
26.06	26.07	0.042383	57.518
26.06	26.07	0.042400	57.618
26.06	26.07	0.042416	57.722
26.06	26.07	0.042433	57.817
26.06	26.07	0.042450	57.916
26.06	26.07	0.042466	58.020
26.06	26.08	0.042483	58.115
26.06	26.08	0.042500	58.215
26.06	26.08	0.042516	58.320
26.06	26.08	0.042533	58.414
26.08	26.08	0.042550	58.514
26.08	26.08	0.042566	58.618
26.08	26.08	0.042583	58.713
26.08	26.08	0.042600	58.814
26.08	26.08	0.042616	58.917
26.08	26.08	0.042633	59.011
26.08	26.08	0.042650	59.114
26.08	26.08	0.042666	59.216
26.08	26.08	0.042683	59.311
26.08	26.08	0.042700	59.415
26.08	26.09	0.042716	59.515
26.08	26.09	0.042733	59.611
26.08	26.09	0.042750	59.714
26.11	26.09	0.042766	59.813
26.11	26.09	0.042783	59.912
26.11	26.09	0.042800	00.012
26.11	26.09	0.042816	00.112
26.11	26.09	0.042833	00.211
26.11	26.09	0.042850	00.312
26.11	26.09	0.042866	00.412
26.11	26.09	0.042883	00.512
26.11	26.09	0.042900	00.612
26.11	26.09	0.042916	00.712
26.08	26.10	0.042933	00.812
26.08	26.10	0.042949	00.912
26.08	26.10	0.042966	01.012
26.08	26.10	0.042983	01.112
26.08	26.10	0.042999	01.212
26.08	26.10	0.043016	01.312
26.08	26.10	0.043033	01.411
26.08	26.10	0.043049	01.512
26.08	26.10	0.043066	01.612
26.08	26.10	0.043083	01.712
26.08	26.10	0.043099	01.812
26.08	26.10	0.043116	01.912
26.11	26.10	0.043133	02.012
26.11	26.11	0.043149	02.111
26.11	26.11	0.043166	02.212
26.11	26.11	0.043183	02.311
26.11	26.11	0.043199	02.412
26.11	26.11	0.043216	02.512
26.11	26.11	0.043233	02.612
26.11	26.11	0.043249	02.712
26.11	26.11	0.043266	02.812
26.11	26.11	0.043283	02.912
26.11	26.11	0.043299	03.011
26.11	26.11	0.043316	03.112
26.11	26.11	0.043333	03.212
26.14	26.11	0.043349	03.312
26.14	26.12	0.043366	03.412
26.14	26.12	0.043383	03.512
26.14	26.12	0.043399	03.612
26.14	26.12	0.043416	03.712
26.14	26.12	0.043433	03.812
26.14	26.12	0.043449	03.911
26.14	26.12	0.043466	04.012
26.14	26.12	0.043483	04.112
26.14	26.12	0.043499	04.212
26.14	26.12	0.043516	04.312
26.11	26.12	0.043533	04.412
26.11	26.12	0.043549	04.512
26.11	26.12	0.043566	04.611
26.11	26.13	0.043583	04.712
26.11	26.13	0.043599	04.811
26.11	26.13	0.043616	04.912
26.11	26.13	0.043633	05.013
26.11	26.13	0.043649	05.137
26.11	26.13	0.043666	05.212
26.11	26.13	0.043683	05.341
26.11	26.13	0.043699	05.436
26.14	26.13	0.043716	05.535
26.14	26.13	0.043733	05.640
26.14	26.13	0.043749	05.735
26.14	26.13	0.043766	05.835
26.14	26.13	0.043782	05.939
26.14	26.14	0.043799	06.033
26.14	26.14	0.043816	06.134
26.14	26.14	0.043832	06.237
26.14	26.14	0.043849	06.332
26.14	26.14	0.043866	06.433
26.14	26.14	0.043882	06.536
26.14	26.14	0.043899	06.631
26.14	26.14	0.043916	06.734
26.14	26.14	0.043932	06.835
26.14	26.14	0.043949	06.929
26.14	26.14	0.043966	07.034
26.14	26.14	0.043982	07.134
26.14	26.14	0.043999	07.229
26.14	26.15	0.044016	07.334
26.14	26.15	0.044032	07.433
26.14	26.15	0.044049	07.528
26.14	26.15	0.044066	07.632
26.14	26.15	0.044082	07.732
26.14	26.15	0.044099	07.826
26.14	26.15	0.044116	07.931
26.14	26.15	0.044132	08.031
26.16	26.15	0.044149	08.125
26.16	26.15	0.044166	08.230
26.16	26.15	0.044182	08.329
26.16	26.15	0.044199	08.424
26.16	26.15	0.044216	08.529
26.16	26.16	0.044232	08.623
26.16	26.16	0.044249	08.723
26.16	26.16	0.044266	08.827
26.16	26.16	0.044282	08.922
26.16	26.16	0.044299	09.021
26.16	26.16	0.044316	09.126
26.16	26.16	0.044332	09.220
26.16	26.16	0.044349	09.320
26.16	26.16	0.044366	09.425
26.16	26.16	0.044382	09.519
26.16	26.16	0.044399	09.619
26.16	26.16	0.044416	09.723
26.16	26.16	0.044432	09.818
26.16	26.17	0.044449	09.917
26.16	26.17	0.044466	10.022
26.16	26.17	0.044482	10.117
26.16	26.17	0.044499	10.216
26.16	26.17	0.044516	10.321
26.16	26.17	0.044532	10.415
26.16	26.17	0.044549	10.515
26.16	26.17	0.044566	10.619
26.16	26.17	0.044582	10.714
26.16	26.17	0.044599	10.813
26.16	26.17	0.044615	10.919
26.16	26.17	0.044632	11.013
26.16	26.17	0.044649	11.114
26.16	26.18	0.044665	11.218
26.16	26.18	0.044682	11.314
26.16	26.18	0.044699	11.414
26.19	26.18	0.044715	11.516
26.19	26.18	0.044732	11.614
26.19	26.18	0.044749	11.713
26.19	26.18	0.044765	11.815
26.19	26.18	0.044782	11.914
26.19	26.18	0.044799	12.014
26.19	26.18	0.044815	12.114
26.19	26.18	0.044832	12.214
26.19	26.18	0.044849	12.314
26.19	26.18	0.044865	12.414
26.19	26.19	0.044882	12.514
26.19	26.19	0.044899	12.613
26.19	26.19	0.044915	12.714
26.19	26.19	0.044932	12.814
26.19	26.19	0.044949	12.914
26.19	26.19	0.044965	13.014
26.19	26.19	0.044982	13.114
26.19	26.19	0.044999	13.214
26.19	26.19	0.045015	13.313
26.19	26.19	0.045032	13.414
26.19	26.19	0.045049	13.513
26.19	26.19	0.045065	13.614
26.19	26.19	0.045082	13.714
26.19	26.20	0.045099	13.814
26.19	26.20	0.045115	13.914
26.19	26.20	0.045132	14.014
26.19	26.20	0.045149	14.114
26.19	26.20	0.045165	14.213
26.19	26.20	0.045182	14.314
26.19	26.20	0.045199	14.414
26.19	26.20	0.045215	14.514
26.21	26.20	0.045232	14.614
26.21	26.20	0.045249	14.714
26.21	26.20	0.045265	14.814
26.21	26.20	0.045282	14.914
26.21	26.20	0.045299	15.014
26.21	26.21	0.045315	15.113
26.21	26.21	0.045332	15.214
26.21	26.21	0.045349	15.314
26.21	26.21	0.045365	15.414
26.21	26.21	0.045382	15.514
26.21	26.21	0.045399	15.614
26.21	26.21	0.045415	15.714
26.21	26.21	0.045432	15.813
26.21	26.21	0.045448	15.914
26.21	26.21	0.045465	16.013
26.21	26.21	0.045482	16.114
26.21	26.21	0.045498	16.214
26.21	26.21	0.045515	16.314
26.21	26.22	0.045532	16.414
26.21	26.22	0.045548	16.514
26.21	26.22	0.045565	16.614
26.21	26.22	0.045582	16.713
26.21	26.22	0.045598	16.814
26.21	26.22	0.045615	16.914
26.21	26.22	0.045632	17.014
26.21	26.22	0.045648	17.114
26.21	26.22	0.045665	17.238
26.21	26.22	0.045682	17.343
26.21	26.22	0.045698	17.437
26.24	26.22	0.045715	17.537
26.24	26.22	0.045732	17.641
26.24	26.23	0.045748	17.736
26.24	26.23	0.045765	17.835
26.24	26.23	0.045782	17.940
26.24	26.23	0.045798	18.035
26.24	26.23	0.045815	18.134
26.24	26.23	0.045832	18.240
26.24	26.23	0.045848	18.334
26.24	26.23	0.045865	18.433
26.24	26.23	0.045882	18.538
26.24	26.23	0.045898	18.632
26.24	26.23	0.045915	18.733
26.24	26.23	0.045932	18.837
26.24	26.23	0.045948	18.931
26.24	26.24	0.045965	19.033
26.21	26.24	0.045982	19.135
26.21	26.24	0.045998	19.230
26.21	26.24	0.046015	19.332
26.21	26.24	0.046032	19.434
26.21	26.24	0.046048	19.529
26.21	26.24	0.046065	19.633
26.21	26.24	0.046082	19.733
26.24	26.24	0.046098	19.827
26.24	26.24	0.046115	19.932
26.24	26.24	0.046132	20.031
26.24	26.24	0.046148	20.126
26.24	26.24	0.046165	20.231
26.24	26.25	0.046182	20.331
26.24	26.25	0.046198	20.426
26.24	26.25	0.046215	20.530
26.24	26.25	0.046232	20.630
26.26	26.25	0.046248	20.724
26.26	26.25	0.046265	20.829
26.26	26.25	0.046281	20.928
26.26	26.25	0.046298	21.023
26.26	26.25	0.046315	21.128
26.26	26.25	0.046331	21.222
26.26	26.25	0.046348	21.322
26.26	26.25	0.046365	21.426
26.26	26.25	0.046381	21.521
26.26	26.26	0.046398	21.620
26.26	26.26	0.046415	21.725
26.26	26.26	0.046431	21.820
26.26	26.26	0.046448	21.919
26.26	26.26	0.046465	22.024
26.26	26.26	0.046481	22.118
26.26	26.26	0.046498	22.218
26.26	26.26	0.046515	22.322
26.26	26.26	0.046531	22.417
26.26	26.26	0.046548	22.516
26.26	26.26	0.046565	22.621
26.26	26.26	0.046581	22.716
26.26	26.26	0.046598	22.815
26.26	26.27	0.046615	22.920
26.26	26.27	0.046631	23.015
26.26	26.27	0.046648	23.115
26.26	26.27	0.046665	23.219
26.26	26.27	0.046681	23.314
26.26	26.27	0.046698	23.414
26.26	26.27	0.046715	23.518
26.26	26.27	0.046731	23.613
26.26	26.27	0.046748	23.714
26.26	26.27	0.046765	23.816
26.26	26.27	0.046781	23.914
26.29	26.27	0.046798	24.014
26.29	26.27	0.046815	24.115
26.29	26.28	0.046831	24.214
26.29	26.28	0.046848	24.314
26.29	26.28	0.046865	24.414
26.29	26.28	0.046881	24.513
26.29	26.28	0.046898	24.614
26.29	26.28	0.046915	24.714
26.29	26.28	0.046931	24.814
26.29	26.28	0.046948	24.914
26.29	26.28	0.046965	25.014
26.29	26.28	0.046981	25.114
26.29	26.28	0.046998	25.214
26.29	26.28	0.047015	25.314
26.29	26.28	0.047031	25.413
26.29	26.29	0.047048	25.514
26.29	26.29	0.047065	25.614
26.29	26.29	0.047081	25.714
26.29	26.29	0.047098	25.814
26.29	26.29	0.047114	25.914
26.29	26.29	0.047131	26.014
26.29	26.29	0.047148	26.114
26.29	26.29	0.047164	26.214
26.29	26.29	0.047181	26.313
26.29	26.29	0.047198	26.414
26.29	26.29	0.047214	26.515
26.29	26.29	0.047231	26.615
26.29	26.29	0.047248	26.715
26.29	26.30	0.047264	26.815
26.29	26.30	0.047281	26.915
26.29	26.30	0.047298	27.014
26.29	26.30	0.047314	27.115
26.29	26.30	0.047331	27.214
26.29	26.30	0.047348	27.315
26.29	26.30	0.047364	27.415
26.29	26.30	0.047381	27.515
26.29	26.30	0.047398	27.615
26.29	26.30	0.047414	27.715
26.29	26.30	0.047431	27.815
26.29	26.30	0.047448	27.914
26.29	26.30	0.047464	28.015
26.29	26.30	0.047481	28.115
26.29	26.31	0.047498	28.215
26.29	26.31	0.047514	28.315
26.29	26.31	0.047531	28.415
26.29	26.31	0.047548	28.515
26.29	26.31	0.047564	28.615
26.29	26.31	0.047581	28.715
26.29	26.31	0.047598	28.814
26.32	26.31	0.047614	28.915
26.32	26.31	0.047631	29.015
26.32	26.31	0.047648	29.115
26.32	26.31	0.047664	29.215
26.32	26.31	0.047681	29.344
26.32	26.31	0.047698	29.439
26.32	26.32	0.047714	29.538
26.32	26.32	0.047731	29.643
26.32	26.32	0.047748	29.737
26.32	26.32	0.047764	29.837
26.32	26.32	0.047781	29.941
26.32	26.32	0.047798	30.036
26.32	26.32	0.047814	30.136
26.32	26.32	0.047831	30.240
26.32	26.32	0.047848	30.335
26.32	26.32	0.047864	30.434
26.32	26.32	0.047881	30.539
26.32	26.32	0.047898	30.634
26.32	26.32	0.047914	30.734
26.32	26.33	0.047931	30.838
26.32	26.33	0.047947	30.933
26.32	26.33	0.047964	31.032
26.32	26.33	0.047981	31.137
26.34	26.33	0.047997	31.231
26.34	26.33	0.048014	31.332
26.34	26.33	0.048031	31.435
26.34	26.33	0.048047	31.530
26.34	26.33	0.048064	31.632
26.34	26.33	0.048081	31.735
26.34	26.33	0.048097	31.829
26.34	26.33	0.048114	31.932
26.34	26.33	0.048131	32.033
26.34	26.34	0.048147	32.128
26.34	26.34	0.048164	32.231
26.34	26.34	0.048181	32.332
26.34	26.34	0.048197	32.426
26.34	26.34	0.048214	32.531
26.34	26.34	0.048231	32.631
26.34	26.34	0.048247	32.725
26.34	26.34	0.048264	32.830
26.34	26.34	0.048281	32.929
26.34	26.34	0.048297	33.024
26.34	26.34	0.048314	33.128
26.34	26.34	0.048331	33.228
26.34	26.34	0.048347	33.323
26.34	26.35	0.048364	33.428
26.34	26.35	0.048381	33.527
26.34	26.35	0.048397	33.622
26.34	26.35	0.048414	33.727
26.34	26.35	0.048431	33.821
26.34	26.35	0.048447	33.921
26.34	26.35	0.048464	34.025
26.34	26.35	0.048481	34.120
26.34	26.35	0.048497	34.220
26.34	26.35	0.048514	34.324
26.34	26.35	0.048531	34.419
26.34	26.35	0.048547	34.518
26.34	26.35	0.048564	34.623
26.34	26.36	0.048581	34.717
26.37	26.36	0.048597	34.817
26.37	26.36	0.048614	34.922
26.37	26.36	0.048631	35.016
26.37	26.36	0.048647	35.117
26.37	26.36	0.048664	35.220
26.37	26.36	0.048681	35.317
26.37	26.36	0.048697	35.417
26.37	26.36	0.048714	35.519
26.37	26.36	0.048731	35.616
26.37	26.36	0.048747	35.717
26.37	26.36	0.048764	35.818
26.37	26.36	0.048780	35.917
26.37	26.37	0.048797	36.017
26.37	26.37	0.048814	36.117
26.37	26.37	0.048830	36.217
26.37	26.37	0.048847	36.316
26.37	26.37	0.048864	36.417
26.37	26.37	0.048880	36.517
26.37	26.37	0.048897	36.617
26.37	26.37	0.048914	36.717
26.37	26.37	0.048930	36.817
26.37	26.37	0.048947	36.917
26.37	26.37	0.048964	37.016
26.37	26.37	0.048980	37.117
26.37	26.37	0.048997	37.216
26.37	26.38	0.049014	37.317
26.37	26.38	0.049030	37.417
26.37	26.38	0.049047	37.517
26.37	26.38	0.049064	37.617
26.37	26.38	0.049080	37.717
26.37	26.38	0.049097	37.817
26.37	26.38	0.049114	37.916
26.37	26.38	0.049130	38.017
26.37	26.38	0.049147	38.117
26.39	26.38	0.049164	38.217
26.39	26.38	0.049180	38.317
26.39	26.38	0.049197	38.417
26.39	26.38	0.049214	38.517
26.39	26.39	0.049230	38.616
26.39	26.39	0.049247	38.717
26.39	26.39	0.049264	38.817
26.39	26.39	0.049280	38.918
26.39	26.39	0.049297	39.018
26.39	26.39	0.049314	39.118
26.39	26.39	0.049330	39.218
26.39	26.39	0.049347	39.318
26.39	26.39	0.049364	39.418
26.39	26.39	0.049380	39.517
26.39	26.39	0.049397	39.618
26.39	26.39	0.049414	39.718
26.39	26.39	0.049430	39.818
26.39	26.40	0.049447	39.918
26.39	26.40	0.049464	40.018
26.39	26.40	0.049480	40.118
26.39	26.40	0.049497	40.218
26.39	26.40	0.049514	40.318
26.39	26.40	0.049530	40.417
26.39	26.40	0.049547	40.518
26.39	26.40	0.049564	40.618
26.39	26.40	0.049580	40.718
26.39	26.40	0.049597	40.818
26.42	26.40	0.049613	40.942
26.42	26.40	0.049630	41.017
26.42	26.40	0.049647	41.116
26.42	26.41	0.049663	41.241
26.42	26.41	0.049680	41.345
26.42	26.41	0.049697	41.440
26.42	26.41	0.049713	41.540
26.42	26.41	0.049730	41.645
26.42	26.41	0.049747	41.739
26.42	26.41	0.049763	41.838
26.42	26.41	0.049780	41.943
26.42	26.41	0.049797	42.037
26.42	26.41	0.049813	42.138
26.42	26.41	0.049830	42.242
26.42	26.41	0.049847	42.337
26.39	26.41	0.049863	42.437
26.39	26.42	0.049880	42.541
26.39	26.42	0.049897	42.636
26.39	26.42	0.049913	42.735
26.39	26.42	0.049930	42.840
26.39	26.42	0.049947	42.934
26.39	26.42	0.049963	43.034
26.39	26.42	0.049980	43.139
26.42	26.42	0.049997	43.233
26.42	26.42	0.050013	43.333
26.42	26.42	0.050030	43.437
26.42	26.42	0.050047	43.532
26.42	26.42	0.050063	43.631
26.42	26.42	0.050080	43.736
26.42	26.43	0.050097	43.830
26.42	26.43	0.050113	43.930
26.44	26.43	0.050130	44.035
26.44	26.43	0.050147	44.129
26.44	26.43	0.050163	44.231
26.44	26.43	0.050180	44.333
26.44	26.43	0.050197	44.428
26.44	26.43	0.050213	44.530
26.44	26.43	0.050230	44.632
26.44	26.43	0.050247	44.727
26.44	26.43	0.050263	44.830
26.44	26.43	0.050280	44.932
26.44	26.43	0.050297	45.025
26.44	26.44	0.050313	45.130
26.44	26.44	0.050330	45.230
26.44	26.44	0.050347	45.324
26.44	26.44	0.050363	45.429
26.44	26.44	0.050380	45.529
26.44	26.44	0.050397	45.624
26.44	26.44	0.050413	45.728
26.44	26.44	0.050430	45.828
26.44	26.44	0.050446	45.922
26.44	26.44	0.050463	46.026
26.44	26.44	0.050480	46.126
26.44	26.44	0.050496	46.221
26.44	26.44	0.050513	46.325
26.44	26.45	0.050530	46.421
26.44	26.45	0.050546	46.521
26.44	26.45	0.050563	46.624
26.44	26.45	0.050580	46.720
26.44	26.45	0.050596	46.821
26.44	26.45	0.050613	46.923
26.44	26.45	0.050630	47.026
26.44	26.45	0.050646	47.121
26.44	26.45	0.050663	47.221
26.44	26.45	0.050680	47.321
26.47	26.45	0.050696	47.420
26.47	26.45	0.050713	47.521
26.47	26.45	0.050730	47.621
26.47	26.46	0.050746	47.721
26.47	26.46	0.050763	47.821
26.47	26.46	0.050780	47.920
26.47	26.46	0.050796	48.021
26.47	26.46	0.050813	48.121
26.47	26.46	0.050830	48.225
26.47	26.46	0.050846	48.321
26.47	26.46	0.050863	48.421
26.47	26.46	0.050880	48.526
26.47	26.46	0.050896	48.620
26.47	26.46	0.050913	48.721
26.47	26.46	0.050930	48.820
26.44	26.46	0.050946	48.921
26.44	26.47	0.050963	49.021
26.44	26.47	0.050980	49.125
26.44	26.47	0.050996	49.221
26.44	26.47	0.051013	49.321
26.44	26.47	0.051030	49.426
26.44	26.47	0.051046	49.520
26.47	26.47	0.051063	49.621
26.47	26.47	0.051080	49.721
26.47	26.47	0.051096	49.821
26.47	26.47	0.051113	49.921
26.47	26.47	0.051130	50.025
26.47	26.47	0.051146	50.121
26.47	26.47	0.051163	50.221
26.47	26.48	0.051180	50.326
26.47	26.48	0.051196	50.421
26.47	26.48	0.051213	50.521
26.49	26.48	0.051230	50.625
26.49	26.48	0.051246	50.721
26.49	26.48	0.051263	50.820
26.49	26.48	0.051279	50.925
26.49	26.48	0.051296	51.021
26.49	26.48	0.051313	51.121
26.49	26.48	0.051329	51.226
26.49	26.48	0.051346	51.320
26.49	26.48	0.051363	51.421
26.49	26.48	0.051379	51.521
26.49	26.49	0.051396	51.621
26.49	26.49	0.051413	51.721
26.49	26.49	0.051429	51.825
26.49	26.49	0.051446	51.920
26.49	26.49	0.051463	52.021
26.49	26.49	0.051479	52.126
26.49	26.49	0.051496	52.221
26.49	26.49	0.051513	52.321
26.49	26.49	0.051529	52.425
26.49	26.49	0.051546	52.521
26.49	26.49	0.051563	52.620
26.49	26.49	0.051579	52.750
26.49	26.49	0.051596	52.849
26.49	26.50	0.051613	52.944
26.49	26.50	0.051629	53.048
26.49	26.50	0.051646	53.148
26.49	26.50	0.051663	53.243
26.49	26.50	0.051679	53.347
26.49	26.50	0.051696	53.447
26.49	26.50	0.051713	53.541
26.49	26.50	0.051729	53.646
