100.00	0.00	7.23	30.00	150.00	2.70	97.30	2.80	

15.01	25.50	0.000000	35.465
15.01	25.50	0.000017	35.569
15.01	25.50	0.000033	35.664
15.29	25.50	0.000050	35.763
15.55	25.50	0.000067	35.868
17.86	25.50	0.000083	35.963
18.24	25.50	0.000100	36.062
18.55	25.50	0.000117	36.169
20.55	25.50	0.000133	36.264
20.99	25.50	0.000150	36.364
21.27	25.50	0.000167	36.468
21.82	25.50	0.000183	36.563
22.26	25.50	0.000200	36.662
22.44	25.50	0.000217	36.767
22.75	25.50	0.000233	36.861
22.93	25.50	0.000250	36.961
23.01	25.50	0.000267	37.065
23.11	25.50	0.000283	37.160
23.22	25.50	0.000300	37.259
23.24	25.50	0.000317	37.364
23.34	25.50	0.000333	37.459
23.50	25.50	0.000350	37.559
23.57	25.50	0.000367	37.663
23.75	25.50	0.000383	37.757
23.98	25.50	0.000400	37.860
24.11	25.50	0.000416	37.961
24.37	25.50	0.000433	38.056
24.63	25.50	0.000450	38.160
24.75	25.50	0.000466	38.260
24.96	25.50	0.000483	38.355
25.06	25.50	0.000500	38.459
25.22	25.50	0.000516	38.559
25.34	25.50	0.000533	38.654
25.39	25.50	0.000550	38.758
25.42	25.50	0.000566	38.858
25.45	25.50	0.000583	38.952
25.45	25.50	0.000600	39.057
25.45	25.50	0.000616	39.156
25.47	25.50	0.000633	39.251
25.50	25.50	0.000650	39.355
25.57	25.50	0.000666	39.455
25.68	25.50	0.000683	39.550
25.70	25.50	0.000700	39.654
25.80	25.50	0.000716	39.754
25.88	25.50	0.000733	39.850
25.88	25.50	0.000750	39.953
25.91	25.50	0.000766	40.055
25.93	25.50	0.000783	40.151
25.93	25.50	0.000800	40.251
25.96	25.50	0.000816	40.355
25.96	25.50	0.000833	40.450
25.96	25.50	0.000850	40.551
25.98	25.50	0.000866	40.654
26.04	25.50	0.000883	40.751
26.04	25.50	0.000900	40.852
26.04	25.50	0.000916	40.955
26.06	25.50	0.000933	41.052
26.06	25.50	0.000950	41.151
26.06	25.50	0.000966	41.255
26.09	25.50	0.000983	41.351
26.09	25.50	0.001000	41.451
26.09	25.50	0.001016	41.555
26.09	25.50	0.001033	41.651
26.09	25.50	0.001050	41.752
26.09	25.50	0.001066	41.855
26.09	25.50	0.001083	41.952
26.09	25.50	0.001100	42.051
26.09	25.50	0.001116	42.155
26.09	25.50	0.001133	42.251
26.06	25.50	0.001150	42.352
26.06	25.50	0.001166	42.455
26.06	25.50	0.001183	42.551
26.04	25.50	0.001200	42.652
26.01	25.50	0.001216	42.755
25.98	25.50	0.001233	42.852
25.96	25.50	0.001250	42.951
25.93	25.50	0.001266	43.055
25.93	25.50	0.001283	43.151
25.91	25.50	0.001299	43.251
25.91	25.50	0.001316	43.356
25.91	25.50	0.001333	43.451
25.88	25.50	0.001349	43.552
25.88	25.50	0.001366	43.655
25.88	25.50	0.001383	43.752
25.86	25.50	0.001399	43.851
25.86	25.50	0.001416	43.955
25.83	25.50	0.001433	44.051
25.83	25.50	0.001449	44.152
25.83	25.50	0.001466	44.255
25.80	25.50	0.001483	44.351
25.80	25.50	0.001499	44.452
25.78	25.50	0.001516	44.555
25.78	25.50	0.001533	44.652
25.78	25.50	0.001549	44.751
25.75	25.50	0.001566	44.855
25.75	25.50	0.001583	44.950
25.73	25.50	0.001599	45.075
25.73	25.50	0.001616	45.179
25.70	25.50	0.001633	45.279
25.70	25.50	0.001649	45.374
25.70	25.50	0.001666	45.478
25.68	25.50	0.001683	45.578
25.68	25.50	0.001699	45.672
25.65	25.50	0.001716	45.777
25.65	25.50	0.001733	45.876
25.63	25.50	0.001749	45.971
25.63	25.50	0.001766	46.075
25.63	25.50	0.001783	46.175
25.60	25.50	0.001799	46.270
25.60	25.50	0.001816	46.374
25.60	25.50	0.001833	46.469
25.60	25.50	0.001849	46.568
25.60	25.50	0.001866	46.673
25.57	25.50	0.001883	46.767
25.57	25.50	0.001899	46.867
25.57	25.50	0.001916	46.972
25.57	25.50	0.001933	47.066
25.57	25.50	0.001949	47.166
25.57	25.50	0.001966	47.270
25.57	25.50	0.001983	47.365
25.55	25.50	0.001999	47.464
25.55	25.50	0.002016	47.569
25.55	25.50	0.002033	47.663
25.55	25.50	0.002049	47.763
25.55	25.50	0.002066	47.868
25.55	25.50	0.002082	47.962
25.55	25.50	0.002099	48.062
25.55	25.50	0.002116	48.166
25.55	25.50	0.002132	48.261
25.55	25.50	0.002149	48.360
25.55	25.50	0.002166	48.465
25.55	25.50	0.002182	48.560
25.55	25.50	0.002199	48.660
25.55	25.50	0.002216	48.764
25.55	25.50	0.002232	48.858
25.55	25.50	0.002249	48.960
25.52	25.50	0.002266	49.062
25.52	25.50	0.002282	49.157
25.52	25.50	0.002299	49.259
25.52	25.50	0.002316	49.361
25.52	25.50	0.002332	49.456
25.52	25.50	0.002349	49.560
25.52	25.50	0.002366	49.660
25.52	25.50	0.002382	49.754
25.52	25.50	0.002399	49.859
25.52	25.50	0.002416	49.958
25.52	25.50	0.002432	50.053
25.52	25.50	0.002449	50.158
25.52	25.50	0.002466	50.257
25.52	25.50	0.002482	50.352
25.52	25.50	0.002499	50.456
25.52	25.50	0.002516	50.556
25.52	25.50	0.002532	50.651
25.50	25.50	0.002549	50.755
25.50	25.50	0.002566	50.855
25.50	25.50	0.002582	50.951
25.50	25.50	0.002599	51.054
25.50	25.50	0.002616	51.155
25.50	25.50	0.002632	51.252
25.50	25.50	0.002649	51.352
25.50	25.50	0.002666	51.456
25.50	25.50	0.002682	51.551
25.50	25.50	0.002699	51.652
25.52	25.50	0.002716	51.755
25.52	25.50	0.002732	51.852
25.52	25.50	0.002749	51.953
25.52	25.50	0.002766	52.055
25.52	25.50	0.002782	52.153
25.52	25.50	0.002799	52.252
25.52	25.50	0.002816	52.356
25.52	25.50	0.002832	52.452
25.52	25.50	0.002849	52.552
25.52	25.50	0.002866	52.656
25.52	25.50	0.002882	52.752
25.52	25.50	0.002899	52.853
25.52	25.50	0.002915	52.956
25.52	25.50	0.002932	53.053
25.52	25.50	0.002949	53.152
25.52	25.50	0.002965	53.256
25.52	25.50	0.002982	53.352
25.52	25.50	0.002999	53.452
25.52	25.50	0.003015	53.556
25.50	25.50	0.003032	53.652
25.50	25.50	0.003049	53.753
25.50	25.50	0.003065	53.856
25.50	25.50	0.003082	53.953
25.50	25.50	0.003099	54.052
25.50	25.50	0.003115	54.156
25.50	25.50	0.003132	54.253
25.50	25.50	0.003149	54.352
25.50	25.50	0.003165	54.456
25.50	25.50	0.003182	54.552
25.50	25.50	0.003199	54.653
25.50	25.50	0.003215	54.756
25.50	25.50	0.003232	54.853
25.52	25.50	0.003249	54.952
25.52	25.50	0.003265	55.056
25.52	25.50	0.003282	55.153
25.52	25.50	0.003299	55.252
25.52	25.50	0.003315	55.356
25.52	25.50	0.003332	55.452
25.52	25.50	0.003349	55.553
25.52	25.50	0.003365	55.656
25.52	25.50	0.003382	55.753
25.52	25.50	0.003399	55.852
25.52	25.50	0.003415	55.956
25.52	25.50	0.003432	56.081
25.52	25.50	0.003449	56.176
25.52	25.50	0.003465	56.256
25.52	25.50	0.003482	56.380
25.52	25.50	0.003499	56.475
25.52	25.50	0.003515	56.579
25.52	25.50	0.003532	56.679
25.50	25.50	0.003549	56.773
25.50	25.50	0.003565	56.878
25.50	25.50	0.003582	56.978
25.50	25.50	0.003599	57.072
25.50	25.50	0.003615	57.177
25.50	25.50	0.003632	57.276
25.50	25.50	0.003649	57.371
25.50	25.50	0.003665	57.475
25.50	25.50	0.003682	57.570
25.50	25.50	0.003699	57.670
25.50	25.50	0.003715	57.774
25.50	25.50	0.003732	57.869
25.50	25.50	0.003748	57.968
25.50	25.50	0.003765	58.073
25.50	25.50	0.003782	58.167
25.50	25.50	0.003798	58.267
25.50	25.50	0.003815	58.371
25.52	25.50	0.003832	58.466
25.52	25.50	0.003848	58.566
25.52	25.50	0.003865	58.670
25.52	25.50	0.003882	58.765
25.52	25.50	0.003898	58.864
25.52	25.50	0.003915	58.969
25.52	25.50	0.003932	59.063
25.52	25.50	0.003948	59.162
25.52	25.50	0.003965	59.267
25.52	25.50	0.003982	59.362
25.52	25.50	0.003998	59.461
25.50	25.50	0.004015	59.566
25.50	25.50	0.004032	59.660
25.50	25.50	0.004048	59.761
25.50	25.50	0.004065	59.864
25.50	25.50	0.004082	59.959
25.50	25.50	0.004098	00.061
25.50	25.50	0.004115	00.163
25.50	25.50	0.004132	00.258
25.50	25.50	0.004148	00.360
25.50	25.50	0.004165	00.462
25.50	25.50	0.004182	00.557
25.50	25.50	0.004198	00.661
25.50	25.50	0.004215	00.761
25.50	25.50	0.004232	00.855
25.50	25.50	0.004248	00.960
25.50	25.50	0.004265	01.059
25.50	25.50	0.004282	01.154
25.50	25.50	0.004298	01.258
25.50	25.50	0.004315	01.358
25.50	25.50	0.004332	01.454
25.50	25.50	0.004348	01.557
25.50	25.50	0.004365	01.657
25.50	25.50	0.004382	01.753
25.52	25.50	0.004398	01.856
25.52	25.50	0.004415	01.957
25.52	25.50	0.004432	02.053
25.52	25.50	0.004448	02.155
25.52	25.50	0.004465	02.256
25.52	25.50	0.004482	02.354
25.52	25.50	0.004498	02.453
25.52	25.50	0.004515	02.557
25.52	25.50	0.004532	02.653
25.52	25.50	0.004548	02.753
25.52	25.50	0.004565	02.857
25.50	25.50	0.004581	02.953
25.50	25.50	0.004598	03.054
25.50	25.50	0.004615	03.156
25.50	25.50	0.004631	03.254
25.50	25.50	0.004648	03.353
25.50	25.50	0.004665	03.457
25.50	25.50	0.004681	03.554
25.50	25.50	0.004698	03.653
25.50	25.50	0.004715	03.757
25.50	25.50	0.004731	03.853
25.50	25.50	0.004748	03.954
25.50	25.50	0.004765	04.056
25.50	25.50	0.004781	04.154
25.50	25.50	0.004798	04.253
25.50	25.50	0.004815	04.357
25.50	25.50	0.004831	04.454
25.50	25.50	0.004848	04.553
25.50	25.50	0.004865	04.657
25.50	25.50	0.004881	04.753
25.50	25.50	0.004898	04.854
25.50	25.50	0.004915	04.956
25.50	25.50	0.004931	05.054
25.50	25.50	0.004948	05.154
25.50	25.50	0.004965	05.257
25.50	25.50	0.004981	05.354
25.50	25.50	0.004998	05.453
25.50	25.50	0.005015	05.557
25.50	25.50	0.005031	05.653
25.50	25.50	0.005048	05.754
25.52	25.50	0.005065	05.857
25.52	25.50	0.005081	05.953
25.52	25.50	0.005098	06.054
25.52	25.50	0.005115	06.157
25.52	25.50	0.005131	06.254
25.52	25.50	0.005148	06.353
25.52	25.50	0.005165	06.457
25.52	25.50	0.005181	06.554
25.52	25.50	0.005198	06.653
25.52	25.50	0.005215	06.757
25.52	25.50	0.005231	06.853
25.50	25.50	0.005248	06.954
25.50	25.50	0.005265	07.057
25.50	25.50	0.005281	07.183
25.50	25.50	0.005298	07.277
25.50	25.50	0.005315	07.357
25.50	25.50	0.005331	07.481
25.50	25.50	0.005348	07.576
25.50	25.50	0.005365	07.681
25.50	25.50	0.005381	07.780
25.50	25.50	0.005398	07.875
25.50	25.50	0.005414	07.979
25.50	25.50	0.005431	08.079
25.50	25.50	0.005448	08.173
25.50	25.50	0.005464	08.278
25.50	25.50	0.005481	08.377
25.50	25.50	0.005498	08.472
25.50	25.50	0.005514	08.577
25.50	25.50	0.005531	08.671
25.50	25.50	0.005548	08.771
25.50	25.50	0.005564	08.875
25.50	25.50	0.005581	08.970
25.50	25.50	0.005598	09.069
25.50	25.50	0.005614	09.174
25.50	25.50	0.005631	09.269
25.50	25.50	0.005648	09.368
25.50	25.50	0.005664	09.473
25.50	25.50	0.005681	09.566
25.50	25.50	0.005698	09.667
25.50	25.50	0.005714	09.771
25.50	25.50	0.005731	09.866
25.50	25.50	0.005748	09.965
25.50	25.50	0.005764	10.070
25.52	25.50	0.005781	10.165
25.52	25.50	0.005798	10.264
25.52	25.50	0.005814	10.369
25.52	25.50	0.005831	10.463
25.52	25.50	0.005848	10.563
25.52	25.50	0.005864	10.668
25.52	25.50	0.005881	10.762
25.50	25.50	0.005898	10.861
25.50	25.50	0.005914	10.966
25.50	25.50	0.005931	11.060
25.50	25.50	0.005948	11.162
25.50	25.50	0.005964	11.264
25.50	25.50	0.005981	11.359
25.50	25.50	0.005998	11.462
25.50	25.50	0.006014	11.563
25.50	25.50	0.006031	11.658
25.50	25.50	0.006048	11.761
25.50	25.50	0.006064	11.862
25.50	25.50	0.006081	11.956
25.50	25.50	0.006098	12.061
25.50	25.50	0.006114	12.160
25.50	25.50	0.006131	12.255
25.50	25.50	0.006148	12.360
25.50	25.50	0.006164	12.459
25.50	25.50	0.006181	12.556
25.50	25.50	0.006198	12.658
25.50	25.50	0.006214	12.758
25.50	25.50	0.006231	12.855
25.50	25.50	0.006247	12.957
25.50	25.50	0.006264	13.058
25.50	25.50	0.006281	13.155
25.50	25.50	0.006297	13.256
25.50	25.50	0.006314	13.357
25.50	25.50	0.006331	13.456
25.50	25.50	0.006347	13.555
25.50	25.50	0.006364	13.658
25.50	25.50	0.006381	13.755
25.52	25.50	0.006397	13.856
25.52	25.50	0.006414	13.957
25.52	25.50	0.006431	14.056
25.52	25.50	0.006447	14.155
25.52	25.50	0.006464	14.257
25.52	25.50	0.006481	14.356
25.52	25.50	0.006497	14.456
25.52	25.50	0.006514	14.558
25.52	25.50	0.006531	14.656
25.52	25.50	0.006547	14.757
25.50	25.50	0.006564	14.857
25.50	25.50	0.006581	14.957
25.50	25.50	0.006597	15.056
25.50	25.50	0.006614	15.158
25.50	25.50	0.006631	15.257
25.50	25.50	0.006647	15.356
25.50	25.50	0.006664	15.458
25.50	25.50	0.006681	15.556
25.50	25.50	0.006697	15.657
25.50	25.50	0.006714	15.757
25.50	25.50	0.006731	15.857
25.50	25.50	0.006747	15.956
25.50	25.50	0.006764	16.058
25.50	25.50	0.006781	16.157
25.50	25.50	0.006797	16.256
25.50	25.50	0.006814	16.358
25.50	25.50	0.006831	16.456
25.50	25.50	0.006847	16.557
25.50	25.50	0.006864	16.657
25.50	25.50	0.006881	16.757
25.50	25.50	0.006897	16.857
25.50	25.50	0.006914	16.958
25.50	25.50	0.006931	17.057
25.50	25.50	0.006947	17.156
25.50	25.50	0.006964	17.258
25.50	25.50	0.006981	17.357
25.50	25.50	0.006997	17.482
25.50	25.50	0.007014	17.557
25.50	25.50	0.007031	17.656
25.50	25.50	0.007047	17.780
25.50	25.50	0.007064	17.858
25.50	25.50	0.007080	17.985
25.50	25.50	0.007097	18.079
25.50	25.50	0.007114	18.158
25.50	25.50	0.007130	18.283
25.50	25.50	0.007147	18.378
25.50	25.50	0.007164	18.457
25.50	25.50	0.007180	18.582
25.50	25.50	0.007197	18.676
25.50	25.50	0.007214	18.781
25.50	25.50	0.007230	18.881
25.50	25.50	0.007247	18.975
25.50	25.50	0.007264	19.080
25.50	25.50	0.007280	19.179
25.50	25.50	0.007297	19.274
25.50	25.50	0.007314	19.378
25.50	25.50	0.007330	19.478
25.50	25.50	0.007347	19.572
25.50	25.50	0.007364	19.677
25.50	25.50	0.007380	19.771
25.50	25.50	0.007397	19.871
25.50	25.50	0.007414	19.976
25.50	25.50	0.007430	20.070
25.50	25.50	0.007447	20.170
25.50	25.50	0.007464	20.274
25.50	25.50	0.007480	20.369
25.52	25.50	0.007497	20.469
25.52	25.50	0.007514	20.573
25.52	25.50	0.007530	20.668
25.52	25.50	0.007547	20.767
25.52	25.50	0.007564	20.872
25.52	25.50	0.007580	20.966
25.50	25.50	0.007597	21.066
25.50	25.50	0.007614	21.170
25.50	25.50	0.007630	21.265
25.50	25.50	0.007647	21.364
25.50	25.50	0.007664	21.469
25.50	25.50	0.007680	21.564
25.50	25.50	0.007697	21.663
25.50	25.50	0.007714	21.768
25.50	25.50	0.007730	21.863
25.50	25.50	0.007747	21.962
25.50	25.50	0.007764	22.067
25.50	25.50	0.007780	22.162
25.50	25.50	0.007797	22.262
25.50	25.50	0.007814	22.366
25.50	25.50	0.007830	22.460
25.50	25.50	0.007847	22.563
25.50	25.50	0.007864	22.664
25.50	25.50	0.007880	22.760
25.50	25.50	0.007897	22.862
25.50	25.50	0.007913	22.963
25.50	25.50	0.007930	23.061
25.50	25.50	0.007947	23.162
25.50	25.50	0.007963	23.262
25.50	25.50	0.007980	23.360
25.50	25.50	0.007997	23.461
25.50	25.50	0.008013	23.560
25.50	25.50	0.008030	23.661
25.50	25.50	0.008047	23.760
25.50	25.50	0.008063	23.860
25.50	25.50	0.008080	23.961
25.50	25.50	0.008097	24.060
25.50	25.50	0.008113	24.161
25.50	25.50	0.008130	24.260
25.50	25.50	0.008147	24.361
25.50	25.50	0.008163	24.460
25.50	25.50	0.008180	24.560
25.50	25.50	0.008197	24.661
25.50	25.50	0.008213	24.760
25.50	25.50	0.008230	24.861
25.50	25.50	0.008247	24.960
25.52	25.50	0.008263	25.061
25.52	25.50	0.008280	25.160
25.52	25.50	0.008297	25.260
25.52	25.50	0.008313	25.361
25.52	25.50	0.008330	25.460
25.52	25.50	0.008347	25.561
25.52	25.50	0.008363	25.660
25.52	25.50	0.008380	25.761
25.50	25.50	0.008397	25.860
25.50	25.50	0.008413	25.960
25.50	25.50	0.008430	26.061
25.50	25.50	0.008447	26.160
25.50	25.50	0.008463	26.261
25.50	25.50	0.008480	26.360
25.50	25.50	0.008497	26.461
25.50	25.50	0.008513	26.560
25.50	25.50	0.008530	26.661
25.50	25.50	0.008547	26.760
25.50	25.50	0.008563	26.860
25.50	25.50	0.008580	26.961
25.50	25.50	0.008597	27.060
25.50	25.50	0.008613	27.161
25.50	25.50	0.008630	27.260
25.50	25.50	0.008647	27.361
25.50	25.50	0.008663	27.460
25.50	25.50	0.008680	27.561
25.50	25.50	0.008697	27.660
25.50	25.50	0.008713	27.760
25.50	25.50	0.008730	27.861
25.50	25.50	0.008746	27.960
25.50	25.50	0.008763	28.061
25.50	25.50	0.008780	28.190
25.50	25.50	0.008796	28.285
25.50	25.50	0.008813	28.384
25.50	25.50	0.008830	28.489
25.50	25.50	0.008846	28.583
25.50	25.50	0.008863	28.683
25.50	25.50	0.008880	28.788
25.50	25.50	0.008896	28.882
25.50	25.50	0.008913	28.983
25.50	25.50	0.008930	29.086
25.50	25.50	0.008946	29.180
25.50	25.50	0.008963	29.283
25.50	25.50	0.008980	29.385
25.50	25.50	0.008996	29.479
25.50	25.50	0.009013	29.583
25.50	25.50	0.009030	29.683
25.50	25.50	0.009046	29.778
25.50	25.50	0.009063	29.882
25.50	25.50	0.009080	29.982
25.50	25.50	0.009096	30.076
25.50	25.50	0.009113	30.181
25.50	25.50	0.009130	30.281
25.50	25.50	0.009146	30.375
25.50	25.50	0.009163	30.480
25.50	25.50	0.009180	30.579
25.50	25.50	0.009196	30.674
25.50	25.50	0.009213	30.778
25.50	25.50	0.009230	30.873
25.50	25.50	0.009246	30.973
25.50	25.50	0.009263	31.077
25.50	25.50	0.009280	31.172
25.50	25.50	0.009296	31.271
25.50	25.50	0.009313	31.376
25.50	25.50	0.009330	31.470
25.50	25.50	0.009346	31.570
25.50	25.50	0.009363	31.675
25.50	25.50	0.009380	31.769
25.50	25.50	0.009396	31.869
25.50	25.50	0.009413	31.973
25.50	25.50	0.009430	32.068
25.50	25.50	0.009446	32.167
25.50	25.50	0.009463	32.272
25.50	25.50	0.009480	32.367
25.50	25.50	0.009496	32.466
25.50	25.50	0.009513	32.571
25.50	25.50	0.009530	32.665
25.50	25.50	0.009546	32.765
25.50	25.50	0.009563	32.869
25.50	25.50	0.009579	32.964
25.50	25.50	0.009596	33.064
25.50	25.50	0.009613	33.168
25.50	25.50	0.009629	33.263
25.50	25.50	0.009646	33.363
25.52	25.50	0.009663	33.467
25.52	25.50	0.009679	33.561
25.52	25.50	0.009696	33.663
25.52	25.50	0.009713	33.765
25.52	25.50	0.009729	33.861
25.52	25.50	0.009746	33.964
25.52	25.50	0.009763	34.064
25.52	25.50	0.009779	34.162
25.52	25.50	0.009796	34.263
25.50	25.50	0.009813	34.363
25.50	25.50	0.009829	34.461
25.50	25.50	0.009846	34.562
25.50	25.50	0.009863	34.662
25.50	25.50	0.009879	34.761
25.50	25.50	0.009896	34.862
25.50	25.50	0.009913	34.961
25.50	25.50	0.009929	35.062
25.50	25.50	0.009946	35.161
25.50	25.50	0.009963	35.262
25.50	25.50	0.009979	35.361
25.50	25.50	0.009996	35.461
25.50	25.50	0.010013	35.562
25.50	25.50	0.010029	35.661
25.50	25.50	0.010046	35.762
25.50	25.50	0.010063	35.861
25.50	25.50	0.010079	35.962
25.50	25.50	0.010096	36.061
25.50	25.50	0.010113	36.162
25.50	25.50	0.010129	36.261
25.50	25.50	0.010146	36.361
25.50	25.50	0.010163	36.462
25.50	25.50	0.010179	36.561
25.50	25.50	0.010196	36.662
25.50	25.50	0.010213	36.761
25.50	25.50	0.010229	36.862
25.50	25.50	0.010246	36.961
25.50	25.50	0.010263	37.062
25.50	25.50	0.010279	37.162
25.50	25.50	0.010296	37.261
25.50	25.50	0.010313	37.362
25.50	25.50	0.010329	37.461
25.50	25.50	0.010346	37.562
25.50	25.50	0.010363	37.661
25.50	25.50	0.010379	37.762
25.50	25.50	0.010396	37.861
25.50	25.50	0.010412	37.961
25.50	25.50	0.010429	38.062
25.50	25.50	0.010446	38.161
25.50	25.50	0.010462	38.262
25.50	25.50	0.010479	38.361
25.50	25.50	0.010496	38.462
25.50	25.50	0.010512	38.561
25.50	25.50	0.010529	38.662
25.50	25.50	0.010546	38.761
25.50	25.50	0.010562	38.861
25.50	25.50	0.010579	38.962
25.50	25.50	0.010596	39.061
25.50	25.50	0.010612	39.162
25.50	25.50	0.010629	39.262
25.50	25.50	0.010646	39.386
25.50	25.50	0.010662	39.485
25.50	25.50	0.010679	39.590
25.50	25.50	0.010696	39.684
25.50	25.50	0.010712	39.784
25.50	25.50	0.010729	39.888
25.50	25.50	0.010746	39.983
25.50	25.50	0.010762	40.083
25.50	25.50	0.010779	40.187
25.50	25.50	0.010796	40.282
25.50	25.50	0.010812	40.384
25.50	25.50	0.010829	40.486
25.50	25.50	0.010846	40.580
25.50	25.50	0.010862	40.684
25.50	25.50	0.010879	40.784
25.50	25.50	0.010896	40.879
25.50	25.50	0.010912	40.983
25.50	25.50	0.010929	41.083
25.50	25.50	0.010946	41.178
25.50	25.50	0.010962	41.282
25.50	25.50	0.010979	41.382
25.50	25.50	0.010996	41.476
25.50	25.50	0.011012	41.581
25.50	25.50	0.011029	41.680
25.50	25.50	0.011046	41.775
25.50	25.50	0.011062	41.880
25.50	25.50	0.011079	41.974
25.50	25.50	0.011096	42.074
25.50	25.50	0.011112	42.178
25.50	25.50	0.011129	42.273
25.50	25.50	0.011146	42.372
25.50	25.50	0.011162	42.477
25.50	25.50	0.011179	42.571
25.50	25.50	0.011196	42.671
25.50	25.50	0.011212	42.776
25.50	25.50	0.011229	42.870
25.50	25.50	0.011245	42.970
25.50	25.50	0.011262	43.074
25.50	25.50	0.011279	43.169
25.50	25.50	0.011295	43.268
25.50	25.50	0.011312	43.373
25.50	25.50	0.011329	43.468
25.50	25.50	0.011345	43.567
25.50	25.50	0.011362	43.672
25.50	25.50	0.011379	43.766
25.50	25.50	0.011395	43.866
25.50	25.50	0.011412	43.970
25.50	25.50	0.011429	44.065
25.50	25.50	0.011445	44.164
25.50	25.50	0.011462	44.269
25.52	25.50	0.011479	44.364
25.52	25.50	0.011495	44.464
25.52	25.50	0.011512	44.568
25.52	25.50	0.011529	44.663
25.52	25.50	0.011545	44.764
25.52	25.50	0.011562	44.867
25.52	25.50	0.011579	44.961
25.52	25.50	0.011595	45.064
25.52	25.50	0.011612	45.165
25.50	25.50	0.011629	45.262
25.50	25.50	0.011645	45.363
25.50	25.50	0.011662	45.463
25.50	25.50	0.011679	45.562
25.50	25.50	0.011695	45.662
25.50	25.50	0.011712	45.762
25.50	25.50	0.011729	45.861
25.50	25.50	0.011745	45.962
25.50	25.50	0.011762	46.061
25.50	25.50	0.011779	46.162
25.50	25.50	0.011795	46.261
25.50	25.50	0.011812	46.361
25.50	25.50	0.011829	46.462
25.50	25.50	0.011845	46.561
25.50	25.50	0.011862	46.662
25.50	25.50	0.011879	46.761
25.50	25.50	0.011895	46.862
25.50	25.50	0.011912	46.961
25.50	25.50	0.011929	47.061
25.50	25.50	0.011945	47.162
25.50	25.50	0.011962	47.261
25.50	25.50	0.011979	47.362
25.50	25.50	0.011995	47.461
25.50	25.50	0.012012	47.562
25.50	25.50	0.012029	47.661
25.50	25.50	0.012045	47.762
25.50	25.50	0.012062	47.861
25.50	25.50	0.012078	47.961
25.50	25.50	0.012095	48.062
25.50	25.50	0.012112	48.161
25.50	25.50	0.012128	48.262
25.50	25.50	0.012145	48.361
25.50	25.50	0.012162	48.462
25.50	25.50	0.012178	48.561
25.50	25.50	0.012195	48.662
25.50	25.50	0.012212	48.762
25.50	25.50	0.012228	48.861
25.50	25.50	0.012245	48.962
25.50	25.50	0.012262	49.061
25.50	25.50	0.012278	49.162
25.50	25.50	0.012295	49.261
25.50	25.50	0.012312	49.362
25.50	25.50	0.012328	49.461
25.50	25.50	0.012345	49.561
25.50	25.50	0.012362	49.662
25.50	25.50	0.012378	49.761
25.50	25.50	0.012395	49.862
25.50	25.50	0.012412	49.961
25.50	25.50	0.012428	50.062
25.50	25.50	0.012445	50.161
25.50	25.50	0.012462	50.262
25.50	25.50	0.012478	50.361
25.50	25.50	0.012495	50.461
25.50	25.50	0.012512	50.562
25.50	25.50	0.012528	50.661
25.50	25.50	0.012545	50.786
25.50	25.50	0.012562	50.884
25.50	25.50	0.012578	50.990
25.50	25.50	0.012595	51.084
25.50	25.50	0.012612	51.185
25.50	25.50	0.012628	51.288
25.50	25.50	0.012645	51.383
25.50	25.50	0.012662	51.484
25.50	25.50	0.012678	51.587
25.50	25.50	0.012695	51.681
25.50	25.50	0.012712	51.785
25.50	25.50	0.012728	51.885
25.50	25.50	0.012745	51.980
25.50	25.50	0.012762	52.084
25.50	25.50	0.012778	52.184
25.50	25.50	0.012795	52.278
25.50	25.50	0.012812	52.384
25.50	25.50	0.012828	52.482
25.50	25.50	0.012845	52.577
25.50	25.50	0.012862	52.681
25.50	25.50	0.012878	52.781
25.50	25.50	0.012895	52.875
25.50	25.50	0.012911	52.980
25.50	25.50	0.012928	53.079
25.50	25.50	0.012945	53.174
25.50	25.50	0.012961	53.279
25.50	25.50	0.012978	53.373
25.50	25.50	0.012995	53.473
25.50	25.50	0.013011	53.577
25.50	25.50	0.013028	53.672
25.50	25.50	0.013045	53.771
25.50	25.50	0.013061	53.876
25.50	25.50	0.013078	53.971
25.50	25.50	0.013095	54.070
25.50	25.50	0.013111	54.175
25.50	25.50	0.013128	54.270
25.50	25.50	0.013145	54.369
25.50	25.50	0.013161	54.474
25.50	25.50	0.013178	54.569
25.50	25.50	0.013195	54.668
25.50	25.50	0.013211	54.772
25.50	25.50	0.013228	54.867
25.50	25.50	0.013245	54.967
25.50	25.50	0.013261	55.071
25.50	25.50	0.013278	55.166
25.50	25.50	0.013295	55.265
25.50	25.50	0.013311	55.370
25.50	25.50	0.013328	55.464
25.50	25.50	0.013345	55.565
25.50	25.50	0.013361	55.668
25.50	25.50	0.013378	55.763
25.50	25.50	0.013395	55.865
25.50	25.50	0.013411	55.967
25.50	25.50	0.013428	56.062
25.50	25.50	0.013445	56.164
25.50	25.50	0.013461	56.266
25.50	25.50	0.013478	56.361
25.50	25.50	0.013495	56.465
25.50	25.50	0.013511	56.565
25.50	25.50	0.013528	56.661
25.50	25.50	0.013545	56.764
25.50	25.50	0.013561	56.863
25.50	25.50	0.013578	56.962
25.50	25.50	0.013595	57.062
25.50	25.50	0.013611	57.162
25.52	25.50	0.013628	57.261
25.52	25.50	0.013645	57.361
25.52	25.50	0.013661	57.462
25.52	25.50	0.013678	57.561
25.52	25.50	0.013695	57.662
25.52	25.50	0.013711	57.761
25.52	25.50	0.013728	57.862
25.52	25.50	0.013744	57.961
25.50	25.50	0.013761	58.062
25.50	25.50	0.013778	58.162
25.50	25.50	0.013794	58.261
25.50	25.50	0.013811	58.362
25.50	25.50	0.013828	58.462
25.50	25.50	0.013844	58.561
25.50	25.50	0.013861	58.661
25.50	25.50	0.013878	58.762
25.50	25.50	0.013894	58.861
25.50	25.50	0.013911	58.962
25.50	25.50	0.013928	59.061
25.50	25.50	0.013944	59.163
25.50	25.50	0.013961	59.262
25.50	25.50	0.013978	59.362
25.50	25.50	0.013994	59.463
25.50	25.50	0.014011	59.562
25.50	25.50	0.014028	59.663
25.50	25.50	0.014044	59.762
25.50	25.50	0.014061	59.863
25.50	25.50	0.014078	59.962
25.50	25.50	0.014094	00.063
25.50	25.50	0.014111	00.162
25.50	25.50	0.014128	00.262
25.50	25.50	0.014144	00.363
25.50	25.50	0.014161	00.462
25.50	25.50	0.014178	00.563
25.50	25.50	0.014194	00.662
25.50	25.50	0.014211	00.763
25.50	25.50	0.014228	00.862
25.50	25.50	0.014244	00.963
25.50	25.50	0.014261	01.063
25.50	25.50	0.014278	01.163
25.50	25.50	0.014294	01.264
25.50	25.50	0.014311	01.363
25.50	25.50	0.014328	01.463
25.50	25.50	0.014344	01.563
25.50	25.50	0.014361	01.687
25.50	25.50	0.014378	01.791
25.50	25.50	0.014394	01.886
25.50	25.50	0.014411	01.985
25.50	25.50	0.014428	02.090
25.50	25.50	0.014444	02.184
25.50	25.50	0.014461	02.285
25.50	25.50	0.014478	02.389
25.50	25.50	0.014494	02.483
25.50	25.50	0.014511	02.585
25.50	25.50	0.014528	02.687
25.50	25.50	0.014544	02.782
25.50	25.50	0.014561	02.886
25.50	25.50	0.014577	02.986
25.50	25.50	0.014594	03.081
25.50	25.50	0.014611	03.185
25.50	25.50	0.014627	03.285
25.50	25.50	0.014644	03.379
25.50	25.50	0.014661	03.484
25.50	25.50	0.014677	03.584
25.50	25.50	0.014694	03.678
25.50	25.50	0.014711	03.783
25.50	25.50	0.014727	03.882
25.50	25.50	0.014744	03.977
25.50	25.50	0.014761	04.081
25.50	25.50	0.014777	04.181
25.50	25.50	0.014794	04.275
25.50	25.50	0.014811	04.380
25.50	25.50	0.014827	04.475
25.50	25.50	0.014844	04.574
25.50	25.50	0.014861	04.679
25.50	25.50	0.014877	04.773
25.50	25.50	0.014894	04.873
25.50	25.50	0.014911	04.977
25.50	25.50	0.014927	05.072
25.50	25.50	0.014944	05.171
25.50	25.50	0.014961	05.276
25.50	25.50	0.014977	05.371
25.50	25.50	0.014994	05.470
25.50	25.50	0.015011	05.575
25.52	25.50	0.015027	05.669
25.52	25.50	0.015044	05.769
25.52	25.50	0.015061	05.873
25.52	25.50	0.015077	05.968
25.52	25.50	0.015094	06.068
25.52	25.50	0.015111	06.173
25.50	25.50	0.015127	06.267
25.50	25.50	0.015144	06.368
25.50	25.50	0.015161	06.471
25.50	25.50	0.015177	06.567
25.50	25.50	0.015194	06.668
25.50	25.50	0.015211	06.769
25.50	25.50	0.015227	06.867
25.50	25.50	0.015244	06.968
25.50	25.50	0.015261	07.068
25.50	25.50	0.015277	07.168
25.50	25.50	0.015294	07.267
25.50	25.50	0.015311	07.368
25.50	25.50	0.015327	07.467
25.50	25.50	0.015344	07.568
25.50	25.50	0.015361	07.668
25.50	25.50	0.015377	07.767
25.50	25.50	0.015394	07.868
25.50	25.50	0.015410	07.967
25.50	25.50	0.015427	08.067
25.50	25.50	0.015444	08.168
25.50	25.50	0.015460	08.268
25.50	25.50	0.015477	08.368
25.50	25.50	0.015494	08.468
25.50	25.50	0.015510	08.567
25.50	25.50	0.015527	08.668
25.50	25.50	0.015544	08.767
25.50	25.50	0.015560	08.868
25.50	25.50	0.015577	08.966
25.50	25.50	0.015594	09.067
25.50	25.50	0.015610	09.168
25.50	25.50	0.015627	09.267
25.50	25.50	0.015644	09.368
25.50	25.50	0.015660	09.467
25.50	25.50	0.015677	09.568
25.50	25.50	0.015694	09.667
25.50	25.50	0.015710	09.767
25.50	25.50	0.015727	09.868
25.50	25.50	0.015744	09.968
25.50	25.50	0.015760	10.068
25.50	25.50	0.015777	10.168
25.50	25.50	0.015794	10.268
25.50	25.50	0.015810	10.367
25.50	25.50	0.015827	10.468
25.50	25.50	0.015844	10.568
25.50	25.50	0.015860	10.667
25.50	25.50	0.015877	10.767
25.50	25.50	0.015894	10.867
25.50	25.50	0.015910	10.968
25.50	25.50	0.015927	11.067
25.50	25.50	0.015944	11.168
25.50	25.50	0.015960	11.267
25.50	25.50	0.015977	11.368
25.50	25.50	0.015994	11.467
25.50	25.50	0.016010	11.567
25.50	25.50	0.016027	11.668
25.50	25.50	0.016044	11.768
25.50	25.50	0.016060	11.867
25.52	25.50	0.016077	11.997
25.52	25.50	0.016094	12.091
25.52	25.50	0.016110	12.191
25.52	25.50	0.016127	12.295
25.52	25.50	0.016144	12.390
25.50	25.50	0.016160	12.490
25.50	25.50	0.016177	12.594
25.50	25.50	0.016194	12.688
25.50	25.50	0.016210	12.788
25.50	25.50	0.016227	12.893
25.50	25.50	0.016244	12.987
25.50	25.50	0.016260	13.086
25.50	25.50	0.016277	13.192
25.50	25.50	0.016293	13.285
25.50	25.50	0.016310	13.386
25.50	25.50	0.016327	13.489
25.50	25.50	0.016343	13.584
25.50	25.50	0.016360	13.686
25.50	25.50	0.016377	13.789
25.50	25.50	0.016393	13.883
25.50	25.50	0.016410	13.986
25.50	25.50	0.016427	14.088
25.50	25.50	0.016443	14.182
25.50	25.50	0.016460	14.286
25.50	25.50	0.016477	14.386
25.50	25.50	0.016493	14.481
25.50	25.50	0.016510	14.585
25.50	25.50	0.016527	14.685
25.50	25.50	0.016543	14.779
25.50	25.50	0.016560	14.884
25.50	25.50	0.016577	14.983
25.50	25.50	0.016593	15.078
25.50	25.50	0.016610	15.182
25.50	25.50	0.016627	15.282
25.50	25.50	0.016643	15.377
25.50	25.50	0.016660	15.481
25.50	25.50	0.016677	15.576
25.50	25.50	0.016693	15.675
25.50	25.50	0.016710	15.780
25.50	25.50	0.016727	15.874
25.50	25.50	0.016743	15.974
25.50	25.50	0.016760	16.079
25.50	25.50	0.016777	16.173
25.50	25.50	0.016793	16.273
25.50	25.50	0.016810	16.377
25.50	25.50	0.016827	16.472
25.50	25.50	0.016843	16.571
25.50	25.50	0.016860	16.676
25.50	25.50	0.016877	16.770
25.50	25.50	0.016893	16.870
25.50	25.50	0.016910	16.975
25.50	25.50	0.016927	17.069
25.50	25.50	0.016943	17.169
25.50	25.50	0.016960	17.273
25.50	25.50	0.016977	17.368
25.50	25.50	0.016993	17.467
25.50	25.50	0.017010	17.572
25.50	25.50	0.017027	17.668
25.50	25.50	0.017043	17.767
25.50	25.50	0.017060	17.871
25.50	25.50	0.017077	17.967
25.50	25.50	0.017093	18.068
25.50	25.50	0.017110	18.169
25.50	25.50	0.017126	18.268
25.50	25.50	0.017143	18.367
25.50	25.50	0.017160	18.468
25.50	25.50	0.017176	18.567
25.50	25.50	0.017193	18.668
25.50	25.50	0.017210	18.768
25.50	25.50	0.017226	18.867
25.50	25.50	0.017243	18.967
25.50	25.50	0.017260	19.067
25.50	25.50	0.017276	19.168
25.52	25.50	0.017293	19.268
25.52	25.50	0.017310	19.368
25.52	25.50	0.017326	19.467
25.52	25.50	0.017343	19.568
25.52	25.50	0.017360	19.667
25.50	25.50	0.017376	19.767
25.50	25.50	0.017393	19.868
25.50	25.50	0.017410	19.967
25.50	25.50	0.017426	20.068
25.50	25.50	0.017443	20.167
25.50	25.50	0.017460	20.268
25.50	25.50	0.017476	20.368
25.50	25.50	0.017493	20.467
25.50	25.50	0.017510	20.567
25.50	25.50	0.017526	20.668
25.50	25.50	0.017543	20.768
25.50	25.50	0.017560	20.868
25.50	25.50	0.017576	20.968
25.50	25.50	0.017593	21.067
25.50	25.50	0.017610	21.167
25.50	25.50	0.017626	21.268
25.50	25.50	0.017643	21.367
25.50	25.50	0.017660	21.468
25.50	25.50	0.017676	21.568
25.50	25.50	0.017693	21.668
25.50	25.50	0.017710	21.768
25.50	25.50	0.017726	21.868
25.50	25.50	0.017743	21.967
25.50	25.50	0.017760	22.067
25.50	25.50	0.017776	22.168
25.50	25.50	0.017793	22.268
25.50	25.50	0.017810	22.368
25.50	25.50	0.017826	22.468
25.50	25.50	0.017843	22.567
25.50	25.50	0.017860	22.667
25.50	25.50	0.017876	22.768
25.50	25.50	0.017893	22.868
25.50	25.50	0.017910	22.968
25.50	25.50	0.017926	23.068
25.50	25.50	0.017943	23.168
25.50	25.50	0.017959	23.267
25.50	25.50	0.017976	23.397
25.50	25.50	0.017993	23.490
25.50	25.50	0.018009	23.590
25.50	25.50	0.018026	23.695
25.50	25.50	0.018043	23.789
25.50	25.50	0.018059	23.889
25.50	25.50	0.018076	23.993
25.50	25.50	0.018093	24.088
25.50	25.50	0.018109	24.187
25.50	25.50	0.018126	24.292
25.50	25.50	0.018143	24.386
25.50	25.50	0.018159	24.487
25.50	25.50	0.018176	24.591
25.50	25.50	0.018193	24.685
25.50	25.50	0.018209	24.787
25.50	25.50	0.018226	24.889
25.50	25.50	0.018243	24.984
25.50	25.50	0.018259	25.086
25.50	25.50	0.018276	25.188
25.50	25.50	0.018293	25.283
25.50	25.50	0.018309	25.387
25.50	25.50	0.018326	25.487
25.50	25.50	0.018343	25.582
25.50	25.50	0.018359	25.686
25.50	25.50	0.018376	25.786
25.50	25.50	0.018393	25.880
25.50	25.50	0.018409	25.985
25.50	25.50	0.018426	26.085
25.50	25.50	0.018443	26.179
25.50	25.50	0.018459	26.284
25.50	25.50	0.018476	26.383
25.50	25.50	0.018493	26.478
25.50	25.50	0.018509	26.582
25.50	25.50	0.018526	26.676
25.50	25.50	0.018543	26.776
25.50	25.50	0.018559	26.881
25.50	25.50	0.018576	26.975
25.50	25.50	0.018593	27.075
25.50	25.50	0.018609	27.179
25.50	25.50	0.018626	27.274
25.50	25.50	0.018643	27.373
25.50	25.50	0.018659	27.478
25.50	25.50	0.018676	27.573
25.50	25.50	0.018693	27.672
25.50	25.50	0.018709	27.777
25.50	25.50	0.018726	27.871
25.50	25.50	0.018743	27.971
25.50	25.50	0.018759	28.075
25.50	25.50	0.018776	28.170
25.50	25.50	0.018792	28.269
25.50	25.50	0.018809	28.374
25.50	25.50	0.018826	28.469
25.50	25.50	0.018842	28.568
25.50	25.50	0.018859	28.673
25.50	25.50	0.018876	28.767
25.50	25.50	0.018892	28.868
25.50	25.50	0.018909	28.971
25.50	25.50	0.018926	29.068
25.50	25.50	0.018942	29.168
25.50	25.50	0.018959	29.270
25.50	25.50	0.018976	29.368
25.50	25.50	0.018992	29.467
25.50	25.50	0.019009	29.569
25.50	25.50	0.019026	29.667
25.50	25.50	0.019042	29.768
25.50	25.50	0.019059	29.867
25.50	25.50	0.019076	29.967
25.50	25.50	0.019092	30.068
25.50	25.50	0.019109	30.167
25.50	25.50	0.019126	30.268
25.50	25.50	0.019142	30.367
25.50	25.50	0.019159	30.468
25.50	25.50	0.019176	30.567
25.50	25.50	0.019192	30.668
25.50	25.50	0.019209	30.767
25.50	25.50	0.019226	30.868
25.50	25.50	0.019242	30.967
25.50	25.50	0.019259	31.068
25.50	25.50	0.019276	31.167
25.50	25.50	0.019292	31.267
25.50	25.50	0.019309	31.368
25.52	25.50	0.019326	31.467
25.52	25.50	0.019342	31.568
25.52	25.50	0.019359	31.667
25.52	25.50	0.019376	31.768
25.52	25.50	0.019392	31.867
25.52	25.50	0.019409	31.968
25.50	25.50	0.019426	32.067
25.50	25.50	0.019442	32.168
25.50	25.50	0.019459	32.267
25.50	25.50	0.019476	32.368
25.50	25.50	0.019492	32.468
25.50	25.50	0.019509	32.567
25.50	25.50	0.019526	32.668
25.50	25.50	0.019542	32.767
25.50	25.50	0.019559	32.868
25.50	25.50	0.019576	32.967
25.50	25.50	0.019592	33.068
25.50	25.50	0.019609	33.167
25.50	25.50	0.019625	33.267
25.50	25.50	0.019642	33.368
25.50	25.50	0.019659	33.467
25.50	25.50	0.019675	33.568
25.50	25.50	0.019692	33.667
25.50	25.50	0.019709	33.768
25.50	25.50	0.019725	33.867
25.50	25.50	0.019742	33.967
25.50	25.50	0.019759	34.068
25.50	25.50	0.019775	34.167
25.50	25.50	0.019792	34.268
25.50	25.50	0.019809	34.367
25.50	25.50	0.019825	34.468
25.50	25.50	0.019842	34.567
25.50	25.50	0.019859	34.667
25.50	25.50	0.019875	34.796
25.50	25.50	0.019892	34.891
25.50	25.50	0.019909	34.991
25.50	25.50	0.019925	35.095
25.50	25.50	0.019942	35.190
25.50	25.50	0.019959	35.288
25.50	25.50	0.019975	35.394
25.50	25.50	0.019992	35.487
25.50	25.50	0.020009	35.588
25.50	25.50	0.020025	35.692
25.50	25.50	0.020042	35.786
25.50	25.50	0.020059	35.888
25.50	25.50	0.020075	35.991
25.50	25.50	0.020092	36.086
25.50	25.50	0.020109	36.187
25.50	25.50	0.020125	36.290
25.50	25.50	0.020142	36.383
25.50	25.50	0.020159	36.488
25.50	25.50	0.020175	36.588
25.50	25.50	0.020192	36.682
25.50	25.50	0.020209	36.787
25.50	25.50	0.020225	36.886
25.50	25.50	0.020242	36.981
25.50	25.50	0.020259	37.086
25.50	25.50	0.020275	37.185
25.47	25.50	0.020292	37.280
25.47	25.50	0.020309	37.385
25.47	25.50	0.020325	37.484
25.47	25.50	0.020342	37.578
25.47	25.50	0.020359	37.684
25.50	25.50	0.020375	37.777
25.50	25.50	0.020392	37.878
25.50	25.50	0.020409	37.982
25.50	25.50	0.020425	38.076
25.50	25.50	0.020442	38.176
25.50	25.50	0.020458	38.280
25.50	25.50	0.020475	38.375
25.50	25.50	0.020492	38.474
25.50	25.50	0.020508	38.579
25.50	25.50	0.020525	38.673
25.50	25.50	0.020542	38.773
25.50	25.50	0.020558	38.877
25.50	25.50	0.020575	38.972
25.52	25.50	0.020592	39.072
25.52	25.50	0.020608	39.177
25.52	25.50	0.020625	39.271
25.52	25.50	0.020642	39.370
25.52	25.50	0.020658	39.476
25.52	25.50	0.020675	39.569
25.52	25.50	0.020692	39.669
25.52	25.50	0.020708	39.775
25.52	25.50	0.020725	39.868
25.52	25.50	0.020742	39.968
25.50	25.50	0.020758	40.072
25.50	25.50	0.020775	40.168
25.50	25.50	0.020792	40.267
25.50	25.50	0.020808	40.371
25.50	25.50	0.020825	40.468
25.50	25.50	0.020842	40.568
25.50	25.50	0.020858	40.670
25.50	25.50	0.020875	40.768
25.50	25.50	0.020892	40.869
25.50	25.50	0.020908	40.968
25.50	25.50	0.020925	41.069
25.50	25.50	0.020942	41.168
25.50	25.50	0.020958	41.268
25.50	25.50	0.020975	41.369
25.50	25.50	0.020992	41.468
25.50	25.50	0.021008	41.569
25.50	25.50	0.021025	41.668
25.50	25.50	0.021042	41.769
25.50	25.50	0.021058	41.869
25.50	25.50	0.021075	41.968
25.50	25.50	0.021092	42.068
25.50	25.50	0.021108	42.169
25.50	25.50	0.021125	42.268
25.50	25.50	0.021142	42.369
25.50	25.50	0.021158	42.468
25.50	25.50	0.021175	42.569
25.50	25.50	0.021192	42.668
25.50	25.50	0.021208	42.769
25.50	25.50	0.021225	42.868
25.50	25.50	0.021242	42.968
25.50	25.50	0.021258	43.069
25.50	25.50	0.021275	43.168
25.50	25.50	0.021291	43.269
25.50	25.50	0.021308	43.368
25.50	25.50	0.021325	43.469
25.50	25.50	0.021341	43.568
25.50	25.50	0.021358	43.669
25.50	25.50	0.021375	43.769
25.50	25.50	0.021391	43.869
25.50	25.50	0.021408	43.970
25.50	25.50	0.021425	44.069
25.50	25.50	0.021441	44.170
25.50	25.50	0.021458	44.269
25.50	25.50	0.021475	44.370
25.50	25.50	0.021491	44.470
25.50	25.50	0.021508	44.569
25.50	25.50	0.021525	44.670
25.50	25.50	0.021541	44.769
25.50	25.50	0.021558	44.870
25.50	25.50	0.021575	44.969
25.50	25.50	0.021591	45.070
25.50	25.50	0.021608	45.169
25.50	25.50	0.021625	45.270
25.50	25.50	0.021641	45.369
25.50	25.50	0.021658	45.469
25.50	25.50	0.021675	45.598
25.50	25.50	0.021691	45.693
25.50	25.50	0.021708	45.793
25.50	25.50	0.021725	45.897
25.50	25.50	0.021741	45.992
25.50	25.50	0.021758	46.091
25.50	25.50	0.021775	46.196
25.50	25.50	0.021791	46.290
25.50	25.50	0.021808	46.390
25.50	25.50	0.021825	46.494
25.50	25.50	0.021841	46.589
25.50	25.50	0.021858	46.689
25.50	25.50	0.021875	46.793
25.50	25.50	0.021891	46.888
25.50	25.50	0.021908	46.988
25.50	25.50	0.021925	47.092
25.50	25.50	0.021941	47.186
25.50	25.50	0.021958	47.288
25.50	25.50	0.021975	47.391
25.50	25.50	0.021991	47.485
25.50	25.50	0.022008	47.589
25.50	25.50	0.022025	47.689
25.50	25.50	0.022041	47.784
25.50	25.50	0.022058	47.888
25.50	25.50	0.022075	47.988
25.50	25.50	0.022091	48.082
25.50	25.50	0.022108	48.187
25.50	25.50	0.022124	48.287
25.50	25.50	0.022141	48.381
25.50	25.50	0.022158	48.486
25.50	25.50	0.022174	48.585
25.50	25.50	0.022191	48.680
25.50	25.50	0.022208	48.784
25.50	25.50	0.022224	48.879
25.50	25.50	0.022241	48.979
25.50	25.50	0.022258	49.083
25.50	25.50	0.022274	49.178
25.52	25.50	0.022291	49.277
25.52	25.50	0.022308	49.382
25.52	25.50	0.022324	49.476
25.52	25.50	0.022341	49.576
25.52	25.50	0.022358	49.680
25.52	25.50	0.022374	49.775
25.52	25.50	0.022391	49.875
25.50	25.50	0.022408	49.979
25.50	25.50	0.022424	50.074
25.50	25.50	0.022441	50.173
25.50	25.50	0.022458	50.278
25.50	25.50	0.022474	50.372
25.50	25.50	0.022491	50.472
25.50	25.50	0.022508	50.577
25.50	25.50	0.022524	50.671
25.50	25.50	0.022541	50.771
25.50	25.50	0.022558	50.875
25.50	25.50	0.022574	50.970
25.50	25.50	0.022591	51.069
25.50	25.50	0.022608	51.174
25.50	25.50	0.022624	51.270
25.50	25.50	0.022641	51.369
25.50	25.50	0.022658	51.473
25.50	25.50	0.022674	51.569
25.50	25.50	0.022691	51.670
25.50	25.50	0.022708	51.771
25.50	25.50	0.022724	51.870
25.50	25.50	0.022741	51.969
25.50	25.50	0.022758	52.070
25.50	25.50	0.022774	52.170
25.50	25.50	0.022791	52.269
25.50	25.50	0.022808	52.370
25.50	25.50	0.022824	52.469
25.50	25.50	0.022841	52.570
25.50	25.50	0.022858	52.669
25.50	25.50	0.022874	52.770
25.50	25.50	0.022891	52.869
25.50	25.50	0.022908	52.969
25.50	25.50	0.022924	53.070
25.50	25.50	0.022941	53.169
25.50	25.50	0.022957	53.270
25.50	25.50	0.022974	53.369
25.50	25.50	0.022991	53.471
25.50	25.50	0.023007	53.570
25.50	25.50	0.023024	53.671
25.50	25.50	0.023041	53.771
25.50	25.50	0.023057	53.870
25.50	25.50	0.023074	53.971
25.50	25.50	0.023091	54.070
25.47	25.50	0.023107	54.171
25.47	25.50	0.023124	54.270
25.47	25.50	0.023141	54.371
25.50	25.50	0.023157	54.470
25.50	25.50	0.023174	54.570
25.50	25.50	0.023191	54.671
25.50	25.50	0.023207	54.770
25.50	25.50	0.023224	54.871
25.50	25.50	0.023241	54.970
25.50	25.50	0.023257	55.071
25.50	25.50	0.023274	55.170
25.50	25.50	0.023291	55.271
25.50	25.50	0.023307	55.370
25.50	25.50	0.023324	55.470
25.50	25.50	0.023341	55.571
25.50	25.50	0.023357	55.670
25.50	25.50	0.023374	55.771
25.50	25.50	0.023391	55.870
25.50	25.50	0.023407	55.971
25.50	25.50	0.023424	56.070
25.50	25.50	0.023441	56.170
25.50	25.50	0.023457	56.271
25.50	25.50	0.023474	56.370
25.50	25.50	0.023491	56.470
25.52	25.50	0.023507	56.570
25.52	25.50	0.023524	56.699
25.52	25.50	0.023541	56.794
25.52	25.50	0.023557	56.893
25.52	25.50	0.023574	56.998
25.52	25.50	0.023591	57.092
25.50	25.50	0.023607	57.192
25.50	25.50	0.023624	57.296
25.50	25.50	0.023641	57.391
25.50	25.50	0.023657	57.491
25.50	25.50	0.023674	57.595
25.50	25.50	0.023691	57.690
25.50	25.50	0.023707	57.789
25.50	25.50	0.023724	57.894
25.50	25.50	0.023741	57.988
25.50	25.50	0.023757	58.089
25.50	25.50	0.023774	58.192
25.50	25.50	0.023790	58.287
25.50	25.50	0.023807	58.390
25.50	25.50	0.023824	58.491
25.50	25.50	0.023840	58.586
25.50	25.50	0.023857	58.689
25.50	25.50	0.023874	58.790
25.50	25.50	0.023890	58.884
25.50	25.50	0.023907	58.989
25.50	25.50	0.023924	59.089
25.50	25.50	0.023940	59.183
25.50	25.50	0.023957	59.288
25.50	25.50	0.023974	59.387
25.50	25.50	0.023990	59.482
25.50	25.50	0.024007	59.586
25.50	25.50	0.024024	59.686
25.50	25.50	0.024040	59.781
25.50	25.50	0.024057	59.885
25.50	25.50	0.024074	59.985
25.50	25.50	0.024090	00.079
25.50	25.50	0.024107	00.184
25.50	25.50	0.024124	00.278
25.50	25.50	0.024140	00.378
25.50	25.50	0.024157	00.482
25.50	25.50	0.024174	00.577
25.50	25.50	0.024190	00.677
25.50	25.50	0.024207	00.781
25.50	25.50	0.024224	00.876
25.50	25.50	0.024240	00.975
25.50	25.50	0.024257	01.080
25.50	25.50	0.024274	01.174
25.50	25.50	0.024290	01.274
25.50	25.50	0.024307	01.379
25.50	25.50	0.024324	01.473
25.50	25.50	0.024340	01.573
25.50	25.50	0.024357	01.677
25.50	25.50	0.024374	01.772
25.50	25.50	0.024390	01.871
25.50	25.50	0.024407	01.976
25.50	25.50	0.024424	02.072
25.50	25.50	0.024440	02.171
25.50	25.50	0.024457	02.275
25.50	25.50	0.024474	02.371
25.50	25.50	0.024490	02.472
25.50	25.50	0.024507	02.574
25.50	25.50	0.024524	02.671
25.50	25.50	0.024540	02.772
25.50	25.50	0.024557	02.872
25.50	25.50	0.024574	02.972
25.50	25.50	0.024590	03.071
25.50	25.50	0.024607	03.172
25.50	25.50	0.024623	03.271
25.50	25.50	0.024640	03.371
25.50	25.50	0.024657	03.472
25.50	25.50	0.024673	03.571
25.50	25.50	0.024690	03.672
25.50	25.50	0.024707	03.771
25.50	25.50	0.024723	03.872
25.50	25.50	0.024740	03.971
25.50	25.50	0.024757	04.072
25.50	25.50	0.024773	04.172
25.50	25.50	0.024790	04.271
25.50	25.50	0.024807	04.372
25.50	25.50	0.024823	04.471
25.50	25.50	0.024840	04.572
25.50	25.50	0.024857	04.671
25.50	25.50	0.024873	04.772
25.50	25.50	0.024890	04.871
25.50	25.50	0.024907	04.971
25.50	25.50	0.024923	05.072
25.50	25.50	0.024940	05.171
25.50	25.50	0.024957	05.272
25.50	25.50	0.024973	05.371
25.50	25.50	0.024990	05.472
25.50	25.50	0.025007	05.571
25.50	25.50	0.025023	05.672
25.52	25.50	0.025040	05.771
25.52	25.50	0.025057	05.871
25.52	25.50	0.025073	05.972
25.52	25.50	0.025090	06.071
25.52	25.50	0.025107	06.172
25.50	25.50	0.025123	06.271
25.50	25.50	0.025140	06.372
25.50	25.50	0.025157	06.471
25.50	25.50	0.025173	06.571
25.50	25.50	0.025190	06.672
25.50	25.50	0.025207	06.771
25.50	25.50	0.025223	06.872
25.50	25.50	0.025240	06.971
25.50	25.50	0.025257	07.072
25.50	25.50	0.025273	07.171
25.50	25.50	0.025290	07.272
25.50	25.50	0.025307	07.371
25.50	25.50	0.025323	07.471
25.50	25.50	0.025340	07.572
25.50	25.50	0.025357	07.671
25.50	25.50	0.025373	07.801
25.50	25.50	0.025390	07.895
25.50	25.50	0.025407	07.995
25.50	25.50	0.025423	08.099
25.50	25.50	0.025440	08.194
25.50	25.50	0.025456	08.293
25.50	25.50	0.025473	08.398
25.50	25.50	0.025490	08.493
25.50	25.50	0.025506	08.592
25.50	25.50	0.025523	08.697
25.50	25.50	0.025540	08.791
25.50	25.50	0.025556	08.891
25.50	25.50	0.025573	08.995
25.50	25.50	0.025590	09.090
25.50	25.50	0.025606	09.189
25.50	25.50	0.025623	09.294
25.50	25.50	0.025640	09.389
25.50	25.50	0.025656	09.490
25.50	25.50	0.025673	09.593
25.50	25.50	0.025690	09.687
25.50	25.50	0.025706	09.790
25.50	25.50	0.025723	09.891
25.50	25.50	0.025740	09.986
25.50	25.50	0.025756	10.090
25.50	25.50	0.025773	10.190
25.50	25.50	0.025790	10.285
25.50	25.50	0.025806	10.389
25.50	25.50	0.025823	10.489
25.50	25.50	0.025840	10.583
25.50	25.50	0.025856	10.688
25.50	25.50	0.025873	10.787
25.50	25.50	0.025890	10.882
25.50	25.50	0.025906	10.987
25.50	25.50	0.025923	11.086
25.50	25.50	0.025940	11.180
25.50	25.50	0.025956	11.285
25.50	25.50	0.025973	11.379
25.50	25.50	0.025990	11.479
25.50	25.50	0.026006	11.583
25.50	25.50	0.026023	11.678
25.50	25.50	0.026040	11.778
25.50	25.50	0.026056	11.882
25.50	25.50	0.026073	11.977
25.50	25.50	0.026090	12.076
25.50	25.50	0.026106	12.181
25.50	25.50	0.026123	12.276
25.50	25.50	0.026140	12.376
25.50	25.50	0.026156	12.480
25.50	25.50	0.026173	12.576
25.50	25.50	0.026190	12.677
25.50	25.50	0.026206	12.778
25.50	25.50	0.026223	12.877
25.50	25.50	0.026240	12.976
25.50	25.50	0.026256	13.077
25.50	25.50	0.026273	13.176
25.50	25.50	0.026289	13.276
25.50	25.50	0.026306	13.377
25.52	25.50	0.026323	13.476
25.52	25.50	0.026339	13.576
25.52	25.50	0.026356	13.677
25.52	25.50	0.026373	13.776
25.52	25.50	0.026389	13.877
25.52	25.50	0.026406	13.976
25.52	25.50	0.026423	14.077
25.50	25.50	0.026439	14.176
25.50	25.50	0.026456	14.277
25.50	25.50	0.026473	14.376
25.50	25.50	0.026489	14.476
25.50	25.50	0.026506	14.577
25.50	25.50	0.026523	14.676
25.50	25.50	0.026539	14.777
25.50	25.50	0.026556	14.876
25.50	25.50	0.026573	14.977
25.50	25.50	0.026589	15.076
25.50	25.50	0.026606	15.177
25.50	25.50	0.026623	15.277
25.50	25.50	0.026639	15.376
25.50	25.50	0.026656	15.477
25.50	25.50	0.026673	15.576
25.50	25.50	0.026689	15.677
25.50	25.50	0.026706	15.776
25.50	25.50	0.026723	15.877
25.50	25.50	0.026739	15.976
25.50	25.50	0.026756	16.076
25.50	25.50	0.026773	16.177
25.50	25.50	0.026789	16.276
25.50	25.50	0.026806	16.377
25.50	25.50	0.026823	16.476
25.50	25.50	0.026839	16.577
25.50	25.50	0.026856	16.676
25.50	25.50	0.026873	16.777
25.50	25.50	0.026889	16.876
25.50	25.50	0.026906	16.976
25.50	25.50	0.026923	17.077
25.50	25.50	0.026939	17.176
25.50	25.50	0.026956	17.277
25.50	25.50	0.026973	17.376
25.50	25.50	0.026989	17.477
25.50	25.50	0.027006	17.576
25.50	25.50	0.027023	17.677
25.50	25.50	0.027039	17.776
25.50	25.50	0.027056	17.876
25.50	25.50	0.027073	18.005
25.50	25.50	0.027089	18.100
25.50	25.50	0.027106	18.200
25.50	25.50	0.027122	18.304
25.50	25.50	0.027139	18.399
25.50	25.50	0.027156	18.498
25.50	25.50	0.027172	18.603
25.50	25.50	0.027189	18.697
25.50	25.50	0.027206	18.796
25.50	25.50	0.027222	18.902
25.50	25.50	0.027239	18.995
25.50	25.50	0.027256	19.095
25.50	25.50	0.027272	19.200
25.50	25.50	0.027289	19.294
25.50	25.50	0.027306	19.394
25.50	25.50	0.027322	19.498
25.50	25.50	0.027339	19.593
25.50	25.50	0.027356	19.693
25.50	25.50	0.027372	19.798
25.50	25.50	0.027389	19.892
25.50	25.50	0.027406	19.991
25.50	25.50	0.027422	20.096
25.50	25.50	0.027439	20.190
25.50	25.50	0.027456	20.291
25.50	25.50	0.027472	20.395
25.50	25.50	0.027489	20.489
25.50	25.50	0.027506	20.591
25.50	25.50	0.027522	20.693
25.50	25.50	0.027539	20.788
25.50	25.50	0.027556	20.890
25.50	25.50	0.027572	20.992
25.50	25.50	0.027589	21.086
25.50	25.50	0.027606	21.191
25.50	25.50	0.027622	21.291
25.50	25.50	0.027639	21.385
25.50	25.50	0.027656	21.490
25.50	25.50	0.027672	21.589
25.50	25.50	0.027689	21.684
25.50	25.50	0.027706	21.788
25.50	25.50	0.027722	21.888
25.50	25.50	0.027739	21.983
25.50	25.50	0.027756	22.087
25.50	25.50	0.027772	22.187
25.50	25.50	0.027789	22.281
25.50	25.50	0.027806	22.386
25.50	25.50	0.027822	22.480
25.50	25.50	0.027839	22.580
25.50	25.50	0.027856	22.684
25.50	25.50	0.027872	22.779
25.50	25.50	0.027889	22.879
25.50	25.50	0.027906	22.983
25.50	25.50	0.027922	23.078
25.50	25.50	0.027939	23.177
25.50	25.50	0.027955	23.282
25.50	25.50	0.027972	23.377
25.50	25.50	0.027989	23.478
25.50	25.50	0.028005	23.580
25.50	25.50	0.028022	23.677
25.50	25.50	0.028039	23.778
25.50	25.50	0.028055	23.879
25.50	25.50	0.028072	23.978
25.50	25.50	0.028089	24.077
25.50	25.50	0.028105	24.178
25.50	25.50	0.028122	24.277
25.50	25.50	0.028139	24.378
25.50	25.50	0.028155	24.478
25.50	25.50	0.028172	24.577
25.50	25.50	0.028189	24.678
25.50	25.50	0.028205	24.777
25.50	25.50	0.028222	24.878
25.50	25.50	0.028239	24.977
25.50	25.50	0.028255	25.077
25.50	25.50	0.028272	25.178
25.50	25.50	0.028289	25.277
25.50	25.50	0.028305	25.378
25.52	25.50	0.028322	25.477
25.52	25.50	0.028339	25.578
25.52	25.50	0.028355	25.677
25.52	25.50	0.028372	25.778
25.52	25.50	0.028389	25.877
25.50	25.50	0.028405	25.977
25.50	25.50	0.028422	26.078
25.50	25.50	0.028439	26.177
25.50	25.50	0.028455	26.278
25.50	25.50	0.028472	26.377
25.50	25.50	0.028489	26.478
25.50	25.50	0.028505	26.577
25.50	25.50	0.028522	26.678
25.50	25.50	0.028539	26.777
25.50	25.50	0.028555	26.877
25.50	25.50	0.028572	26.978
25.50	25.50	0.028589	27.077
25.50	25.50	0.028605	27.178
25.50	25.50	0.028622	27.277
25.50	25.50	0.028639	27.378
25.50	25.50	0.028655	27.477
25.50	25.50	0.028672	27.577
25.50	25.50	0.028689	27.678
25.50	25.50	0.028705	27.777
25.50	25.50	0.028722	27.878
25.50	25.50	0.028739	27.977
25.50	25.50	0.028755	28.078
25.50	25.50	0.028772	28.177
25.50	25.50	0.028788	28.278
25.50	25.50	0.028805	28.377
25.50	25.50	0.028822	28.477
25.50	25.50	0.028838	28.578
25.50	25.50	0.028855	28.677
25.50	25.50	0.028872	28.778
25.50	25.50	0.028888	28.877
25.50	25.50	0.028905	29.002
25.50	25.50	0.028922	29.076
25.50	25.50	0.028938	29.201
25.50	25.50	0.028955	29.300
25.50	25.50	0.028972	29.405
25.50	25.50	0.028988	29.500
25.50	25.50	0.029005	29.599
25.50	25.50	0.029022	29.704
25.50	25.50	0.029038	29.798
25.50	25.50	0.029055	29.898
25.50	25.50	0.029072	30.002
25.50	25.50	0.029088	30.097
25.50	25.50	0.029105	30.196
25.50	25.50	0.029122	30.301
25.50	25.50	0.029138	30.395
25.50	25.50	0.029155	30.495
25.50	25.50	0.029172	30.600
25.50	25.50	0.029188	30.694
25.50	25.50	0.029205	30.794
25.50	25.50	0.029222	30.898
25.50	25.50	0.029238	30.993
25.50	25.50	0.029255	31.092
25.50	25.50	0.029272	31.197
25.50	25.50	0.029288	31.291
25.50	25.50	0.029305	31.391
25.50	25.50	0.029322	31.496
25.50	25.50	0.029338	31.590
25.50	25.50	0.029355	31.692
25.50	25.50	0.029372	31.794
25.50	25.50	0.029388	31.889
25.50	25.50	0.029405	31.991
25.50	25.50	0.029422	32.093
25.50	25.50	0.029438	32.188
25.50	25.50	0.029455	32.291
25.50	25.50	0.029472	32.392
25.50	25.50	0.029488	32.486
25.50	25.50	0.029505	32.591
25.50	25.50	0.029522	32.690
25.50	25.50	0.029538	32.785
25.50	25.50	0.029555	32.889
25.50	25.50	0.029572	32.989
25.50	25.50	0.029588	33.084
25.50	25.50	0.029605	33.188
25.50	25.50	0.029621	33.288
25.50	25.50	0.029638	33.382
25.50	25.50	0.029655	33.487
25.50	25.50	0.029671	33.582
25.50	25.50	0.029688	33.681
25.50	25.50	0.029705	33.786
25.50	25.50	0.029721	33.880
25.50	25.50	0.029738	33.980
25.50	25.50	0.029755	34.084
25.50	25.50	0.029771	34.179
25.50	25.50	0.029788	34.278
25.50	25.50	0.029805	34.383
25.50	25.50	0.029821	34.479
25.50	25.50	0.029838	34.578
25.50	25.50	0.029855	34.682
25.50	25.50	0.029871	34.778
25.50	25.50	0.029888	34.879
25.50	25.50	0.029905	34.980
25.50	25.50	0.029921	35.079
25.50	25.50	0.029938	35.179
25.50	25.50	0.029955	35.279
25.50	25.50	0.029971	35.380
25.50	25.50	0.029988	35.479
25.50	25.50	0.030005	35.580
25.50	25.50	0.030021	35.679
25.50	25.50	0.030038	35.780
25.50	25.50	0.030055	35.879
25.50	25.50	0.030071	35.979
25.50	25.50	0.030088	36.080
25.50	25.51	0.030105	36.179
25.50	25.51	0.030121	36.280
25.50	25.51	0.030138	36.379
25.52	25.51	0.030155	36.480
25.52	25.51	0.030171	36.579
25.52	25.51	0.030188	36.680
25.52	25.51	0.030205	36.779
25.52	25.51	0.030221	36.879
25.52	25.51	0.030238	36.980
25.52	25.51	0.030255	37.079
25.52	25.51	0.030271	37.180
25.52	25.51	0.030288	37.279
25.52	25.51	0.030305	37.380
25.52	25.52	0.030321	37.479
25.52	25.52	0.030338	37.580
25.52	25.52	0.030355	37.680
25.50	25.52	0.030371	37.779
25.50	25.52	0.030388	37.880
25.50	25.52	0.030405	37.979
25.50	25.52	0.030421	38.080
25.50	25.52	0.030438	38.179
25.50	25.52	0.030454	38.280
25.50	25.52	0.030471	38.379
25.50	25.52	0.030488	38.479
25.52	25.52	0.030504	38.580
25.52	25.52	0.030521	38.679
25.52	25.53	0.030538	38.780
25.52	25.53	0.030554	38.879
25.52	25.53	0.030571	38.980
25.52	25.53	0.030588	39.079
25.52	25.53	0.030604	39.180
25.52	25.53	0.030621	39.279
25.52	25.53	0.030638	39.379
25.52	25.53	0.030654	39.480
25.52	25.53	0.030671	39.579
25.55	25.53	0.030688	39.680
25.55	25.53	0.030704	39.779
25.55	25.53	0.030721	39.909
25.55	25.53	0.030738	39.978
25.55	25.54	0.030754	40.103
25.55	25.54	0.030771	40.207
25.55	25.54	0.030788	40.302
25.55	25.54	0.030804	40.401
25.55	25.54	0.030821	40.506
25.55	25.54	0.030838	40.600
25.55	25.54	0.030854	40.700
25.55	25.54	0.030871	40.805
25.55	25.54	0.030888	40.899
25.55	25.54	0.030904	40.999
25.55	25.54	0.030921	41.103
25.55	25.54	0.030938	41.198
25.55	25.54	0.030954	41.297
25.55	25.55	0.030971	41.402
25.55	25.55	0.030988	41.497
25.55	25.55	0.031004	41.596
25.55	25.55	0.031021	41.701
25.55	25.55	0.031038	41.795
25.55	25.55	0.031054	41.895
25.55	25.55	0.031071	41.999
25.55	25.55	0.031088	42.094
25.55	25.55	0.031104	42.193
25.55	25.55	0.031121	42.298
25.55	25.55	0.031138	42.392
25.55	25.55	0.031154	42.492
25.55	25.55	0.031171	42.597
25.55	25.56	0.031188	42.691
25.55	25.56	0.031204	42.793
25.55	25.56	0.031221	42.895
25.55	25.56	0.031238	42.990
25.55	25.56	0.031254	43.092
25.55	25.56	0.031271	43.194
25.55	25.56	0.031287	43.289
25.55	25.56	0.031304	43.392
25.55	25.56	0.031321	43.493
25.55	25.56	0.031337	43.587
25.55	25.56	0.031354	43.692
25.55	25.56	0.031371	43.792
25.55	25.56	0.031387	43.886
25.55	25.57	0.031404	43.991
25.55	25.57	0.031421	44.090
25.55	25.57	0.031437	44.185
25.55	25.57	0.031454	44.289
25.55	25.57	0.031471	44.389
25.55	25.57	0.031487	44.484
25.55	25.57	0.031504	44.588
25.55	25.57	0.031521	44.683
25.57	25.57	0.031537	44.782
25.57	25.57	0.031554	44.886
25.57	25.57	0.031571	44.981
25.57	25.57	0.031587	45.080
25.57	25.57	0.031604	45.185
25.57	25.58	0.031621	45.279
25.57	25.58	0.031637	45.380
25.57	25.58	0.031654	45.484
25.57	25.58	0.031671	45.579
25.57	25.58	0.031687	45.680
25.60	25.58	0.031704	45.782
25.60	25.58	0.031721	45.880
25.60	25.58	0.031737	45.979
25.60	25.58	0.031754	46.081
25.60	25.58	0.031771	46.179
25.60	25.58	0.031787	46.279
25.60	25.58	0.031804	46.380
25.60	25.58	0.031821	46.479
25.60	25.59	0.031837	46.580
25.60	25.59	0.031854	46.679
25.60	25.59	0.031871	46.780
25.60	25.59	0.031887	46.879
25.60	25.59	0.031904	46.980
25.60	25.59	0.031921	47.079
25.60	25.59	0.031937	47.179
25.60	25.59	0.031954	47.280
25.60	25.59	0.031971	47.379
25.60	25.59	0.031987	47.480
25.60	25.59	0.032004	47.579
25.57	25.59	0.032021	47.680
25.57	25.59	0.032037	47.779
25.57	25.60	0.032054	47.880
25.57	25.60	0.032071	47.980
25.57	25.60	0.032087	48.079
25.57	25.60	0.032104	48.180
25.60	25.60	0.032120	48.279
25.60	25.60	0.032137	48.380
25.60	25.60	0.032154	48.479
25.60	25.60	0.032170	48.580
25.60	25.60	0.032187	48.679
25.60	25.60	0.032204	48.779
25.60	25.60	0.032220	48.880
25.60	25.60	0.032237	48.979
25.60	25.60	0.032254	49.080
25.60	25.61	0.032270	49.179
25.63	25.61	0.032287	49.280
25.63	25.61	0.032304	49.379
25.63	25.61	0.032320	49.480
25.63	25.61	0.032337	49.579
25.63	25.61	0.032354	49.679
25.63	25.61	0.032370	49.779
25.63	25.61	0.032387	49.880
25.63	25.61	0.032404	49.979
25.63	25.61	0.032420	50.079
25.63	25.61	0.032437	50.180
25.63	25.61	0.032454	50.279
25.63	25.61	0.032470	50.380
25.63	25.62	0.032487	50.479
25.63	25.62	0.032504	50.580
25.63	25.62	0.032520	50.679
25.63	25.62	0.032537	50.779
25.60	25.62	0.032554	50.880
25.60	25.62	0.032570	50.979
25.60	25.62	0.032587	51.080
25.60	25.62	0.032604	51.179
25.60	25.62	0.032620	51.309
25.60	25.62	0.032637	51.403
25.60	25.62	0.032654	51.503
25.60	25.62	0.032670	51.607
25.60	25.62	0.032687	51.702
25.60	25.62	0.032704	51.801
25.60	25.63	0.032720	51.906
25.63	25.63	0.032737	52.001
25.63	25.63	0.032754	52.100
25.63	25.63	0.032770	52.205
25.63	25.63	0.032787	52.299
25.63	25.63	0.032804	52.399
25.63	25.63	0.032820	52.503
25.63	25.63	0.032837	52.598
25.63	25.63	0.032854	52.698
25.63	25.63	0.032870	52.802
25.63	25.63	0.032887	52.897
25.65	25.63	0.032904	52.996
25.65	25.63	0.032920	53.101
25.65	25.64	0.032937	53.195
25.65	25.64	0.032953	53.295
25.65	25.64	0.032970	53.399
25.65	25.64	0.032987	53.494
25.65	25.64	0.033003	53.594
25.65	25.64	0.033020	53.698
25.65	25.64	0.033037	53.793
25.65	25.64	0.033053	53.893
25.65	25.64	0.033070	53.997
25.65	25.64	0.033087	54.091
25.65	25.64	0.033103	54.193
25.65	25.64	0.033120	54.295
25.65	25.64	0.033137	54.390
25.65	25.65	0.033153	54.493
25.65	25.65	0.033170	54.594
25.65	25.65	0.033187	54.689
25.65	25.65	0.033203	54.793
25.63	25.65	0.033220	54.893
25.63	25.65	0.033237	54.986
25.63	25.65	0.033253	55.092
25.63	25.65	0.033270	55.192
25.63	25.65	0.033287	55.285
25.63	25.65	0.033303	55.391
25.65	25.65	0.033320	55.490
25.65	25.65	0.033337	55.585
25.65	25.65	0.033353	55.689
25.65	25.66	0.033370	55.784
25.65	25.66	0.033387	55.882
25.65	25.66	0.033403	55.987
25.65	25.66	0.033420	56.082
25.65	25.66	0.033437	56.181
25.65	25.66	0.033453	56.286
25.65	25.66	0.033470	56.381
25.65	25.66	0.033487	56.482
25.65	25.66	0.033503	56.584
25.65	25.66	0.033520	56.681
25.68	25.66	0.033537	56.782
25.68	25.66	0.033553	56.884
25.68	25.66	0.033570	56.982
25.68	25.67	0.033587	57.081
25.68	25.67	0.033603	57.182
25.68	25.67	0.033620	57.281
25.68	25.67	0.033637	57.382
25.68	25.67	0.033653	57.481
25.68	25.67	0.033670	57.581
25.68	25.67	0.033687	57.682
25.68	25.67	0.033703	57.781
25.68	25.67	0.033720	57.882
25.68	25.67	0.033737	57.981
25.68	25.67	0.033753	58.082
25.68	25.67	0.033770	58.181
25.68	25.67	0.033786	58.282
25.68	25.68	0.033803	58.381
25.68	25.68	0.033820	58.481
25.68	25.68	0.033836	58.582
25.68	25.68	0.033853	58.681
25.68	25.68	0.033870	58.782
25.68	25.68	0.033886	58.881
25.68	25.68	0.033903	58.982
25.68	25.68	0.033920	59.081
25.68	25.68	0.033936	59.182
25.68	25.68	0.033953	59.282
25.68	25.68	0.033970	59.381
25.68	25.68	0.033986	59.482
25.68	25.68	0.034003	59.581
25.68	25.69	0.034020	59.682
25.68	25.69	0.034036	59.782
25.68	25.69	0.034053	59.881
25.68	25.69	0.034070	59.982
25.68	25.69	0.034086	00.082
25.68	25.69	0.034103	00.181
25.68	25.69	0.034120	00.282
25.68	25.69	0.034136	00.381
25.68	25.69	0.034153	00.482
25.68	25.69	0.034170	00.581
25.68	25.69	0.034186	00.682
25.68	25.69	0.034203	00.781
25.68	25.69	0.034220	00.881
25.68	25.70	0.034236	00.982
25.68	25.70	0.034253	01.081
25.68	25.70	0.034270	01.182
25.68	25.70	0.034286	01.281
25.68	25.70	0.034303	01.381
25.68	25.70	0.034320	01.482
25.68	25.70	0.034336	01.581
25.70	25.70	0.034353	01.682
25.70	25.70	0.034370	01.781
25.70	25.70	0.034386	01.882
25.70	25.70	0.034403	01.981
25.70	25.70	0.034420	02.081
25.70	25.70	0.034436	02.210
25.70	25.71	0.034453	02.305
25.70	25.71	0.034470	02.410
25.70	25.71	0.034486	02.504
25.70	25.71	0.034503	02.604
25.70	25.71	0.034520	02.708
25.70	25.71	0.034536	02.803
25.73	25.71	0.034553	02.902
25.73	25.71	0.034570	03.007
25.73	25.71	0.034586	03.102
25.73	25.71	0.034603	03.201
25.73	25.71	0.034619	03.306
25.73	25.71	0.034636	03.400
25.73	25.71	0.034653	03.500
25.73	25.72	0.034669	03.604
25.73	25.72	0.034686	03.699
25.73	25.72	0.034703	03.798
25.73	25.72	0.034719	03.903
25.73	25.72	0.034736	03.998
25.73	25.72	0.034753	04.097
25.73	25.72	0.034769	04.202
25.73	25.72	0.034786	04.296
25.73	25.72	0.034803	04.396
25.73	25.72	0.034819	04.500
25.73	25.72	0.034836	04.595
25.73	25.72	0.034853	04.695
25.73	25.72	0.034869	04.799
25.70	25.73	0.034886	04.894
25.70	25.73	0.034903	04.994
25.70	25.73	0.034919	05.098
25.70	25.73	0.034936	05.192
25.70	25.73	0.034953	05.294
25.70	25.73	0.034969	05.396
25.70	25.73	0.034986	05.491
25.73	25.73	0.035003	05.594
25.73	25.73	0.035019	05.695
25.73	25.73	0.035036	05.790
25.73	25.73	0.035053	05.894
25.73	25.73	0.035069	05.994
25.73	25.73	0.035086	06.088
25.73	25.74	0.035103	06.193
25.73	25.74	0.035119	06.292
25.75	25.74	0.035136	06.387
25.75	25.74	0.035153	06.492
25.75	25.74	0.035169	06.591
25.75	25.74	0.035186	06.686
25.75	25.74	0.035203	06.790
25.75	25.74	0.035219	06.890
25.75	25.74	0.035236	06.984
25.75	25.74	0.035253	07.089
25.75	25.74	0.035269	07.184
25.75	25.74	0.035286	07.283
25.75	25.74	0.035303	07.388
25.75	25.75	0.035319	07.482
25.75	25.75	0.035336	07.581
25.75	25.75	0.035353	07.686
25.75	25.75	0.035369	07.781
25.75	25.75	0.035386	07.881
25.75	25.75	0.035403	07.985
25.75	25.75	0.035419	08.081
25.75	25.75	0.035436	08.182
25.75	25.75	0.035452	08.283
25.75	25.75	0.035469	08.382
25.75	25.75	0.035486	08.481
25.75	25.75	0.035502	08.582
25.75	25.75	0.035519	08.681
25.75	25.76	0.035536	08.781
25.75	25.76	0.035552	08.882
25.75	25.76	0.035569	08.981
25.75	25.76	0.035586	09.082
25.75	25.76	0.035602	09.181
25.75	25.76	0.035619	09.282
25.78	25.76	0.035636	09.381
25.78	25.76	0.035652	09.481
25.78	25.76	0.035669	09.582
25.78	25.76	0.035686	09.681
25.78	25.76	0.035702	09.782
25.78	25.76	0.035719	09.881
25.78	25.76	0.035736	09.982
25.78	25.77	0.035752	10.081
25.78	25.77	0.035769	10.182
25.78	25.77	0.035786	10.281
25.78	25.77	0.035802	10.381
25.78	25.77	0.035819	10.482
25.78	25.77	0.035836	10.581
25.75	25.77	0.035852	10.682
25.75	25.77	0.035869	10.781
25.75	25.77	0.035886	10.882
25.75	25.77	0.035902	10.981
25.75	25.77	0.035919	11.081
25.75	25.77	0.035936	11.182
25.75	25.77	0.035952	11.281
25.78	25.78	0.035969	11.382
25.78	25.78	0.035986	11.481
25.78	25.78	0.036002	11.582
25.78	25.78	0.036019	11.681
25.78	25.78	0.036036	11.782
25.78	25.78	0.036052	11.882
25.78	25.78	0.036069	11.981
25.78	25.78	0.036086	12.082
25.78	25.78	0.036102	12.181
25.78	25.78	0.036119	12.282
25.78	25.78	0.036136	12.381
25.78	25.78	0.036152	12.481
25.78	25.78	0.036169	12.582
25.78	25.79	0.036186	12.681
25.78	25.79	0.036202	12.782
25.78	25.79	0.036219	12.881
25.78	25.79	0.036236	13.013
25.78	25.79	0.036252	13.107
25.78	25.79	0.036269	13.212
25.80	25.79	0.036285	13.311
25.80	25.79	0.036302	13.406
25.80	25.79	0.036319	13.511
25.80	25.79	0.036335	13.610
25.80	25.79	0.036352	13.705
25.80	25.79	0.036369	13.809
25.80	25.79	0.036385	13.904
25.80	25.80	0.036402	14.003
25.80	25.80	0.036419	14.108
25.80	25.80	0.036435	14.202
25.80	25.80	0.036452	14.302
25.80	25.80	0.036469	14.407
25.80	25.80	0.036485	14.501
25.80	25.80	0.036502	14.600
25.80	25.80	0.036519	14.705
25.80	25.80	0.036535	14.799
25.80	25.80	0.036552	14.899
25.80	25.80	0.036569	15.003
25.80	25.80	0.036585	15.098
25.80	25.80	0.036602	15.198
25.80	25.81	0.036619	15.302
25.80	25.81	0.036635	15.398
25.80	25.81	0.036652	15.497
25.80	25.81	0.036669	15.601
25.80	25.81	0.036685	15.697
25.80	25.81	0.036702	15.797
25.80	25.81	0.036719	15.900
25.80	25.81	0.036735	15.997
25.80	25.81	0.036752	16.098
25.80	25.81	0.036769	16.198
25.80	25.81	0.036785	16.298
25.83	25.81	0.036802	16.397
25.83	25.81	0.036819	16.498
25.83	25.82	0.036835	16.597
25.83	25.82	0.036852	16.697
25.83	25.82	0.036869	16.798
25.83	25.82	0.036885	16.897
25.83	25.82	0.036902	16.999
25.83	25.82	0.036919	17.098
25.83	25.82	0.036935	17.199
25.83	25.82	0.036952	17.298
25.83	25.82	0.036969	17.398
25.83	25.82	0.036985	17.499
25.83	25.82	0.037002	17.598
25.83	25.82	0.037019	17.699
25.83	25.82	0.037035	17.798
25.83	25.83	0.037052	17.899
25.83	25.83	0.037069	17.998
25.83	25.83	0.037085	18.099
25.83	25.83	0.037102	18.198
25.83	25.83	0.037118	18.298
25.83	25.83	0.037135	18.399
25.83	25.83	0.037152	18.498
25.83	25.83	0.037168	18.599
25.83	25.83	0.037185	18.698
25.83	25.83	0.037202	18.799
25.83	25.83	0.037218	18.898
25.83	25.83	0.037235	18.998
25.83	25.83	0.037252	19.099
25.83	25.84	0.037268	19.198
25.83	25.84	0.037285	19.299
25.83	25.84	0.037302	19.398
25.83	25.84	0.037318	19.499
25.83	25.84	0.037335	19.598
25.83	25.84	0.037352	19.699
25.83	25.84	0.037368	19.798
25.83	25.84	0.037385	19.899
25.83	25.84	0.037402	19.998
25.83	25.84	0.037418	20.099
25.83	25.84	0.037435	20.198
25.83	25.84	0.037452	20.299
25.83	25.84	0.037468	20.399
25.83	25.84	0.037485	20.498
25.83	25.85	0.037502	20.599
25.86	25.85	0.037518	20.698
25.86	25.85	0.037535	20.799
25.86	25.85	0.037552	20.898
25.86	25.85	0.037568	21.023
25.86	25.85	0.037585	21.127
25.86	25.85	0.037602	21.221
25.86	25.85	0.037618	21.320
25.86	25.85	0.037635	21.426
25.86	25.85	0.037652	21.520
25.86	25.85	0.037668	21.619
25.86	25.85	0.037685	21.724
25.86	25.85	0.037702	21.818
25.86	25.86	0.037718	21.918
25.86	25.86	0.037735	22.022
25.86	25.86	0.037752	22.117
25.86	25.86	0.037768	22.217
25.86	25.86	0.037785	22.321
25.86	25.86	0.037802	22.416
25.86	25.86	0.037818	22.515
25.86	25.86	0.037835	22.620
25.86	25.86	0.037852	22.714
25.86	25.86	0.037868	22.815
25.86	25.86	0.037885	22.918
25.86	25.86	0.037902	23.013
25.86	25.86	0.037918	23.115
25.86	25.87	0.037935	23.218
25.86	25.87	0.037951	23.312
25.86	25.87	0.037968	23.415
25.86	25.87	0.037985	23.516
25.86	25.87	0.038001	23.611
25.86	25.87	0.038018	23.715
25.86	25.87	0.038035	23.815
25.86	25.87	0.038051	23.910
25.86	25.87	0.038068	24.014
25.88	25.87	0.038085	24.114
25.88	25.87	0.038101	24.208
25.88	25.87	0.038118	24.313
25.88	25.87	0.038135	24.412
25.88	25.88	0.038151	24.507
25.88	25.88	0.038168	24.612
25.88	25.88	0.038185	24.711
25.88	25.88	0.038201	24.806
25.88	25.88	0.038218	24.910
25.88	25.88	0.038235	25.005
25.88	25.88	0.038251	25.104
25.88	25.88	0.038268	25.209
25.88	25.88	0.038285	25.304
25.88	25.88	0.038301	25.403
25.88	25.88	0.038318	25.508
25.88	25.88	0.038335	25.602
25.88	25.88	0.038351	25.702
25.88	25.89	0.038368	25.806
25.88	25.89	0.038385	25.900
25.88	25.89	0.038401	26.000
25.88	25.89	0.038418	26.105
25.88	25.89	0.038435	26.199
25.88	25.89	0.038451	26.299
25.88	25.89	0.038468	26.403
25.88	25.89	0.038485	26.499
25.88	25.89	0.038501	26.598
25.88	25.89	0.038518	26.702
25.88	25.89	0.038535	26.799
25.88	25.89	0.038551	26.898
25.88	25.89	0.038568	27.001
25.91	25.90	0.038585	27.098
25.91	25.90	0.038601	27.199
25.91	25.90	0.038618	27.299
25.91	25.90	0.038635	27.399
25.91	25.90	0.038651	27.498
25.91	25.90	0.038668	27.598
25.91	25.90	0.038685	27.699
25.91	25.90	0.038701	27.798
25.91	25.90	0.038718	27.899
25.91	25.90	0.038735	27.998
25.91	25.90	0.038751	28.099
25.91	25.90	0.038768	28.198
25.91	25.90	0.038784	28.299
25.91	25.91	0.038801	28.399
25.91	25.91	0.038818	28.498
25.91	25.91	0.038834	28.599
25.91	25.91	0.038851	28.698
25.91	25.91	0.038868	28.799
25.91	25.91	0.038884	28.898
25.91	25.91	0.038901	28.999
25.91	25.91	0.038918	29.098
25.91	25.91	0.038934	29.198
25.91	25.91	0.038951	29.299
25.91	25.91	0.038968	29.398
25.91	25.91	0.038984	29.499
25.91	25.91	0.039001	29.598
25.91	25.92	0.039018	29.699
25.91	25.92	0.039034	29.798
25.91	25.92	0.039051	29.899
25.91	25.92	0.039068	29.999
25.91	25.92	0.039084	30.098
25.91	25.92	0.039101	30.199
25.91	25.92	0.039118	30.298
25.91	25.92	0.039134	30.399
25.91	25.92	0.039151	30.498
25.91	25.92	0.039168	30.599
25.91	25.92	0.039184	30.698
25.91	25.92	0.039201	30.798
25.91	25.92	0.039218	30.899
25.91	25.93	0.039234	30.998
25.91	25.93	0.039251	31.099
25.93	25.93	0.039268	31.198
25.93	25.93	0.039284	31.299
25.93	25.93	0.039301	31.398
25.93	25.93	0.039318	31.499
25.93	25.93	0.039334	31.598
25.93	25.93	0.039351	31.698
25.93	25.93	0.039368	31.799
25.93	25.93	0.039384	31.898
25.93	25.93	0.039401	31.999
25.93	25.93	0.039418	32.098
25.93	25.93	0.039434	32.228
25.93	25.94	0.039451	32.322
25.93	25.94	0.039468	32.422
25.93	25.94	0.039484	32.526
25.96	25.94	0.039501	32.621
25.96	25.94	0.039518	32.721
25.96	25.94	0.039534	32.825
25.96	25.94	0.039551	32.920
25.96	25.94	0.039568	33.019
25.96	25.94	0.039584	33.124
25.96	25.94	0.039601	33.218
25.96	25.94	0.039617	33.318
25.96	25.94	0.039634	33.422
25.96	25.94	0.039651	33.517
25.96	25.95	0.039667	33.617
25.96	25.95	0.039684	33.721
25.96	25.95	0.039701	33.816
25.96	25.95	0.039717	33.916
25.96	25.95	0.039734	34.019
25.96	25.95	0.039751	34.114
25.93	25.95	0.039767	34.216
25.93	25.95	0.039784	34.318
25.93	25.95	0.039801	34.413
25.93	25.95	0.039817	34.516
25.93	25.95	0.039834	34.617
25.93	25.95	0.039851	34.711
25.93	25.95	0.039867	34.816
25.93	25.96	0.039884	34.915
25.93	25.96	0.039901	35.010
25.93	25.96	0.039917	35.115
25.96	25.96	0.039934	35.214
25.96	25.96	0.039951	35.309
25.96	25.96	0.039967	35.413
25.96	25.96	0.039984	35.513
25.96	25.96	0.040001	35.607
25.96	25.96	0.040017	35.712
25.96	25.96	0.040034	35.812
25.96	25.96	0.040051	35.906
25.96	25.96	0.040067	36.011
25.96	25.96	0.040084	36.105
25.96	25.97	0.040101	36.205
25.98	25.97	0.040117	36.309
25.98	25.97	0.040134	36.404
25.98	25.97	0.040151	36.503
25.98	25.97	0.040167	36.608
25.98	25.97	0.040184	36.703
25.98	25.97	0.040201	36.802
25.98	25.97	0.040217	36.907
25.98	25.97	0.040234	37.002
25.98	25.97	0.040251	37.101
25.98	25.97	0.040267	37.206
25.98	25.97	0.040284	37.301
25.98	25.97	0.040301	37.400
25.98	25.98	0.040317	37.505
25.98	25.98	0.040334	37.600
25.98	25.98	0.040351	37.701
25.98	25.98	0.040367	37.803
25.98	25.98	0.040384	37.901
25.98	25.98	0.040401	38.000
25.98	25.98	0.040417	38.102
25.98	25.98	0.040434	38.201
25.98	25.98	0.040450	38.300
25.98	25.98	0.040467	38.400
25.98	25.98	0.040484	38.501
25.98	25.98	0.040500	38.600
25.98	25.98	0.040517	38.701
25.98	25.99	0.040534	38.800
25.98	25.99	0.040550	38.900
25.98	25.99	0.040567	39.001
25.98	25.99	0.040584	39.100
25.98	25.99	0.040600	39.201
25.98	25.99	0.040617	39.300
25.98	25.99	0.040634	39.401
25.98	25.99	0.040650	39.500
25.98	25.99	0.040667	39.601
25.98	25.99	0.040684	39.700
25.98	25.99	0.040700	39.800
25.98	25.99	0.040717	39.901
25.98	25.99	0.040734	40.000
25.98	26.00	0.040750	40.101
26.01	26.00	0.040767	40.200
26.01	26.00	0.040784	40.301
26.01	26.00	0.040800	40.400
26.01	26.00	0.040817	40.500
26.01	26.00	0.040834	40.601
26.01	26.00	0.040850	40.701
26.01	26.00	0.040867	40.800
26.01	26.00	0.040884	40.901
26.01	26.00	0.040900	41.000
26.01	26.00	0.040917	41.101
26.01	26.00	0.040934	41.200
26.01	26.00	0.040950	41.300
26.01	26.01	0.040967	41.401
26.01	26.01	0.040984	41.500
26.01	26.01	0.041000	41.601
26.01	26.01	0.041017	41.700
26.01	26.01	0.041034	41.801
26.01	26.01	0.041050	41.900
26.01	26.01	0.041067	42.001
26.01	26.01	0.041084	42.100
26.01	26.01	0.041100	42.200
26.01	26.01	0.041117	42.301
26.01	26.01	0.041134	42.400
26.01	26.01	0.041150	42.501
26.01	26.01	0.041167	42.600
26.01	26.02	0.041184	42.701
26.01	26.02	0.041200	42.800
26.01	26.02	0.041217	42.900
26.01	26.02	0.041234	43.001
26.01	26.02	0.041250	43.100
26.01	26.02	0.041267	43.225
26.01	26.02	0.041283	43.329
26.01	26.02	0.041300	43.424
26.01	26.02	0.041317	43.523
26.04	26.02	0.041333	43.627
26.04	26.02	0.041350	43.722
26.04	26.02	0.041367	43.821
26.04	26.02	0.041383	43.926
26.04	26.03	0.041400	44.020
26.04	26.03	0.041417	44.120
26.04	26.03	0.041433	44.225
26.04	26.03	0.041450	44.319
26.04	26.03	0.041467	44.419
26.04	26.03	0.041483	44.523
26.04	26.03	0.041500	44.618
26.01	26.03	0.041517	44.717
26.01	26.03	0.041533	44.822
26.01	26.03	0.041550	44.916
26.01	26.03	0.041567	45.017
26.01	26.03	0.041583	45.121
26.01	26.03	0.041600	45.215
26.01	26.04	0.041617	45.317
26.01	26.04	0.041633	45.419
26.01	26.04	0.041650	45.514
26.04	26.04	0.041667	45.616
26.04	26.04	0.041683	45.718
26.04	26.04	0.041700	45.813
26.04	26.04	0.041717	45.917
26.04	26.04	0.041733	46.017
26.04	26.04	0.041750	46.111
26.04	26.04	0.041767	46.216
26.04	26.04	0.041783	46.315
26.04	26.04	0.041800	46.410
26.04	26.04	0.041817	46.514
26.04	26.05	0.041833	46.614
26.04	26.05	0.041850	46.709
26.04	26.05	0.041867	46.813
26.06	26.05	0.041883	46.913
26.06	26.05	0.041900	47.007
26.06	26.05	0.041917	47.112
26.06	26.05	0.041933	47.206
26.06	26.05	0.041950	47.306
26.06	26.05	0.041967	47.411
26.06	26.05	0.041983	47.506
26.06	26.05	0.042000	47.605
26.06	26.05	0.042017	47.710
26.06	26.05	0.042033	47.803
26.06	26.06	0.042050	47.904
26.06	26.06	0.042067	48.007
26.06	26.06	0.042083	48.102
26.06	26.06	0.042100	48.202
26.06	26.06	0.042116	48.306
26.06	26.06	0.042133	48.402
26.06	26.06	0.042150	48.501
26.06	26.06	0.042166	48.605
26.06	26.06	0.042183	48.701
26.06	26.06	0.042200	48.802
26.06	26.06	0.042216	48.903
26.06	26.06	0.042233	49.001
26.06	26.06	0.042250	49.102
26.06	26.07	0.042266	49.202
26.06	26.07	0.042283	49.302
26.06	26.07	0.042300	49.401
26.06	26.07	0.042316	49.502
26.06	26.07	0.042333	49.601
26.06	26.07	0.042350	49.702
26.06	26.07	0.042366	49.801
26.06	26.07	0.042383	49.901
26.06	26.07	0.042400	50.002
26.06	26.07	0.042416	50.101
26.06	26.07	0.042433	50.202
26.06	26.07	0.042450	50.301
26.06	26.07	0.042466	50.402
26.09	26.08	0.042483	50.501
26.09	26.08	0.042500	50.602
26.09	26.08	0.042516	50.702
26.09	26.08	0.042533	50.802
26.09	26.08	0.042550	50.903
26.09	26.08	0.042566	51.002
26.09	26.08	0.042583	51.103
26.09	26.08	0.042600	51.202
26.09	26.08	0.042616	51.303
26.09	26.08	0.042633	51.402
26.09	26.08	0.042650	51.502
26.09	26.08	0.042666	51.603
26.09	26.08	0.042683	51.702
26.09	26.08	0.042700	51.803
26.09	26.09	0.042716	51.902
26.09	26.09	0.042733	52.003
26.09	26.09	0.042750	52.102
26.09	26.09	0.042766	52.203
26.09	26.09	0.042783	52.302
26.09	26.09	0.042800	52.402
26.09	26.09	0.042816	52.503
26.09	26.09	0.042833	52.602
26.09	26.09	0.042850	52.703
26.09	26.09	0.042866	52.802
26.09	26.09	0.042883	52.903
26.09	26.09	0.042900	53.002
26.09	26.09	0.042916	53.102
26.09	26.10	0.042933	53.203
26.09	26.10	0.042949	53.303
26.09	26.10	0.042966	53.404
26.09	26.10	0.042983	53.503
26.09	26.10	0.042999	53.604
26.09	26.10	0.043016	53.703
26.09	26.10	0.043033	53.833
26.09	26.10	0.043049	53.927
26.09	26.10	0.043066	54.027
26.09	26.10	0.043083	54.131
26.09	26.10	0.043099	54.225
26.09	26.10	0.043116	54.325
26.09	26.10	0.043133	54.429
26.09	26.11	0.043149	54.524
26.09	26.11	0.043166	54.623
26.09	26.11	0.043183	54.728
26.11	26.11	0.043199	54.823
26.11	26.11	0.043216	54.922
26.11	26.11	0.043233	55.027
26.11	26.11	0.043249	55.121
26.11	26.11	0.043266	55.221
26.11	26.11	0.043283	55.325
26.11	26.11	0.043299	55.420
26.11	26.11	0.043316	55.519
26.11	26.11	0.043333	55.624
26.11	26.11	0.043349	55.719
26.11	26.12	0.043366	55.818
26.11	26.12	0.043383	55.923
26.11	26.12	0.043399	56.017
26.11	26.12	0.043416	56.118
26.14	26.12	0.043433	56.221
26.14	26.12	0.043449	56.316
26.14	26.12	0.043466	56.418
26.14	26.12	0.043483	56.520
26.14	26.12	0.043499	56.615
26.14	26.12	0.043516	56.718
26.14	26.12	0.043533	56.819
26.14	26.12	0.043549	56.913
26.14	26.12	0.043566	57.018
26.14	26.13	0.043583	57.117
26.14	26.13	0.043599	57.212
26.14	26.13	0.043616	57.317
26.14	26.13	0.043633	57.416
26.14	26.13	0.043649	57.511
26.14	26.13	0.043666	57.616
26.14	26.13	0.043683	57.715
26.14	26.13	0.043699	57.810
26.14	26.13	0.043716	57.914
26.11	26.13	0.043733	58.014
26.11	26.13	0.043749	58.108
26.11	26.13	0.043766	58.213
26.11	26.13	0.043782	58.308
26.11	26.14	0.043799	58.407
26.11	26.14	0.043816	58.512
26.11	26.14	0.043832	58.606
26.11	26.14	0.043849	58.706
26.14	26.14	0.043866	58.810
26.14	26.14	0.043882	58.905
26.14	26.14	0.043899	59.004
26.14	26.14	0.043916	59.109
26.14	26.14	0.043932	59.204
26.14	26.14	0.043949	59.303
26.14	26.14	0.043966	59.408
26.14	26.14	0.043982	59.503
26.14	26.14	0.043999	59.607
26.14	26.15	0.044016	59.706
26.16	26.15	0.044032	59.807
26.16	26.15	0.044049	59.907
26.16	26.15	0.044066	00.006
26.16	26.15	0.044082	00.107
26.16	26.15	0.044099	00.206
26.16	26.15	0.044116	00.307
26.16	26.15	0.044132	00.406
26.16	26.15	0.044149	00.507
26.16	26.15	0.044166	00.606
26.16	26.15	0.044182	00.707
26.16	26.15	0.044199	00.807
26.16	26.15	0.044216	00.906
26.16	26.16	0.044232	01.007
26.16	26.16	0.044249	01.106
26.16	26.16	0.044266	01.206
26.16	26.16	0.044282	01.307
26.16	26.16	0.044299	01.406
26.16	26.16	0.044316	01.507
26.16	26.16	0.044332	01.607
26.16	26.16	0.044349	01.706
26.16	26.16	0.044366	01.806
26.16	26.16	0.044382	01.906
26.16	26.16	0.044399	02.007
26.16	26.16	0.044416	02.106
26.16	26.16	0.044432	02.207
26.16	26.17	0.044449	02.306
26.16	26.17	0.044466	02.407
26.16	26.17	0.044482	02.506
26.16	26.17	0.044499	02.607
26.16	26.17	0.044516	02.707
26.16	26.17	0.044532	02.807
26.16	26.17	0.044549	02.906
26.16	26.17	0.044566	03.007
26.16	26.17	0.044582	03.106
26.16	26.17	0.044599	03.208
26.19	26.17	0.044615	03.307
26.19	26.17	0.044632	03.408
26.19	26.17	0.044649	03.508
26.19	26.18	0.044665	03.607
26.19	26.18	0.044682	03.708
26.19	26.18	0.044699	03.807
26.19	26.18	0.044715	03.908
26.19	26.18	0.044732	04.007
26.19	26.18	0.044749	04.137
26.19	26.18	0.044765	04.206
26.19	26.18	0.044782	04.336
26.19	26.18	0.044799	04.435
26.19	26.18	0.044815	04.530
26.16	26.18	0.044832	04.635
26.16	26.18	0.044849	04.734
26.16	26.18	0.044865	04.829
26.16	26.19	0.044882	04.933
26.16	26.19	0.044899	05.028
26.16	26.19	0.044915	05.127
26.16	26.19	0.044932	05.232
26.16	26.19	0.044949	05.327
26.19	26.19	0.044965	05.426
26.19	26.19	0.044982	05.531
26.19	26.19	0.044999	05.625
26.19	26.19	0.045015	05.725
26.19	26.19	0.045032	05.829
26.19	26.19	0.045049	05.924
26.19	26.19	0.045065	06.024
26.19	26.19	0.045082	06.128
26.19	26.20	0.045099	06.223
26.19	26.20	0.045115	06.322
26.19	26.20	0.045132	06.427
26.22	26.20	0.045149	06.521
26.22	26.20	0.045165	06.621
26.22	26.20	0.045182	06.725
26.22	26.20	0.045199	06.820
26.22	26.20	0.045215	06.920
26.22	26.20	0.045232	07.024
26.22	26.20	0.045249	07.119
26.22	26.20	0.045265	07.218
26.22	26.20	0.045282	07.323
26.22	26.20	0.045299	07.417
26.22	26.21	0.045315	07.519
26.22	26.21	0.045332	07.621
26.22	26.21	0.045349	07.716
26.22	26.21	0.045365	07.819
26.19	26.21	0.045382	07.920
26.19	26.21	0.045399	08.015
26.19	26.21	0.045415	08.118
26.19	26.21	0.045432	08.219
26.19	26.21	0.045448	08.313
26.19	26.21	0.045465	08.418
26.19	26.21	0.045482	08.518
26.19	26.21	0.045498	08.612
26.19	26.21	0.045515	08.717
26.19	26.22	0.045532	08.816
26.22	26.22	0.045548	08.911
26.22	26.22	0.045565	09.015
26.22	26.22	0.045582	09.115
26.22	26.22	0.045598	09.209
26.22	26.22	0.045615	09.314
26.22	26.22	0.045632	09.409
26.22	26.22	0.045648	09.508
26.22	26.22	0.045665	09.613
26.22	26.22	0.045682	09.708
26.22	26.22	0.045698	09.809
26.22	26.22	0.045715	09.911
26.22	26.22	0.045732	10.008
26.22	26.23	0.045748	10.109
26.22	26.23	0.045765	10.209
26.22	26.23	0.045782	10.309
26.22	26.23	0.045798	10.408
26.22	26.23	0.045815	10.508
26.22	26.23	0.045832	10.609
26.24	26.23	0.045848	10.708
26.24	26.23	0.045865	10.809
26.24	26.23	0.045882	10.908
26.24	26.23	0.045898	11.009
26.24	26.23	0.045915	11.108
26.24	26.23	0.045932	11.208
26.24	26.23	0.045948	11.309
26.24	26.24	0.045965	11.408
26.24	26.24	0.045982	11.509
26.24	26.24	0.045998	11.608
26.24	26.24	0.046015	11.709
26.24	26.24	0.046032	11.808
26.24	26.24	0.046048	11.909
26.24	26.24	0.046065	12.008
26.24	26.24	0.046082	12.108
26.24	26.24	0.046098	12.209
26.24	26.24	0.046115	12.309
26.24	26.24	0.046132	12.408
26.24	26.24	0.046148	12.508
26.24	26.24	0.046165	12.609
26.24	26.25	0.046182	12.708
26.24	26.25	0.046198	12.809
26.24	26.25	0.046215	12.908
26.24	26.25	0.046232	13.009
26.24	26.25	0.046248	13.108
26.24	26.25	0.046265	13.209
26.24	26.25	0.046281	13.309
26.24	26.25	0.046298	13.408
26.24	26.25	0.046315	13.509
26.24	26.25	0.046331	13.608
26.24	26.25	0.046348	13.709
26.24	26.25	0.046365	13.808
26.27	26.25	0.046381	13.909
26.27	26.26	0.046398	14.008
26.27	26.26	0.046415	14.108
26.27	26.26	0.046431	14.209
26.27	26.26	0.046448	14.308
26.27	26.26	0.046465	14.409
26.27	26.26	0.046481	14.508
26.27	26.26	0.046498	14.609
26.27	26.26	0.046515	14.708
26.27	26.26	0.046531	14.809
26.27	26.26	0.046548	14.908
26.27	26.26	0.046565	15.008
26.27	26.26	0.046581	15.109
26.27	26.26	0.046598	15.208
26.27	26.27	0.046615	15.333
26.27	26.27	0.046631	15.437
26.27	26.27	0.046648	15.537
26.27	26.27	0.046665	15.631
26.27	26.27	0.046681	15.736
26.27	26.27	0.046698	15.835
26.27	26.27	0.046715	15.930
26.27	26.27	0.046731	16.035
26.27	26.27	0.046748	16.129
26.27	26.27	0.046765	16.229
26.27	26.27	0.046781	16.333
26.27	26.27	0.046798	16.428
26.27	26.27	0.046815	16.527
26.27	26.28	0.046831	16.632
26.27	26.28	0.046848	16.726
26.27	26.28	0.046865	16.826
26.27	26.28	0.046881	16.930
26.27	26.28	0.046898	17.025
26.27	26.28	0.046915	17.125
26.27	26.28	0.046931	17.229
26.27	26.28	0.046948	17.324
26.27	26.28	0.046965	17.423
26.27	26.28	0.046981	17.528
26.27	26.28	0.046998	17.622
26.27	26.28	0.047015	17.721
26.27	26.28	0.047031	17.826
26.29	26.29	0.047048	17.921
26.29	26.29	0.047065	18.020
26.29	26.29	0.047081	18.125
26.29	26.29	0.047098	18.219
26.29	26.29	0.047114	18.320
26.29	26.29	0.047131	18.423
26.29	26.29	0.047148	18.518
26.29	26.29	0.047164	18.619
26.29	26.29	0.047181	18.722
26.29	26.29	0.047198	18.817
26.29	26.29	0.047214	18.919
26.29	26.29	0.047231	19.021
26.29	26.29	0.047248	19.115
26.29	26.30	0.047264	19.220
26.29	26.30	0.047281	19.319
26.29	26.30	0.047298	19.414
26.29	26.30	0.047314	19.519
26.29	26.30	0.047331	19.618
26.29	26.30	0.047348	19.713
26.29	26.30	0.047364	19.817
26.32	26.30	0.047381	19.917
26.32	26.30	0.047398	20.011
26.32	26.30	0.047414	20.116
26.32	26.30	0.047431	20.215
26.32	26.30	0.047448	20.310
26.32	26.30	0.047464	20.415
26.32	26.30	0.047481	20.509
26.32	26.31	0.047498	20.609
26.32	26.31	0.047514	20.713
26.32	26.31	0.047531	20.809
26.32	26.31	0.047548	20.908
26.32	26.31	0.047564	21.012
26.32	26.31	0.047581	21.109
26.32	26.31	0.047598	21.208
26.32	26.31	0.047614	21.311
26.32	26.31	0.047631	21.408
26.32	26.31	0.047648	21.509
26.32	26.31	0.047664	21.609
26.32	26.31	0.047681	21.709
26.29	26.31	0.047698	21.808
26.29	26.32	0.047714	21.909
26.29	26.32	0.047731	22.009
26.29	26.32	0.047748	22.108
26.29	26.32	0.047764	22.209
26.29	26.32	0.047781	22.308
26.32	26.32	0.047798	22.409
26.32	26.32	0.047814	22.508
26.32	26.32	0.047831	22.609
26.32	26.32	0.047848	22.708
26.32	26.32	0.047864	22.808
26.32	26.32	0.047881	22.909
26.32	26.32	0.047898	23.008
26.32	26.32	0.047914	23.109
26.32	26.33	0.047931	23.208
26.32	26.33	0.047947	23.308
26.32	26.33	0.047964	23.409
26.32	26.33	0.047981	23.508
26.34	26.33	0.047997	23.609
26.34	26.33	0.048014	23.708
26.34	26.33	0.048031	23.809
26.34	26.33	0.048047	23.908
26.34	26.33	0.048064	24.008
26.34	26.33	0.048081	24.109
26.34	26.33	0.048097	24.208
26.34	26.33	0.048114	24.309
26.34	26.33	0.048131	24.408
26.34	26.34	0.048147	24.509
26.34	26.34	0.048164	24.608
26.34	26.34	0.048181	24.709
26.34	26.34	0.048197	24.809
26.34	26.34	0.048214	24.908
26.34	26.34	0.048231	25.009
26.34	26.34	0.048247	25.108
26.34	26.34	0.048264	25.209
26.34	26.34	0.048281	25.308
26.34	26.34	0.048297	25.408
26.34	26.34	0.048314	25.509
26.34	26.34	0.048331	25.608
26.34	26.34	0.048347	25.709
26.34	26.35	0.048364	25.808
26.34	26.35	0.048381	25.909
26.34	26.35	0.048397	26.008
26.34	26.35	0.048414	26.109
26.34	26.35	0.048431	26.209
26.34	26.35	0.048447	26.308
26.34	26.35	0.048464	26.409
26.34	26.35	0.048481	26.508
26.34	26.35	0.048497	26.638
26.37	26.35	0.048514	26.732
26.37	26.35	0.048531	26.837
26.37	26.35	0.048547	26.936
26.37	26.35	0.048564	27.031
26.37	26.36	0.048581	27.135
26.37	26.36	0.048597	27.230
26.37	26.36	0.048614	27.329
26.37	26.36	0.048631	27.434
26.37	26.36	0.048647	27.528
26.37	26.36	0.048664	27.628
26.37	26.36	0.048681	27.733
26.37	26.36	0.048697	27.827
26.37	26.36	0.048714	27.927
26.37	26.36	0.048731	28.031
26.37	26.36	0.048747	28.126
26.37	26.36	0.048764	28.225
26.34	26.36	0.048780	28.330
26.34	26.37	0.048797	28.424
26.34	26.37	0.048814	28.524
26.34	26.37	0.048830	28.628
26.34	26.37	0.048847	28.723
26.34	26.37	0.048864	28.822
26.34	26.37	0.048880	28.927
26.34	26.37	0.048897	29.022
26.37	26.37	0.048914	29.121
26.37	26.37	0.048930	29.226
26.37	26.37	0.048947	29.320
26.37	26.37	0.048964	29.421
26.37	26.37	0.048980	29.524
26.37	26.37	0.048997	29.619
26.37	26.38	0.049014	29.721
26.37	26.38	0.049030	29.823
26.37	26.38	0.049047	29.918
26.37	26.38	0.049064	30.021
26.37	26.38	0.049080	30.122
26.39	26.38	0.049097	30.217
26.39	26.38	0.049114	30.320
26.39	26.38	0.049130	30.421
26.39	26.38	0.049147	30.515
26.39	26.38	0.049164	30.620
26.39	26.38	0.049180	30.719
26.39	26.38	0.049197	30.814
26.39	26.38	0.049214	30.918
26.39	26.39	0.049230	31.018
26.39	26.39	0.049247	31.113
26.39	26.39	0.049264	31.217
26.39	26.39	0.049280	31.317
26.39	26.39	0.049297	31.411
26.39	26.39	0.049314	31.516
26.39	26.39	0.049330	31.610
26.39	26.39	0.049347	31.710
26.39	26.39	0.049364	31.815
26.39	26.39	0.049380	31.909
26.39	26.39	0.049397	32.009
26.39	26.39	0.049414	32.113
26.39	26.39	0.049430	32.209
26.39	26.40	0.049447	32.308
26.39	26.40	0.049464	32.412
26.39	26.40	0.049480	32.509
26.39	26.40	0.049497	32.609
26.39	26.40	0.049514	32.711
26.39	26.40	0.049530	32.809
26.39	26.40	0.049547	32.910
26.39	26.40	0.049564	33.009
26.39	26.40	0.049580	33.110
26.42	26.40	0.049597	33.209
26.42	26.40	0.049613	33.309
26.42	26.40	0.049630	33.410
26.42	26.40	0.049647	33.509
26.42	26.41	0.049663	33.610
26.42	26.41	0.049680	33.709
26.42	26.41	0.049697	33.810
26.42	26.41	0.049713	33.909
26.42	26.41	0.049730	34.010
26.42	26.41	0.049747	34.109
26.42	26.41	0.049763	34.209
26.42	26.41	0.049780	34.310
26.42	26.41	0.049797	34.409
26.42	26.41	0.049813	34.510
26.42	26.41	0.049830	34.609
26.39	26.41	0.049847	34.710
26.39	26.41	0.049863	34.809
26.39	26.42	0.049880	34.910
26.39	26.42	0.049897	35.009
26.39	26.42	0.049913	35.109
26.39	26.42	0.049930	35.210
26.39	26.42	0.049947	35.309
26.42	26.42	0.049963	35.410
26.42	26.42	0.049980	35.509
26.42	26.42	0.049997	35.611
26.42	26.42	0.050013	35.710
26.42	26.42	0.050030	35.810
26.42	26.42	0.050047	35.911
26.42	26.42	0.050063	36.010
26.42	26.42	0.050080	36.111
26.42	26.43	0.050097	36.210
26.42	26.43	0.050113	36.311
26.42	26.43	0.050130	36.410
26.42	26.43	0.050147	36.511
26.42	26.43	0.050163	36.610
26.45	26.43	0.050180	36.710
26.45	26.43	0.050197	36.811
26.45	26.43	0.050213	36.910
26.45	26.43	0.050230	37.011
26.45	26.43	0.050247	37.110
26.45	26.43	0.050263	37.211
26.45	26.43	0.050280	37.310
26.45	26.43	0.050297	37.440
26.45	26.44	0.050313	37.534
26.45	26.44	0.050330	37.639
26.45	26.44	0.050347	37.738
26.45	26.44	0.050363	37.833
26.45	26.44	0.050380	37.938
26.45	26.44	0.050397	38.037
26.45	26.44	0.050413	38.132
26.42	26.44	0.050430	38.236
26.42	26.44	0.050446	38.331
26.42	26.44	0.050463	38.430
26.42	26.44	0.050480	38.535
26.42	26.44	0.050496	38.630
26.42	26.44	0.050513	38.729
26.42	26.45	0.050530	38.834
26.42	26.45	0.050546	38.928
26.45	26.45	0.050563	39.028
26.45	26.45	0.050580	39.132
26.45	26.45	0.050596	39.227
26.45	26.45	0.050613	39.326
26.45	26.45	0.050630	39.431
26.45	26.45	0.050646	39.526
26.45	26.45	0.050663	39.625
26.45	26.45	0.050680	39.730
26.45	26.45	0.050696	39.824
26.45	26.45	0.050713	39.924
26.45	26.45	0.050730	40.028
26.45	26.46	0.050746	40.123
26.45	26.46	0.050763	40.223
26.45	26.46	0.050780	40.327
26.47	26.46	0.050796	40.422
26.47	26.46	0.050813	40.521
26.47	26.46	0.050830	40.626
26.47	26.46	0.050846	40.720
26.47	26.46	0.050863	40.821
26.47	26.46	0.050880	40.924
26.47	26.46	0.050896	41.019
26.47	26.46	0.050913	41.121
26.47	26.46	0.050930	41.223
26.47	26.46	0.050946	41.317
26.47	26.47	0.050963	41.421
26.47	26.47	0.050980	41.521
26.47	26.47	0.050996	41.616
26.47	26.47	0.051013	41.720
26.47	26.47	0.051030	41.820
26.47	26.47	0.051046	41.915
26.47	26.47	0.051063	42.019
26.47	26.47	0.051080	42.119
26.47	26.47	0.051096	42.213
26.47	26.47	0.051113	42.318
26.47	26.47	0.051130	42.417
26.47	26.47	0.051146	42.512
26.47	26.47	0.051163	42.617
26.47	26.48	0.051180	42.711
26.47	26.48	0.051196	42.811
26.47	26.48	0.051213	42.915
26.47	26.48	0.051230	43.011
26.47	26.48	0.051246	43.110
26.47	26.48	0.051263	43.214
26.47	26.48	0.051279	43.309
26.47	26.48	0.051296	43.410
26.47	26.48	0.051313	43.513
26.47	26.48	0.051329	43.610
26.47	26.48	0.051346	43.711
26.47	26.48	0.051363	43.811
26.50	26.48	0.051379	43.911
26.50	26.49	0.051396	44.010
26.50	26.49	0.051413	44.111
26.50	26.49	0.051429	44.210
26.50	26.49	0.051446	44.310
26.50	26.49	0.051463	44.411
26.50	26.49	0.051479	44.510
26.50	26.49	0.051496	44.611
26.50	26.49	0.051513	44.710
26.50	26.49	0.051529	44.811
26.50	26.49	0.051546	44.910
26.50	26.49	0.051563	45.010
26.50	26.49	0.051579	45.111
26.50	26.49	0.051596	45.210
26.50	26.50	0.051613	45.311
26.50	26.50	0.051629	45.410
26.50	26.50	0.051646	45.511
26.50	26.50	0.051663	45.610
26.50	26.50	0.051679	45.711
26.50	26.50	0.051696	45.810
26.50	26.50	0.051713	45.910
26.50	26.50	0.051729	46.011
