100.00	0.00	7.23	30.00	150.00	2.70	97.30	2.80	

15.01	25.50	0.000000	54.643
15.01	25.50	0.000017	54.742
15.01	25.50	0.000033	54.847
15.22	25.50	0.000050	54.941
15.73	25.50	0.000067	55.041
17.50	25.50	0.000083	55.145
17.86	25.50	0.000100	55.240
19.98	25.50	0.000117	55.340
20.11	25.50	0.000133	55.447
20.57	25.50	0.000150	55.542
21.17	25.50	0.000167	55.641
21.48	25.50	0.000183	55.746
22.08	25.50	0.000200	55.840
22.57	25.50	0.000217	55.940
22.75	25.50	0.000233	56.044
23.04	25.50	0.000250	56.139
23.22	25.50	0.000267	56.239
23.29	25.50	0.000283	56.343
23.32	25.50	0.000300	56.438
23.34	25.50	0.000317	56.538
23.34	25.50	0.000333	56.642
23.39	25.50	0.000350	56.736
23.50	25.50	0.000367	56.838
23.57	25.50	0.000383	56.941
23.75	25.50	0.000400	57.035
23.98	25.50	0.000416	57.139
24.11	25.50	0.000433	57.239
24.37	25.50	0.000450	57.334
24.50	25.50	0.000466	57.438
24.75	25.50	0.000483	57.538
24.96	25.50	0.000500	57.632
25.06	25.50	0.000516	57.736
25.22	25.50	0.000533	57.837
25.32	25.50	0.000550	57.931
25.37	25.50	0.000566	58.035
25.39	25.50	0.000583	58.135
25.39	25.50	0.000600	58.230
25.39	25.50	0.000616	58.334
25.42	25.50	0.000633	58.429
25.42	25.50	0.000650	58.528
25.47	25.50	0.000666	58.633
25.52	25.50	0.000683	58.727
25.60	25.50	0.000700	58.827
25.65	25.50	0.000716	58.932
25.73	25.50	0.000733	59.026
25.78	25.50	0.000750	59.126
25.80	25.50	0.000766	59.230
25.86	25.50	0.000783	59.325
25.86	25.50	0.000800	59.424
25.86	25.50	0.000816	59.529
25.88	25.50	0.000833	59.624
25.88	25.50	0.000850	59.723
25.91	25.50	0.000866	59.828
25.91	25.50	0.000883	59.923
25.93	25.50	0.000900	00.022
25.93	25.50	0.000916	00.125
25.93	25.50	0.000933	00.222
25.96	25.50	0.000950	00.323
25.96	25.50	0.000966	00.424
25.98	25.50	0.000983	00.523
25.98	25.50	0.001000	00.622
25.98	25.50	0.001016	00.723
26.01	25.50	0.001033	00.822
26.01	25.50	0.001050	00.923
26.01	25.50	0.001066	01.023
26.04	25.50	0.001083	01.122
26.04	25.50	0.001100	01.223
26.04	25.50	0.001116	01.322
26.04	25.50	0.001133	01.423
26.04	25.50	0.001150	01.522
26.04	25.50	0.001166	01.623
26.01	25.50	0.001183	01.722
26.01	25.50	0.001200	01.822
26.01	25.50	0.001216	01.923
25.98	25.50	0.001233	02.022
25.98	25.50	0.001250	02.123
25.93	25.50	0.001266	02.222
25.91	25.50	0.001283	02.323
25.88	25.50	0.001299	02.422
25.88	25.50	0.001316	02.523
25.86	25.50	0.001333	02.622
25.86	25.50	0.001349	02.722
25.86	25.50	0.001366	02.823
25.83	25.50	0.001383	02.922
25.83	25.50	0.001399	03.023
25.83	25.50	0.001416	03.122
25.80	25.50	0.001433	03.223
25.80	25.50	0.001449	03.322
25.80	25.50	0.001466	03.423
25.80	25.50	0.001483	03.523
25.78	25.50	0.001499	03.622
25.78	25.50	0.001516	03.723
25.78	25.50	0.001533	03.822
25.75	25.50	0.001549	03.923
25.75	25.50	0.001566	04.022
25.75	25.50	0.001583	04.123
25.73	25.50	0.001599	04.222
25.73	25.50	0.001616	04.322
25.70	25.50	0.001633	04.423
25.70	25.50	0.001649	04.522
25.70	25.50	0.001666	04.623
25.68	25.50	0.001683	04.722
25.68	25.50	0.001699	04.823
25.68	25.50	0.001716	04.922
25.65	25.50	0.001733	05.023
25.65	25.50	0.001749	05.122
25.65	25.50	0.001766	05.222
25.63	25.50	0.001783	05.323
25.63	25.50	0.001799	05.422
25.63	25.50	0.001816	05.523
25.60	25.50	0.001833	05.622
25.60	25.50	0.001849	05.747
25.60	25.50	0.001866	05.846
25.60	25.50	0.001883	05.951
25.57	25.50	0.001899	06.045
25.57	25.50	0.001916	06.144
25.57	25.50	0.001933	06.250
25.57	25.50	0.001949	06.344
25.57	25.50	0.001966	06.443
25.55	25.50	0.001983	06.548
25.55	25.50	0.001999	06.642
25.55	25.50	0.002016	06.741
25.55	25.50	0.002033	06.847
25.55	25.50	0.002049	06.941
25.55	25.50	0.002066	07.040
25.55	25.50	0.002082	07.145
25.55	25.50	0.002099	07.239
25.55	25.50	0.002116	07.339
25.55	25.50	0.002132	07.443
25.55	25.50	0.002149	07.538
25.55	25.50	0.002166	07.638
25.55	25.50	0.002182	07.742
25.55	25.50	0.002199	07.837
25.52	25.50	0.002216	07.939
25.52	25.50	0.002232	08.041
25.52	25.50	0.002249	08.135
25.52	25.50	0.002266	08.239
25.52	25.50	0.002282	08.339
25.52	25.50	0.002299	08.434
25.52	25.50	0.002316	08.539
25.52	25.50	0.002332	08.638
25.52	25.50	0.002349	08.733
25.52	25.50	0.002366	08.837
25.52	25.50	0.002382	08.937
25.52	25.50	0.002399	09.031
25.52	25.50	0.002416	09.136
25.52	25.50	0.002432	09.235
25.52	25.50	0.002449	09.330
25.52	25.50	0.002466	09.435
25.52	25.50	0.002482	09.534
25.52	25.50	0.002499	09.629
25.52	25.50	0.002516	09.733
25.52	25.50	0.002532	09.828
25.52	25.50	0.002549	09.928
25.52	25.50	0.002566	10.033
25.52	25.50	0.002582	10.127
25.52	25.50	0.002599	10.227
25.52	25.50	0.002616	10.331
25.52	25.50	0.002632	10.426
25.52	25.50	0.002649	10.525
25.52	25.50	0.002666	10.630
25.52	25.50	0.002682	10.725
25.52	25.50	0.002699	10.824
25.52	25.50	0.002716	10.929
25.52	25.50	0.002732	11.024
25.52	25.50	0.002749	11.125
25.52	25.50	0.002766	11.227
25.52	25.50	0.002782	11.324
25.52	25.50	0.002799	11.424
25.52	25.50	0.002816	11.526
25.52	25.50	0.002832	11.625
25.52	25.50	0.002849	11.726
25.52	25.50	0.002866	11.825
25.52	25.50	0.002882	11.926
25.52	25.50	0.002899	12.025
25.52	25.50	0.002915	12.126
25.52	25.50	0.002932	12.225
25.52	25.50	0.002949	12.327
25.52	25.50	0.002965	12.427
25.52	25.50	0.002982	12.526
25.52	25.50	0.002999	12.627
25.52	25.50	0.003015	12.726
25.52	25.50	0.003032	12.827
25.52	25.50	0.003049	12.926
25.52	25.50	0.003065	13.027
25.52	25.50	0.003082	13.127
25.52	25.50	0.003099	13.226
25.52	25.50	0.003115	13.327
25.52	25.50	0.003132	13.426
25.50	25.50	0.003149	13.527
25.50	25.50	0.003165	13.626
25.50	25.50	0.003182	13.727
25.50	25.50	0.003199	13.826
25.50	25.50	0.003215	13.926
25.50	25.50	0.003232	14.027
25.50	25.50	0.003249	14.126
25.50	25.50	0.003265	14.227
25.50	25.50	0.003282	14.327
25.50	25.50	0.003299	14.426
25.50	25.50	0.003315	14.527
25.50	25.50	0.003332	14.626
25.50	25.50	0.003349	14.726
25.50	25.50	0.003365	14.827
25.50	25.50	0.003382	14.927
25.52	25.50	0.003399	15.026
25.52	25.50	0.003415	15.127
25.52	25.50	0.003432	15.226
25.52	25.50	0.003449	15.327
25.52	25.50	0.003465	15.427
25.52	25.50	0.003482	15.526
25.52	25.50	0.003499	15.626
25.52	25.50	0.003515	15.727
25.52	25.50	0.003532	15.826
25.52	25.50	0.003549	15.926
25.52	25.50	0.003565	16.026
25.52	25.50	0.003582	16.155
25.52	25.50	0.003599	16.225
25.52	25.50	0.003615	16.349
25.52	25.50	0.003632	16.454
25.50	25.50	0.003649	16.549
25.50	25.50	0.003665	16.648
25.50	25.50	0.003682	16.753
25.50	25.50	0.003699	16.847
25.50	25.50	0.003715	16.947
25.50	25.50	0.003732	17.051
25.50	25.50	0.003748	17.146
25.50	25.50	0.003765	17.246
25.50	25.50	0.003782	17.350
25.50	25.50	0.003798	17.445
25.50	25.50	0.003815	17.544
25.50	25.50	0.003832	17.649
25.50	25.50	0.003848	17.743
25.50	25.50	0.003865	17.843
25.50	25.50	0.003882	17.947
25.50	25.50	0.003898	18.042
25.50	25.50	0.003915	18.141
25.50	25.50	0.003932	18.246
25.52	25.50	0.003948	18.341
25.52	25.50	0.003965	18.440
25.52	25.50	0.003982	18.545
25.52	25.50	0.003998	18.639
25.52	25.50	0.004015	18.739
25.52	25.50	0.004032	18.844
25.52	25.50	0.004048	18.939
25.52	25.50	0.004065	19.039
25.52	25.50	0.004082	19.142
25.50	25.50	0.004098	19.237
25.50	25.50	0.004115	19.339
25.50	25.50	0.004132	19.440
25.50	25.50	0.004148	19.535
25.50	25.50	0.004165	19.640
25.50	25.50	0.004182	19.739
25.50	25.50	0.004198	19.834
25.50	25.50	0.004215	19.938
25.50	25.50	0.004232	20.038
25.50	25.50	0.004248	20.132
25.50	25.50	0.004265	20.237
25.50	25.50	0.004282	20.337
25.50	25.50	0.004298	20.431
25.50	25.50	0.004315	20.536
25.50	25.50	0.004332	20.635
25.50	25.50	0.004348	20.730
25.50	25.50	0.004365	20.834
25.50	25.50	0.004382	20.929
25.50	25.50	0.004398	21.028
25.50	25.50	0.004415	21.133
25.50	25.50	0.004432	21.229
25.52	25.50	0.004448	21.328
25.52	25.50	0.004465	21.432
25.52	25.50	0.004482	21.528
25.52	25.50	0.004498	21.630
25.52	25.50	0.004515	21.730
25.52	25.50	0.004532	21.830
25.52	25.50	0.004548	21.930
25.52	25.50	0.004565	22.029
25.52	25.50	0.004581	22.130
25.52	25.50	0.004598	22.229
25.52	25.50	0.004615	22.330
25.52	25.50	0.004631	22.429
25.50	25.50	0.004648	22.530
25.50	25.50	0.004665	22.629
25.50	25.50	0.004681	22.729
25.50	25.50	0.004698	22.830
25.50	25.50	0.004715	22.929
25.50	25.50	0.004731	23.030
25.50	25.50	0.004748	23.129
25.50	25.50	0.004765	23.230
25.50	25.50	0.004781	23.329
25.50	25.50	0.004798	23.430
25.50	25.50	0.004815	23.529
25.50	25.50	0.004831	23.629
25.50	25.50	0.004848	23.730
25.50	25.50	0.004865	23.829
25.50	25.50	0.004881	23.930
25.50	25.50	0.004898	24.029
25.50	25.50	0.004915	24.130
25.50	25.50	0.004931	24.229
25.50	25.50	0.004948	24.330
25.50	25.50	0.004965	24.430
25.50	25.50	0.004981	24.529
25.50	25.50	0.004998	24.630
25.50	25.50	0.005015	24.729
25.50	25.50	0.005031	24.830
25.50	25.50	0.005048	24.929
25.50	25.50	0.005065	25.030
25.50	25.50	0.005081	25.129
25.50	25.50	0.005098	25.229
25.52	25.50	0.005115	25.330
25.52	25.50	0.005131	25.429
25.52	25.50	0.005148	25.530
25.52	25.50	0.005165	25.629
25.52	25.50	0.005181	25.730
25.52	25.50	0.005198	25.829
25.52	25.50	0.005215	25.930
25.50	25.50	0.005231	26.030
25.50	25.50	0.005248	26.129
25.50	25.50	0.005265	26.230
25.50	25.50	0.005281	26.329
25.50	25.50	0.005298	26.430
25.50	25.50	0.005315	26.529
25.50	25.50	0.005331	26.659
25.50	25.50	0.005348	26.758
25.50	25.50	0.005365	26.853
25.50	25.50	0.005381	26.957
25.50	25.50	0.005398	27.057
25.50	25.50	0.005414	27.152
25.50	25.50	0.005431	27.256
25.50	25.50	0.005448	27.356
25.50	25.50	0.005464	27.451
25.50	25.50	0.005481	27.555
25.50	25.50	0.005498	27.650
25.50	25.50	0.005514	27.749
25.50	25.50	0.005531	27.854
25.50	25.50	0.005548	27.949
25.50	25.50	0.005564	28.048
25.50	25.50	0.005581	28.153
25.50	25.50	0.005598	28.247
25.50	25.50	0.005614	28.347
25.50	25.50	0.005631	28.451
25.50	25.50	0.005648	28.546
25.50	25.50	0.005664	28.646
25.50	25.50	0.005681	28.750
25.50	25.50	0.005698	28.845
25.50	25.50	0.005714	28.944
25.50	25.50	0.005731	29.049
25.50	25.50	0.005748	29.143
25.50	25.50	0.005764	29.243
25.50	25.50	0.005781	29.347
25.50	25.50	0.005798	29.442
25.50	25.50	0.005814	29.542
25.50	25.50	0.005831	29.646
25.50	25.50	0.005848	29.741
25.50	25.50	0.005864	29.840
25.50	25.50	0.005881	29.944
25.50	25.50	0.005898	30.039
25.50	25.50	0.005914	30.139
25.50	25.50	0.005931	30.243
25.50	25.50	0.005948	30.338
25.50	25.50	0.005964	30.439
25.50	25.50	0.005981	30.542
25.52	25.50	0.005998	30.636
25.52	25.50	0.006014	30.740
25.52	25.50	0.006031	30.840
25.52	25.50	0.006048	30.935
25.52	25.50	0.006064	31.039
25.52	25.50	0.006081	31.139
25.52	25.50	0.006098	31.234
25.52	25.50	0.006114	31.338
25.50	25.50	0.006131	31.438
25.50	25.50	0.006148	31.532
25.50	25.50	0.006164	31.637
25.50	25.50	0.006181	31.736
25.50	25.50	0.006198	31.831
25.50	25.50	0.006214	31.936
25.50	25.50	0.006231	32.035
25.50	25.50	0.006247	32.132
25.50	25.50	0.006264	32.234
25.50	25.50	0.006281	32.335
25.50	25.50	0.006297	32.431
25.50	25.50	0.006314	32.533
25.50	25.50	0.006331	32.635
25.50	25.50	0.006347	32.731
25.50	25.50	0.006364	32.832
25.50	25.50	0.006381	32.935
25.50	25.50	0.006397	33.032
25.50	25.50	0.006414	33.131
25.50	25.50	0.006431	33.235
25.50	25.50	0.006447	33.331
25.50	25.50	0.006464	33.432
25.50	25.50	0.006481	33.535
25.50	25.50	0.006497	33.631
25.50	25.50	0.006514	33.732
25.50	25.50	0.006531	33.835
25.50	25.50	0.006547	33.932
25.50	25.50	0.006564	34.031
25.50	25.50	0.006581	34.135
25.50	25.50	0.006597	34.231
25.50	25.50	0.006614	34.331
25.50	25.50	0.006631	34.436
25.50	25.50	0.006647	34.531
25.50	25.50	0.006664	34.632
25.50	25.50	0.006681	34.735
25.50	25.50	0.006697	34.832
25.50	25.50	0.006714	34.931
25.50	25.50	0.006731	35.035
25.50	25.50	0.006747	35.132
25.50	25.50	0.006764	35.231
25.50	25.50	0.006781	35.335
25.50	25.50	0.006797	35.431
25.50	25.50	0.006814	35.531
25.50	25.50	0.006831	35.636
25.50	25.50	0.006847	35.731
25.50	25.50	0.006864	35.832
25.50	25.50	0.006881	35.935
25.52	25.50	0.006897	36.032
25.52	25.50	0.006914	36.131
25.52	25.50	0.006931	36.235
25.52	25.50	0.006947	36.332
25.52	25.50	0.006964	36.431
25.52	25.50	0.006981	36.536
25.52	25.50	0.006997	36.631
25.52	25.50	0.007014	36.732
25.52	25.50	0.007031	36.835
25.52	25.50	0.007047	36.932
25.50	25.50	0.007064	37.031
25.50	25.50	0.007080	37.135
25.50	25.50	0.007097	37.232
25.50	25.50	0.007114	37.330
25.50	25.50	0.007130	37.436
25.50	25.50	0.007147	37.531
25.50	25.50	0.007164	37.656
25.50	25.50	0.007180	37.735
25.50	25.50	0.007197	37.860
25.50	25.50	0.007214	37.954
25.50	25.50	0.007230	38.059
25.50	25.50	0.007247	38.158
25.50	25.50	0.007264	38.253
25.50	25.50	0.007280	38.358
25.50	25.50	0.007297	38.457
25.50	25.50	0.007314	38.552
25.50	25.50	0.007330	38.656
25.50	25.50	0.007347	38.756
25.50	25.50	0.007364	38.850
25.50	25.50	0.007380	38.955
25.50	25.50	0.007397	39.050
25.50	25.50	0.007414	39.149
25.50	25.50	0.007430	39.254
25.50	25.50	0.007447	39.348
25.50	25.50	0.007464	39.448
25.50	25.50	0.007480	39.552
25.50	25.50	0.007497	39.647
25.50	25.50	0.007514	39.747
25.50	25.50	0.007530	39.851
25.50	25.50	0.007547	39.946
25.50	25.50	0.007564	40.045
25.50	25.50	0.007580	40.150
25.50	25.50	0.007597	40.244
25.50	25.50	0.007614	40.344
25.50	25.50	0.007630	40.448
25.50	25.50	0.007647	40.543
25.50	25.50	0.007664	40.643
25.50	25.50	0.007680	40.747
25.50	25.50	0.007697	40.842
25.50	25.50	0.007714	40.941
25.50	25.50	0.007730	41.045
25.50	25.50	0.007747	41.140
25.50	25.50	0.007764	41.240
25.50	25.50	0.007780	41.344
25.50	25.50	0.007797	41.439
25.50	25.50	0.007814	41.540
25.50	25.50	0.007830	41.643
25.50	25.50	0.007847	41.737
25.50	25.50	0.007864	41.840
25.50	25.50	0.007880	41.941
25.50	25.50	0.007897	42.036
25.50	25.50	0.007913	42.140
25.50	25.50	0.007930	42.240
25.50	25.50	0.007947	42.335
25.50	25.50	0.007963	42.439
25.50	25.50	0.007980	42.539
25.50	25.50	0.007997	42.633
25.50	25.50	0.008013	42.738
25.50	25.50	0.008030	42.838
25.50	25.50	0.008047	42.932
25.50	25.50	0.008063	43.037
25.50	25.50	0.008080	43.136
25.50	25.50	0.008097	43.233
25.50	25.50	0.008113	43.335
25.50	25.50	0.008130	43.436
25.50	25.50	0.008147	43.532
25.52	25.50	0.008163	43.634
25.52	25.50	0.008180	43.736
25.52	25.50	0.008197	43.832
25.52	25.50	0.008213	43.933
25.52	25.50	0.008230	44.035
25.52	25.50	0.008247	44.134
25.52	25.50	0.008263	44.233
25.52	25.50	0.008280	44.336
25.50	25.50	0.008297	44.434
25.50	25.50	0.008313	44.533
25.50	25.50	0.008330	44.636
25.50	25.50	0.008347	44.733
25.50	25.50	0.008363	44.834
25.50	25.50	0.008380	44.936
25.50	25.50	0.008397	45.034
25.50	25.50	0.008413	45.133
25.50	25.50	0.008430	45.236
25.50	25.50	0.008447	45.333
25.50	25.50	0.008463	45.434
25.50	25.50	0.008480	45.535
25.50	25.50	0.008497	45.634
25.50	25.50	0.008513	45.734
25.50	25.50	0.008530	45.835
25.50	25.50	0.008547	45.934
25.50	25.50	0.008563	46.033
25.50	25.50	0.008580	46.136
25.50	25.50	0.008597	46.233
25.50	25.50	0.008613	46.334
25.50	25.50	0.008630	46.435
25.50	25.50	0.008647	46.533
25.50	25.50	0.008663	46.634
25.50	25.50	0.008680	46.736
25.50	25.50	0.008697	46.834
25.50	25.50	0.008713	46.933
25.50	25.50	0.008730	47.036
25.50	25.50	0.008746	47.133
25.50	25.50	0.008763	47.233
25.50	25.50	0.008780	47.336
25.50	25.50	0.008796	47.433
25.50	25.50	0.008813	47.534
25.50	25.50	0.008830	47.636
25.50	25.50	0.008846	47.733
25.50	25.50	0.008863	47.834
25.50	25.50	0.008880	47.935
25.50	25.50	0.008896	48.034
25.50	25.50	0.008913	48.134
25.50	25.50	0.008930	48.236
25.50	25.50	0.008946	48.334
25.50	25.50	0.008963	48.433
25.50	25.50	0.008980	48.536
25.50	25.50	0.008996	48.662
25.50	25.50	0.009013	48.757
25.50	25.50	0.009030	48.835
25.50	25.50	0.009046	48.961
25.50	25.50	0.009063	49.055
25.50	25.50	0.009080	49.160
25.50	25.50	0.009096	49.260
25.52	25.50	0.009113	49.354
25.52	25.50	0.009130	49.459
25.52	25.50	0.009146	49.558
25.52	25.50	0.009163	49.653
25.52	25.50	0.009180	49.757
25.52	25.50	0.009196	49.857
25.50	25.50	0.009213	49.952
25.50	25.50	0.009230	50.056
25.50	25.50	0.009246	50.151
25.50	25.50	0.009263	50.250
25.50	25.50	0.009280	50.355
25.50	25.50	0.009296	50.449
25.50	25.50	0.009313	50.549
25.50	25.50	0.009330	50.653
25.50	25.50	0.009346	50.748
25.50	25.50	0.009363	50.848
25.50	25.50	0.009380	50.952
25.50	25.50	0.009396	51.046
25.50	25.50	0.009413	51.146
25.50	25.50	0.009430	51.250
25.50	25.50	0.009446	51.345
25.50	25.50	0.009463	51.444
25.50	25.50	0.009480	51.549
25.50	25.50	0.009496	51.644
25.50	25.50	0.009513	51.743
25.50	25.50	0.009530	51.848
25.50	25.50	0.009546	51.943
25.50	25.50	0.009563	52.042
25.50	25.50	0.009579	52.147
25.50	25.50	0.009596	52.241
25.50	25.50	0.009613	52.341
25.50	25.50	0.009629	52.446
25.50	25.50	0.009646	52.540
25.50	25.50	0.009663	52.641
25.50	25.50	0.009679	52.744
25.50	25.50	0.009696	52.839
25.50	25.50	0.009713	52.940
25.50	25.50	0.009729	53.043
25.50	25.50	0.009746	53.138
25.50	25.50	0.009763	53.240
25.50	25.50	0.009779	53.342
25.50	25.50	0.009796	53.437
25.50	25.50	0.009813	53.541
25.50	25.50	0.009829	53.640
25.50	25.50	0.009846	53.738
25.50	25.50	0.009863	53.839
25.50	25.50	0.009879	53.939
25.50	25.50	0.009896	54.037
25.50	25.50	0.009913	54.138
25.50	25.50	0.009929	54.238
25.50	25.50	0.009946	54.337
25.50	25.50	0.009963	54.438
25.50	25.50	0.009979	54.537
25.50	25.50	0.009996	54.638
25.50	25.50	0.010013	54.737
25.50	25.50	0.010029	54.838
25.50	25.50	0.010046	54.938
25.50	25.50	0.010063	55.037
25.50	25.50	0.010079	55.138
25.50	25.50	0.010096	55.237
25.50	25.50	0.010113	55.338
25.50	25.50	0.010129	55.437
25.50	25.50	0.010146	55.538
25.50	25.50	0.010163	55.637
25.50	25.50	0.010179	55.737
25.50	25.50	0.010196	55.838
25.50	25.50	0.010213	55.937
25.50	25.50	0.010229	56.038
25.50	25.50	0.010246	56.137
25.50	25.50	0.010263	56.238
25.50	25.50	0.010279	56.337
25.50	25.50	0.010296	56.438
25.50	25.50	0.010313	56.537
25.50	25.50	0.010329	56.637
25.50	25.50	0.010346	56.738
25.50	25.50	0.010363	56.837
25.50	25.50	0.010379	56.938
25.50	25.50	0.010396	57.037
25.50	25.50	0.010412	57.138
25.50	25.50	0.010429	57.237
25.50	25.50	0.010446	57.338
25.50	25.50	0.010462	57.438
25.50	25.50	0.010479	57.537
25.50	25.50	0.010496	57.638
25.50	25.50	0.010512	57.737
25.50	25.50	0.010529	57.838
25.50	25.50	0.010546	57.937
25.50	25.50	0.010562	58.038
25.50	25.50	0.010579	58.137
25.50	25.50	0.010596	58.237
25.50	25.50	0.010612	58.338
25.50	25.50	0.010629	58.437
25.50	25.50	0.010646	58.538
25.50	25.50	0.010662	58.637
25.50	25.50	0.010679	58.738
25.50	25.50	0.010696	58.837
25.50	25.50	0.010712	58.962
25.50	25.50	0.010729	59.061
25.50	25.50	0.010746	59.166
25.50	25.50	0.010762	59.261
25.50	25.50	0.010779	59.361
25.50	25.50	0.010796	59.465
25.50	25.50	0.010812	59.559
25.50	25.50	0.010829	59.661
25.52	25.50	0.010846	59.763
25.52	25.50	0.010862	59.858
25.52	25.50	0.010879	59.961
25.52	25.50	0.010896	00.062
25.52	25.50	0.010912	00.156
25.52	25.50	0.010929	00.261
25.52	25.50	0.010946	00.361
25.50	25.50	0.010962	00.455
25.50	25.50	0.010979	00.560
25.50	25.50	0.010996	00.659
25.50	25.50	0.011012	00.754
25.50	25.50	0.011029	00.858
25.50	25.50	0.011046	00.958
25.50	25.50	0.011062	01.052
25.50	25.50	0.011079	01.157
25.50	25.50	0.011096	01.257
25.50	25.50	0.011112	01.351
25.50	25.50	0.011129	01.456
25.50	25.50	0.011146	01.550
25.50	25.50	0.011162	01.650
25.50	25.50	0.011179	01.754
25.50	25.50	0.011196	01.849
25.50	25.50	0.011212	01.949
25.50	25.50	0.011229	02.053
25.50	25.50	0.011245	02.148
25.50	25.50	0.011262	02.247
25.50	25.50	0.011279	02.352
25.50	25.50	0.011295	02.446
25.50	25.50	0.011312	02.546
25.50	25.50	0.011329	02.651
25.50	25.50	0.011345	02.745
25.50	25.50	0.011362	02.844
25.50	25.50	0.011379	02.949
25.50	25.50	0.011395	03.043
25.50	25.50	0.011412	03.143
25.50	25.50	0.011429	03.247
25.50	25.50	0.011445	03.342
25.50	25.50	0.011462	03.441
25.50	25.50	0.011479	03.547
25.50	25.50	0.011495	03.641
25.50	25.50	0.011512	03.741
25.50	25.50	0.011529	03.845
25.50	25.50	0.011545	03.939
25.50	25.50	0.011562	04.041
25.50	25.50	0.011579	04.143
25.50	25.50	0.011595	04.238
25.50	25.50	0.011612	04.341
25.50	25.50	0.011629	04.442
25.50	25.50	0.011645	04.538
25.50	25.50	0.011662	04.641
25.50	25.50	0.011679	04.741
25.50	25.50	0.011695	04.837
25.50	25.50	0.011712	04.940
25.50	25.50	0.011729	05.039
25.50	25.50	0.011745	05.138
25.50	25.50	0.011762	05.239
25.50	25.50	0.011779	05.338
25.50	25.50	0.011795	05.438
25.50	25.50	0.011812	05.537
25.50	25.50	0.011829	05.637
25.50	25.50	0.011845	05.738
25.50	25.50	0.011862	05.837
25.50	25.50	0.011879	05.938
25.50	25.50	0.011895	06.037
25.50	25.50	0.011912	06.138
25.50	25.50	0.011929	06.237
25.50	25.50	0.011945	06.337
25.50	25.50	0.011962	06.438
25.50	25.50	0.011979	06.537
25.50	25.50	0.011995	06.638
25.50	25.50	0.012012	06.737
25.50	25.50	0.012029	06.838
25.50	25.50	0.012045	06.937
25.50	25.50	0.012062	07.038
25.50	25.50	0.012078	07.137
25.50	25.50	0.012095	07.237
25.50	25.50	0.012112	07.338
25.50	25.50	0.012128	07.437
25.50	25.50	0.012145	07.538
25.50	25.50	0.012162	07.637
25.50	25.50	0.012178	07.738
25.50	25.50	0.012195	07.837
25.50	25.50	0.012212	07.938
25.50	25.50	0.012228	08.038
25.50	25.50	0.012245	08.138
25.50	25.50	0.012262	08.238
25.50	25.50	0.012278	08.337
25.50	25.50	0.012295	08.438
25.50	25.50	0.012312	08.537
25.50	25.50	0.012328	08.638
25.50	25.50	0.012345	08.737
25.50	25.50	0.012362	08.838
25.50	25.50	0.012378	08.937
25.50	25.50	0.012395	09.037
25.50	25.50	0.012412	09.138
25.50	25.50	0.012428	09.237
25.50	25.50	0.012445	09.338
25.50	25.50	0.012462	09.437
25.50	25.50	0.012478	09.538
25.50	25.50	0.012495	09.637
25.50	25.50	0.012512	09.738
25.50	25.50	0.012528	09.837
25.50	25.50	0.012545	09.937
25.50	25.50	0.012562	10.038
25.50	25.50	0.012578	10.137
25.50	25.50	0.012595	10.267
25.50	25.50	0.012612	10.361
25.50	25.50	0.012628	10.462
25.50	25.50	0.012645	10.565
25.50	25.50	0.012662	10.660
25.50	25.50	0.012678	10.737
25.50	25.50	0.012695	10.864
25.50	25.50	0.012712	10.959
25.50	25.50	0.012728	11.037
25.50	25.50	0.012745	11.163
25.50	25.50	0.012762	11.257
25.50	25.50	0.012778	11.362
25.50	25.50	0.012795	11.461
25.50	25.50	0.012812	11.556
25.50	25.50	0.012828	11.661
25.50	25.50	0.012845	11.760
25.50	25.50	0.012862	11.855
25.50	25.50	0.012878	11.959
25.50	25.50	0.012895	12.059
25.50	25.50	0.012911	12.153
25.50	25.50	0.012928	12.258
25.50	25.50	0.012945	12.357
25.50	25.50	0.012961	12.452
25.50	25.50	0.012978	12.557
25.50	25.50	0.012995	12.651
25.50	25.50	0.013011	12.751
25.50	25.50	0.013028	12.855
25.50	25.50	0.013045	12.950
25.50	25.50	0.013061	13.049
25.50	25.50	0.013078	13.154
25.50	25.50	0.013095	13.249
25.52	25.50	0.013111	13.348
25.52	25.50	0.013128	13.453
25.52	25.50	0.013145	13.547
25.52	25.50	0.013161	13.647
25.52	25.50	0.013178	13.752
25.52	25.50	0.013195	13.846
25.52	25.50	0.013211	13.946
25.50	25.50	0.013228	14.050
25.50	25.50	0.013245	14.144
25.50	25.50	0.013261	14.244
25.50	25.50	0.013278	14.349
25.50	25.50	0.013295	14.443
25.50	25.50	0.013311	14.543
25.50	25.50	0.013328	14.647
25.50	25.50	0.013345	14.742
25.50	25.50	0.013361	14.841
25.50	25.50	0.013378	14.946
25.50	25.50	0.013395	15.041
25.50	25.50	0.013411	15.141
25.50	25.50	0.013428	15.245
25.50	25.50	0.013445	15.339
25.50	25.50	0.013461	15.442
25.50	25.50	0.013478	15.543
25.50	25.50	0.013495	15.639
25.50	25.50	0.013511	15.741
25.50	25.50	0.013528	15.842
25.47	25.50	0.013545	15.939
25.47	25.50	0.013561	16.041
25.47	25.50	0.013578	16.141
25.47	25.50	0.013595	16.238
25.47	25.50	0.013611	16.340
25.50	25.50	0.013628	16.439
25.50	25.50	0.013645	16.538
25.50	25.50	0.013661	16.639
25.50	25.50	0.013678	16.738
25.50	25.50	0.013695	16.839
25.50	25.50	0.013711	16.938
25.50	25.50	0.013728	17.039
25.50	25.50	0.013744	17.138
25.50	25.50	0.013761	17.239
25.50	25.50	0.013778	17.338
25.50	25.50	0.013794	17.438
25.50	25.50	0.013811	17.539
25.50	25.50	0.013828	17.638
25.50	25.50	0.013844	17.739
25.50	25.50	0.013861	17.838
25.50	25.50	0.013878	17.939
25.50	25.50	0.013894	18.038
25.50	25.50	0.013911	18.139
25.50	25.50	0.013928	18.239
25.50	25.50	0.013944	18.338
25.50	25.50	0.013961	18.439
25.50	25.50	0.013978	18.538
25.52	25.50	0.013994	18.639
25.52	25.50	0.014011	18.738
25.52	25.50	0.014028	18.839
25.52	25.50	0.014044	18.938
25.52	25.50	0.014061	19.038
25.52	25.50	0.014078	19.139
25.50	25.50	0.014094	19.238
25.50	25.50	0.014111	19.339
25.50	25.50	0.014128	19.438
25.50	25.50	0.014144	19.539
25.50	25.50	0.014161	19.638
25.50	25.50	0.014178	19.739
25.50	25.50	0.014194	19.838
25.50	25.50	0.014211	19.938
25.50	25.50	0.014228	20.039
25.50	25.50	0.014244	20.138
25.50	25.50	0.014261	20.239
25.50	25.50	0.014278	20.338
25.50	25.50	0.014294	20.439
25.50	25.50	0.014311	20.538
25.50	25.50	0.014328	20.639
25.50	25.50	0.014344	20.739
25.50	25.50	0.014361	20.838
25.50	25.50	0.014378	20.939
25.50	25.50	0.014394	21.038
25.50	25.50	0.014411	21.139
25.50	25.50	0.014428	21.238
25.50	25.50	0.014444	21.368
25.50	25.50	0.014461	21.463
25.50	25.50	0.014478	21.562
25.50	25.50	0.014494	21.667
25.50	25.50	0.014511	21.762
25.50	25.50	0.014528	21.837
25.50	25.50	0.014544	21.966
25.50	25.50	0.014561	22.060
25.50	25.50	0.014577	22.162
25.50	25.50	0.014594	22.264
25.50	25.50	0.014611	22.359
25.50	25.50	0.014627	22.462
25.50	25.50	0.014644	22.563
25.50	25.50	0.014661	22.658
25.50	25.50	0.014677	22.762
25.50	25.50	0.014694	22.862
25.50	25.50	0.014711	22.956
25.50	25.50	0.014727	23.061
25.50	25.50	0.014744	23.160
25.50	25.50	0.014761	23.255
25.50	25.50	0.014777	23.359
25.50	25.50	0.014794	23.459
25.50	25.50	0.014811	23.554
25.50	25.50	0.014827	23.658
25.50	25.50	0.014844	23.758
25.50	25.50	0.014861	23.852
25.50	25.50	0.014877	23.957
25.50	25.50	0.014894	24.051
25.50	25.50	0.014911	24.151
25.50	25.50	0.014927	24.256
25.50	25.50	0.014944	24.350
25.50	25.50	0.014961	24.450
25.50	25.50	0.014977	24.554
25.50	25.50	0.014994	24.649
25.50	25.50	0.015011	24.748
25.50	25.50	0.015027	24.853
25.50	25.50	0.015044	24.948
25.50	25.50	0.015061	25.047
25.50	25.50	0.015077	25.151
25.50	25.50	0.015094	25.246
25.50	25.50	0.015111	25.345
25.50	25.50	0.015127	25.450
25.50	25.50	0.015144	25.544
25.50	25.50	0.015161	25.644
25.50	25.50	0.015177	25.749
25.50	25.50	0.015194	25.843
25.50	25.50	0.015211	25.943
25.50	25.50	0.015227	26.047
25.50	25.50	0.015244	26.142
25.50	25.50	0.015261	26.242
25.50	25.50	0.015277	26.346
25.50	25.50	0.015294	26.441
25.50	25.50	0.015311	26.542
25.50	25.50	0.015327	26.645
25.50	25.50	0.015344	26.739
25.50	25.50	0.015361	26.842
25.50	25.50	0.015377	26.943
25.50	25.50	0.015394	27.039
25.50	25.50	0.015410	27.142
25.50	25.50	0.015427	27.242
25.50	25.50	0.015444	27.340
25.50	25.50	0.015460	27.441
25.50	25.50	0.015477	27.541
25.50	25.50	0.015494	27.639
25.50	25.50	0.015510	27.740
25.50	25.50	0.015527	27.839
25.50	25.50	0.015544	27.939
25.50	25.50	0.015560	28.040
25.50	25.50	0.015577	28.139
25.50	25.50	0.015594	28.240
25.50	25.50	0.015610	28.339
25.50	25.50	0.015627	28.440
25.50	25.50	0.015644	28.539
25.50	25.50	0.015660	28.640
25.50	25.50	0.015677	28.739
25.50	25.50	0.015694	28.839
25.50	25.50	0.015710	28.940
25.50	25.50	0.015727	29.039
25.50	25.50	0.015744	29.140
25.50	25.50	0.015760	29.239
25.50	25.50	0.015777	29.340
25.50	25.50	0.015794	29.439
25.50	25.50	0.015810	29.540
25.50	25.50	0.015827	29.640
25.50	25.50	0.015844	29.740
25.50	25.50	0.015860	29.841
25.50	25.50	0.015877	29.940
25.50	25.50	0.015894	30.041
25.50	25.50	0.015910	30.140
25.50	25.50	0.015927	30.241
25.50	25.50	0.015944	30.340
25.50	25.50	0.015960	30.440
25.50	25.50	0.015977	30.541
25.50	25.50	0.015994	30.640
25.50	25.50	0.016010	30.741
25.50	25.50	0.016027	30.840
25.52	25.50	0.016044	30.942
25.52	25.50	0.016060	31.041
25.52	25.50	0.016077	31.142
25.52	25.50	0.016094	31.242
25.52	25.50	0.016110	31.341
25.52	25.50	0.016127	31.442
25.52	25.50	0.016144	31.541
25.50	25.50	0.016160	31.642
25.50	25.50	0.016177	31.741
25.50	25.50	0.016194	31.842
25.50	25.50	0.016210	31.941
25.50	25.50	0.016227	32.041
25.50	25.50	0.016244	32.170
25.50	25.50	0.016260	32.240
25.50	25.50	0.016277	32.365
25.50	25.50	0.016293	32.469
25.50	25.50	0.016310	32.564
25.50	25.50	0.016327	32.663
25.50	25.50	0.016343	32.768
25.50	25.50	0.016360	32.862
25.50	25.50	0.016377	32.963
25.50	25.50	0.016393	33.067
25.50	25.50	0.016410	33.161
25.50	25.50	0.016427	33.263
25.50	25.50	0.016443	33.365
25.50	25.50	0.016460	33.460
25.50	25.50	0.016477	33.562
25.50	25.50	0.016493	33.664
25.50	25.50	0.016510	33.758
25.50	25.50	0.016527	33.863
25.50	25.50	0.016543	33.963
25.50	25.50	0.016560	34.057
25.50	25.50	0.016577	34.162
25.50	25.50	0.016593	34.261
25.50	25.50	0.016610	34.356
25.50	25.50	0.016627	34.460
25.50	25.50	0.016643	34.560
25.50	25.50	0.016660	34.655
25.50	25.50	0.016677	34.759
25.50	25.50	0.016693	34.858
25.50	25.50	0.016710	34.953
25.50	25.50	0.016727	35.057
25.50	25.50	0.016743	35.152
25.50	25.50	0.016760	35.251
25.50	25.50	0.016777	35.356
25.50	25.50	0.016793	35.451
25.47	25.50	0.016810	35.550
25.47	25.50	0.016827	35.655
25.47	25.50	0.016843	35.749
25.47	25.50	0.016860	35.849
25.47	25.50	0.016877	35.953
25.50	25.50	0.016893	36.048
25.50	25.50	0.016910	36.148
25.50	25.50	0.016927	36.252
25.50	25.50	0.016943	36.347
25.50	25.50	0.016960	36.446
25.50	25.50	0.016977	36.551
25.50	25.50	0.016993	36.645
25.50	25.50	0.017010	36.745
25.50	25.50	0.017027	36.849
25.50	25.50	0.017043	36.944
25.50	25.50	0.017060	37.044
25.50	25.50	0.017077	37.148
25.50	25.50	0.017093	37.243
25.50	25.50	0.017110	37.342
25.50	25.50	0.017126	37.447
25.50	25.50	0.017143	37.542
25.50	25.50	0.017160	37.643
25.50	25.50	0.017176	37.746
25.50	25.50	0.017193	37.843
25.50	25.50	0.017210	37.942
25.52	25.50	0.017226	38.045
25.52	25.50	0.017243	38.142
25.52	25.50	0.017260	38.243
25.52	25.50	0.017276	38.343
25.52	25.50	0.017293	38.442
25.52	25.50	0.017310	38.543
25.52	25.50	0.017326	38.642
25.52	25.50	0.017343	38.743
25.52	25.50	0.017360	38.842
25.50	25.50	0.017376	38.943
25.50	25.50	0.017393	39.042
25.50	25.50	0.017410	39.143
25.50	25.50	0.017426	39.243
25.50	25.50	0.017443	39.343
25.50	25.50	0.017460	39.444
25.50	25.50	0.017476	39.543
25.50	25.50	0.017493	39.644
25.50	25.50	0.017510	39.743
25.50	25.50	0.017526	39.844
25.50	25.50	0.017543	39.943
25.50	25.50	0.017560	40.043
25.50	25.50	0.017576	40.144
25.50	25.50	0.017593	40.243
25.50	25.50	0.017610	40.344
25.50	25.50	0.017626	40.443
25.50	25.50	0.017643	40.544
25.50	25.50	0.017660	40.643
25.50	25.50	0.017676	40.744
25.50	25.50	0.017693	40.843
25.50	25.50	0.017710	40.943
25.50	25.50	0.017726	41.044
25.50	25.50	0.017743	41.143
25.50	25.50	0.017760	41.244
25.50	25.50	0.017776	41.343
25.50	25.50	0.017793	41.444
25.50	25.50	0.017810	41.543
25.50	25.50	0.017826	41.644
25.50	25.50	0.017843	41.744
25.50	25.50	0.017860	41.843
25.50	25.50	0.017876	41.944
25.50	25.50	0.017893	42.043
25.50	25.50	0.017910	42.144
25.50	25.50	0.017926	42.243
25.50	25.50	0.017943	42.344
25.50	25.50	0.017959	42.443
25.50	25.50	0.017976	42.543
25.50	25.50	0.017993	42.644
25.50	25.50	0.018009	42.743
25.50	25.50	0.018026	42.844
25.50	25.50	0.018043	42.943
25.50	25.50	0.018059	43.068
25.50	25.50	0.018076	43.167
25.50	25.50	0.018093	43.272
25.50	25.50	0.018109	43.366
25.50	25.50	0.018126	43.466
25.50	25.50	0.018143	43.570
25.50	25.50	0.018159	43.665
25.50	25.50	0.018176	43.765
25.50	25.50	0.018193	43.869
25.50	25.50	0.018209	43.964
25.50	25.50	0.018226	44.063
25.50	25.50	0.018243	44.168
25.50	25.50	0.018259	44.262
25.50	25.50	0.018276	44.363
25.50	25.50	0.018293	44.467
25.50	25.50	0.018309	44.561
25.50	25.50	0.018326	44.663
25.50	25.50	0.018343	44.765
25.50	25.50	0.018359	44.860
25.50	25.50	0.018376	44.963
25.50	25.50	0.018393	45.064
25.50	25.50	0.018409	45.159
25.50	25.50	0.018426	45.263
25.50	25.50	0.018443	45.363
25.50	25.50	0.018459	45.457
25.50	25.50	0.018476	45.562
25.50	25.50	0.018493	45.661
25.50	25.50	0.018509	45.756
25.50	25.50	0.018526	45.860
25.50	25.50	0.018543	45.960
25.50	25.50	0.018559	46.054
25.50	25.50	0.018576	46.159
25.50	25.50	0.018593	46.254
25.50	25.50	0.018609	46.352
25.50	25.50	0.018626	46.457
25.50	25.50	0.018643	46.552
25.50	25.50	0.018659	46.651
25.50	25.50	0.018676	46.756
25.50	25.50	0.018693	46.850
25.50	25.50	0.018709	46.950
25.50	25.50	0.018726	47.054
25.50	25.50	0.018743	47.149
25.50	25.50	0.018759	47.249
25.50	25.50	0.018776	47.353
25.50	25.50	0.018792	47.448
25.50	25.50	0.018809	47.547
25.50	25.50	0.018826	47.652
25.50	25.50	0.018842	47.746
25.50	25.50	0.018859	47.846
25.50	25.50	0.018876	47.950
25.50	25.50	0.018892	48.045
25.50	25.50	0.018909	48.145
25.50	25.50	0.018926	48.249
25.50	25.50	0.018942	48.344
25.50	25.50	0.018959	48.443
25.50	25.50	0.018976	48.548
25.50	25.50	0.018992	48.643
25.50	25.50	0.019009	48.744
25.50	25.50	0.019026	48.846
25.50	25.50	0.019042	48.944
25.50	25.50	0.019059	49.043
25.50	25.50	0.019076	49.146
25.50	25.50	0.019092	49.243
25.50	25.50	0.019109	49.344
25.50	25.50	0.019126	49.444
25.50	25.50	0.019142	49.544
25.50	25.50	0.019159	49.643
25.50	25.50	0.019176	49.743
25.50	25.50	0.019192	49.844
25.50	25.50	0.019209	49.943
25.50	25.50	0.019226	50.044
25.50	25.50	0.019242	50.143
25.50	25.50	0.019259	50.244
25.50	25.50	0.019276	50.343
25.50	25.50	0.019292	50.444
25.50	25.50	0.019309	50.543
25.50	25.50	0.019326	50.643
25.50	25.50	0.019342	50.744
25.50	25.50	0.019359	50.843
25.50	25.50	0.019376	50.944
25.50	25.50	0.019392	51.043
25.50	25.50	0.019409	51.144
25.50	25.50	0.019426	51.243
25.50	25.50	0.019442	51.343
25.50	25.50	0.019459	51.444
25.50	25.50	0.019476	51.543
25.50	25.50	0.019492	51.644
25.50	25.50	0.019509	51.743
25.50	25.50	0.019526	51.844
25.50	25.50	0.019542	51.943
25.50	25.50	0.019559	52.044
25.50	25.50	0.019576	52.143
25.50	25.50	0.019592	52.243
25.50	25.50	0.019609	52.344
25.50	25.50	0.019625	52.443
25.50	25.50	0.019642	52.543
25.50	25.50	0.019659	52.644
25.50	25.50	0.019675	52.743
25.50	25.50	0.019692	52.844
25.50	25.50	0.019709	52.943
25.50	25.50	0.019725	53.044
25.50	25.50	0.019742	53.143
25.50	25.50	0.019759	53.244
25.50	25.50	0.019775	53.343
25.50	25.50	0.019792	53.443
25.50	25.50	0.019809	53.544
25.50	25.50	0.019825	53.643
25.50	25.50	0.019842	53.744
25.50	25.50	0.019859	53.843
25.50	25.50	0.019875	53.944
25.50	25.50	0.019892	54.044
25.50	25.50	0.019909	54.143
25.50	25.50	0.019925	54.244
25.50	25.50	0.019942	54.343
25.50	25.50	0.019959	54.442
25.50	25.50	0.019975	54.567
25.50	25.50	0.019992	54.672
25.50	25.50	0.020009	54.765
25.50	25.50	0.020025	54.866
25.50	25.50	0.020042	54.970
25.50	25.50	0.020059	55.065
25.50	25.50	0.020075	55.164
25.50	25.50	0.020092	55.268
25.50	25.50	0.020109	55.363
25.50	25.50	0.020125	55.463
25.50	25.50	0.020142	55.568
25.50	25.50	0.020159	55.661
25.50	25.50	0.020175	55.764
25.50	25.50	0.020192	55.867
25.50	25.50	0.020209	55.960
25.50	25.50	0.020225	56.064
25.50	25.50	0.020242	56.164
25.50	25.50	0.020259	56.259
25.50	25.50	0.020275	56.363
25.50	25.50	0.020292	56.463
25.50	25.50	0.020309	56.558
25.50	25.50	0.020325	56.662
25.50	25.50	0.020342	56.762
25.50	25.50	0.020359	56.856
25.50	25.50	0.020375	56.961
25.50	25.50	0.020392	57.060
25.50	25.50	0.020409	57.155
25.50	25.50	0.020425	57.259
25.50	25.50	0.020442	57.359
25.50	25.50	0.020458	57.454
25.50	25.50	0.020475	57.558
25.50	25.50	0.020492	57.653
25.50	25.50	0.020508	57.752
25.50	25.50	0.020525	57.857
25.52	25.50	0.020542	57.952
25.52	25.50	0.020558	58.052
25.52	25.50	0.020575	58.156
25.52	25.50	0.020592	58.251
25.52	25.50	0.020608	58.350
25.52	25.50	0.020625	58.454
25.52	25.50	0.020642	58.549
25.50	25.50	0.020658	58.648
25.50	25.50	0.020675	58.753
25.50	25.50	0.020692	58.848
25.50	25.50	0.020708	58.947
25.50	25.50	0.020725	59.052
25.50	25.50	0.020742	59.146
25.50	25.50	0.020758	59.246
25.50	25.50	0.020775	59.350
25.50	25.50	0.020792	59.446
25.50	25.50	0.020808	59.545
25.50	25.50	0.020825	59.649
25.50	25.50	0.020842	59.746
25.50	25.50	0.020858	59.845
25.50	25.50	0.020875	59.948
25.50	25.50	0.020892	00.046
25.50	25.50	0.020908	00.145
25.50	25.50	0.020925	00.247
25.50	25.50	0.020942	00.346
25.50	25.50	0.020958	00.445
25.50	25.50	0.020975	00.546
25.50	25.50	0.020992	00.645
25.50	25.50	0.021008	00.746
25.50	25.50	0.021025	00.845
25.50	25.50	0.021042	00.946
25.50	25.50	0.021058	01.046
25.50	25.50	0.021075	01.145
25.50	25.50	0.021092	01.246
25.50	25.50	0.021108	01.345
25.50	25.50	0.021125	01.446
25.50	25.50	0.021142	01.545
25.50	25.50	0.021158	01.646
25.50	25.50	0.021175	01.745
25.50	25.50	0.021192	01.845
25.50	25.50	0.021208	01.946
25.50	25.50	0.021225	02.045
25.50	25.50	0.021242	02.146
25.50	25.50	0.021258	02.245
25.50	25.50	0.021275	02.346
25.50	25.50	0.021291	02.445
25.50	25.50	0.021308	02.546
25.50	25.50	0.021325	02.646
25.50	25.50	0.021341	02.747
25.50	25.50	0.021358	02.848
25.50	25.50	0.021375	02.947
25.50	25.50	0.021391	03.048
25.50	25.50	0.021408	03.147
25.50	25.50	0.021425	03.248
25.50	25.50	0.021441	03.347
25.50	25.50	0.021458	03.448
25.50	25.50	0.021475	03.548
25.50	25.50	0.021491	03.648
25.50	25.50	0.021508	03.749
25.50	25.50	0.021525	03.848
25.50	25.50	0.021541	03.949
25.50	25.50	0.021558	04.049
25.50	25.50	0.021575	04.148
25.50	25.50	0.021591	04.249
25.50	25.50	0.021608	04.349
25.50	25.50	0.021625	04.473
25.50	25.50	0.021641	04.578
25.50	25.50	0.021658	04.672
25.50	25.50	0.021675	04.772
25.50	25.50	0.021691	04.876
25.50	25.50	0.021708	04.971
25.50	25.50	0.021725	05.070
25.50	25.50	0.021741	05.175
25.50	25.50	0.021758	05.269
25.50	25.50	0.021775	05.369
25.50	25.50	0.021791	05.474
25.50	25.50	0.021808	05.568
25.50	25.50	0.021825	05.668
25.50	25.50	0.021841	05.772
25.50	25.50	0.021858	05.867
25.50	25.50	0.021875	05.966
25.50	25.50	0.021891	06.071
25.50	25.50	0.021908	06.166
25.50	25.50	0.021925	06.265
25.50	25.50	0.021941	06.370
25.50	25.50	0.021958	06.464
25.50	25.50	0.021975	06.564
25.50	25.50	0.021991	06.668
25.50	25.50	0.022008	06.763
25.50	25.50	0.022025	06.864
25.50	25.50	0.022041	06.967
25.50	25.50	0.022058	07.062
25.50	25.50	0.022075	07.164
25.50	25.50	0.022091	07.266
25.50	25.50	0.022108	07.360
25.50	25.50	0.022124	07.464
25.50	25.50	0.022141	07.564
25.50	25.50	0.022158	07.659
25.50	25.50	0.022174	07.764
25.50	25.50	0.022191	07.863
25.50	25.50	0.022208	07.958
25.50	25.50	0.022224	08.062
25.50	25.50	0.022241	08.162
25.50	25.50	0.022258	08.256
25.50	25.50	0.022274	08.361
25.50	25.50	0.022291	08.460
25.50	25.50	0.022308	08.555
25.50	25.50	0.022324	08.660
25.50	25.50	0.022341	08.754
25.50	25.50	0.022358	08.854
25.50	25.50	0.022374	08.958
25.50	25.50	0.022391	09.053
25.50	25.50	0.022408	09.152
25.50	25.50	0.022424	09.257
25.50	25.50	0.022441	09.352
25.50	25.50	0.022458	09.451
25.50	25.50	0.022474	09.556
25.50	25.50	0.022491	09.650
25.50	25.50	0.022508	09.750
25.50	25.50	0.022524	09.854
25.50	25.50	0.022541	09.950
25.50	25.50	0.022558	10.049
25.50	25.50	0.022574	10.153
25.50	25.50	0.022591	10.249
25.50	25.50	0.022608	10.349
25.50	25.50	0.022624	10.452
25.50	25.50	0.022641	10.549
25.50	25.50	0.022658	10.650
25.50	25.50	0.022674	10.750
25.50	25.50	0.022691	10.850
25.50	25.50	0.022708	10.949
25.50	25.50	0.022724	11.050
25.50	25.50	0.022741	11.149
25.50	25.50	0.022758	11.250
25.50	25.50	0.022774	11.350
25.50	25.50	0.022791	11.449
25.50	25.50	0.022808	11.550
25.50	25.50	0.022824	11.649
25.50	25.50	0.022841	11.750
25.50	25.50	0.022858	11.849
25.50	25.50	0.022874	11.950
25.50	25.50	0.022891	12.049
25.50	25.50	0.022908	12.149
25.50	25.50	0.022924	12.250
25.50	25.50	0.022941	12.349
25.50	25.50	0.022957	12.449
25.50	25.50	0.022974	12.550
25.50	25.50	0.022991	12.649
25.50	25.50	0.023007	12.750
25.50	25.50	0.023024	12.849
25.50	25.50	0.023041	12.950
25.50	25.50	0.023057	13.049
25.50	25.50	0.023074	13.149
25.50	25.50	0.023091	13.250
25.50	25.50	0.023107	13.349
25.50	25.50	0.023124	13.449
25.50	25.50	0.023141	13.548
25.50	25.50	0.023157	13.650
25.50	25.50	0.023174	13.749
25.50	25.50	0.023191	13.850
25.50	25.50	0.023207	13.949
25.50	25.50	0.023224	14.049
25.50	25.50	0.023241	14.150
25.50	25.50	0.023257	14.249
25.50	25.50	0.023274	14.350
25.50	25.50	0.023291	14.449
25.50	25.50	0.023307	14.550
25.50	25.50	0.023324	14.649
25.52	25.50	0.023341	14.750
25.52	25.50	0.023357	14.850
25.52	25.50	0.023374	14.949
25.52	25.50	0.023391	15.050
25.52	25.50	0.023407	15.149
25.50	25.50	0.023424	15.250
25.50	25.50	0.023441	15.349
25.50	25.50	0.023457	15.450
25.50	25.50	0.023474	15.549
25.50	25.50	0.023491	15.679
25.50	25.50	0.023507	15.773
25.50	25.50	0.023524	15.873
25.50	25.50	0.023541	15.977
25.50	25.50	0.023557	16.072
25.50	25.50	0.023574	16.172
25.50	25.50	0.023591	16.276
25.50	25.50	0.023607	16.371
25.50	25.50	0.023624	16.470
25.50	25.50	0.023641	16.575
25.50	25.50	0.023657	16.669
25.50	25.50	0.023674	16.769
25.50	25.50	0.023691	16.873
25.50	25.50	0.023707	16.968
25.50	25.50	0.023724	17.068
25.50	25.50	0.023741	17.172
25.50	25.50	0.023757	17.267
25.50	25.50	0.023774	17.366
25.50	25.50	0.023790	17.471
25.50	25.50	0.023807	17.565
25.50	25.50	0.023824	17.665
25.50	25.50	0.023840	17.770
25.50	25.50	0.023857	17.864
25.50	25.50	0.023874	17.965
25.50	25.50	0.023890	18.068
25.50	25.50	0.023907	18.163
25.50	25.50	0.023924	18.265
25.50	25.50	0.023940	18.367
25.50	25.50	0.023957	18.461
25.50	25.50	0.023974	18.565
25.50	25.50	0.023990	18.666
25.50	25.50	0.024007	18.760
25.50	25.50	0.024024	18.865
25.50	25.50	0.024040	18.964
25.50	25.50	0.024057	19.059
25.50	25.50	0.024074	19.163
25.50	25.50	0.024090	19.263
25.50	25.50	0.024107	19.358
25.50	25.50	0.024124	19.462
25.50	25.50	0.024140	19.562
25.50	25.50	0.024157	19.656
25.50	25.50	0.024174	19.761
25.50	25.50	0.024190	19.855
25.50	25.50	0.024207	19.955
25.50	25.50	0.024224	20.059
25.50	25.50	0.024240	20.154
25.50	25.50	0.024257	20.254
25.50	25.50	0.024274	20.358
25.50	25.50	0.024290	20.453
25.50	25.50	0.024307	20.552
25.50	25.50	0.024324	20.657
25.50	25.50	0.024340	20.751
25.50	25.50	0.024357	20.851
25.50	25.50	0.024374	20.956
25.50	25.50	0.024390	21.051
25.50	25.50	0.024407	21.152
25.50	25.50	0.024424	21.254
25.50	25.50	0.024440	21.352
25.50	25.50	0.024457	21.451
25.50	25.50	0.024474	21.553
25.50	25.50	0.024490	21.651
25.50	25.50	0.024507	21.751
25.50	25.50	0.024524	21.852
25.50	25.50	0.024540	21.951
25.50	25.50	0.024557	22.052
25.50	25.50	0.024574	22.151
25.50	25.50	0.024590	22.252
25.50	25.50	0.024607	22.351
25.50	25.50	0.024623	22.452
25.50	25.50	0.024640	22.552
25.50	25.50	0.024657	22.651
25.50	25.50	0.024673	22.752
25.50	25.50	0.024690	22.851
25.50	25.50	0.024707	22.952
25.50	25.50	0.024723	23.051
25.50	25.50	0.024740	23.152
25.50	25.50	0.024757	23.251
25.50	25.50	0.024773	23.351
25.50	25.50	0.024790	23.452
25.50	25.50	0.024807	23.551
25.50	25.50	0.024823	23.652
25.50	25.50	0.024840	23.751
25.50	25.50	0.024857	23.852
25.50	25.50	0.024873	23.951
25.50	25.50	0.024890	24.052
25.50	25.50	0.024907	24.151
25.50	25.50	0.024923	24.251
25.50	25.50	0.024940	24.352
25.50	25.50	0.024957	24.451
25.50	25.50	0.024973	24.552
25.50	25.50	0.024990	24.651
25.50	25.50	0.025007	24.752
25.50	25.50	0.025023	24.851
25.50	25.50	0.025040	24.951
25.50	25.50	0.025057	25.052
25.50	25.50	0.025073	25.151
25.50	25.50	0.025090	25.252
25.50	25.50	0.025107	25.351
25.50	25.50	0.025123	25.452
25.50	25.50	0.025140	25.551
25.50	25.50	0.025157	25.652
25.50	25.50	0.025173	25.751
25.50	25.50	0.025190	25.852
25.50	25.50	0.025207	25.951
25.50	25.50	0.025223	26.051
25.50	25.50	0.025240	26.152
25.50	25.50	0.025257	26.251
25.50	25.50	0.025273	26.352
25.50	25.50	0.025290	26.451
25.50	25.50	0.025307	26.581
25.50	25.50	0.025323	26.675
25.50	25.50	0.025340	26.780
25.50	25.50	0.025357	26.874
25.50	25.50	0.025373	26.974
25.50	25.50	0.025390	27.078
25.50	25.50	0.025407	27.173
25.50	25.50	0.025423	27.273
25.50	25.50	0.025440	27.377
25.50	25.50	0.025456	27.472
25.50	25.50	0.025473	27.571
25.50	25.50	0.025490	27.676
25.50	25.50	0.025506	27.770
25.50	25.50	0.025523	27.870
25.52	25.50	0.025540	27.975
25.52	25.50	0.025556	28.069
25.52	25.50	0.025573	28.169
25.52	25.50	0.025590	28.273
25.52	25.50	0.025606	28.368
25.52	25.50	0.025623	28.467
25.50	25.50	0.025640	28.572
25.50	25.50	0.025656	28.667
25.50	25.50	0.025673	28.766
25.50	25.50	0.025690	28.871
25.50	25.50	0.025706	28.965
25.50	25.50	0.025723	29.066
25.50	25.50	0.025740	29.169
25.50	25.50	0.025756	29.264
25.50	25.50	0.025773	29.365
25.50	25.50	0.025790	29.468
25.50	25.50	0.025806	29.563
25.50	25.50	0.025823	29.665
25.50	25.50	0.025840	29.767
25.50	25.50	0.025856	29.861
25.50	25.50	0.025873	29.965
25.50	25.50	0.025890	30.065
25.50	25.50	0.025906	30.160
25.50	25.50	0.025923	30.265
25.50	25.50	0.025940	30.364
25.50	25.50	0.025956	30.459
25.50	25.50	0.025973	30.563
25.50	25.50	0.025990	30.663
25.50	25.50	0.026006	30.758
25.50	25.50	0.026023	30.862
25.50	25.50	0.026040	30.962
25.50	25.50	0.026056	31.056
25.50	25.50	0.026073	31.161
25.50	25.50	0.026090	31.255
25.50	25.50	0.026106	31.355
25.50	25.50	0.026123	31.459
25.50	25.50	0.026140	31.554
25.50	25.50	0.026156	31.653
25.50	25.50	0.026173	31.758
25.50	25.50	0.026190	31.852
25.50	25.50	0.026206	31.952
25.50	25.50	0.026223	32.057
25.50	25.50	0.026240	32.151
25.50	25.50	0.026256	32.252
25.50	25.50	0.026273	32.355
25.50	25.50	0.026289	32.452
25.50	25.50	0.026306	32.551
25.50	25.50	0.026323	32.654
25.50	25.50	0.026339	32.752
25.50	25.50	0.026356	32.851
25.50	25.50	0.026373	32.953
25.50	25.50	0.026389	33.051
25.50	25.50	0.026406	33.152
25.50	25.50	0.026423	33.251
25.50	25.50	0.026439	33.352
25.50	25.50	0.026456	33.451
25.50	25.50	0.026473	33.551
25.50	25.50	0.026489	33.652
25.50	25.50	0.026506	33.751
25.50	25.50	0.026523	33.852
25.50	25.50	0.026539	33.951
25.50	25.50	0.026556	34.052
25.50	25.50	0.026573	34.151
25.50	25.50	0.026589	34.252
25.50	25.50	0.026606	34.352
25.50	25.50	0.026623	34.452
25.50	25.50	0.026639	34.553
25.50	25.50	0.026656	34.652
25.50	25.50	0.026673	34.753
25.50	25.50	0.026689	34.852
25.50	25.50	0.026706	34.953
25.50	25.50	0.026723	35.052
25.50	25.50	0.026739	35.152
25.50	25.50	0.026756	35.253
25.50	25.50	0.026773	35.353
25.50	25.50	0.026789	35.452
25.50	25.50	0.026806	35.553
25.50	25.50	0.026823	35.652
25.50	25.50	0.026839	35.753
25.50	25.50	0.026856	35.852
25.50	25.50	0.026873	35.952
25.50	25.50	0.026889	36.053
25.50	25.50	0.026906	36.152
25.50	25.50	0.026923	36.253
25.50	25.50	0.026939	36.352
25.50	25.50	0.026956	36.453
25.50	25.50	0.026973	36.552
25.50	25.50	0.026989	36.653
25.50	25.50	0.027006	36.752
25.50	25.50	0.027023	36.852
25.50	25.50	0.027039	36.953
25.50	25.50	0.027056	37.052
25.50	25.50	0.027073	37.153
25.50	25.50	0.027089	37.252
25.50	25.50	0.027106	37.353
25.50	25.50	0.027122	37.452
25.50	25.50	0.027139	37.552
25.50	25.50	0.027156	37.653
25.50	25.50	0.027172	37.752
25.50	25.50	0.027189	37.882
25.50	25.50	0.027206	37.975
25.47	25.50	0.027222	38.076
25.47	25.50	0.027239	38.180
25.47	25.50	0.027256	38.274
25.47	25.50	0.027272	38.374
25.47	25.50	0.027289	38.478
25.50	25.50	0.027306	38.574
25.50	25.50	0.027322	38.673
25.50	25.50	0.027339	38.777
25.50	25.50	0.027356	38.872
25.50	25.50	0.027372	38.972
25.50	25.50	0.027389	39.075
25.50	25.50	0.027406	39.171
25.50	25.50	0.027422	39.269
25.50	25.50	0.027439	39.375
25.50	25.50	0.027456	39.469
25.50	25.50	0.027472	39.568
25.50	25.50	0.027489	39.673
25.50	25.50	0.027506	39.767
25.50	25.50	0.027522	39.867
25.50	25.50	0.027539	39.971
25.50	25.50	0.027556	40.066
25.50	25.50	0.027572	40.166
25.50	25.50	0.027589	40.270
25.50	25.50	0.027606	40.365
25.50	25.50	0.027622	40.466
25.52	25.50	0.027639	40.569
25.52	25.50	0.027656	40.663
25.52	25.50	0.027672	40.766
25.52	25.50	0.027689	40.868
25.52	25.50	0.027706	40.962
25.52	25.50	0.027722	41.067
25.52	25.50	0.027739	41.167
25.50	25.50	0.027756	41.261
25.50	25.50	0.027772	41.365
25.50	25.50	0.027789	41.465
25.50	25.50	0.027806	41.559
25.50	25.50	0.027822	41.664
25.50	25.50	0.027839	41.764
25.50	25.50	0.027856	41.858
25.50	25.50	0.027872	41.963
25.50	25.50	0.027889	42.062
25.50	25.50	0.027906	42.157
25.50	25.50	0.027922	42.262
25.50	25.50	0.027939	42.356
25.50	25.50	0.027955	42.456
25.50	25.50	0.027972	42.561
25.50	25.50	0.027989	42.655
25.50	25.50	0.028005	42.755
25.50	25.50	0.028022	42.859
25.50	25.50	0.028039	42.954
25.50	25.50	0.028055	43.053
25.50	25.50	0.028072	43.158
25.50	25.50	0.028089	43.252
25.50	25.50	0.028105	43.352
25.50	25.50	0.028122	43.457
25.50	25.50	0.028139	43.552
25.50	25.50	0.028155	43.653
25.50	25.50	0.028172	43.755
25.50	25.50	0.028189	43.852
25.50	25.50	0.028205	43.953
25.50	25.50	0.028222	44.053
25.50	25.50	0.028239	44.153
25.50	25.50	0.028255	44.252
25.50	25.50	0.028272	44.353
25.50	25.50	0.028289	44.452
25.50	25.50	0.028305	44.553
25.50	25.50	0.028322	44.652
25.50	25.50	0.028339	44.752
25.50	25.50	0.028355	44.853
25.50	25.50	0.028372	44.952
25.50	25.50	0.028389	45.053
25.50	25.50	0.028405	45.152
25.50	25.50	0.028422	45.253
25.50	25.50	0.028439	45.352
25.50	25.50	0.028455	45.452
25.50	25.50	0.028472	45.553
25.50	25.50	0.028489	45.652
25.50	25.50	0.028505	45.753
25.50	25.50	0.028522	45.852
25.50	25.50	0.028539	45.953
25.50	25.50	0.028555	46.052
25.50	25.50	0.028572	46.152
25.50	25.50	0.028589	46.253
25.50	25.50	0.028605	46.352
25.50	25.50	0.028622	46.453
25.50	25.50	0.028639	46.552
25.50	25.50	0.028655	46.653
25.50	25.50	0.028672	46.752
25.50	25.50	0.028689	46.853
25.50	25.50	0.028705	46.952
25.50	25.50	0.028722	47.052
25.50	25.50	0.028739	47.153
25.50	25.50	0.028755	47.252
25.50	25.50	0.028772	47.353
25.50	25.50	0.028788	47.452
25.50	25.50	0.028805	47.553
25.50	25.50	0.028822	47.652
25.50	25.50	0.028838	47.753
25.50	25.50	0.028855	47.853
25.50	25.50	0.028872	47.952
25.50	25.50	0.028888	48.053
25.50	25.50	0.028905	48.152
25.50	25.50	0.028922	48.253
25.50	25.50	0.028938	48.352
25.50	25.50	0.028955	48.453
25.50	25.50	0.028972	48.552
25.50	25.50	0.028988	48.652
25.50	25.50	0.029005	48.753
25.50	25.50	0.029022	48.852
25.50	25.50	0.029038	48.953
25.50	25.50	0.029055	49.052
25.50	25.50	0.029072	49.177
25.50	25.50	0.029088	49.281
25.50	25.50	0.029105	49.376
25.50	25.50	0.029122	49.475
25.50	25.50	0.029138	49.580
25.50	25.50	0.029155	49.674
25.50	25.50	0.029172	49.773
25.50	25.50	0.029188	49.879
25.50	25.50	0.029205	49.972
25.50	25.50	0.029222	50.072
25.50	25.50	0.029238	50.177
25.50	25.50	0.029255	50.271
25.50	25.50	0.029272	50.370
25.50	25.50	0.029288	50.475
25.50	25.50	0.029305	50.570
25.50	25.50	0.029322	50.669
25.50	25.50	0.029338	50.774
25.50	25.50	0.029355	50.868
25.50	25.50	0.029372	50.968
25.50	25.50	0.029388	51.072
25.50	25.50	0.029405	51.168
25.50	25.50	0.029422	51.267
25.50	25.50	0.029438	51.371
25.50	25.50	0.029455	51.466
25.50	25.50	0.029472	51.566
25.50	25.50	0.029488	51.670
25.50	25.50	0.029505	51.764
25.50	25.50	0.029522	51.867
25.50	25.50	0.029538	51.968
25.50	25.50	0.029555	52.063
25.50	25.50	0.029572	52.167
25.50	25.50	0.029588	52.267
25.50	25.50	0.029605	52.362
25.50	25.50	0.029621	52.466
25.50	25.50	0.029638	52.566
25.50	25.50	0.029655	52.660
25.50	25.50	0.029671	52.765
25.50	25.50	0.029688	52.865
25.50	25.50	0.029705	52.959
25.50	25.50	0.029721	53.064
25.50	25.50	0.029738	53.163
25.50	25.50	0.029755	53.258
25.50	25.50	0.029771	53.362
25.50	25.50	0.029788	53.462
25.50	25.50	0.029805	53.556
25.50	25.50	0.029821	53.661
25.50	25.50	0.029838	53.756
25.50	25.50	0.029855	53.855
25.50	25.50	0.029871	53.960
25.50	25.50	0.029888	54.054
25.50	25.50	0.029905	54.154
25.50	25.50	0.029921	54.258
25.50	25.50	0.029938	54.353
25.50	25.50	0.029955	54.453
25.50	25.50	0.029971	54.557
25.50	25.50	0.029988	54.653
25.50	25.50	0.030005	54.752
25.50	25.50	0.030021	54.856
25.50	25.50	0.030038	54.952
25.50	25.50	0.030055	55.053
25.50	25.50	0.030071	55.154
25.50	25.50	0.030088	55.252
25.50	25.51	0.030105	55.353
25.50	25.51	0.030121	55.454
25.52	25.51	0.030138	55.552
25.52	25.51	0.030155	55.653
25.52	25.51	0.030171	55.752
25.52	25.51	0.030188	55.853
25.52	25.51	0.030205	55.952
25.52	25.51	0.030221	56.052
25.52	25.51	0.030238	56.153
25.52	25.51	0.030255	56.252
25.52	25.51	0.030271	56.353
25.52	25.51	0.030288	56.452
25.52	25.51	0.030305	56.553
25.52	25.52	0.030321	56.652
25.52	25.52	0.030338	56.753
25.52	25.52	0.030355	56.853
25.52	25.52	0.030371	56.953
25.52	25.52	0.030388	57.054
25.52	25.52	0.030405	57.153
25.50	25.52	0.030421	57.254
25.50	25.52	0.030438	57.353
25.50	25.52	0.030454	57.454
25.50	25.52	0.030471	57.553
25.50	25.52	0.030488	57.653
25.50	25.52	0.030504	57.754
25.50	25.52	0.030521	57.853
25.52	25.53	0.030538	57.954
25.52	25.53	0.030554	58.053
25.52	25.53	0.030571	58.154
25.52	25.53	0.030588	58.253
25.52	25.53	0.030604	58.354
25.52	25.53	0.030621	58.453
25.52	25.53	0.030638	58.553
25.52	25.53	0.030654	58.654
25.52	25.53	0.030671	58.753
25.52	25.53	0.030688	58.854
25.52	25.53	0.030704	58.953
25.55	25.53	0.030721	59.054
25.55	25.53	0.030738	59.153
25.55	25.54	0.030754	59.254
25.55	25.54	0.030771	59.354
25.55	25.54	0.030788	59.454
25.55	25.54	0.030804	59.555
25.55	25.54	0.030821	59.654
25.55	25.54	0.030838	59.755
25.55	25.54	0.030854	59.854
25.55	25.54	0.030871	59.979
25.55	25.54	0.030888	00.083
25.55	25.54	0.030904	00.183
25.55	25.54	0.030921	00.277
25.55	25.54	0.030938	00.382
25.55	25.54	0.030954	00.477
25.55	25.55	0.030971	00.576
25.55	25.55	0.030988	00.681
25.55	25.55	0.031004	00.775
25.55	25.55	0.031021	00.875
25.55	25.55	0.031038	00.979
25.55	25.55	0.031054	01.074
25.55	25.55	0.031071	01.174
25.55	25.55	0.031088	01.278
25.55	25.55	0.031104	01.373
25.55	25.55	0.031121	01.472
25.55	25.55	0.031138	01.577
25.55	25.55	0.031154	01.671
25.55	25.55	0.031171	01.771
25.55	25.56	0.031188	01.875
25.55	25.56	0.031204	01.970
25.55	25.56	0.031221	02.070
25.55	25.56	0.031238	02.174
25.55	25.56	0.031254	02.269
25.55	25.56	0.031271	02.368
25.55	25.56	0.031287	02.473
25.55	25.56	0.031304	02.567
25.55	25.56	0.031321	02.667
25.55	25.56	0.031337	02.771
25.55	25.56	0.031354	02.866
25.55	25.56	0.031371	02.967
25.55	25.56	0.031387	03.070
25.55	25.57	0.031404	03.165
25.55	25.57	0.031421	03.267
25.55	25.57	0.031437	03.369
25.55	25.57	0.031454	03.463
25.55	25.57	0.031471	03.567
25.55	25.57	0.031487	03.668
25.55	25.57	0.031504	03.762
25.55	25.57	0.031521	03.867
25.57	25.57	0.031537	03.966
25.57	25.57	0.031554	04.060
25.57	25.57	0.031571	04.165
25.57	25.57	0.031587	04.264
25.57	25.57	0.031604	04.359
25.57	25.58	0.031621	04.463
25.57	25.58	0.031637	04.564
25.57	25.58	0.031654	04.658
25.57	25.58	0.031671	04.763
25.57	25.58	0.031687	04.857
25.57	25.58	0.031704	04.957
25.57	25.58	0.031721	05.061
25.60	25.58	0.031737	05.156
25.60	25.58	0.031754	05.255
25.60	25.58	0.031771	05.360
25.60	25.58	0.031787	05.455
25.60	25.58	0.031804	05.556
25.60	25.58	0.031821	05.658
25.60	25.59	0.031837	05.756
25.60	25.59	0.031854	05.857
25.60	25.59	0.031871	05.958
25.60	25.59	0.031887	06.056
25.60	25.59	0.031904	06.157
25.60	25.59	0.031921	06.256
25.60	25.59	0.031937	06.357
25.60	25.59	0.031954	06.456
25.60	25.59	0.031971	06.556
25.57	25.59	0.031987	06.657
25.57	25.59	0.032004	06.756
25.57	25.59	0.032021	06.857
25.57	25.59	0.032037	06.956
25.57	25.60	0.032054	07.057
25.57	25.60	0.032071	07.156
25.57	25.60	0.032087	07.258
25.57	25.60	0.032104	07.357
25.60	25.60	0.032120	07.457
25.60	25.60	0.032137	07.558
25.60	25.60	0.032154	07.657
25.60	25.60	0.032170	07.758
25.60	25.60	0.032187	07.857
25.60	25.60	0.032204	07.958
25.60	25.60	0.032220	08.057
25.60	25.60	0.032237	08.158
25.60	25.60	0.032254	08.257
25.60	25.61	0.032270	08.357
25.63	25.61	0.032287	08.458
25.63	25.61	0.032304	08.557
25.63	25.61	0.032320	08.658
25.63	25.61	0.032337	08.757
25.63	25.61	0.032354	08.859
25.63	25.61	0.032370	08.958
25.63	25.61	0.032387	09.063
25.63	25.61	0.032404	09.159
25.63	25.61	0.032420	09.258
25.63	25.61	0.032437	09.363
25.63	25.61	0.032454	09.458
25.63	25.61	0.032470	09.559
25.63	25.62	0.032487	09.663
25.63	25.62	0.032504	09.759
25.63	25.62	0.032520	09.858
25.63	25.62	0.032537	09.958
25.60	25.62	0.032554	10.059
25.60	25.62	0.032570	10.158
25.60	25.62	0.032587	10.263
25.60	25.62	0.032604	10.358
25.60	25.62	0.032620	10.483
25.60	25.62	0.032637	10.587
25.60	25.62	0.032654	10.687
25.60	25.62	0.032670	10.781
25.63	25.62	0.032687	10.886
25.63	25.62	0.032704	10.985
25.63	25.63	0.032720	11.080
25.63	25.63	0.032737	11.185
25.63	25.63	0.032754	11.284
25.63	25.63	0.032770	11.379
25.63	25.63	0.032787	11.483
25.63	25.63	0.032804	11.578
25.63	25.63	0.032820	11.677
25.63	25.63	0.032837	11.782
25.63	25.63	0.032854	11.877
25.63	25.63	0.032870	11.976
25.63	25.63	0.032887	12.081
25.63	25.63	0.032904	12.175
25.63	25.63	0.032920	12.275
25.63	25.64	0.032937	12.379
25.63	25.64	0.032953	12.474
25.63	25.64	0.032970	12.573
25.63	25.64	0.032987	12.678
25.63	25.64	0.033003	12.773
25.63	25.64	0.033020	12.872
25.63	25.64	0.033037	12.977
25.63	25.64	0.033053	13.071
25.65	25.64	0.033070	13.171
25.65	25.64	0.033087	13.275
25.65	25.64	0.033103	13.370
25.65	25.64	0.033120	13.470
25.65	25.64	0.033137	13.574
25.65	25.65	0.033153	13.669
25.65	25.65	0.033170	13.768
25.65	25.65	0.033187	13.873
25.65	25.65	0.033203	13.967
25.65	25.65	0.033220	14.068
25.65	25.65	0.033237	14.171
25.65	25.65	0.033253	14.266
25.65	25.65	0.033270	14.368
25.65	25.65	0.033287	14.470
25.65	25.65	0.033303	14.564
25.65	25.65	0.033320	14.667
25.65	25.65	0.033337	14.769
25.65	25.65	0.033353	14.863
25.65	25.66	0.033370	14.967
25.65	25.66	0.033387	15.067
25.65	25.66	0.033403	15.162
25.65	25.66	0.033420	15.266
25.65	25.66	0.033437	15.366
25.65	25.66	0.033453	15.460
25.65	25.66	0.033470	15.565
25.65	25.66	0.033487	15.664
25.65	25.66	0.033503	15.760
25.65	25.66	0.033520	15.863
25.65	25.66	0.033537	15.963
25.65	25.66	0.033553	16.060
25.65	25.66	0.033570	16.162
25.68	25.67	0.033587	16.264
25.68	25.67	0.033603	16.359
25.68	25.67	0.033620	16.461
25.68	25.67	0.033637	16.563
25.68	25.67	0.033653	16.660
25.68	25.67	0.033670	16.760
25.68	25.67	0.033687	16.863
25.68	25.67	0.033703	16.960
25.68	25.67	0.033720	17.059
25.68	25.67	0.033737	17.163
25.68	25.67	0.033753	17.259
25.68	25.67	0.033770	17.360
25.68	25.67	0.033786	17.463
25.68	25.68	0.033803	17.559
25.68	25.68	0.033820	17.660
25.68	25.68	0.033836	17.763
25.68	25.68	0.033853	17.860
25.68	25.68	0.033870	17.959
25.68	25.68	0.033886	18.064
25.68	25.68	0.033903	18.160
25.68	25.68	0.033920	18.259
25.68	25.68	0.033936	18.363
25.68	25.68	0.033953	18.460
25.68	25.68	0.033970	18.559
25.68	25.68	0.033986	18.664
25.68	25.68	0.034003	18.759
25.68	25.69	0.034020	18.860
25.68	25.69	0.034036	18.963
25.68	25.69	0.034053	19.060
25.68	25.69	0.034070	19.159
25.68	25.69	0.034086	19.263
25.68	25.69	0.034103	19.360
25.68	25.69	0.034120	19.459
25.68	25.69	0.034136	19.564
25.68	25.69	0.034153	19.659
25.68	25.69	0.034170	19.760
25.68	25.69	0.034186	19.863
25.68	25.69	0.034203	19.960
25.68	25.69	0.034220	20.059
25.70	25.70	0.034236	20.163
25.70	25.70	0.034253	20.260
25.70	25.70	0.034270	20.359
25.70	25.70	0.034286	20.464
25.70	25.70	0.034303	20.559
25.70	25.70	0.034320	20.660
25.70	25.70	0.034336	20.763
25.70	25.70	0.034353	20.859
25.70	25.70	0.034370	20.960
25.70	25.70	0.034386	21.064
25.70	25.70	0.034403	21.159
25.70	25.70	0.034420	21.260
25.70	25.70	0.034436	21.363
25.70	25.71	0.034453	21.488
25.70	25.71	0.034470	21.583
25.70	25.71	0.034486	21.688
25.70	25.71	0.034503	21.787
25.70	25.71	0.034520	21.882
25.70	25.71	0.034536	21.986
25.70	25.71	0.034553	22.087
25.70	25.71	0.034570	22.181
25.70	25.71	0.034586	22.286
25.70	25.71	0.034603	22.385
25.73	25.71	0.034619	22.480
25.73	25.71	0.034636	22.584
25.73	25.71	0.034653	22.684
25.73	25.72	0.034669	22.779
25.73	25.72	0.034686	22.883
25.73	25.72	0.034703	22.978
25.73	25.72	0.034719	23.077
25.73	25.72	0.034736	23.182
25.73	25.72	0.034753	23.276
25.73	25.72	0.034769	23.376
25.73	25.72	0.034786	23.481
25.73	25.72	0.034803	23.575
25.73	25.72	0.034819	23.675
25.73	25.72	0.034836	23.779
25.73	25.72	0.034853	23.874
25.73	25.72	0.034869	23.973
25.73	25.73	0.034886	24.078
25.73	25.73	0.034903	24.172
25.70	25.73	0.034919	24.272
25.70	25.73	0.034936	24.377
25.70	25.73	0.034953	24.470
25.70	25.73	0.034969	24.571
25.70	25.73	0.034986	24.674
25.70	25.73	0.035003	24.770
25.73	25.73	0.035019	24.869
25.73	25.73	0.035036	24.974
25.73	25.73	0.035053	25.069
25.73	25.73	0.035069	25.168
25.73	25.73	0.035086	25.273
25.73	25.74	0.035103	25.367
25.73	25.74	0.035119	25.468
25.73	25.74	0.035136	25.570
25.73	25.74	0.035153	25.665
25.75	25.74	0.035169	25.768
25.75	25.74	0.035186	25.870
25.75	25.74	0.035203	25.965
25.75	25.74	0.035219	26.068
25.75	25.74	0.035236	26.169
25.75	25.74	0.035253	26.263
25.75	25.74	0.035269	26.367
25.75	25.74	0.035286	26.467
25.75	25.74	0.035303	26.562
25.75	25.75	0.035319	26.667
25.75	25.75	0.035336	26.766
25.75	25.75	0.035353	26.861
25.75	25.75	0.035369	26.965
25.75	25.75	0.035386	27.064
25.75	25.75	0.035403	27.162
25.75	25.75	0.035419	27.263
25.75	25.75	0.035436	27.364
25.75	25.75	0.035452	27.462
25.75	25.75	0.035469	27.562
25.75	25.75	0.035486	27.664
25.75	25.75	0.035502	27.761
25.75	25.75	0.035519	27.862
25.75	25.76	0.035536	27.964
25.75	25.76	0.035552	28.062
25.75	25.76	0.035569	28.161
25.75	25.76	0.035586	28.264
25.75	25.76	0.035602	28.363
25.75	25.76	0.035619	28.462
25.75	25.76	0.035636	28.564
25.75	25.76	0.035652	28.662
25.75	25.76	0.035669	28.763
25.75	25.76	0.035686	28.864
25.75	25.76	0.035702	28.963
25.75	25.76	0.035719	29.062
25.78	25.76	0.035736	29.164
25.78	25.77	0.035752	29.263
25.78	25.77	0.035769	29.362
25.78	25.77	0.035786	29.464
25.78	25.77	0.035802	29.562
25.78	25.77	0.035819	29.663
25.78	25.77	0.035836	29.764
25.78	25.77	0.035852	29.863
25.78	25.77	0.035869	29.963
25.78	25.77	0.035886	30.064
25.78	25.77	0.035902	30.163
25.78	25.77	0.035919	30.262
25.78	25.77	0.035936	30.364
25.78	25.77	0.035952	30.462
25.78	25.78	0.035969	30.563
25.78	25.78	0.035986	30.664
25.78	25.78	0.036002	30.762
25.78	25.78	0.036019	30.863
25.78	25.78	0.036036	30.964
25.78	25.78	0.036052	31.063
25.78	25.78	0.036069	31.162
25.78	25.78	0.036086	31.264
25.78	25.78	0.036102	31.362
25.78	25.78	0.036119	31.463
25.78	25.78	0.036136	31.564
25.78	25.78	0.036152	31.662
25.78	25.78	0.036169	31.763
25.78	25.79	0.036186	31.864
25.78	25.79	0.036202	31.963
25.78	25.79	0.036219	32.062
25.78	25.79	0.036236	32.164
25.78	25.79	0.036252	32.291
25.78	25.79	0.036269	32.386
25.78	25.79	0.036285	32.465
25.78	25.79	0.036302	32.590
25.78	25.79	0.036319	32.685
25.78	25.79	0.036335	32.764
25.78	25.79	0.036352	32.889
25.78	25.79	0.036369	32.983
25.78	25.79	0.036385	33.088
25.78	25.80	0.036402	33.187
25.78	25.80	0.036419	33.282
25.78	25.80	0.036435	33.386
25.78	25.80	0.036452	33.486
25.78	25.80	0.036469	33.581
25.78	25.80	0.036485	33.685
25.80	25.80	0.036502	33.785
25.80	25.80	0.036519	33.879
25.80	25.80	0.036535	33.984
25.80	25.80	0.036552	34.079
25.80	25.80	0.036569	34.178
25.80	25.80	0.036585	34.283
25.80	25.80	0.036602	34.378
25.80	25.81	0.036619	34.477
25.80	25.81	0.036635	34.581
25.80	25.81	0.036652	34.675
25.80	25.81	0.036669	34.776
25.80	25.81	0.036685	34.880
25.80	25.81	0.036702	34.975
25.83	25.81	0.036719	35.074
25.83	25.81	0.036735	35.179
25.83	25.81	0.036752	35.274
25.83	25.81	0.036769	35.373
25.83	25.81	0.036785	35.478
25.83	25.81	0.036802	35.572
25.83	25.81	0.036819	35.672
25.83	25.82	0.036835	35.776
25.83	25.82	0.036852	35.871
25.83	25.82	0.036869	35.971
25.83	25.82	0.036885	36.075
25.83	25.82	0.036902	36.169
25.83	25.82	0.036919	36.269
25.83	25.82	0.036935	36.374
25.80	25.82	0.036952	36.467
25.80	25.82	0.036969	36.569
25.80	25.82	0.036985	36.671
25.80	25.82	0.037002	36.766
25.80	25.82	0.037019	36.869
25.80	25.82	0.037035	36.970
25.80	25.83	0.037052	37.065
25.83	25.83	0.037069	37.169
25.83	25.83	0.037085	37.269
25.83	25.83	0.037102	37.363
25.83	25.83	0.037118	37.469
25.83	25.83	0.037135	37.568
25.83	25.83	0.037152	37.662
25.83	25.83	0.037168	37.767
25.83	25.83	0.037185	37.866
25.83	25.83	0.037202	37.963
25.83	25.83	0.037218	38.065
25.83	25.83	0.037235	38.165
25.83	25.83	0.037252	38.262
25.83	25.84	0.037268	38.364
25.83	25.84	0.037285	38.465
25.83	25.84	0.037302	38.562
25.83	25.84	0.037318	38.663
25.83	25.84	0.037335	38.764
25.83	25.84	0.037352	38.863
25.83	25.84	0.037368	38.962
25.83	25.84	0.037385	39.065
25.86	25.84	0.037402	39.162
25.86	25.84	0.037418	39.261
25.86	25.84	0.037435	39.365
25.86	25.84	0.037452	39.461
25.86	25.84	0.037468	39.563
25.86	25.84	0.037485	39.664
25.86	25.85	0.037502	39.763
25.86	25.85	0.037518	39.862
25.86	25.85	0.037535	39.965
25.86	25.85	0.037552	40.063
25.86	25.85	0.037568	40.162
25.86	25.85	0.037585	40.265
25.86	25.85	0.037602	40.362
25.83	25.85	0.037618	40.463
25.83	25.85	0.037635	40.564
25.83	25.85	0.037652	40.663
25.83	25.85	0.037668	40.762
25.83	25.85	0.037685	40.865
25.83	25.85	0.037702	40.963
25.83	25.86	0.037718	41.062
25.83	25.86	0.037735	41.165
25.83	25.86	0.037752	41.262
25.83	25.86	0.037768	41.363
25.86	25.86	0.037785	41.464
25.86	25.86	0.037802	41.563
25.86	25.86	0.037818	41.663
25.86	25.86	0.037835	41.765
25.86	25.86	0.037852	41.863
25.86	25.86	0.037868	41.962
25.86	25.86	0.037885	42.065
25.86	25.86	0.037902	42.162
25.86	25.86	0.037918	42.263
25.86	25.87	0.037935	42.364
25.86	25.87	0.037951	42.462
25.86	25.87	0.037968	42.563
25.88	25.87	0.037985	42.665
25.88	25.87	0.038001	42.763
25.88	25.87	0.038018	42.862
25.88	25.87	0.038035	42.965
25.88	25.87	0.038051	43.062
25.88	25.87	0.038068	43.163
25.88	25.87	0.038085	43.264
25.88	25.87	0.038101	43.362
25.88	25.87	0.038118	43.463
25.88	25.87	0.038135	43.565
25.88	25.88	0.038151	43.691
25.88	25.88	0.038168	43.786
25.88	25.88	0.038185	43.865
25.88	25.88	0.038201	43.990
25.88	25.88	0.038218	44.085
25.88	25.88	0.038235	44.189
25.88	25.88	0.038251	44.289
25.88	25.88	0.038268	44.383
25.88	25.88	0.038285	44.488
25.88	25.88	0.038301	44.587
25.88	25.88	0.038318	44.682
25.88	25.88	0.038335	44.787
25.88	25.88	0.038351	44.886
25.88	25.89	0.038368	44.981
25.88	25.89	0.038385	45.085
25.88	25.89	0.038401	45.180
25.88	25.89	0.038418	45.279
25.88	25.89	0.038435	45.384
25.88	25.89	0.038451	45.479
25.88	25.89	0.038468	45.578
25.88	25.89	0.038485	45.683
25.88	25.89	0.038501	45.776
25.88	25.89	0.038518	45.877
25.88	25.89	0.038535	45.980
25.88	25.89	0.038551	46.075
25.88	25.89	0.038568	46.176
25.91	25.90	0.038585	46.280
25.91	25.90	0.038601	46.375
25.91	25.90	0.038618	46.474
25.91	25.90	0.038635	46.579
25.91	25.90	0.038651	46.673
25.91	25.90	0.038668	46.773
25.91	25.90	0.038685	46.877
25.91	25.90	0.038701	46.972
25.91	25.90	0.038718	47.072
25.91	25.90	0.038735	47.176
25.91	25.90	0.038751	47.271
25.91	25.90	0.038768	47.370
25.91	25.90	0.038784	47.475
25.91	25.91	0.038801	47.568
25.91	25.91	0.038818	47.670
25.91	25.91	0.038834	47.772
25.91	25.91	0.038851	47.868
25.91	25.91	0.038868	47.970
25.91	25.91	0.038884	48.072
25.91	25.91	0.038901	48.169
25.91	25.91	0.038918	48.269
25.91	25.91	0.038934	48.370
25.91	25.91	0.038951	48.468
25.91	25.91	0.038968	48.569
25.91	25.91	0.038984	48.669
25.91	25.91	0.039001	48.768
25.91	25.92	0.039018	48.869
25.91	25.92	0.039034	48.968
25.91	25.92	0.039051	49.069
25.91	25.92	0.039068	49.168
25.91	25.92	0.039084	49.269
25.91	25.92	0.039101	49.368
25.91	25.92	0.039118	49.468
25.91	25.92	0.039134	49.569
25.91	25.92	0.039151	49.668
25.91	25.92	0.039168	49.769
25.91	25.92	0.039184	49.868
25.91	25.92	0.039201	49.969
25.91	25.92	0.039218	50.068
25.91	25.93	0.039234	50.169
25.91	25.93	0.039251	50.269
25.91	25.93	0.039268	50.368
25.91	25.93	0.039284	50.469
25.91	25.93	0.039301	50.568
25.91	25.93	0.039318	50.669
25.93	25.93	0.039334	50.768
25.93	25.93	0.039351	50.869
25.93	25.93	0.039368	50.968
25.93	25.93	0.039384	51.068
25.93	25.93	0.039401	51.168
25.93	25.93	0.039418	51.269
25.93	25.93	0.039434	51.368
25.93	25.94	0.039451	51.469
25.93	25.94	0.039468	51.568
25.93	25.94	0.039484	51.669
25.93	25.94	0.039501	51.768
25.93	25.94	0.039518	51.868
25.93	25.94	0.039534	51.969
25.96	25.94	0.039551	52.068
25.96	25.94	0.039568	52.169
25.96	25.94	0.039584	52.268
25.96	25.94	0.039601	52.369
25.96	25.94	0.039617	52.468
25.96	25.94	0.039634	52.569
25.96	25.94	0.039651	52.669
25.96	25.95	0.039667	52.769
25.96	25.95	0.039684	52.870
25.96	25.95	0.039701	52.969
25.96	25.95	0.039717	53.070
25.96	25.95	0.039734	53.169
25.96	25.95	0.039751	53.299
25.96	25.95	0.039767	53.393
25.96	25.95	0.039784	53.468
25.96	25.95	0.039801	53.597
25.96	25.95	0.039817	53.692
25.96	25.95	0.039834	53.792
25.96	25.95	0.039851	53.896
25.96	25.95	0.039867	53.991
25.93	25.96	0.039884	54.090
25.93	25.96	0.039901	54.195
25.93	25.96	0.039917	54.289
25.93	25.96	0.039934	54.390
25.93	25.96	0.039951	54.493
25.93	25.96	0.039967	54.588
25.96	25.96	0.039984	54.690
25.96	25.96	0.040001	54.792
25.96	25.96	0.040017	54.887
25.96	25.96	0.040034	54.990
25.96	25.96	0.040051	55.091
25.96	25.96	0.040067	55.185
25.96	25.96	0.040084	55.290
25.96	25.97	0.040101	55.390
25.96	25.97	0.040117	55.484
25.96	25.97	0.040134	55.589
25.96	25.97	0.040151	55.688
25.96	25.97	0.040167	55.783
25.96	25.97	0.040184	55.887
25.96	25.97	0.040201	55.987
25.96	25.97	0.040217	56.082
25.96	25.97	0.040234	56.186
25.98	25.97	0.040251	56.286
25.98	25.97	0.040267	56.380
25.98	25.97	0.040284	56.485
25.98	25.97	0.040301	56.579
25.98	25.98	0.040317	56.679
25.98	25.98	0.040334	56.783
25.98	25.98	0.040351	56.878
25.98	25.98	0.040367	56.978
25.98	25.98	0.040384	57.082
25.98	25.98	0.040401	57.177
25.98	25.98	0.040417	57.276
25.98	25.98	0.040434	57.381
25.98	25.98	0.040450	57.475
25.98	25.98	0.040467	57.575
25.98	25.98	0.040484	57.680
25.98	25.98	0.040500	57.774
25.98	25.98	0.040517	57.874
25.98	25.99	0.040534	57.978
25.98	25.99	0.040550	58.073
25.98	25.99	0.040567	58.172
25.98	25.99	0.040584	58.277
25.98	25.99	0.040600	58.371
25.98	25.99	0.040617	58.471
25.98	25.99	0.040634	58.576
25.98	25.99	0.040650	58.670
25.98	25.99	0.040667	58.770
25.98	25.99	0.040684	58.874
25.98	25.99	0.040700	58.970
26.01	25.99	0.040717	59.070
26.01	25.99	0.040734	59.173
26.01	26.00	0.040750	59.270
26.01	26.00	0.040767	59.370
26.01	26.00	0.040784	59.472
26.01	26.00	0.040800	59.568
26.01	26.00	0.040817	59.670
26.01	26.00	0.040834	59.770
26.01	26.00	0.040850	59.869
26.01	26.00	0.040867	59.970
26.01	26.00	0.040884	00.069
26.01	26.00	0.040900	00.170
26.01	26.00	0.040917	00.269
26.01	26.00	0.040934	00.370
26.01	26.00	0.040950	00.469
26.01	26.01	0.040967	00.570
26.01	26.01	0.040984	00.670
26.01	26.01	0.041000	00.769
26.01	26.01	0.041017	00.870
26.01	26.01	0.041034	00.969
26.01	26.01	0.041050	01.070
26.01	26.01	0.041067	01.169
26.01	26.01	0.041084	01.270
26.01	26.01	0.041100	01.369
26.01	26.01	0.041117	01.469
26.01	26.01	0.041134	01.570
26.01	26.01	0.041150	01.669
25.98	26.01	0.041167	01.770
25.98	26.02	0.041184	01.869
25.98	26.02	0.041200	01.970
25.98	26.02	0.041217	02.069
26.01	26.02	0.041234	02.170
26.01	26.02	0.041250	02.269
26.01	26.02	0.041267	02.369
26.01	26.02	0.041283	02.470
26.01	26.02	0.041300	02.569
26.01	26.02	0.041317	02.670
26.01	26.02	0.041333	02.769
26.01	26.02	0.041350	02.870
26.04	26.02	0.041367	02.969
26.04	26.02	0.041383	03.070
26.04	26.03	0.041400	03.170
26.04	26.03	0.041417	03.269
26.04	26.03	0.041433	03.370
26.04	26.03	0.041450	03.469
26.04	26.03	0.041467	03.570
26.04	26.03	0.041483	03.669
26.04	26.03	0.041500	03.770
26.04	26.03	0.041517	03.869
26.04	26.03	0.041533	03.969
26.04	26.03	0.041550	04.070
26.04	26.03	0.041567	04.169
26.04	26.03	0.041583	04.270
26.04	26.03	0.041600	04.369
26.04	26.04	0.041617	04.470
26.04	26.04	0.041633	04.569
26.04	26.04	0.041650	04.699
26.04	26.04	0.041667	04.793
26.04	26.04	0.041683	04.893
26.04	26.04	0.041700	04.997
26.04	26.04	0.041717	05.092
26.04	26.04	0.041733	05.192
26.04	26.04	0.041750	05.296
26.04	26.04	0.041767	05.391
26.04	26.04	0.041783	05.490
26.04	26.04	0.041800	05.595
26.04	26.04	0.041817	05.689
26.04	26.05	0.041833	05.791
26.04	26.05	0.041850	05.894
26.04	26.05	0.041867	05.988
26.04	26.05	0.041883	06.091
26.04	26.05	0.041900	06.192
26.04	26.05	0.041917	06.287
26.04	26.05	0.041933	06.390
26.04	26.05	0.041950	06.491
26.04	26.05	0.041967	06.585
26.04	26.05	0.041983	06.690
26.06	26.05	0.042000	06.790
26.06	26.05	0.042017	06.884
26.06	26.05	0.042033	06.989
26.06	26.06	0.042050	07.088
26.06	26.06	0.042067	07.183
26.06	26.06	0.042083	07.287
26.06	26.06	0.042100	07.387
26.06	26.06	0.042116	07.482
26.06	26.06	0.042133	07.586
26.06	26.06	0.042150	07.681
26.06	26.06	0.042166	07.780
26.06	26.06	0.042183	07.885
26.06	26.06	0.042200	07.979
26.06	26.06	0.042216	08.079
26.06	26.06	0.042233	08.183
26.06	26.06	0.042250	08.278
26.06	26.07	0.042266	08.378
26.06	26.07	0.042283	08.482
26.06	26.07	0.042300	08.577
26.06	26.07	0.042316	08.676
26.06	26.07	0.042333	08.781
26.06	26.07	0.042350	08.875
26.06	26.07	0.042366	08.975
26.06	26.07	0.042383	09.079
26.06	26.07	0.042400	09.174
26.06	26.07	0.042416	09.274
26.06	26.07	0.042433	09.378
26.09	26.07	0.042450	09.473
26.09	26.07	0.042466	09.572
26.09	26.08	0.042483	09.676
26.09	26.08	0.042500	09.771
26.09	26.08	0.042516	09.871
26.09	26.08	0.042533	09.975
26.09	26.08	0.042550	10.070
26.09	26.08	0.042566	10.171
26.09	26.08	0.042583	10.274
26.09	26.08	0.042600	10.370
26.09	26.08	0.042616	10.470
26.09	26.08	0.042633	10.573
26.06	26.08	0.042650	10.669
26.06	26.08	0.042666	10.771
26.06	26.08	0.042683	10.871
26.06	26.08	0.042700	10.969
26.06	26.09	0.042716	11.071
26.06	26.09	0.042733	11.170
26.06	26.09	0.042750	11.270
26.06	26.09	0.042766	11.369
26.06	26.09	0.042783	11.470
26.09	26.09	0.042800	11.569
26.09	26.09	0.042816	11.670
26.09	26.09	0.042833	11.769
26.09	26.09	0.042850	11.870
26.09	26.09	0.042866	11.969
26.09	26.09	0.042883	12.069
26.09	26.09	0.042900	12.170
26.09	26.09	0.042916	12.269
26.09	26.10	0.042933	12.370
26.11	26.10	0.042949	12.469
26.11	26.10	0.042966	12.570
26.11	26.10	0.042983	12.669
26.11	26.10	0.042999	12.770
26.11	26.10	0.043016	12.869
26.11	26.10	0.043033	12.969
26.11	26.10	0.043049	13.070
26.11	26.10	0.043066	13.169
26.11	26.10	0.043083	13.270
26.11	26.10	0.043099	13.369
26.11	26.10	0.043116	13.471
26.11	26.10	0.043133	13.570
26.11	26.11	0.043149	13.671
26.11	26.11	0.043166	13.771
26.11	26.11	0.043183	13.870
26.11	26.11	0.043199	13.971
26.11	26.11	0.043216	14.070
26.11	26.11	0.043233	14.171
26.11	26.11	0.043249	14.270
26.11	26.11	0.043266	14.371
26.11	26.11	0.043283	14.470
26.11	26.11	0.043299	14.570
26.11	26.11	0.043316	14.671
26.11	26.11	0.043333	14.770
26.11	26.11	0.043349	14.871
26.11	26.12	0.043366	14.970
26.11	26.12	0.043383	15.071
26.11	26.12	0.043399	15.170
26.11	26.12	0.043416	15.271
26.11	26.12	0.043433	15.370
26.11	26.12	0.043449	15.470
26.11	26.12	0.043466	15.571
26.11	26.12	0.043483	15.670
26.14	26.12	0.043499	15.800
26.14	26.12	0.043516	15.894
26.14	26.12	0.043533	15.994
26.14	26.12	0.043549	16.098
26.14	26.12	0.043566	16.193
26.14	26.13	0.043583	16.292
26.14	26.13	0.043599	16.397
26.14	26.13	0.043616	16.492
26.14	26.13	0.043633	16.591
26.14	26.13	0.043649	16.696
26.14	26.13	0.043666	16.790
26.11	26.13	0.043683	16.891
26.11	26.13	0.043699	16.994
26.11	26.13	0.043716	17.089
26.11	26.13	0.043733	17.191
26.11	26.13	0.043749	17.293
26.11	26.13	0.043766	17.388
26.11	26.13	0.043782	17.491
26.11	26.14	0.043799	17.592
26.11	26.14	0.043816	17.686
26.14	26.14	0.043832	17.791
26.14	26.14	0.043849	17.890
26.14	26.14	0.043866	17.985
26.14	26.14	0.043882	18.090
26.14	26.14	0.043899	18.189
26.14	26.14	0.043916	18.283
26.14	26.14	0.043932	18.388
26.14	26.14	0.043949	18.487
26.14	26.14	0.043966	18.582
26.14	26.14	0.043982	18.686
26.14	26.14	0.043999	18.782
26.14	26.15	0.044016	18.881
26.14	26.15	0.044032	18.986
26.14	26.15	0.044049	19.080
26.14	26.15	0.044066	19.180
26.14	26.15	0.044082	19.284
26.14	26.15	0.044099	19.379
26.14	26.15	0.044116	19.478
26.14	26.15	0.044132	19.583
26.16	26.15	0.044149	19.678
26.16	26.15	0.044166	19.777
26.16	26.15	0.044182	19.882
26.16	26.15	0.044199	19.976
26.16	26.15	0.044216	20.076
26.16	26.16	0.044232	20.180
26.16	26.16	0.044249	20.275
26.16	26.16	0.044266	20.375
26.16	26.16	0.044282	20.479
26.16	26.16	0.044299	20.574
26.16	26.16	0.044316	20.673
26.16	26.16	0.044332	20.778
26.16	26.16	0.044349	20.872
26.16	26.16	0.044366	20.972
26.16	26.16	0.044382	21.076
26.16	26.16	0.044399	21.171
26.16	26.16	0.044416	21.272
26.16	26.16	0.044432	21.375
26.16	26.17	0.044449	21.471
26.16	26.17	0.044466	21.571
26.16	26.17	0.044482	21.674
26.16	26.17	0.044499	21.770
26.16	26.17	0.044516	21.871
26.16	26.17	0.044532	21.973
26.16	26.17	0.044549	22.070
26.19	26.17	0.044566	22.172
26.19	26.17	0.044582	22.271
26.19	26.17	0.044599	22.370
26.19	26.17	0.044615	22.471
26.19	26.17	0.044632	22.570
26.19	26.17	0.044649	22.670
26.19	26.18	0.044665	22.771
26.19	26.18	0.044682	22.870
26.19	26.18	0.044699	22.971
26.19	26.18	0.044715	23.070
26.19	26.18	0.044732	23.171
26.19	26.18	0.044749	23.270
26.19	26.18	0.044765	23.371
26.19	26.18	0.044782	23.470
26.19	26.18	0.044799	23.570
26.19	26.18	0.044815	23.671
26.16	26.18	0.044832	23.770
26.16	26.18	0.044849	23.871
26.16	26.18	0.044865	23.970
26.16	26.19	0.044882	24.071
26.16	26.19	0.044899	24.170
26.16	26.19	0.044915	24.271
26.16	26.19	0.044932	24.371
26.16	26.19	0.044949	24.470
26.19	26.19	0.044965	24.571
26.19	26.19	0.044982	24.670
26.19	26.19	0.044999	24.771
26.19	26.19	0.045015	24.870
26.19	26.19	0.045032	24.971
26.19	26.19	0.045049	25.070
26.19	26.19	0.045065	25.170
26.19	26.19	0.045082	25.271
26.19	26.20	0.045099	25.370
26.19	26.20	0.045115	25.471
26.19	26.20	0.045132	25.570
26.19	26.20	0.045149	25.671
26.19	26.20	0.045165	25.770
26.22	26.20	0.045182	25.871
26.22	26.20	0.045199	25.970
26.22	26.20	0.045215	26.070
26.22	26.20	0.045232	26.171
26.22	26.20	0.045249	26.270
26.22	26.20	0.045265	26.371
26.22	26.20	0.045282	26.470
26.22	26.20	0.045299	26.571
26.22	26.21	0.045315	26.670
26.22	26.21	0.045332	26.771
26.22	26.21	0.045349	26.870
26.22	26.21	0.045365	26.970
26.19	26.21	0.045382	27.094
26.19	26.21	0.045399	27.199
26.19	26.21	0.045415	27.294
26.19	26.21	0.045432	27.393
26.19	26.21	0.045448	27.498
26.19	26.21	0.045465	27.592
26.19	26.21	0.045482	27.692
26.19	26.21	0.045498	27.796
26.19	26.21	0.045515	27.891
26.22	26.22	0.045532	27.991
26.22	26.22	0.045548	28.095
26.22	26.22	0.045565	28.190
26.22	26.22	0.045582	28.292
26.22	26.22	0.045598	28.394
26.22	26.22	0.045615	28.488
26.22	26.22	0.045632	28.592
26.22	26.22	0.045648	28.692
26.22	26.22	0.045665	28.787
26.22	26.22	0.045682	28.892
26.22	26.22	0.045698	28.991
26.22	26.22	0.045715	29.086
26.22	26.22	0.045732	29.190
26.22	26.23	0.045748	29.290
26.22	26.23	0.045765	29.384
26.24	26.23	0.045782	29.490
26.24	26.23	0.045798	29.588
26.24	26.23	0.045815	29.683
26.24	26.23	0.045832	29.788
26.24	26.23	0.045848	29.887
26.24	26.23	0.045865	29.982
26.24	26.23	0.045882	30.087
26.24	26.23	0.045898	30.181
26.24	26.23	0.045915	30.280
26.24	26.23	0.045932	30.385
26.24	26.23	0.045948	30.480
26.24	26.24	0.045965	30.579
26.24	26.24	0.045982	30.684
26.24	26.24	0.045998	30.778
26.24	26.24	0.046015	30.878
26.24	26.24	0.046032	30.982
26.24	26.24	0.046048	31.077
26.24	26.24	0.046065	31.177
26.24	26.24	0.046082	31.281
26.24	26.24	0.046098	31.376
26.24	26.24	0.046115	31.475
26.24	26.24	0.046132	31.580
26.24	26.24	0.046148	31.674
26.24	26.24	0.046165	31.774
26.24	26.25	0.046182	31.878
26.24	26.25	0.046198	31.973
26.24	26.25	0.046215	32.073
26.24	26.25	0.046232	32.177
26.24	26.25	0.046248	32.272
26.24	26.25	0.046265	32.371
26.24	26.25	0.046281	32.476
26.24	26.25	0.046298	32.570
26.24	26.25	0.046315	32.672
26.24	26.25	0.046331	32.775
26.24	26.25	0.046348	32.870
26.24	26.25	0.046365	32.972
26.24	26.25	0.046381	33.073
26.27	26.26	0.046398	33.171
26.27	26.26	0.046415	33.272
26.27	26.26	0.046431	33.372
26.27	26.26	0.046448	33.470
26.27	26.26	0.046465	33.571
26.27	26.26	0.046481	33.671
26.27	26.26	0.046498	33.770
26.27	26.26	0.046515	33.871
26.27	26.26	0.046531	33.970
26.27	26.26	0.046548	34.071
26.27	26.26	0.046565	34.170
26.27	26.26	0.046581	34.271
26.27	26.26	0.046598	34.370
26.27	26.27	0.046615	34.471
26.27	26.27	0.046631	34.570
26.27	26.27	0.046648	34.671
26.24	26.27	0.046665	34.770
26.24	26.27	0.046681	34.870
26.24	26.27	0.046698	34.971
26.24	26.27	0.046715	35.070
26.24	26.27	0.046731	35.171
26.27	26.27	0.046748	35.270
26.27	26.27	0.046765	35.371
26.27	26.27	0.046781	35.470
26.27	26.27	0.046798	35.571
26.27	26.27	0.046815	35.671
26.27	26.28	0.046831	35.770
26.27	26.28	0.046848	35.871
26.27	26.28	0.046865	35.970
26.27	26.28	0.046881	36.071
26.27	26.28	0.046898	36.170
26.27	26.28	0.046915	36.271
26.27	26.28	0.046931	36.370
26.27	26.28	0.046948	36.470
26.27	26.28	0.046965	36.571
26.29	26.28	0.046981	36.670
26.29	26.28	0.046998	36.771
26.29	26.28	0.047015	36.870
26.29	26.28	0.047031	36.971
26.29	26.29	0.047048	37.070
26.29	26.29	0.047065	37.171
26.29	26.29	0.047081	37.270
26.29	26.29	0.047098	37.370
26.29	26.29	0.047114	37.471
26.29	26.29	0.047131	37.570
26.29	26.29	0.047148	37.671
26.29	26.29	0.047164	37.770
26.29	26.29	0.047181	37.871
26.29	26.29	0.047198	37.970
26.29	26.29	0.047214	38.071
26.29	26.29	0.047231	38.171
26.29	26.29	0.047248	38.270
26.29	26.30	0.047264	38.371
26.29	26.30	0.047281	38.470
26.29	26.30	0.047298	38.600
26.32	26.30	0.047314	38.694
26.32	26.30	0.047331	38.794
26.32	26.30	0.047348	38.898
26.32	26.30	0.047364	38.993
26.32	26.30	0.047381	39.092
26.32	26.30	0.047398	39.197
26.32	26.30	0.047414	39.292
26.32	26.30	0.047431	39.392
26.32	26.30	0.047448	39.496
26.32	26.30	0.047464	39.590
26.32	26.30	0.047481	39.693
26.32	26.31	0.047498	39.794
26.32	26.31	0.047514	39.889
26.29	26.31	0.047531	39.992
26.29	26.31	0.047548	40.093
26.29	26.31	0.047564	40.187
26.29	26.31	0.047581	40.292
26.29	26.31	0.047598	40.391
26.29	26.31	0.047614	40.485
26.29	26.31	0.047631	40.590
26.29	26.31	0.047648	40.689
26.29	26.31	0.047664	40.784
26.29	26.31	0.047681	40.889
26.32	26.31	0.047698	40.988
26.32	26.32	0.047714	41.083
26.32	26.32	0.047731	41.188
26.32	26.32	0.047748	41.282
26.32	26.32	0.047764	41.381
26.32	26.32	0.047781	41.487
26.32	26.32	0.047798	41.581
26.32	26.32	0.047814	41.681
26.32	26.32	0.047831	41.785
26.32	26.32	0.047848	41.879
26.32	26.32	0.047864	41.979
26.32	26.32	0.047881	42.083
26.32	26.32	0.047898	42.178
26.32	26.32	0.047914	42.277
26.32	26.33	0.047931	42.382
26.32	26.33	0.047947	42.477
26.32	26.33	0.047964	42.576
26.32	26.33	0.047981	42.681
26.32	26.33	0.047997	42.775
26.34	26.33	0.048014	42.875
26.34	26.33	0.048031	42.980
26.34	26.33	0.048047	43.074
26.34	26.33	0.048064	43.174
26.34	26.33	0.048081	43.278
26.34	26.33	0.048097	43.373
26.34	26.33	0.048114	43.472
26.34	26.33	0.048131	43.577
26.34	26.34	0.048147	43.671
26.34	26.34	0.048164	43.773
26.34	26.34	0.048181	43.875
26.34	26.34	0.048197	43.971
26.34	26.34	0.048214	44.073
26.34	26.34	0.048231	44.174
26.34	26.34	0.048247	44.272
26.34	26.34	0.048264	44.372
26.34	26.34	0.048281	44.473
26.34	26.34	0.048297	44.571
26.34	26.34	0.048314	44.672
26.34	26.34	0.048331	44.771
26.34	26.34	0.048347	44.871
26.34	26.35	0.048364	44.972
26.34	26.35	0.048381	45.071
26.34	26.35	0.048397	45.172
26.34	26.35	0.048414	45.271
26.34	26.35	0.048431	45.373
26.34	26.35	0.048447	45.472
26.34	26.35	0.048464	45.573
26.34	26.35	0.048481	45.673
26.34	26.35	0.048497	45.772
26.34	26.35	0.048514	45.873
26.34	26.35	0.048531	45.972
26.34	26.35	0.048547	46.073
26.34	26.35	0.048564	46.172
26.34	26.36	0.048581	46.273
26.34	26.36	0.048597	46.373
26.37	26.36	0.048614	46.472
26.37	26.36	0.048631	46.573
26.37	26.36	0.048647	46.672
26.37	26.36	0.048664	46.773
26.37	26.36	0.048681	46.872
26.37	26.36	0.048697	46.973
26.37	26.36	0.048714	47.072
26.37	26.36	0.048731	47.172
26.37	26.36	0.048747	47.273
26.37	26.36	0.048764	47.372
26.37	26.36	0.048780	47.473
26.37	26.37	0.048797	47.572
26.37	26.37	0.048814	47.673
26.37	26.37	0.048830	47.772
26.37	26.37	0.048847	47.873
26.37	26.37	0.048864	47.972
26.37	26.37	0.048880	48.072
26.37	26.37	0.048897	48.173
26.37	26.37	0.048914	48.272
26.37	26.37	0.048930	48.373
26.37	26.37	0.048947	48.472
26.37	26.37	0.048964	48.573
26.37	26.37	0.048980	48.672
26.37	26.37	0.048997	48.773
26.37	26.38	0.049014	48.873
26.37	26.38	0.049030	48.972
26.37	26.38	0.049047	49.073
26.37	26.38	0.049064	49.172
26.37	26.38	0.049080	49.297
26.37	26.38	0.049097	49.401
26.37	26.38	0.049114	49.496
26.37	26.38	0.049130	49.595
26.37	26.38	0.049147	49.700
26.37	26.38	0.049164	49.794
26.37	26.38	0.049180	49.894
26.37	26.38	0.049197	49.999
26.37	26.38	0.049214	50.093
26.37	26.39	0.049230	50.193
26.37	26.39	0.049247	50.297
26.39	26.39	0.049264	50.392
26.39	26.39	0.049280	50.493
26.39	26.39	0.049297	50.596
26.39	26.39	0.049314	50.691
26.39	26.39	0.049330	50.793
26.39	26.39	0.049347	50.895
26.39	26.39	0.049364	50.990
26.39	26.39	0.049380	51.093
26.39	26.39	0.049397	51.194
26.39	26.39	0.049414	51.288
26.39	26.39	0.049430	51.393
26.39	26.40	0.049447	51.493
26.39	26.40	0.049464	51.587
26.39	26.40	0.049480	51.692
26.39	26.40	0.049497	51.791
26.39	26.40	0.049514	51.886
26.39	26.40	0.049530	51.990
26.42	26.40	0.049547	52.090
26.42	26.40	0.049564	52.184
26.42	26.40	0.049580	52.289
26.42	26.40	0.049597	52.384
26.42	26.40	0.049613	52.483
26.42	26.40	0.049630	52.588
26.42	26.40	0.049647	52.682
26.42	26.41	0.049663	52.782
26.42	26.41	0.049680	52.886
26.42	26.41	0.049697	52.981
26.42	26.41	0.049713	53.081
26.42	26.41	0.049730	53.185
26.42	26.41	0.049747	53.280
26.42	26.41	0.049763	53.379
26.42	26.41	0.049780	53.484
26.39	26.41	0.049797	53.578
26.39	26.41	0.049813	53.678
26.39	26.41	0.049830	53.782
26.39	26.41	0.049847	53.877
26.39	26.41	0.049863	53.977
26.39	26.42	0.049880	54.081
26.39	26.42	0.049897	54.176
26.42	26.42	0.049913	54.275
26.42	26.42	0.049930	54.380
26.42	26.42	0.049947	54.474
26.42	26.42	0.049963	54.574
26.42	26.42	0.049980	54.678
26.42	26.42	0.049997	54.773
26.42	26.42	0.050013	54.874
26.42	26.42	0.050030	54.977
26.42	26.42	0.050047	55.074
26.42	26.42	0.050063	55.173
26.42	26.42	0.050080	55.276
26.42	26.43	0.050097	55.373
26.42	26.43	0.050113	55.473
26.42	26.43	0.050130	55.574
26.42	26.43	0.050147	55.673
26.42	26.43	0.050163	55.774
26.42	26.43	0.050180	55.873
26.45	26.43	0.050197	55.974
26.45	26.43	0.050213	56.073
26.45	26.43	0.050230	56.174
26.45	26.43	0.050247	56.273
26.45	26.43	0.050263	56.373
26.45	26.43	0.050280	56.474
26.45	26.43	0.050297	56.573
26.45	26.44	0.050313	56.674
26.45	26.44	0.050330	56.773
26.45	26.44	0.050347	56.874
26.45	26.44	0.050363	56.973
26.45	26.44	0.050380	57.073
26.45	26.44	0.050397	57.174
26.45	26.44	0.050413	57.273
26.42	26.44	0.050430	57.374
26.42	26.44	0.050446	57.473
26.42	26.44	0.050463	57.574
26.42	26.44	0.050480	57.673
26.42	26.44	0.050496	57.774
26.42	26.44	0.050513	57.873
26.42	26.45	0.050530	57.973
26.42	26.45	0.050546	58.077
26.42	26.45	0.050563	58.176
26.45	26.45	0.050580	58.277
26.45	26.45	0.050596	58.376
26.45	26.45	0.050613	58.477
26.45	26.45	0.050630	58.576
26.45	26.45	0.050646	58.677
26.45	26.45	0.050663	58.777
26.45	26.45	0.050680	58.876
26.45	26.45	0.050696	58.977
26.45	26.45	0.050713	59.076
26.45	26.45	0.050730	59.177
26.45	26.46	0.050746	59.276
26.45	26.46	0.050763	59.377
26.45	26.46	0.050780	59.476
26.45	26.46	0.050796	59.576
26.45	26.46	0.050813	59.677
26.45	26.46	0.050830	59.776
26.47	26.46	0.050846	59.906
26.47	26.46	0.050863	00.000
26.47	26.46	0.050880	00.100
26.47	26.46	0.050896	00.204
26.47	26.46	0.050913	00.299
26.47	26.46	0.050930	00.398
26.47	26.46	0.050946	00.503
26.47	26.47	0.050963	00.598
26.47	26.47	0.050980	00.697
26.47	26.47	0.050996	00.801
26.47	26.47	0.051013	00.896
26.47	26.47	0.051030	00.995
26.47	26.47	0.051046	01.100
26.47	26.47	0.051063	01.194
26.47	26.47	0.051080	01.294
26.47	26.47	0.051096	01.399
26.47	26.47	0.051113	01.493
26.47	26.47	0.051130	01.594
26.47	26.47	0.051146	01.697
26.47	26.47	0.051163	01.792
26.47	26.48	0.051180	01.893
26.47	26.48	0.051196	01.996
26.47	26.48	0.051213	02.091
26.47	26.48	0.051230	02.193
26.47	26.48	0.051246	02.295
26.47	26.48	0.051263	02.389
26.47	26.48	0.051279	02.494
26.47	26.48	0.051296	02.593
26.47	26.48	0.051313	02.688
26.47	26.48	0.051329	02.792
26.47	26.48	0.051346	02.892
26.47	26.48	0.051363	02.987
26.47	26.48	0.051379	03.091
26.50	26.49	0.051396	03.191
26.50	26.49	0.051413	03.285
26.50	26.49	0.051429	03.390
26.50	26.49	0.051446	03.489
26.50	26.49	0.051463	03.584
26.50	26.49	0.051479	03.688
26.50	26.49	0.051496	03.783
26.50	26.49	0.051513	03.883
26.50	26.49	0.051529	03.987
26.50	26.49	0.051546	04.082
26.50	26.49	0.051563	04.181
26.50	26.49	0.051579	04.286
26.50	26.49	0.051596	04.380
26.50	26.50	0.051613	04.480
26.50	26.50	0.051629	04.585
26.50	26.50	0.051646	04.679
26.50	26.50	0.051663	04.779
26.50	26.50	0.051679	04.883
26.50	26.50	0.051696	04.978
26.47	26.50	0.051713	05.077
26.47	26.50	0.051729	05.181
