100.00	0.00	7.23	30.00	150.00	2.70	97.30	2.70	

20.01	21.50	0.000000	51.808
19.99	21.50	0.000017	51.938
19.99	21.50	0.000033	52.008
20.04	21.50	0.000050	52.132
20.12	21.50	0.000067	52.237
20.42	21.50	0.000083	52.336
20.78	21.50	0.000100	52.431
20.99	21.50	0.000117	52.535
21.41	21.50	0.000133	52.635
21.72	21.50	0.000150	52.730
21.85	21.50	0.000167	52.835
22.03	21.50	0.000183	52.935
22.08	21.50	0.000200	53.029
22.08	21.50	0.000217	53.134
21.98	21.50	0.000233	53.228
21.80	21.50	0.000250	53.328
21.72	21.50	0.000267	53.432
21.51	21.50	0.000283	53.527
21.33	21.50	0.000300	53.626
21.25	21.50	0.000317	53.731
21.17	21.50	0.000333	53.826
21.15	21.50	0.000350	53.925
21.15	21.50	0.000367	54.030
21.22	21.50	0.000383	54.124
21.33	21.50	0.000400	54.224
21.41	21.50	0.000416	54.328
21.54	21.50	0.000433	54.423
21.67	21.50	0.000450	54.523
21.74	21.50	0.000466	54.627
21.82	21.50	0.000483	54.722
21.82	21.50	0.000500	54.821
21.82	21.50	0.000516	54.926
21.82	21.50	0.000533	55.020
21.82	21.50	0.000550	55.120
21.77	21.50	0.000566	55.224
21.67	21.50	0.000583	55.319
21.59	21.50	0.000600	55.419
21.54	21.50	0.000616	55.523
21.54	21.50	0.000633	55.618
21.51	21.50	0.000650	55.718
21.51	21.50	0.000666	55.822
21.51	21.50	0.000683	55.916
21.51	21.50	0.000700	56.018
21.51	21.50	0.000716	56.120
21.51	21.50	0.000733	56.216
21.51	21.50	0.000750	56.318
21.51	21.50	0.000766	56.420
21.54	21.50	0.000783	56.514
21.54	21.50	0.000800	56.618
21.56	21.50	0.000816	56.719
21.59	21.50	0.000833	56.814
21.59	21.50	0.000850	56.918
21.61	21.50	0.000866	57.017
21.61	21.50	0.000883	57.115
21.61	21.50	0.000900	57.217
21.64	21.50	0.000916	57.316
21.64	21.50	0.000933	57.415
21.64	21.50	0.000950	57.515
21.64	21.50	0.000966	57.615
21.64	21.50	0.000983	57.714
21.64	21.50	0.001000	57.814
21.64	21.50	0.001016	57.915
21.64	21.50	0.001033	58.014
21.64	21.50	0.001050	58.115
21.61	21.50	0.001066	58.215
21.61	21.50	0.001083	58.315
21.61	21.50	0.001100	58.415
21.59	21.50	0.001116	58.514
21.59	21.50	0.001133	58.615
21.59	21.50	0.001150	58.714
21.56	21.50	0.001166	58.815
21.56	21.50	0.001183	58.914
21.56	21.50	0.001200	59.015
21.54	21.50	0.001216	59.115
21.54	21.50	0.001233	59.214
21.54	21.50	0.001250	59.315
21.54	21.50	0.001266	59.414
21.51	21.50	0.001283	59.515
21.51	21.50	0.001299	59.614
21.51	21.50	0.001316	59.715
21.51	21.50	0.001333	59.815
21.51	21.50	0.001349	59.915
21.51	21.50	0.001366	00.015
21.51	21.50	0.001383	00.114
21.51	21.50	0.001399	00.215
21.51	21.50	0.001416	00.314
21.51	21.50	0.001433	00.415
21.51	21.50	0.001449	00.514
21.51	21.50	0.001466	00.615
21.51	21.50	0.001483	00.715
21.51	21.50	0.001499	00.815
21.51	21.50	0.001516	00.915
21.51	21.50	0.001533	01.014
21.51	21.50	0.001549	01.115
21.51	21.50	0.001566	01.214
21.51	21.50	0.001583	01.315
21.51	21.50	0.001599	01.414
21.51	21.50	0.001616	01.515
21.51	21.50	0.001633	01.615
21.51	21.50	0.001649	01.714
21.51	21.50	0.001666	01.815
21.51	21.50	0.001683	01.914
21.51	21.50	0.001699	02.015
21.51	21.50	0.001716	02.114
21.51	21.50	0.001733	02.215
21.51	21.50	0.001749	02.315
21.51	21.50	0.001766	02.415
21.54	21.50	0.001783	02.515
21.54	21.50	0.001799	02.614
21.54	21.50	0.001816	02.715
21.54	21.50	0.001833	02.814
21.51	21.50	0.001849	02.939
21.51	21.50	0.001866	03.038
21.51	21.50	0.001883	03.143
21.51	21.50	0.001899	03.238
21.51	21.50	0.001916	03.338
21.51	21.50	0.001933	03.442
21.51	21.50	0.001949	03.536
21.51	21.50	0.001966	03.638
21.51	21.50	0.001983	03.740
21.51	21.50	0.001999	03.834
21.51	21.50	0.002016	03.938
21.51	21.50	0.002033	04.039
21.51	21.50	0.002049	04.133
21.48	21.50	0.002066	04.238
21.48	21.50	0.002082	04.338
21.48	21.50	0.002099	04.432
21.48	21.50	0.002116	04.537
21.48	21.50	0.002132	04.637
21.48	21.50	0.002149	04.731
21.48	21.50	0.002166	04.836
21.48	21.50	0.002182	04.936
21.48	21.50	0.002199	05.030
21.48	21.50	0.002216	05.135
21.48	21.50	0.002232	05.234
21.51	21.50	0.002249	05.329
21.51	21.50	0.002266	05.433
21.51	21.50	0.002282	05.528
21.51	21.50	0.002299	05.628
21.51	21.50	0.002316	05.732
21.51	21.50	0.002332	05.827
21.51	21.50	0.002349	05.926
21.51	21.50	0.002366	06.031
21.51	21.50	0.002382	06.125
21.51	21.50	0.002399	06.225
21.51	21.50	0.002416	06.329
21.51	21.50	0.002432	06.424
21.51	21.50	0.002449	06.524
21.51	21.50	0.002466	06.628
21.51	21.50	0.002482	06.723
21.51	21.50	0.002499	06.822
21.51	21.50	0.002516	06.927
21.51	21.50	0.002532	07.021
21.51	21.50	0.002549	07.121
21.51	21.50	0.002566	07.225
21.51	21.50	0.002582	07.320
21.51	21.50	0.002599	07.420
21.51	21.50	0.002616	07.525
21.51	21.50	0.002632	07.619
21.51	21.50	0.002649	07.719
21.51	21.50	0.002666	07.824
21.51	21.50	0.002682	07.918
21.51	21.50	0.002699	08.018
21.51	21.50	0.002716	08.123
21.51	21.50	0.002732	08.217
21.48	21.50	0.002749	08.318
21.48	21.50	0.002766	08.421
21.48	21.50	0.002782	08.516
21.48	21.50	0.002799	08.617
21.48	21.50	0.002816	08.720
21.48	21.50	0.002832	08.815
21.48	21.50	0.002849	08.917
21.48	21.50	0.002866	09.019
21.48	21.50	0.002882	09.114
21.48	21.50	0.002899	09.217
21.51	21.50	0.002915	09.317
21.51	21.50	0.002932	09.415
21.51	21.50	0.002949	09.516
21.51	21.50	0.002965	09.616
21.51	21.50	0.002982	09.715
21.51	21.50	0.002999	09.815
21.51	21.50	0.003015	09.915
21.51	21.50	0.003032	10.014
21.51	21.50	0.003049	10.115
21.51	21.50	0.003065	10.214
21.51	21.50	0.003082	10.315
21.51	21.50	0.003099	10.414
21.51	21.50	0.003115	10.515
21.51	21.50	0.003132	10.615
21.51	21.50	0.003149	10.713
21.51	21.50	0.003165	10.815
21.51	21.50	0.003182	10.913
21.51	21.50	0.003199	11.015
21.51	21.50	0.003215	11.114
21.51	21.50	0.003232	11.215
21.51	21.50	0.003249	11.315
21.51	21.50	0.003265	11.415
21.51	21.50	0.003282	11.515
21.51	21.50	0.003299	11.614
21.51	21.50	0.003315	11.715
21.51	21.50	0.003332	11.814
21.51	21.50	0.003349	11.915
21.51	21.50	0.003365	12.013
21.48	21.50	0.003382	12.114
21.48	21.50	0.003399	12.214
21.48	21.50	0.003415	12.315
21.48	21.50	0.003432	12.415
21.48	21.50	0.003449	12.514
21.48	21.50	0.003465	12.615
21.48	21.50	0.003482	12.715
21.48	21.50	0.003499	12.814
21.51	21.50	0.003515	12.915
21.51	21.50	0.003532	13.014
21.51	21.50	0.003549	13.115
21.51	21.50	0.003565	13.216
21.51	21.50	0.003582	13.316
21.51	21.50	0.003599	13.418
21.51	21.50	0.003615	13.517
21.51	21.50	0.003632	13.618
21.51	21.50	0.003649	13.718
21.51	21.50	0.003665	13.819
21.51	21.50	0.003682	13.919
21.51	21.50	0.003699	14.044
21.51	21.50	0.003715	14.143
21.51	21.50	0.003732	14.248
21.51	21.50	0.003748	14.343
21.51	21.50	0.003765	14.442
21.51	21.50	0.003782	14.547
21.51	21.50	0.003798	14.641
21.51	21.50	0.003815	14.741
21.51	21.50	0.003832	14.845
21.51	21.50	0.003848	14.940
21.51	21.50	0.003865	15.039
21.51	21.50	0.003882	15.145
21.51	21.50	0.003898	15.238
21.48	21.50	0.003915	15.338
21.48	21.50	0.003932	15.442
21.48	21.50	0.003948	15.537
21.48	21.50	0.003965	15.636
21.48	21.50	0.003982	15.741
21.48	21.50	0.003998	15.836
21.48	21.50	0.004015	15.937
21.48	21.50	0.004032	16.040
21.51	21.50	0.004048	16.135
21.51	21.50	0.004065	16.237
21.51	21.50	0.004082	16.339
21.51	21.50	0.004098	16.434
21.51	21.50	0.004115	16.536
21.51	21.50	0.004132	16.638
21.51	21.50	0.004148	16.733
21.51	21.50	0.004165	16.837
21.51	21.50	0.004182	16.937
21.51	21.50	0.004198	17.031
21.51	21.50	0.004215	17.136
21.51	21.50	0.004232	17.235
21.51	21.50	0.004248	17.330
21.51	21.50	0.004265	17.435
21.51	21.50	0.004282	17.534
21.51	21.50	0.004298	17.629
21.51	21.50	0.004315	17.733
21.51	21.50	0.004332	17.833
21.51	21.50	0.004348	17.927
21.51	21.50	0.004365	18.032
21.51	21.50	0.004382	18.127
21.48	21.50	0.004398	18.226
21.48	21.50	0.004415	18.331
21.48	21.50	0.004432	18.425
21.48	21.50	0.004448	18.525
21.48	21.50	0.004465	18.629
21.48	21.50	0.004482	18.724
21.48	21.50	0.004498	18.823
21.48	21.50	0.004515	18.928
21.48	21.50	0.004532	19.023
21.51	21.50	0.004548	19.123
21.51	21.50	0.004565	19.228
21.51	21.50	0.004581	19.322
21.51	21.50	0.004598	19.422
21.51	21.50	0.004615	19.526
21.51	21.50	0.004631	19.621
21.51	21.50	0.004648	19.721
21.51	21.50	0.004665	19.825
21.51	21.50	0.004681	19.921
21.51	21.50	0.004698	20.020
21.51	21.50	0.004715	20.124
21.51	21.50	0.004731	20.220
21.51	21.50	0.004748	20.321
21.51	21.50	0.004765	20.422
21.51	21.50	0.004781	20.521
21.51	21.50	0.004798	20.621
21.51	21.50	0.004815	20.721
21.51	21.50	0.004831	20.820
21.51	21.50	0.004848	20.921
21.51	21.50	0.004865	21.021
21.51	21.50	0.004881	21.121
21.51	21.50	0.004898	21.221
21.51	21.50	0.004915	21.320
21.51	21.50	0.004931	21.421
21.51	21.50	0.004948	21.520
21.51	21.50	0.004965	21.620
21.48	21.50	0.004981	21.721
21.48	21.50	0.004998	21.821
21.48	21.50	0.005015	21.921
21.48	21.50	0.005031	22.022
21.48	21.50	0.005048	22.121
21.48	21.50	0.005065	22.222
21.48	21.50	0.005081	22.321
21.48	21.50	0.005098	22.422
21.48	21.50	0.005115	22.522
21.48	21.50	0.005131	22.622
21.48	21.50	0.005148	22.722
21.48	21.50	0.005165	22.821
21.51	21.50	0.005181	22.921
21.51	21.50	0.005198	23.020
21.51	21.50	0.005215	23.121
21.51	21.50	0.005231	23.221
21.51	21.50	0.005248	23.322
21.51	21.50	0.005265	23.422
21.51	21.50	0.005281	23.521
21.51	21.50	0.005298	23.622
21.51	21.50	0.005315	23.721
21.51	21.50	0.005331	23.822
21.51	21.50	0.005348	23.921
21.51	21.50	0.005365	24.022
21.51	21.50	0.005381	24.122
21.51	21.50	0.005398	24.222
21.51	21.50	0.005414	24.322
21.51	21.50	0.005431	24.421
21.51	21.50	0.005448	24.522
21.51	21.50	0.005464	24.621
21.51	21.50	0.005481	24.722
21.51	21.50	0.005498	24.821
21.51	21.50	0.005514	24.922
21.48	21.50	0.005531	25.022
21.48	21.50	0.005548	25.121
21.48	21.50	0.005564	25.222
21.48	21.50	0.005581	25.321
21.48	21.50	0.005598	25.422
21.48	21.50	0.005614	25.521
21.48	21.50	0.005631	25.651
21.48	21.50	0.005648	25.745
21.48	21.50	0.005664	25.845
21.51	21.50	0.005681	25.951
21.51	21.50	0.005698	26.045
21.51	21.50	0.005714	26.145
21.51	21.50	0.005731	26.249
21.51	21.50	0.005748	26.344
21.51	21.50	0.005764	26.443
21.51	21.50	0.005781	26.548
21.51	21.50	0.005798	26.642
21.51	21.50	0.005814	26.742
21.51	21.50	0.005831	26.847
21.51	21.50	0.005848	26.941
21.51	21.50	0.005864	27.041
21.51	21.50	0.005881	27.145
21.51	21.50	0.005898	27.240
21.51	21.50	0.005914	27.339
21.51	21.50	0.005931	27.444
21.51	21.50	0.005948	27.539
21.51	21.50	0.005964	27.638
21.51	21.50	0.005981	27.743
21.51	21.50	0.005998	27.837
21.48	21.50	0.006014	27.937
21.48	21.50	0.006031	28.042
21.48	21.50	0.006048	28.136
21.48	21.50	0.006064	28.236
21.48	21.50	0.006081	28.341
21.48	21.50	0.006098	28.435
21.48	21.50	0.006114	28.535
21.48	21.50	0.006131	28.639
21.48	21.50	0.006148	28.733
21.48	21.50	0.006164	28.836
21.48	21.50	0.006181	28.937
21.51	21.50	0.006198	29.033
21.51	21.50	0.006214	29.136
21.51	21.50	0.006231	29.237
21.51	21.50	0.006247	29.332
21.51	21.50	0.006264	29.435
21.51	21.50	0.006281	29.536
21.51	21.50	0.006297	29.630
21.51	21.50	0.006314	29.735
21.51	21.50	0.006331	29.834
21.51	21.50	0.006347	29.929
21.51	21.50	0.006364	30.034
21.51	21.50	0.006381	30.133
21.51	21.50	0.006397	30.228
21.51	21.50	0.006414	30.332
21.51	21.50	0.006431	30.432
21.51	21.50	0.006447	30.526
21.51	21.50	0.006464	30.631
21.51	21.50	0.006481	30.726
21.51	21.50	0.006497	30.825
21.51	21.50	0.006514	30.930
21.51	21.50	0.006531	31.024
21.51	21.50	0.006547	31.124
21.51	21.50	0.006564	31.228
21.48	21.50	0.006581	31.323
21.48	21.50	0.006597	31.422
21.48	21.50	0.006614	31.527
21.48	21.50	0.006631	31.622
21.48	21.50	0.006647	31.722
21.48	21.50	0.006664	31.826
21.48	21.50	0.006681	31.921
21.48	21.50	0.006697	32.022
21.48	21.50	0.006714	32.124
21.51	21.50	0.006731	32.222
21.51	21.50	0.006747	32.322
21.51	21.50	0.006764	32.424
21.51	21.50	0.006781	32.522
21.51	21.50	0.006797	32.621
21.51	21.50	0.006814	32.723
21.51	21.50	0.006831	32.821
21.51	21.50	0.006847	32.922
21.51	21.50	0.006864	33.021
21.51	21.50	0.006881	33.122
21.51	21.50	0.006897	33.222
21.51	21.50	0.006914	33.322
21.51	21.50	0.006931	33.423
21.51	21.50	0.006947	33.522
21.51	21.50	0.006964	33.623
21.51	21.50	0.006981	33.722
21.51	21.50	0.006997	33.823
21.51	21.50	0.007014	33.923
21.48	21.50	0.007031	34.023
21.48	21.50	0.007047	34.123
21.48	21.50	0.007064	34.222
21.48	21.50	0.007080	34.323
21.48	21.50	0.007097	34.422
21.48	21.50	0.007114	34.523
21.48	21.50	0.007130	34.622
21.48	21.50	0.007147	34.723
21.48	21.50	0.007164	34.823
21.48	21.50	0.007180	34.923
21.48	21.50	0.007197	35.023
21.51	21.50	0.007214	35.122
21.51	21.50	0.007230	35.223
21.51	21.50	0.007247	35.322
21.51	21.50	0.007264	35.423
21.51	21.50	0.007280	35.523
21.51	21.50	0.007297	35.623
21.51	21.50	0.007314	35.723
21.51	21.50	0.007330	35.822
21.51	21.50	0.007347	35.923
21.51	21.50	0.007364	36.022
21.51	21.50	0.007380	36.123
21.51	21.50	0.007397	36.222
21.51	21.50	0.007414	36.323
21.51	21.50	0.007430	36.423
21.51	21.50	0.007447	36.523
21.51	21.50	0.007464	36.623
21.51	21.50	0.007480	36.722
21.51	21.50	0.007497	36.823
21.51	21.50	0.007514	36.922
21.51	21.50	0.007530	37.023
21.51	21.50	0.007547	37.122
21.51	21.50	0.007564	37.223
21.48	21.50	0.007580	37.323
21.48	21.50	0.007597	37.423
21.48	21.50	0.007614	37.548
21.48	21.50	0.007630	37.652
21.48	21.50	0.007647	37.752
21.48	21.50	0.007664	37.846
21.48	21.50	0.007680	37.951
21.48	21.50	0.007697	38.050
21.48	21.50	0.007714	38.146
21.48	21.50	0.007730	38.251
21.51	21.50	0.007747	38.345
21.51	21.50	0.007764	38.445
21.51	21.50	0.007780	38.549
21.51	21.50	0.007797	38.644
21.51	21.50	0.007814	38.743
21.51	21.50	0.007830	38.848
21.51	21.50	0.007847	38.942
21.51	21.50	0.007864	39.042
21.51	21.50	0.007880	39.147
21.51	21.50	0.007897	39.241
21.51	21.50	0.007913	39.341
21.51	21.50	0.007930	39.446
21.51	21.50	0.007947	39.539
21.51	21.50	0.007963	39.640
21.51	21.50	0.007980	39.744
21.51	21.50	0.007997	39.839
21.51	21.50	0.008013	39.939
21.51	21.50	0.008030	40.043
21.48	21.50	0.008047	40.138
21.48	21.50	0.008063	40.237
21.48	21.50	0.008080	40.342
21.48	21.50	0.008097	40.436
21.48	21.50	0.008113	40.536
21.48	21.50	0.008130	40.641
21.48	21.50	0.008147	40.735
21.48	21.50	0.008163	40.835
21.48	21.50	0.008180	40.939
21.48	21.50	0.008197	41.033
21.48	21.50	0.008213	41.135
21.48	21.50	0.008230	41.237
21.48	21.50	0.008247	41.333
21.51	21.50	0.008263	41.435
21.51	21.50	0.008280	41.537
21.51	21.50	0.008297	41.632
21.51	21.50	0.008313	41.735
21.51	21.50	0.008330	41.836
21.51	21.50	0.008347	41.930
21.51	21.50	0.008363	42.035
21.51	21.50	0.008380	42.134
21.51	21.50	0.008397	42.229
21.51	21.50	0.008413	42.334
21.51	21.50	0.008430	42.433
21.51	21.50	0.008447	42.528
21.51	21.50	0.008463	42.632
21.51	21.50	0.008480	42.732
21.51	21.50	0.008497	42.826
21.51	21.50	0.008513	42.931
21.51	21.50	0.008530	43.031
21.51	21.50	0.008547	43.125
21.51	21.50	0.008563	43.230
21.51	21.50	0.008580	43.324
21.51	21.50	0.008597	43.424
21.51	21.50	0.008613	43.528
21.51	21.50	0.008630	43.624
21.51	21.50	0.008647	43.723
21.51	21.50	0.008663	43.837
21.51	21.50	0.008680	43.938
21.48	21.50	0.008697	44.038
21.48	21.50	0.008713	44.138
21.48	21.50	0.008730	44.237
21.48	21.50	0.008746	44.338
21.48	21.50	0.008763	44.437
21.48	21.50	0.008780	44.538
21.48	21.50	0.008796	44.637
21.48	21.50	0.008813	44.738
21.48	21.50	0.008830	44.838
21.51	21.50	0.008846	44.938
21.51	21.50	0.008863	45.038
21.51	21.50	0.008880	45.137
21.51	21.50	0.008896	45.238
21.51	21.50	0.008913	45.337
21.51	21.50	0.008930	45.438
21.51	21.50	0.008946	45.539
21.51	21.50	0.008963	45.639
21.51	21.50	0.008980	45.739
21.51	21.50	0.008996	45.838
21.51	21.50	0.009013	45.939
21.51	21.50	0.009030	46.038
21.51	21.50	0.009046	46.168
21.51	21.50	0.009063	46.262
21.51	21.50	0.009080	46.363
21.51	21.50	0.009096	46.467
21.51	21.50	0.009113	46.561
21.51	21.50	0.009130	46.662
21.51	21.50	0.009146	46.766
21.51	21.50	0.009163	46.860
21.48	21.50	0.009180	46.960
21.48	21.50	0.009196	47.064
21.48	21.50	0.009213	47.159
21.48	21.50	0.009230	47.258
21.48	21.50	0.009246	47.363
21.48	21.50	0.009263	47.458
21.48	21.50	0.009280	47.557
21.48	21.50	0.009296	47.662
21.48	21.50	0.009313	47.756
21.48	21.50	0.009330	47.856
21.51	21.50	0.009346	47.960
21.51	21.50	0.009363	48.055
21.51	21.50	0.009380	48.155
21.51	21.50	0.009396	48.259
21.51	21.50	0.009413	48.355
21.51	21.50	0.009430	48.454
21.51	21.50	0.009446	48.559
21.51	21.50	0.009463	48.653
21.51	21.50	0.009480	48.754
21.51	21.50	0.009496	48.857
21.51	21.50	0.009513	48.952
21.51	21.50	0.009530	49.055
21.51	21.50	0.009546	49.156
21.51	21.50	0.009563	49.251
21.51	21.50	0.009579	49.354
21.51	21.50	0.009596	49.455
21.51	21.50	0.009613	49.549
21.51	21.50	0.009629	49.654
21.51	21.50	0.009646	49.754
21.51	21.50	0.009663	49.848
21.51	21.50	0.009679	49.953
21.48	21.50	0.009696	50.052
21.48	21.50	0.009713	50.147
21.48	21.50	0.009729	50.251
21.48	21.50	0.009746	50.351
21.48	21.50	0.009763	50.445
21.48	21.50	0.009779	50.550
21.48	21.50	0.009796	50.650
21.48	21.50	0.009813	50.744
21.48	21.50	0.009829	50.849
21.48	21.50	0.009846	50.943
21.51	21.50	0.009863	51.044
21.51	21.50	0.009879	51.148
21.51	21.50	0.009896	51.243
21.51	21.50	0.009913	51.342
21.51	21.50	0.009929	51.447
21.51	21.50	0.009946	51.542
21.51	21.50	0.009963	51.641
21.51	21.50	0.009979	51.746
21.51	21.50	0.009996	51.840
21.51	21.50	0.010013	51.940
21.51	21.50	0.010029	52.044
21.51	21.50	0.010046	52.140
21.51	21.50	0.010063	52.239
21.51	21.50	0.010079	52.343
21.51	21.50	0.010096	52.440
21.51	21.50	0.010113	52.540
21.51	21.50	0.010129	52.642
21.51	21.50	0.010146	52.739
21.51	21.50	0.010163	52.840
21.51	21.50	0.010179	52.940
21.48	21.50	0.010196	53.039
21.48	21.50	0.010213	53.140
21.48	21.50	0.010229	53.240
21.48	21.50	0.010246	53.340
21.48	21.50	0.010263	53.441
21.48	21.50	0.010279	53.541
21.48	21.50	0.010296	53.640
21.48	21.50	0.010313	53.741
21.48	21.50	0.010329	53.841
21.48	21.50	0.010346	53.941
21.51	21.50	0.010363	54.041
21.51	21.50	0.010379	54.140
21.51	21.50	0.010396	54.241
21.51	21.50	0.010412	54.340
21.51	21.50	0.010429	54.440
21.51	21.50	0.010446	54.540
21.51	21.50	0.010462	54.641
21.51	21.50	0.010479	54.741
21.51	21.50	0.010496	54.841
21.51	21.50	0.010512	54.941
21.51	21.50	0.010529	55.040
21.51	21.50	0.010546	55.140
21.51	21.50	0.010562	55.241
21.51	21.50	0.010579	55.340
21.51	21.50	0.010596	55.441
21.51	21.50	0.010612	55.541
21.51	21.50	0.010629	55.641
21.51	21.50	0.010646	55.740
21.51	21.50	0.010662	55.841
21.51	21.50	0.010679	55.940
21.51	21.50	0.010696	56.041
21.51	21.50	0.010712	56.141
21.48	21.50	0.010729	56.241
21.48	21.50	0.010746	56.341
21.48	21.50	0.010762	56.440
21.48	21.50	0.010779	56.541
21.48	21.50	0.010796	56.640
21.48	21.50	0.010812	56.741
21.48	21.50	0.010829	56.840
21.48	21.50	0.010846	56.941
21.48	21.50	0.010862	57.041
21.48	21.50	0.010879	57.140
21.51	21.50	0.010896	57.241
21.51	21.50	0.010912	57.340
21.51	21.50	0.010929	57.441
21.51	21.50	0.010946	57.540
21.51	21.50	0.010962	57.641
21.51	21.50	0.010979	57.741
21.51	21.50	0.010996	57.871
21.51	21.50	0.011012	57.941
21.51	21.50	0.011029	58.040
21.51	21.50	0.011046	58.139
21.51	21.50	0.011062	58.269
21.51	21.50	0.011079	58.363
21.51	21.50	0.011096	58.468
21.51	21.50	0.011112	58.562
21.51	21.50	0.011129	58.662
21.51	21.50	0.011146	58.767
21.51	21.50	0.011162	58.861
21.51	21.50	0.011179	58.961
21.48	21.50	0.011196	59.066
21.48	21.50	0.011212	59.160
21.48	21.50	0.011229	59.260
21.48	21.50	0.011245	59.364
21.48	21.50	0.011262	59.459
21.48	21.50	0.011279	59.558
21.48	21.50	0.011295	59.663
21.48	21.50	0.011312	59.758
21.48	21.50	0.011329	59.857
21.48	21.50	0.011345	59.962
21.51	21.50	0.011362	00.056
21.51	21.50	0.011379	00.156
21.51	21.50	0.011395	00.261
21.51	21.50	0.011412	00.355
21.51	21.50	0.011429	00.455
21.51	21.50	0.011445	00.560
21.51	21.50	0.011462	00.654
21.51	21.50	0.011479	00.754
21.51	21.50	0.011495	00.858
21.51	21.50	0.011512	00.953
21.51	21.50	0.011529	01.053
21.51	21.50	0.011545	01.157
21.51	21.50	0.011562	01.251
21.51	21.50	0.011579	01.353
21.51	21.50	0.011595	01.456
21.51	21.50	0.011612	01.550
21.51	21.50	0.011629	01.653
21.51	21.50	0.011645	01.755
21.51	21.50	0.011662	01.849
21.51	21.50	0.011679	01.953
21.51	21.50	0.011695	02.054
21.51	21.50	0.011712	02.149
21.51	21.50	0.011729	02.253
21.48	21.50	0.011745	02.353
21.48	21.50	0.011762	02.447
21.48	21.50	0.011779	02.552
21.48	21.50	0.011795	02.651
21.48	21.50	0.011812	02.746
21.48	21.50	0.011829	02.850
21.48	21.50	0.011845	02.950
21.48	21.50	0.011862	03.045
21.48	21.50	0.011879	03.149
21.48	21.50	0.011895	03.249
21.51	21.50	0.011912	03.343
21.51	21.50	0.011929	03.448
21.51	21.50	0.011945	03.543
21.51	21.50	0.011962	03.644
21.51	21.50	0.011979	03.747
21.51	21.50	0.011995	03.848
21.51	21.50	0.012012	03.944
21.51	21.50	0.012029	04.045
21.51	21.50	0.012045	04.148
21.51	21.50	0.012062	04.243
21.51	21.50	0.012078	04.344
21.51	21.50	0.012095	04.443
21.51	21.50	0.012112	04.544
21.51	21.50	0.012128	04.644
21.51	21.50	0.012145	04.748
21.51	21.50	0.012162	04.844
21.51	21.50	0.012178	04.943
21.51	21.50	0.012195	05.048
21.51	21.50	0.012212	05.143
21.51	21.50	0.012228	05.244
21.51	21.50	0.012245	05.348
21.51	21.50	0.012262	05.444
21.51	21.50	0.012278	05.544
21.48	21.50	0.012295	05.648
21.48	21.50	0.012312	05.744
21.48	21.50	0.012328	05.843
21.48	21.50	0.012345	05.948
21.48	21.50	0.012362	06.043
21.48	21.50	0.012378	06.144
21.48	21.50	0.012395	06.248
21.48	21.50	0.012412	06.344
21.48	21.50	0.012428	06.444
21.51	21.50	0.012445	06.543
21.51	21.50	0.012462	06.644
21.51	21.50	0.012478	06.743
21.51	21.50	0.012495	06.848
21.51	21.50	0.012512	06.943
21.51	21.50	0.012528	07.044
21.51	21.50	0.012545	07.148
21.51	21.50	0.012562	07.244
21.51	21.50	0.012578	07.344
21.51	21.50	0.012595	07.448
21.51	21.50	0.012612	07.544
21.51	21.50	0.012628	07.643
21.51	21.50	0.012645	07.748
21.51	21.50	0.012662	07.844
21.51	21.50	0.012678	07.944
21.51	21.50	0.012695	08.048
21.51	21.50	0.012712	08.143
21.51	21.50	0.012728	08.244
21.51	21.50	0.012745	08.348
21.48	21.50	0.012762	08.444
21.48	21.50	0.012778	08.543
21.48	21.50	0.012795	08.648
21.48	21.50	0.012812	08.744
21.48	21.50	0.012828	08.844
21.48	21.50	0.012845	08.948
21.48	21.50	0.012862	09.043
21.48	21.50	0.012878	09.144
21.48	21.50	0.012895	09.247
21.48	21.50	0.012911	09.344
21.51	21.50	0.012928	09.444
21.51	21.50	0.012945	09.548
21.51	21.50	0.012961	09.672
21.51	21.50	0.012978	09.767
21.51	21.50	0.012995	09.872
21.51	21.50	0.013011	09.971
21.51	21.50	0.013028	10.066
21.51	21.50	0.013045	10.170
21.51	21.50	0.013061	10.271
21.51	21.50	0.013078	10.365
21.51	21.50	0.013095	10.470
21.51	21.50	0.013111	10.570
21.51	21.50	0.013128	10.664
21.51	21.50	0.013145	10.769
21.51	21.50	0.013161	10.868
21.51	21.50	0.013178	10.963
21.51	21.50	0.013195	11.067
21.51	21.50	0.013211	11.162
21.51	21.50	0.013228	11.261
21.51	21.50	0.013245	11.366
21.48	21.50	0.013261	11.461
21.48	21.50	0.013278	11.560
21.48	21.50	0.013295	11.665
21.48	21.50	0.013311	11.759
21.48	21.50	0.013328	11.859
21.48	21.50	0.013345	11.963
21.48	21.50	0.013361	12.058
21.48	21.50	0.013378	12.158
21.48	21.50	0.013395	12.262
21.48	21.50	0.013411	12.357
21.48	21.50	0.013428	12.456
21.48	21.50	0.013445	12.561
21.51	21.50	0.013461	12.656
21.51	21.50	0.013478	12.756
21.51	21.50	0.013495	12.860
21.51	21.50	0.013511	12.955
21.51	21.50	0.013528	13.054
21.51	21.50	0.013545	13.159
21.51	21.50	0.013561	13.253
21.51	21.50	0.013578	13.353
21.51	21.50	0.013595	13.458
21.51	21.50	0.013611	13.552
21.51	21.50	0.013628	13.652
21.51	21.50	0.013645	13.756
21.51	21.50	0.013661	13.851
21.51	21.50	0.013678	13.952
21.51	21.50	0.013695	14.055
21.51	21.50	0.013711	14.150
21.51	21.50	0.013728	14.252
21.51	21.50	0.013744	14.354
21.51	21.50	0.013761	14.448
21.51	21.50	0.013778	14.552
21.51	21.50	0.013794	14.652
21.51	21.50	0.013811	14.747
21.51	21.50	0.013828	14.851
21.51	21.50	0.013844	14.951
21.51	21.50	0.013861	15.046
21.48	21.50	0.013878	15.150
21.48	21.50	0.013894	15.250
21.48	21.50	0.013911	15.345
21.48	21.50	0.013928	15.449
21.48	21.50	0.013944	15.548
21.48	21.50	0.013961	15.646
21.48	21.50	0.013978	15.747
21.48	21.50	0.013994	15.847
21.48	21.50	0.014011	15.946
21.48	21.50	0.014028	16.046
21.51	21.50	0.014044	16.147
21.51	21.50	0.014061	16.245
21.51	21.50	0.014078	16.346
21.51	21.50	0.014094	16.447
21.51	21.50	0.014111	16.546
21.51	21.50	0.014128	16.646
21.51	21.50	0.014144	16.747
21.51	21.50	0.014161	16.846
21.51	21.50	0.014178	16.945
21.51	21.50	0.014194	17.047
21.51	21.50	0.014211	17.145
21.51	21.50	0.014228	17.246
21.51	21.50	0.014244	17.347
21.51	21.50	0.014261	17.446
21.51	21.50	0.014278	17.546
21.51	21.50	0.014294	17.647
21.51	21.50	0.014311	17.746
21.51	21.50	0.014328	17.845
21.51	21.50	0.014344	17.947
21.51	21.50	0.014361	18.045
21.51	21.50	0.014378	18.146
21.51	21.50	0.014394	18.247
21.51	21.50	0.014411	18.346
21.51	21.50	0.014428	18.446
21.48	21.50	0.014444	18.547
21.48	21.50	0.014461	18.646
21.48	21.50	0.014478	18.745
21.48	21.50	0.014494	18.847
21.48	21.50	0.014511	18.945
21.48	21.50	0.014528	19.046
21.48	21.50	0.014544	19.147
21.48	21.50	0.014561	19.246
21.48	21.50	0.014577	19.346
21.48	21.50	0.014594	19.447
21.48	21.50	0.014611	19.546
21.51	21.50	0.014627	19.645
21.51	21.50	0.014644	19.747
21.51	21.50	0.014661	19.846
21.51	21.50	0.014677	19.946
21.51	21.50	0.014694	20.047
21.51	21.50	0.014711	20.145
21.51	21.50	0.014727	20.246
21.51	21.50	0.014744	20.347
21.51	21.50	0.014761	20.446
21.51	21.50	0.014777	20.545
21.51	21.50	0.014794	20.647
21.51	21.50	0.014811	20.746
21.51	21.50	0.014827	20.846
21.51	21.50	0.014844	20.947
21.51	21.50	0.014861	21.045
21.51	21.50	0.014877	21.146
21.51	21.50	0.014894	21.246
21.51	21.50	0.014911	21.346
21.51	21.50	0.014927	21.445
21.51	21.50	0.014944	21.547
21.51	21.50	0.014961	21.674
21.51	21.50	0.014977	21.769
21.51	21.50	0.014994	21.847
21.48	21.50	0.015011	21.973
21.48	21.50	0.015027	22.068
21.48	21.50	0.015044	22.146
21.48	21.50	0.015061	22.272
21.48	21.50	0.015077	22.366
21.48	21.50	0.015094	22.471
21.48	21.50	0.015111	22.571
21.48	21.50	0.015127	22.665
21.48	21.50	0.015144	22.770
21.48	21.50	0.015161	22.869
21.51	21.50	0.015177	22.964
21.51	21.50	0.015194	23.068
21.51	21.50	0.015211	23.168
21.51	21.50	0.015227	23.262
21.51	21.50	0.015244	23.367
21.51	21.50	0.015261	23.467
21.51	21.50	0.015277	23.562
21.51	21.50	0.015294	23.666
21.51	21.50	0.015311	23.761
21.51	21.50	0.015327	23.860
21.51	21.50	0.015344	23.964
21.51	21.50	0.015361	24.059
21.51	21.50	0.015377	24.159
21.51	21.50	0.015394	24.263
21.51	21.50	0.015410	24.358
21.51	21.50	0.015427	24.457
21.51	21.50	0.015444	24.562
21.51	21.50	0.015460	24.656
21.51	21.50	0.015477	24.757
21.51	21.50	0.015494	24.862
21.48	21.50	0.015510	24.956
21.48	21.50	0.015527	25.055
21.48	21.50	0.015544	25.160
21.48	21.50	0.015560	25.255
21.48	21.50	0.015577	25.354
21.48	21.50	0.015594	25.459
21.48	21.50	0.015610	25.554
21.48	21.50	0.015627	25.653
21.48	21.50	0.015644	25.758
21.48	21.50	0.015660	25.852
21.51	21.50	0.015677	25.952
21.51	21.50	0.015694	26.056
21.51	21.50	0.015710	26.151
21.51	21.50	0.015727	26.250
21.51	21.50	0.015744	26.355
21.51	21.50	0.015760	26.450
21.51	21.50	0.015777	26.551
21.51	21.50	0.015794	26.654
21.51	21.50	0.015810	26.748
21.51	21.50	0.015827	26.851
21.51	21.50	0.015844	26.952
21.51	21.50	0.015860	27.047
21.51	21.50	0.015877	27.150
21.51	21.50	0.015894	27.251
21.51	21.50	0.015910	27.346
21.51	21.50	0.015927	27.450
21.51	21.50	0.015944	27.550
21.51	21.50	0.015960	27.645
21.51	21.50	0.015977	27.749
21.51	21.50	0.015994	27.848
21.51	21.50	0.016010	27.946
21.51	21.50	0.016027	28.048
21.51	21.50	0.016044	28.148
21.48	21.50	0.016060	28.246
21.48	21.50	0.016077	28.347
21.48	21.50	0.016094	28.447
21.48	21.50	0.016110	28.545
21.48	21.50	0.016127	28.646
21.48	21.50	0.016144	28.745
21.48	21.50	0.016160	28.846
21.48	21.50	0.016177	28.946
21.48	21.50	0.016194	29.046
21.48	21.50	0.016210	29.146
21.51	21.50	0.016227	29.245
21.51	21.50	0.016244	29.346
21.51	21.50	0.016260	29.445
21.51	21.50	0.016277	29.546
21.51	21.50	0.016293	29.646
21.51	21.50	0.016310	29.746
21.51	21.50	0.016327	29.846
21.51	21.50	0.016343	29.946
21.51	21.50	0.016360	30.046
21.51	21.50	0.016377	30.145
21.51	21.50	0.016393	30.246
21.51	21.50	0.016410	30.345
21.51	21.50	0.016427	30.446
21.51	21.50	0.016443	30.546
21.51	21.50	0.016460	30.646
21.51	21.50	0.016477	30.746
21.51	21.50	0.016493	30.846
21.51	21.50	0.016510	30.946
21.51	21.50	0.016527	31.045
21.51	21.50	0.016543	31.146
21.48	21.50	0.016560	31.245
21.48	21.50	0.016577	31.346
21.48	21.50	0.016593	31.446
21.48	21.50	0.016610	31.546
21.48	21.50	0.016627	31.646
21.48	21.50	0.016643	31.745
21.48	21.50	0.016660	31.846
21.48	21.50	0.016677	31.945
21.48	21.50	0.016693	32.046
21.51	21.50	0.016710	32.146
21.51	21.50	0.016727	32.246
21.51	21.50	0.016743	32.346
21.51	21.50	0.016760	32.445
21.51	21.50	0.016777	32.546
21.51	21.50	0.016793	32.645
21.51	21.50	0.016810	32.746
21.51	21.50	0.016827	32.845
21.51	21.50	0.016843	32.946
21.51	21.50	0.016860	33.046
21.51	21.50	0.016877	33.146
21.51	21.50	0.016893	33.246
21.51	21.50	0.016910	33.345
21.51	21.50	0.016927	33.446
21.51	21.50	0.016943	33.545
21.51	21.50	0.016960	33.646
21.51	21.50	0.016977	33.745
21.48	21.50	0.016993	33.870
21.48	21.50	0.017010	33.975
21.48	21.50	0.017027	34.069
21.48	21.50	0.017043	34.146
21.48	21.50	0.017060	34.273
21.48	21.50	0.017077	34.368
21.48	21.50	0.017093	34.445
21.48	21.50	0.017110	34.572
21.48	21.50	0.017126	34.666
21.51	21.50	0.017143	34.770
21.51	21.50	0.017160	34.871
21.51	21.50	0.017176	34.965
21.51	21.50	0.017193	35.070
21.51	21.50	0.017210	35.169
21.51	21.50	0.017226	35.264
21.51	21.50	0.017243	35.368
21.51	21.50	0.017260	35.468
21.51	21.50	0.017276	35.563
21.51	21.50	0.017293	35.667
21.51	21.50	0.017310	35.767
21.51	21.50	0.017326	35.861
21.51	21.50	0.017343	35.966
21.51	21.50	0.017360	36.065
21.51	21.50	0.017376	36.160
21.51	21.50	0.017393	36.264
21.51	21.50	0.017410	36.359
21.51	21.50	0.017426	36.459
21.51	21.50	0.017443	36.564
21.48	21.50	0.017460	36.658
21.48	21.50	0.017476	36.758
21.48	21.50	0.017493	36.863
21.48	21.50	0.017510	36.956
21.48	21.50	0.017526	37.057
21.48	21.50	0.017543	37.162
21.48	21.50	0.017560	37.256
21.48	21.50	0.017576	37.356
21.48	21.50	0.017593	37.460
21.48	21.50	0.017610	37.555
21.51	21.50	0.017626	37.654
21.51	21.50	0.017643	37.759
21.51	21.50	0.017660	37.853
21.51	21.50	0.017676	37.953
21.51	21.50	0.017693	38.058
21.51	21.50	0.017710	38.152
21.51	21.50	0.017726	38.252
21.51	21.50	0.017743	38.356
21.51	21.50	0.017760	38.451
21.51	21.50	0.017776	38.550
21.51	21.50	0.017793	38.655
21.51	21.50	0.017810	38.749
21.51	21.50	0.017826	38.850
21.51	21.50	0.017843	38.954
21.51	21.50	0.017860	39.048
21.51	21.50	0.017876	39.150
21.51	21.50	0.017893	39.252
21.51	21.50	0.017910	39.347
21.51	21.50	0.017926	39.449
21.51	21.50	0.017943	39.551
21.51	21.50	0.017959	39.647
21.48	21.50	0.017976	39.749
21.48	21.50	0.017993	39.850
21.48	21.50	0.018009	39.946
21.48	21.50	0.018026	40.050
21.48	21.50	0.018043	40.149
21.48	21.50	0.018059	40.246
21.48	21.50	0.018076	40.348
21.48	21.50	0.018093	40.448
21.48	21.50	0.018109	40.545
21.48	21.50	0.018126	40.647
21.51	21.50	0.018143	40.747
21.51	21.50	0.018159	40.846
21.51	21.50	0.018176	40.946
21.51	21.50	0.018193	41.046
21.51	21.50	0.018209	41.145
21.51	21.50	0.018226	41.246
21.51	21.50	0.018243	41.345
21.51	21.50	0.018259	41.446
21.51	21.50	0.018276	41.546
21.51	21.50	0.018293	41.646
21.51	21.50	0.018309	41.746
21.51	21.50	0.018326	41.845
21.51	21.50	0.018343	41.946
21.51	21.50	0.018359	42.045
21.51	21.50	0.018376	42.146
21.51	21.50	0.018393	42.245
21.51	21.50	0.018409	42.346
21.51	21.50	0.018426	42.446
21.51	21.50	0.018443	42.546
21.48	21.50	0.018459	42.646
21.48	21.50	0.018476	42.745
21.48	21.50	0.018493	42.846
21.48	21.50	0.018509	42.945
21.48	21.50	0.018526	43.046
21.48	21.50	0.018543	43.145
21.48	21.50	0.018559	43.246
21.48	21.50	0.018576	43.346
21.48	21.50	0.018593	43.446
21.51	21.50	0.018609	43.547
21.51	21.50	0.018626	43.646
21.51	21.50	0.018643	43.747
21.51	21.50	0.018659	43.846
21.51	21.50	0.018676	43.947
21.51	21.50	0.018693	44.047
21.51	21.50	0.018709	44.147
21.51	21.50	0.018726	44.247
21.51	21.50	0.018743	44.346
21.51	21.50	0.018759	44.447
21.51	21.50	0.018776	44.546
21.51	21.50	0.018792	44.647
21.51	21.50	0.018809	44.746
21.51	21.50	0.018826	44.847
21.51	21.50	0.018842	44.947
21.51	21.50	0.018859	45.047
21.51	21.50	0.018876	45.147
21.51	21.50	0.018892	45.246
21.51	21.50	0.018909	45.347
21.51	21.50	0.018926	45.446
21.48	21.50	0.018942	45.547
21.48	21.50	0.018959	45.646
21.48	21.50	0.018976	45.771
21.48	21.50	0.018992	45.870
21.48	21.50	0.019009	45.975
21.48	21.50	0.019026	46.070
21.48	21.50	0.019042	46.169
21.48	21.50	0.019059	46.275
21.51	21.50	0.019076	46.369
21.51	21.50	0.019092	46.469
21.51	21.50	0.019109	46.573
21.51	21.50	0.019126	46.668
21.51	21.50	0.019142	46.769
21.51	21.50	0.019159	46.872
21.51	21.50	0.019176	46.967
21.51	21.50	0.019192	47.069
21.51	21.50	0.019209	47.171
21.51	21.50	0.019226	47.265
21.51	21.50	0.019242	47.369
21.51	21.50	0.019259	47.469
21.51	21.50	0.019276	47.564
21.51	21.50	0.019292	47.669
21.51	21.50	0.019309	47.768
21.51	21.50	0.019326	47.863
21.51	21.50	0.019342	47.968
21.51	21.50	0.019359	48.067
21.48	21.50	0.019376	48.162
21.48	21.50	0.019392	48.266
21.48	21.50	0.019409	48.366
21.48	21.50	0.019426	48.460
21.48	21.50	0.019442	48.565
21.48	21.50	0.019459	48.664
21.48	21.50	0.019476	48.759
21.48	21.50	0.019492	48.864
21.51	21.50	0.019509	48.958
21.51	21.50	0.019526	49.058
21.51	21.50	0.019542	49.162
21.51	21.50	0.019559	49.257
21.51	21.50	0.019576	49.356
21.51	21.50	0.019592	49.461
21.51	21.50	0.019609	49.556
21.51	21.50	0.019625	49.655
21.51	21.50	0.019642	49.761
21.51	21.50	0.019659	49.854
21.51	21.50	0.019675	49.954
21.51	21.50	0.019692	50.059
21.51	21.50	0.019709	50.153
21.51	21.50	0.019725	50.253
21.51	21.50	0.019742	50.358
21.51	21.50	0.019759	50.453
21.51	21.50	0.019775	50.552
21.51	21.50	0.019792	50.657
21.51	21.50	0.019809	50.751
21.51	21.50	0.019825	50.851
21.51	21.50	0.019842	50.955
21.51	21.50	0.019859	51.051
21.51	21.50	0.019875	51.151
21.51	21.50	0.019892	51.254
21.48	21.50	0.019909	51.351
21.48	21.50	0.019925	51.450
21.48	21.50	0.019942	51.553
21.48	21.50	0.019959	51.650
21.48	21.50	0.019975	51.751
21.48	21.50	0.019992	51.852
21.48	21.50	0.020009	51.951
21.48	21.50	0.020025	52.050
21.48	21.50	0.020042	52.151
21.51	21.50	0.020059	52.251
21.51	21.50	0.020075	52.351
21.51	21.50	0.020092	52.451
21.51	21.50	0.020109	52.550
21.51	21.50	0.020125	52.651
21.51	21.50	0.020142	52.750
21.51	21.50	0.020159	52.851
21.51	21.50	0.020175	52.950
21.51	21.50	0.020192	53.051
21.51	21.50	0.020209	53.151
21.51	21.50	0.020225	53.251
21.51	21.50	0.020242	53.351
21.51	21.50	0.020259	53.450
21.51	21.50	0.020275	53.551
21.51	21.50	0.020292	53.650
21.51	21.50	0.020309	53.751
21.51	21.50	0.020325	53.850
21.51	21.50	0.020342	53.951
21.51	21.50	0.020359	54.050
21.51	21.50	0.020375	54.151
21.51	21.50	0.020392	54.250
21.51	21.50	0.020409	54.351
21.51	21.50	0.020425	54.451
21.48	21.50	0.020442	54.551
21.48	21.50	0.020458	54.651
21.48	21.50	0.020475	54.750
21.48	21.50	0.020492	54.851
21.48	21.50	0.020508	54.950
21.48	21.50	0.020525	55.051
21.48	21.50	0.020542	55.151
21.48	21.50	0.020558	55.251
21.48	21.50	0.020575	55.351
21.48	21.50	0.020592	55.450
21.51	21.50	0.020608	55.551
21.51	21.50	0.020625	55.650
21.51	21.50	0.020642	55.751
21.51	21.50	0.020658	55.850
21.51	21.50	0.020675	55.951
21.51	21.50	0.020692	56.051
21.51	21.50	0.020708	56.151
21.51	21.50	0.020725	56.251
21.51	21.50	0.020742	56.350
21.51	21.50	0.020758	56.451
21.51	21.50	0.020775	56.550
21.51	21.50	0.020792	56.651
21.51	21.50	0.020808	56.750
21.51	21.50	0.020825	56.851
21.51	21.50	0.020842	56.951
21.51	21.50	0.020858	57.050
21.51	21.50	0.020875	57.150
21.51	21.50	0.020892	57.274
21.48	21.50	0.020908	57.380
21.48	21.50	0.020925	57.473
21.48	21.50	0.020942	57.574
21.48	21.50	0.020958	57.678
21.48	21.50	0.020975	57.773
21.48	21.50	0.020992	57.873
21.48	21.50	0.021008	57.977
21.48	21.50	0.021025	58.072
21.48	21.50	0.021042	58.171
21.48	21.50	0.021058	58.276
21.48	21.50	0.021075	58.370
21.51	21.50	0.021092	58.470
21.51	21.50	0.021108	58.574
21.51	21.50	0.021125	58.669
21.51	21.50	0.021142	58.769
21.51	21.50	0.021158	58.873
21.51	21.50	0.021175	58.968
21.51	21.50	0.021192	59.068
21.51	21.50	0.021208	59.172
21.51	21.50	0.021225	59.266
21.51	21.50	0.021242	59.368
21.51	21.50	0.021258	59.471
21.51	21.50	0.021275	59.565
21.51	21.50	0.021291	59.668
21.51	21.50	0.021308	59.769
21.51	21.50	0.021325	59.864
21.51	21.50	0.021341	59.967
21.51	21.50	0.021358	00.068
21.51	21.50	0.021375	00.163
21.51	21.50	0.021391	00.267
21.51	21.50	0.021408	00.367
21.51	21.50	0.021425	00.461
21.51	21.50	0.021441	00.567
21.48	21.50	0.021458	00.666
21.48	21.50	0.021475	00.760
21.48	21.50	0.021491	00.865
21.48	21.50	0.021508	00.965
21.48	21.50	0.021525	01.060
21.48	21.50	0.021541	01.164
21.48	21.50	0.021558	01.264
21.48	21.50	0.021575	01.358
21.48	21.50	0.021591	01.463
21.48	21.50	0.021608	01.557
21.48	21.50	0.021625	01.657
21.51	21.50	0.021641	01.761
21.51	21.50	0.021658	01.856
21.51	21.50	0.021675	01.956
21.51	21.50	0.021691	02.060
21.51	21.50	0.021708	02.155
21.51	21.50	0.021725	02.254
21.51	21.50	0.021741	02.359
21.51	21.50	0.021758	02.453
21.51	21.50	0.021775	02.553
21.51	21.50	0.021791	02.658
21.51	21.50	0.021808	02.752
21.51	21.50	0.021825	02.852
21.51	21.50	0.021841	02.956
21.51	21.50	0.021858	03.052
21.51	21.50	0.021875	03.151
21.51	21.50	0.021891	03.255
21.51	21.50	0.021908	03.352
21.51	21.50	0.021925	03.452
21.51	21.50	0.021941	03.554
21.51	21.50	0.021958	03.651
21.51	21.50	0.021975	03.752
21.51	21.50	0.021991	03.852
21.51	21.50	0.022008	03.952
21.48	21.50	0.022025	04.051
21.48	21.50	0.022041	04.152
21.48	21.50	0.022058	04.252
21.48	21.50	0.022075	04.352
21.48	21.50	0.022091	04.452
21.48	21.50	0.022108	04.552
21.48	21.50	0.022124	04.652
21.48	21.50	0.022141	04.752
21.48	21.50	0.022158	04.853
21.48	21.50	0.022174	04.953
21.48	21.50	0.022191	05.053
21.51	21.50	0.022208	05.152
21.51	21.50	0.022224	05.253
21.51	21.50	0.022241	05.352
21.51	21.50	0.022258	05.453
21.51	21.50	0.022274	05.552
21.51	21.50	0.022291	05.653
21.51	21.50	0.022308	05.753
21.51	21.50	0.022324	05.853
21.51	21.50	0.022341	05.954
21.51	21.50	0.022358	06.053
21.51	21.50	0.022374	06.154
21.51	21.50	0.022391	06.253
21.51	21.50	0.022408	06.354
21.51	21.50	0.022424	06.454
21.51	21.50	0.022441	06.554
21.51	21.50	0.022458	06.654
21.51	21.50	0.022474	06.753
21.51	21.50	0.022491	06.854
21.51	21.50	0.022508	06.953
21.51	21.50	0.022524	07.054
21.51	21.50	0.022541	07.153
21.51	21.50	0.022558	07.254
21.51	21.50	0.022574	07.354
21.48	21.50	0.022591	07.454
21.48	21.50	0.022608	07.554
21.48	21.50	0.022624	07.653
21.48	21.50	0.022641	07.754
21.48	21.50	0.022658	07.853
21.48	21.50	0.022674	07.954
21.48	21.50	0.022691	08.053
21.48	21.50	0.022708	08.154
21.51	21.50	0.022724	08.254
21.51	21.50	0.022741	08.354
21.51	21.50	0.022758	08.454
21.51	21.50	0.022774	08.553
21.51	21.50	0.022791	08.654
21.51	21.50	0.022808	08.753
21.51	21.50	0.022824	08.883
21.51	21.50	0.022841	08.977
21.51	21.50	0.022858	09.082
21.51	21.50	0.022874	09.177
21.51	21.50	0.022891	09.276
21.51	21.50	0.022908	09.381
21.51	21.50	0.022924	09.475
21.51	21.50	0.022941	09.575
21.51	21.50	0.022957	09.679
21.51	21.50	0.022974	09.774
21.51	21.50	0.022991	09.874
21.51	21.50	0.023007	09.978
21.51	21.50	0.023024	10.073
21.51	21.50	0.023041	10.172
21.51	21.50	0.023057	10.277
21.51	21.50	0.023074	10.371
21.48	21.50	0.023091	10.471
21.48	21.50	0.023107	10.575
21.48	21.50	0.023124	10.670
21.48	21.50	0.023141	10.770
21.48	21.50	0.023157	10.874
21.48	21.50	0.023174	10.969
21.48	21.50	0.023191	11.068
21.48	21.50	0.023207	11.173
21.48	21.50	0.023224	11.267
21.48	21.50	0.023241	11.367
21.48	21.50	0.023257	11.471
21.51	21.50	0.023274	11.567
21.51	21.50	0.023291	11.667
21.51	21.50	0.023307	11.771
21.51	21.50	0.023324	11.866
21.51	21.50	0.023341	11.966
21.51	21.50	0.023357	12.070
21.51	21.50	0.023374	12.164
21.51	21.50	0.023391	12.267
21.51	21.50	0.023407	12.369
21.51	21.50	0.023424	12.463
21.51	21.50	0.023441	12.567
21.51	21.50	0.023457	12.667
21.51	21.50	0.023474	12.762
21.51	21.50	0.023491	12.866
21.51	21.50	0.023507	12.966
21.51	21.50	0.023524	13.060
21.51	21.50	0.023541	13.165
21.51	21.50	0.023557	13.265
21.51	21.50	0.023574	13.360
21.48	21.50	0.023591	13.464
21.48	21.50	0.023607	13.564
21.48	21.50	0.023624	13.658
21.48	21.50	0.023641	13.763
21.48	21.50	0.023657	13.862
21.48	21.50	0.023674	13.957
21.48	21.50	0.023691	14.061
21.48	21.50	0.023707	14.156
21.48	21.50	0.023724	14.255
21.48	21.50	0.023741	14.360
21.51	21.50	0.023757	14.454
21.51	21.50	0.023774	14.554
21.51	21.50	0.023790	14.659
21.51	21.50	0.023807	14.754
21.51	21.50	0.023824	14.854
21.51	21.50	0.023840	14.958
21.51	21.50	0.023857	15.053
21.51	21.50	0.023874	15.154
21.51	21.50	0.023890	15.256
21.51	21.50	0.023907	15.354
21.51	21.50	0.023924	15.454
21.51	21.50	0.023940	15.555
21.51	21.50	0.023957	15.654
21.51	21.50	0.023974	15.753
21.51	21.50	0.023990	15.854
21.51	21.50	0.024007	15.953
21.51	21.50	0.024024	16.054
21.51	21.50	0.024040	16.153
21.51	21.50	0.024057	16.254
21.51	21.50	0.024074	16.354
21.51	21.50	0.024090	16.454
21.51	21.50	0.024107	16.554
21.48	21.50	0.024124	16.653
21.48	21.50	0.024140	16.754
21.48	21.50	0.024157	16.853
21.48	21.50	0.024174	16.954
21.48	21.50	0.024190	17.054
21.48	21.50	0.024207	17.154
21.48	21.50	0.024224	17.254
21.48	21.50	0.024240	17.353
21.48	21.50	0.024257	17.454
21.48	21.50	0.024274	17.553
21.48	21.50	0.024290	17.654
21.51	21.50	0.024307	17.753
21.51	21.50	0.024324	17.854
21.51	21.50	0.024340	17.954
21.51	21.50	0.024357	18.054
21.51	21.50	0.024374	18.154
21.51	21.50	0.024390	18.253
21.51	21.50	0.024407	18.354
21.51	21.50	0.024424	18.453
21.51	21.50	0.024440	18.554
21.51	21.50	0.024457	18.655
21.51	21.50	0.024474	18.755
21.51	21.50	0.024490	18.855
21.51	21.50	0.024507	18.954
21.51	21.50	0.024524	19.055
21.51	21.50	0.024540	19.154
21.51	21.50	0.024557	19.255
21.51	21.50	0.024574	19.354
21.51	21.50	0.024590	19.455
21.51	21.50	0.024607	19.555
21.51	21.50	0.024623	19.655
21.51	21.50	0.024640	19.755
21.51	21.50	0.024657	19.854
21.48	21.50	0.024673	19.955
21.48	21.50	0.024690	20.054
21.48	21.50	0.024707	20.155
21.48	21.50	0.024723	20.254
21.48	21.50	0.024740	20.355
21.48	21.50	0.024757	20.455
21.48	21.50	0.024773	20.555
21.48	21.50	0.024790	20.655
21.48	21.50	0.024807	20.754
21.48	21.50	0.024823	20.854
21.48	21.50	0.024840	20.953
21.51	21.50	0.024857	21.083
21.51	21.50	0.024873	21.182
21.51	21.50	0.024890	21.277
21.51	21.50	0.024907	21.382
21.51	21.50	0.024923	21.481
21.51	21.50	0.024940	21.576
21.51	21.50	0.024957	21.681
21.51	21.50	0.024973	21.776
21.51	21.50	0.024990	21.875
21.51	21.50	0.025007	21.980
21.51	21.50	0.025023	22.074
21.51	21.50	0.025040	22.174
21.51	21.50	0.025057	22.279
21.51	21.50	0.025073	22.373
21.51	21.50	0.025090	22.473
21.51	21.50	0.025107	22.577
21.51	21.50	0.025123	22.672
21.51	21.50	0.025140	22.771
21.51	21.50	0.025157	22.876
21.51	21.50	0.025173	22.971
21.48	21.50	0.025190	23.070
21.48	21.50	0.025207	23.175
21.48	21.50	0.025223	23.269
21.48	21.50	0.025240	23.369
21.48	21.50	0.025257	23.473
21.48	21.50	0.025273	23.568
21.48	21.50	0.025290	23.667
21.48	21.50	0.025307	23.772
21.48	21.50	0.025323	23.867
21.51	21.50	0.025340	23.966
21.51	21.50	0.025357	24.071
21.51	21.50	0.025373	24.165
21.51	21.50	0.025390	24.266
21.51	21.50	0.025407	24.369
21.51	21.50	0.025423	24.464
21.51	21.50	0.025440	24.566
21.51	21.50	0.025456	24.668
21.51	21.50	0.025473	24.763
21.51	21.50	0.025490	24.865
21.51	21.50	0.025506	24.967
21.51	21.50	0.025523	25.061
21.51	21.50	0.025540	25.165
21.51	21.50	0.025556	25.266
21.51	21.50	0.025573	25.360
21.51	21.50	0.025590	25.465
21.51	21.50	0.025606	25.565
21.51	21.50	0.025623	25.659
21.51	21.50	0.025640	25.764
21.51	21.50	0.025656	25.864
21.51	21.50	0.025673	25.958
21.51	21.50	0.025690	26.063
21.51	21.50	0.025706	26.162
21.51	21.50	0.025723	26.257
21.51	21.50	0.025740	26.361
21.51	21.50	0.025756	26.461
21.51	21.50	0.025773	26.556
21.48	21.50	0.025790	26.661
21.48	21.50	0.025806	26.755
21.48	21.50	0.025823	26.855
21.48	21.50	0.025840	26.959
21.48	21.50	0.025856	27.055
21.48	21.50	0.025873	27.154
21.48	21.50	0.025890	27.258
21.48	21.50	0.025906	27.355
21.48	21.50	0.025923	27.455
21.48	21.50	0.025940	27.557
21.51	21.50	0.025956	27.654
21.51	21.50	0.025973	27.755
21.51	21.50	0.025990	27.855
21.51	21.50	0.026006	27.955
21.51	21.50	0.026023	28.054
21.51	21.50	0.026040	28.155
21.51	21.50	0.026056	28.255
21.51	21.50	0.026073	28.355
21.51	21.50	0.026090	28.455
21.51	21.50	0.026106	28.555
21.51	21.50	0.026123	28.655
21.51	21.50	0.026140	28.755
21.51	21.50	0.026156	28.854
21.51	21.50	0.026173	28.955
21.51	21.50	0.026190	29.054
21.51	21.50	0.026206	29.155
21.51	21.50	0.026223	29.255
21.51	21.50	0.026240	29.355
21.51	21.50	0.026256	29.455
21.51	21.50	0.026273	29.554
21.51	21.50	0.026289	29.655
21.51	21.50	0.026306	29.754
21.48	21.50	0.026323	29.855
21.48	21.50	0.026339	29.954
21.48	21.50	0.026356	30.055
21.48	21.50	0.026373	30.155
21.48	21.50	0.026389	30.255
21.48	21.50	0.026406	30.355
21.48	21.50	0.026423	30.454
21.48	21.50	0.026439	30.555
21.48	21.50	0.026456	30.654
21.48	21.50	0.026473	30.755
21.48	21.50	0.026489	30.854
21.48	21.50	0.026506	30.955
21.51	21.50	0.026523	31.055
21.51	21.50	0.026539	31.155
21.51	21.50	0.026556	31.255
21.51	21.50	0.026573	31.355
21.51	21.50	0.026589	31.456
21.51	21.50	0.026606	31.555
21.51	21.50	0.026623	31.656
21.51	21.50	0.026639	31.756
21.51	21.50	0.026656	31.860
21.51	21.50	0.026673	31.956
21.51	21.50	0.026689	32.055
21.51	21.50	0.026706	32.161
21.51	21.50	0.026723	32.255
21.51	21.50	0.026739	32.356
21.51	21.50	0.026756	32.455
21.51	21.50	0.026773	32.556
21.51	21.50	0.026789	32.656
21.51	21.50	0.026806	32.760
21.51	21.50	0.026823	32.856
21.51	21.50	0.026839	32.955
21.51	21.50	0.026856	33.085
21.51	21.50	0.026873	33.184
21.51	21.50	0.026889	33.279
21.51	21.50	0.026906	33.383
21.48	21.50	0.026923	33.483
21.48	21.50	0.026939	33.578
21.48	21.50	0.026956	33.682
21.48	21.50	0.026973	33.782
21.48	21.50	0.026989	33.876
21.48	21.50	0.027006	33.981
21.48	21.50	0.027023	34.080
21.48	21.50	0.027039	34.175
21.48	21.50	0.027056	34.279
21.48	21.50	0.027073	34.374
21.51	21.50	0.027089	34.474
21.51	21.50	0.027106	34.579
21.51	21.50	0.027122	34.673
21.51	21.50	0.027139	34.773
21.51	21.50	0.027156	34.877
21.51	21.50	0.027172	34.971
21.51	21.50	0.027189	35.072
21.51	21.50	0.027206	35.176
21.51	21.50	0.027222	35.271
21.51	21.50	0.027239	35.370
21.51	21.50	0.027256	35.475
21.51	21.50	0.027272	35.570
21.51	21.50	0.027289	35.669
21.51	21.50	0.027306	35.774
21.51	21.50	0.027322	35.868
21.51	21.50	0.027339	35.968
21.51	21.50	0.027356	36.072
21.51	21.50	0.027372	36.167
21.51	21.50	0.027389	36.266
21.51	21.50	0.027406	36.371
21.51	21.50	0.027422	36.466
21.51	21.50	0.027439	36.565
21.51	21.50	0.027456	36.670
21.51	21.50	0.027472	36.764
21.48	21.50	0.027489	36.865
21.48	21.50	0.027506	36.968
21.48	21.50	0.027522	37.063
21.48	21.50	0.027539	37.165
21.48	21.50	0.027556	37.267
21.48	21.50	0.027572	37.362
21.48	21.50	0.027589	37.464
21.48	21.50	0.027606	37.566
21.48	21.50	0.027622	37.660
21.48	21.50	0.027639	37.764
21.48	21.50	0.027656	37.865
21.51	21.50	0.027672	37.960
21.51	21.50	0.027689	38.064
21.51	21.50	0.027706	38.164
21.51	21.50	0.027722	38.259
21.51	21.50	0.027739	38.363
21.51	21.50	0.027756	38.463
21.51	21.50	0.027772	38.557
21.51	21.50	0.027789	38.662
21.51	21.50	0.027806	38.761
21.51	21.50	0.027822	38.856
21.51	21.50	0.027839	38.961
21.51	21.50	0.027856	39.060
21.51	21.50	0.027872	39.156
21.51	21.50	0.027889	39.259
21.51	21.50	0.027906	39.359
21.51	21.50	0.027922	39.456
21.51	21.50	0.027939	39.557
21.51	21.50	0.027955	39.660
21.51	21.50	0.027972	39.756
21.51	21.50	0.027989	39.857
21.48	21.50	0.028005	39.960
21.48	21.50	0.028022	40.056
21.48	21.50	0.028039	40.155
21.48	21.50	0.028055	40.260
21.48	21.50	0.028072	40.355
21.48	21.50	0.028089	40.456
21.48	21.50	0.028105	40.560
21.48	21.50	0.028122	40.656
21.48	21.50	0.028139	40.756
21.48	21.50	0.028155	40.859
21.48	21.50	0.028172	40.956
21.51	21.50	0.028189	41.055
21.51	21.50	0.028205	41.160
21.51	21.50	0.028222	41.255
21.51	21.50	0.028239	41.356
21.51	21.50	0.028255	41.460
21.51	21.50	0.028272	41.555
21.51	21.50	0.028289	41.656
21.51	21.50	0.028305	41.759
21.51	21.50	0.028322	41.855
21.51	21.50	0.028339	41.956
21.51	21.50	0.028355	42.059
21.51	21.50	0.028372	42.156
21.51	21.50	0.028389	42.256
21.51	21.50	0.028405	42.360
21.51	21.50	0.028422	42.455
21.51	21.50	0.028439	42.556
21.51	21.50	0.028455	42.659
21.51	21.50	0.028472	42.756
21.51	21.50	0.028489	42.856
21.51	21.50	0.028505	42.959
21.51	21.50	0.028522	43.056
21.51	21.50	0.028539	43.155
21.51	21.50	0.028555	43.259
21.48	21.50	0.028572	43.355
21.48	21.50	0.028589	43.456
21.48	21.50	0.028605	43.559
21.48	21.50	0.028622	43.656
21.48	21.50	0.028639	43.756
21.48	21.50	0.028655	43.859
21.48	21.50	0.028672	43.955
21.48	21.50	0.028689	44.056
21.48	21.50	0.028705	44.159
21.48	21.50	0.028722	44.256
21.51	21.50	0.028739	44.355
21.51	21.50	0.028755	44.459
21.51	21.50	0.028772	44.556
21.51	21.50	0.028788	44.655
21.51	21.50	0.028805	44.759
21.51	21.50	0.028822	44.855
21.51	21.50	0.028838	44.956
21.51	21.50	0.028855	45.059
21.51	21.50	0.028872	45.156
21.51	21.50	0.028888	45.280
21.51	21.50	0.028905	45.359
21.51	21.50	0.028922	45.484
21.51	21.50	0.028938	45.579
21.51	21.50	0.028955	45.683
21.51	21.50	0.028972	45.783
21.51	21.50	0.028988	45.877
21.51	21.50	0.029005	45.982
21.51	21.50	0.029022	46.081
21.51	21.50	0.029038	46.176
21.51	21.50	0.029055	46.281
21.48	21.50	0.029072	46.380
21.48	21.50	0.029088	46.475
21.48	21.50	0.029105	46.579
21.48	21.50	0.029122	46.679
21.48	21.50	0.029138	46.773
21.48	21.50	0.029155	46.878
21.48	21.50	0.029172	46.973
21.48	21.50	0.029188	47.072
21.48	21.50	0.029205	47.177
21.48	21.50	0.029222	47.271
21.51	21.50	0.029238	47.372
21.51	21.50	0.029255	47.476
21.51	21.50	0.029272	47.571
21.51	21.50	0.029288	47.671
21.51	21.50	0.029305	47.775
21.51	21.50	0.029322	47.870
21.51	21.50	0.029338	47.969
21.51	21.50	0.029355	48.074
21.51	21.50	0.029372	48.168
21.51	21.50	0.029388	48.268
21.51	21.50	0.029405	48.372
21.51	21.50	0.029422	48.467
21.51	21.50	0.029438	48.567
21.51	21.50	0.029455	48.671
21.51	21.50	0.029472	48.766
21.51	21.50	0.029488	48.865
21.51	21.50	0.029505	48.970
21.51	21.50	0.029522	49.064
21.51	21.50	0.029538	49.164
21.51	21.50	0.029555	49.268
21.48	21.50	0.029572	49.363
21.48	21.50	0.029588	49.463
21.48	21.50	0.029605	49.567
21.48	21.50	0.029621	49.662
21.48	21.50	0.029638	49.763
21.48	21.50	0.029655	49.866
21.48	21.50	0.029671	49.960
21.48	21.50	0.029688	50.063
21.48	21.50	0.029705	50.165
21.48	21.50	0.029721	50.259
21.51	21.50	0.029738	50.363
21.51	21.50	0.029755	50.464
21.51	21.50	0.029771	50.558
21.51	21.50	0.029788	50.663
21.51	21.50	0.029805	50.763
21.51	21.50	0.029821	50.857
21.51	21.50	0.029838	50.962
21.51	21.50	0.029855	51.062
21.51	21.50	0.029871	51.156
21.51	21.50	0.029888	51.261
21.51	21.50	0.029905	51.360
21.51	21.50	0.029921	51.456
21.51	21.50	0.029938	51.559
21.51	21.50	0.029955	51.659
21.51	21.50	0.029971	51.757
21.51	21.50	0.029988	51.858
21.51	21.50	0.030005	51.958
21.51	21.50	0.030021	52.057
21.51	21.50	0.030038	52.156
21.51	21.50	0.030055	52.259
21.51	21.50	0.030071	52.356
21.51	21.50	0.030088	52.457
21.51	21.51	0.030105	52.559
21.48	21.51	0.030121	52.657
21.48	21.51	0.030138	52.757
21.48	21.51	0.030155	52.858
21.48	21.51	0.030171	52.957
21.48	21.51	0.030188	53.056
21.48	21.51	0.030205	53.158
21.51	21.51	0.030221	53.256
21.51	21.51	0.030238	53.357
21.51	21.51	0.030255	53.459
21.51	21.51	0.030271	53.557
21.51	21.51	0.030288	53.657
21.51	21.51	0.030305	53.758
21.51	21.52	0.030321	53.856
21.51	21.52	0.030338	53.957
21.51	21.52	0.030355	54.058
21.51	21.52	0.030371	54.157
21.51	21.52	0.030388	54.257
21.51	21.52	0.030405	54.358
21.54	21.52	0.030421	54.457
21.54	21.52	0.030438	54.557
21.54	21.52	0.030454	54.658
21.54	21.52	0.030471	54.757
21.54	21.52	0.030488	54.856
21.54	21.52	0.030504	54.958
21.54	21.52	0.030521	55.057
21.54	21.53	0.030538	55.157
21.54	21.53	0.030554	55.258
21.54	21.53	0.030571	55.356
21.54	21.53	0.030588	55.457
21.54	21.53	0.030604	55.558
21.54	21.53	0.030621	55.657
21.51	21.53	0.030638	55.756
21.51	21.53	0.030654	55.858
21.51	21.53	0.030671	55.957
21.51	21.53	0.030688	56.056
21.51	21.53	0.030704	56.158
21.51	21.53	0.030721	56.257
21.51	21.53	0.030738	56.356
21.51	21.54	0.030754	56.458
21.51	21.54	0.030771	56.557
21.51	21.54	0.030788	56.657
21.54	21.54	0.030804	56.758
21.54	21.54	0.030821	56.856
21.54	21.54	0.030838	56.957
21.54	21.54	0.030854	57.058
21.54	21.54	0.030871	57.157
21.54	21.54	0.030888	57.257
21.54	21.54	0.030904	57.358
21.54	21.54	0.030921	57.486
21.54	21.54	0.030938	57.580
21.54	21.54	0.030954	57.658
21.54	21.55	0.030971	57.784
21.54	21.55	0.030988	57.879
21.56	21.55	0.031004	57.958
21.56	21.55	0.031021	58.083
21.56	21.55	0.031038	58.178
21.56	21.55	0.031054	58.282
21.56	21.55	0.031071	58.382
21.56	21.55	0.031088	58.476
21.56	21.55	0.031104	58.581
21.56	21.55	0.031121	58.680
21.56	21.55	0.031138	58.775
21.56	21.55	0.031154	58.880
21.56	21.55	0.031171	58.980
21.56	21.56	0.031188	59.074
21.56	21.56	0.031204	59.179
21.56	21.56	0.031221	59.278
21.56	21.56	0.031238	59.373
21.56	21.56	0.031254	59.477
21.56	21.56	0.031271	59.572
21.56	21.56	0.031287	59.671
21.54	21.56	0.031304	59.776
21.54	21.56	0.031321	59.871
21.54	21.56	0.031337	59.971
21.54	21.56	0.031354	00.075
21.54	21.56	0.031371	00.170
21.56	21.56	0.031387	00.269
21.56	21.57	0.031404	00.374
21.56	21.57	0.031421	00.468
21.56	21.57	0.031437	00.568
21.56	21.57	0.031454	00.672
21.56	21.57	0.031471	00.766
21.56	21.57	0.031487	00.866
21.56	21.57	0.031504	00.971
21.56	21.57	0.031521	01.065
21.56	21.57	0.031537	01.166
21.56	21.57	0.031554	01.270
21.56	21.57	0.031571	01.365
21.59	21.57	0.031587	01.464
21.59	21.57	0.031604	01.569
21.59	21.58	0.031621	01.663
21.59	21.58	0.031637	01.763
21.59	21.58	0.031654	01.867
21.59	21.58	0.031671	01.962
21.59	21.58	0.031687	02.062
21.59	21.58	0.031704	02.166
21.59	21.58	0.031721	02.261
21.59	21.58	0.031737	02.362
21.59	21.58	0.031754	02.466
21.59	21.58	0.031771	02.559
21.59	21.58	0.031787	02.662
21.59	21.58	0.031804	02.763
21.59	21.58	0.031821	02.860
21.59	21.59	0.031837	02.961
21.59	21.59	0.031854	03.062
21.59	21.59	0.031871	03.160
21.59	21.59	0.031887	03.261
21.59	21.59	0.031904	03.362
21.59	21.59	0.031921	03.459
21.59	21.59	0.031937	03.561
21.59	21.59	0.031954	03.660
21.59	21.59	0.031971	03.760
21.59	21.59	0.031987	03.860
21.59	21.59	0.032004	03.960
21.59	21.59	0.032021	04.060
21.59	21.59	0.032037	04.159
21.59	21.60	0.032054	04.260
21.59	21.60	0.032071	04.359
21.59	21.60	0.032087	04.460
21.59	21.60	0.032104	04.559
21.59	21.60	0.032120	04.661
21.59	21.60	0.032137	04.761
21.59	21.60	0.032154	04.861
21.59	21.60	0.032170	04.961
21.59	21.60	0.032187	05.060
21.59	21.60	0.032204	05.161
21.59	21.60	0.032220	05.260
21.59	21.60	0.032237	05.361
21.59	21.60	0.032254	05.460
21.59	21.61	0.032270	05.561
21.59	21.61	0.032287	05.661
21.59	21.61	0.032304	05.761
21.59	21.61	0.032320	05.861
21.59	21.61	0.032337	05.960
21.59	21.61	0.032354	06.061
21.59	21.61	0.032370	06.160
21.59	21.61	0.032387	06.261
21.61	21.61	0.032404	06.361
21.61	21.61	0.032420	06.461
21.61	21.61	0.032437	06.561
21.61	21.61	0.032454	06.661
21.61	21.61	0.032470	06.761
21.61	21.62	0.032487	06.860
21.61	21.62	0.032504	06.961
21.61	21.62	0.032520	07.060
21.61	21.62	0.032537	07.161
21.64	21.62	0.032554	07.260
21.64	21.62	0.032570	07.361
21.64	21.62	0.032587	07.461
21.64	21.62	0.032604	07.561
21.64	21.62	0.032620	07.661
21.64	21.62	0.032637	07.760
21.64	21.62	0.032654	07.861
21.64	21.62	0.032670	07.960
21.64	21.62	0.032687	08.061
21.64	21.62	0.032704	08.161
21.64	21.63	0.032720	08.261
21.64	21.63	0.032737	08.361
21.64	21.63	0.032754	08.460
21.64	21.63	0.032770	08.561
21.61	21.63	0.032787	08.660
21.61	21.63	0.032804	08.785
21.61	21.63	0.032820	08.889
21.61	21.63	0.032837	08.984
21.61	21.63	0.032854	09.084
21.61	21.63	0.032870	09.188
21.61	21.63	0.032887	09.283
21.61	21.63	0.032904	09.382
21.61	21.63	0.032920	09.487
21.64	21.64	0.032937	09.581
21.64	21.64	0.032953	09.681
21.64	21.64	0.032970	09.785
21.64	21.64	0.032987	09.880
21.64	21.64	0.033003	09.982
21.64	21.64	0.033020	10.084
21.64	21.64	0.033037	10.179
21.64	21.64	0.033053	10.281
21.64	21.64	0.033070	10.383
21.64	21.64	0.033087	10.478
21.67	21.64	0.033103	10.581
21.67	21.64	0.033120	10.682
21.67	21.64	0.033137	10.777
21.67	21.65	0.033153	10.881
21.67	21.65	0.033170	10.981
21.67	21.65	0.033187	11.075
21.67	21.65	0.033203	11.180
21.67	21.65	0.033220	11.279
21.67	21.65	0.033237	11.374
21.64	21.65	0.033253	11.479
21.64	21.65	0.033270	11.578
21.64	21.65	0.033287	11.673
21.64	21.65	0.033303	11.777
21.64	21.65	0.033320	11.877
21.64	21.65	0.033337	11.971
21.64	21.65	0.033353	12.076
21.64	21.66	0.033370	12.170
21.64	21.66	0.033387	12.270
21.64	21.66	0.033403	12.375
21.64	21.66	0.033420	12.469
21.64	21.66	0.033437	12.569
21.64	21.66	0.033453	12.673
21.67	21.66	0.033470	12.768
21.67	21.66	0.033487	12.867
21.67	21.66	0.033503	12.973
21.67	21.66	0.033520	13.068
21.67	21.66	0.033537	13.167
21.67	21.66	0.033553	13.272
21.67	21.66	0.033570	13.366
21.67	21.67	0.033587	13.466
21.67	21.67	0.033603	13.570
21.67	21.67	0.033620	13.665
21.67	21.67	0.033637	13.764
21.67	21.67	0.033653	13.869
21.67	21.67	0.033670	13.964
21.67	21.67	0.033687	14.063
21.67	21.67	0.033703	14.168
21.67	21.67	0.033720	14.262
21.67	21.67	0.033737	14.362
21.67	21.67	0.033753	14.466
21.67	21.67	0.033770	14.562
21.67	21.67	0.033786	14.663
21.67	21.68	0.033803	14.765
21.67	21.68	0.033820	14.863
21.67	21.68	0.033836	14.962
21.67	21.68	0.033853	15.064
21.69	21.68	0.033870	15.162
21.69	21.68	0.033886	15.263
21.69	21.68	0.033903	15.362
21.69	21.68	0.033920	15.463
21.69	21.68	0.033936	15.563
21.69	21.68	0.033953	15.663
21.69	21.68	0.033970	15.763
21.69	21.68	0.033986	15.862
21.69	21.68	0.034003	15.963
21.69	21.69	0.034020	16.062
21.69	21.69	0.034036	16.163
21.69	21.69	0.034053	16.262
21.69	21.69	0.034070	16.363
21.69	21.69	0.034086	16.463
21.69	21.69	0.034103	16.562
21.69	21.69	0.034120	16.663
21.69	21.69	0.034136	16.762
21.69	21.69	0.034153	16.863
21.69	21.69	0.034170	16.962
21.69	21.69	0.034186	17.063
21.69	21.69	0.034203	17.163
21.69	21.69	0.034220	17.263
21.69	21.70	0.034236	17.363
21.69	21.70	0.034253	17.462
21.69	21.70	0.034270	17.563
21.69	21.70	0.034286	17.662
21.69	21.70	0.034303	17.763
21.69	21.70	0.034320	17.862
21.69	21.70	0.034336	17.963
21.69	21.70	0.034353	18.063
21.69	21.70	0.034370	18.163
21.69	21.70	0.034386	18.263
21.69	21.70	0.034403	18.362
21.69	21.70	0.034420	18.463
21.69	21.70	0.034436	18.562
21.69	21.71	0.034453	18.663
21.72	21.71	0.034470	18.763
21.72	21.71	0.034486	18.863
21.72	21.71	0.034503	18.963
21.72	21.71	0.034520	19.062
21.72	21.71	0.034536	19.163
21.72	21.71	0.034553	19.262
21.72	21.71	0.034570	19.363
21.72	21.71	0.034586	19.462
21.72	21.71	0.034603	19.563
21.72	21.71	0.034619	19.663
21.72	21.71	0.034636	19.764
21.72	21.71	0.034653	19.864
21.72	21.72	0.034669	19.964
21.72	21.72	0.034686	20.064
21.72	21.72	0.034703	20.163
21.72	21.72	0.034719	20.293
21.72	21.72	0.034736	20.387
21.72	21.72	0.034753	20.487
21.72	21.72	0.034769	20.591
21.72	21.72	0.034786	20.686
21.72	21.72	0.034803	20.786
21.72	21.72	0.034819	20.890
21.72	21.72	0.034836	20.985
21.72	21.72	0.034853	21.084
21.72	21.72	0.034869	21.189
21.72	21.73	0.034886	21.283
21.72	21.73	0.034903	21.383
21.72	21.73	0.034919	21.487
21.72	21.73	0.034936	21.582
21.72	21.73	0.034953	21.682
21.72	21.73	0.034969	21.787
21.72	21.73	0.034986	21.881
21.72	21.73	0.035003	21.981
21.72	21.73	0.035019	22.086
21.72	21.73	0.035036	22.180
21.72	21.73	0.035053	22.280
21.72	21.73	0.035069	22.385
21.72	21.73	0.035086	22.479
21.74	21.74	0.035103	22.580
21.74	21.74	0.035119	22.683
21.74	21.74	0.035136	22.778
21.74	21.74	0.035153	22.880
21.74	21.74	0.035169	22.981
21.74	21.74	0.035186	23.076
21.74	21.74	0.035203	23.180
21.74	21.74	0.035219	23.281
21.74	21.74	0.035236	23.375
21.74	21.74	0.035253	23.480
21.74	21.74	0.035269	23.580
21.74	21.74	0.035286	23.674
21.74	21.74	0.035303	23.778
21.74	21.75	0.035319	23.878
21.74	21.75	0.035336	23.972
21.74	21.75	0.035353	24.077
21.74	21.75	0.035369	24.176
21.74	21.75	0.035386	24.271
21.74	21.75	0.035403	24.377
21.77	21.75	0.035419	24.476
21.77	21.75	0.035436	24.571
21.77	21.75	0.035452	24.675
21.77	21.75	0.035469	24.770
21.77	21.75	0.035486	24.869
21.77	21.75	0.035502	24.974
21.77	21.75	0.035519	25.068
21.77	21.76	0.035536	25.168
21.77	21.76	0.035552	25.273
21.77	21.76	0.035569	25.367
21.77	21.76	0.035586	25.467
21.77	21.76	0.035602	25.571
21.74	21.76	0.035619	25.666
21.74	21.76	0.035636	25.765
21.74	21.76	0.035652	25.870
21.74	21.76	0.035669	25.965
21.74	21.76	0.035686	26.064
21.74	21.76	0.035702	26.169
21.74	21.76	0.035719	26.263
21.74	21.76	0.035736	26.364
21.74	21.77	0.035752	26.467
21.77	21.77	0.035769	26.564
21.77	21.77	0.035786	26.663
21.77	21.77	0.035802	26.766
21.77	21.77	0.035819	26.864
21.77	21.77	0.035836	26.964
21.77	21.77	0.035852	27.065
21.77	21.77	0.035869	27.163
21.77	21.77	0.035886	27.264
21.77	21.77	0.035902	27.363
21.77	21.77	0.035919	27.464
21.77	21.77	0.035936	27.564
21.77	21.77	0.035952	27.664
21.77	21.78	0.035969	27.764
21.77	21.78	0.035986	27.863
21.80	21.78	0.036002	27.964
21.80	21.78	0.036019	28.063
21.80	21.78	0.036036	28.164
21.80	21.78	0.036052	28.263
21.80	21.78	0.036069	28.364
21.80	21.78	0.036086	28.464
21.80	21.78	0.036102	28.564
21.80	21.78	0.036119	28.664
21.80	21.78	0.036136	28.763
21.80	21.78	0.036152	28.864
21.77	21.78	0.036169	28.963
21.77	21.79	0.036186	29.064
21.77	21.79	0.036202	29.164
21.77	21.79	0.036219	29.264
21.77	21.79	0.036236	29.364
21.77	21.79	0.036252	29.463
21.77	21.79	0.036269	29.564
21.77	21.79	0.036285	29.663
21.77	21.79	0.036302	29.764
21.77	21.79	0.036319	29.863
21.80	21.79	0.036335	29.964
21.80	21.79	0.036352	30.064
21.80	21.79	0.036369	30.164
21.80	21.79	0.036385	30.264
21.80	21.80	0.036402	30.363
21.80	21.80	0.036419	30.464
21.80	21.80	0.036435	30.563
21.80	21.80	0.036452	30.664
21.80	21.80	0.036469	30.763
21.80	21.80	0.036485	30.864
21.80	21.80	0.036502	30.964
21.80	21.80	0.036519	31.064
21.80	21.80	0.036535	31.164
21.80	21.80	0.036552	31.263
21.80	21.80	0.036569	31.364
21.80	21.80	0.036585	31.463
21.80	21.80	0.036602	31.564
21.80	21.81	0.036619	31.664
21.80	21.81	0.036635	31.764
21.80	21.81	0.036652	31.864
21.80	21.81	0.036669	31.963
21.80	21.81	0.036685	32.064
21.82	21.81	0.036702	32.163
21.82	21.81	0.036719	32.264
21.82	21.81	0.036735	32.363
21.82	21.81	0.036752	32.464
21.82	21.81	0.036769	32.593
21.82	21.81	0.036785	32.688
21.82	21.81	0.036802	32.788
21.82	21.81	0.036819	32.892
21.82	21.82	0.036835	32.987
21.82	21.82	0.036852	33.086
21.82	21.82	0.036869	33.191
21.82	21.82	0.036885	33.285
21.82	21.82	0.036902	33.385
21.82	21.82	0.036919	33.489
21.82	21.82	0.036935	33.584
21.82	21.82	0.036952	33.683
21.82	21.82	0.036969	33.788
21.82	21.82	0.036985	33.883
21.82	21.82	0.037002	33.982
21.82	21.82	0.037019	34.087
21.82	21.82	0.037035	34.181
21.82	21.83	0.037052	34.281
21.82	21.83	0.037069	34.385
21.82	21.83	0.037085	34.480
21.82	21.83	0.037102	34.580
21.82	21.83	0.037118	34.685
21.82	21.83	0.037135	34.779
21.82	21.83	0.037152	34.879
21.82	21.83	0.037168	34.983
21.82	21.83	0.037185	35.078
21.82	21.83	0.037202	35.179
21.82	21.83	0.037218	35.282
21.82	21.83	0.037235	35.377
21.82	21.83	0.037252	35.479
21.85	21.84	0.037268	35.581
21.85	21.84	0.037285	35.675
21.85	21.84	0.037302	35.779
21.85	21.84	0.037318	35.879
21.85	21.84	0.037335	35.974
21.85	21.84	0.037352	36.079
21.85	21.84	0.037368	36.179
21.85	21.84	0.037385	36.273
21.85	21.84	0.037402	36.378
21.85	21.84	0.037418	36.477
21.85	21.84	0.037435	36.572
21.85	21.84	0.037452	36.676
21.85	21.84	0.037468	36.776
21.85	21.84	0.037485	36.871
21.85	21.85	0.037502	36.975
21.85	21.85	0.037518	37.075
21.85	21.85	0.037535	37.169
21.85	21.85	0.037552	37.274
21.85	21.85	0.037568	37.368
21.85	21.85	0.037585	37.468
21.85	21.85	0.037602	37.572
21.85	21.85	0.037618	37.667
21.85	21.85	0.037635	37.767
21.85	21.85	0.037652	37.871
21.85	21.85	0.037668	37.966
21.85	21.85	0.037685	38.065
21.85	21.85	0.037702	38.170
21.85	21.86	0.037718	38.265
21.85	21.86	0.037735	38.365
21.85	21.86	0.037752	38.469
21.85	21.86	0.037768	38.564
21.85	21.86	0.037785	38.665
21.85	21.86	0.037802	38.767
21.85	21.86	0.037818	38.865
21.85	21.86	0.037835	38.965
21.85	21.86	0.037852	39.066
21.85	21.86	0.037868	39.165
21.85	21.86	0.037885	39.264
21.85	21.86	0.037902	39.365
21.85	21.86	0.037918	39.464
21.85	21.87	0.037935	39.565
21.85	21.87	0.037951	39.664
21.85	21.87	0.037968	39.765
21.87	21.87	0.037985	39.865
21.87	21.87	0.038001	39.965
21.87	21.87	0.038018	40.065
21.87	21.87	0.038035	40.164
21.87	21.87	0.038051	40.265
21.87	21.87	0.038068	40.364
21.87	21.87	0.038085	40.465
21.87	21.87	0.038101	40.564
21.87	21.87	0.038118	40.665
21.87	21.87	0.038135	40.765
21.87	21.88	0.038151	40.865
21.87	21.88	0.038168	40.965
21.87	21.88	0.038185	41.064
21.87	21.88	0.038201	41.165
21.87	21.88	0.038218	41.264
21.90	21.88	0.038235	41.365
21.90	21.88	0.038251	41.465
21.90	21.88	0.038268	41.565
21.90	21.88	0.038285	41.665
21.90	21.88	0.038301	41.764
21.90	21.88	0.038318	41.865
21.90	21.88	0.038335	41.965
21.90	21.88	0.038351	42.064
21.90	21.89	0.038368	42.165
21.90	21.89	0.038385	42.264
21.90	21.89	0.038401	42.365
21.90	21.89	0.038418	42.466
21.90	21.89	0.038435	42.566
21.90	21.89	0.038451	42.666
21.87	21.89	0.038468	42.765
21.87	21.89	0.038485	42.866
21.87	21.89	0.038501	42.965
21.87	21.89	0.038518	43.066
21.87	21.89	0.038535	43.165
21.87	21.89	0.038551	43.266
21.87	21.89	0.038568	43.366
21.87	21.90	0.038585	43.466
21.87	21.90	0.038601	43.566
21.90	21.90	0.038618	43.665
21.90	21.90	0.038635	43.766
21.90	21.90	0.038651	43.865
21.90	21.90	0.038668	43.966
21.90	21.90	0.038685	44.065
21.90	21.90	0.038701	44.166
21.90	21.90	0.038718	44.266
21.90	21.90	0.038735	44.395
21.90	21.90	0.038751	44.490
21.90	21.90	0.038768	44.594
21.90	21.90	0.038784	44.694
21.90	21.91	0.038801	44.788
21.90	21.91	0.038818	44.893
21.90	21.91	0.038834	44.987
21.90	21.91	0.038851	45.087
21.90	21.91	0.038868	45.192
21.93	21.91	0.038884	45.286
21.93	21.91	0.038901	45.386
21.93	21.91	0.038918	45.490
21.93	21.91	0.038934	45.585
21.93	21.91	0.038951	45.684
21.93	21.91	0.038968	45.789
21.93	21.91	0.038984	45.884
21.93	21.91	0.039001	45.983
21.93	21.92	0.039018	46.089
21.93	21.92	0.039034	46.182
21.93	21.92	0.039051	46.282
21.93	21.92	0.039068	46.387
21.93	21.92	0.039084	46.481
21.93	21.92	0.039101	46.581
21.93	21.92	0.039118	46.685
21.93	21.92	0.039134	46.780
21.93	21.92	0.039151	46.879
21.90	21.92	0.039168	46.984
21.90	21.92	0.039184	47.079
21.90	21.92	0.039201	47.178
21.90	21.92	0.039218	47.283
21.90	21.93	0.039234	47.377
21.90	21.93	0.039251	47.478
21.90	21.93	0.039268	47.581
21.90	21.93	0.039284	47.676
21.93	21.93	0.039301	47.778
21.93	21.93	0.039318	47.881
21.93	21.93	0.039334	47.976
21.93	21.93	0.039351	48.078
21.93	21.93	0.039368	48.180
21.93	21.93	0.039384	48.275
21.93	21.93	0.039401	48.378
21.93	21.93	0.039418	48.479
21.93	21.93	0.039434	48.573
21.93	21.94	0.039451	48.678
21.93	21.94	0.039468	48.777
21.93	21.94	0.039484	48.872
21.93	21.94	0.039501	48.976
21.95	21.94	0.039518	49.076
21.95	21.94	0.039534	49.171
21.95	21.94	0.039551	49.275
21.95	21.94	0.039568	49.375
21.95	21.94	0.039584	49.469
21.95	21.94	0.039601	49.574
21.95	21.94	0.039617	49.673
21.95	21.94	0.039634	49.768
21.95	21.94	0.039651	49.873
21.95	21.95	0.039667	49.967
21.95	21.95	0.039684	50.067
21.95	21.95	0.039701	50.171
21.95	21.95	0.039717	50.266
21.95	21.95	0.039734	50.365
21.95	21.95	0.039751	50.470
21.95	21.95	0.039767	50.565
21.95	21.95	0.039784	50.666
21.95	21.95	0.039801	50.769
21.95	21.95	0.039817	50.866
21.95	21.95	0.039834	50.966
21.95	21.95	0.039851	51.067
21.95	21.95	0.039867	51.166
21.95	21.96	0.039884	51.265
21.95	21.96	0.039901	51.366
21.95	21.96	0.039917	51.466
21.95	21.96	0.039934	51.566
21.95	21.96	0.039951	51.666
21.95	21.96	0.039967	51.765
21.95	21.96	0.039984	51.866
21.95	21.96	0.040001	51.965
21.95	21.96	0.040017	52.066
21.95	21.96	0.040034	52.165
21.95	21.96	0.040051	52.266
21.95	21.96	0.040067	52.366
21.95	21.96	0.040084	52.466
21.95	21.97	0.040101	52.566
21.98	21.97	0.040117	52.665
21.98	21.97	0.040134	52.766
21.98	21.97	0.040151	52.865
21.98	21.97	0.040167	52.966
21.98	21.97	0.040184	53.065
21.98	21.97	0.040201	53.166
21.98	21.97	0.040217	53.266
21.98	21.97	0.040234	53.365
21.98	21.97	0.040251	53.466
21.98	21.97	0.040267	53.565
21.98	21.97	0.040284	53.666
21.98	21.97	0.040301	53.765
21.98	21.98	0.040317	53.866
21.98	21.98	0.040334	53.966
21.98	21.98	0.040351	54.066
21.98	21.98	0.040367	54.166
21.98	21.98	0.040384	54.265
21.98	21.98	0.040401	54.366
21.98	21.98	0.040417	54.465
21.98	21.98	0.040434	54.566
21.98	21.98	0.040450	54.665
21.98	21.98	0.040467	54.766
21.98	21.98	0.040484	54.866
21.98	21.98	0.040500	54.966
21.98	21.98	0.040517	55.066
21.98	21.99	0.040534	55.165
21.98	21.99	0.040550	55.266
21.98	21.99	0.040567	55.365
21.98	21.99	0.040584	55.466
21.98	21.99	0.040600	55.566
21.98	21.99	0.040617	55.666
21.98	21.99	0.040634	55.766
21.98	21.99	0.040650	55.865
21.98	21.99	0.040667	55.966
21.98	21.99	0.040684	56.065
21.98	21.99	0.040700	56.166
22.00	21.99	0.040717	56.265
22.00	21.99	0.040734	56.366
22.00	22.00	0.040750	56.466
22.00	22.00	0.040767	56.595
22.00	22.00	0.040784	56.695
22.00	22.00	0.040800	56.765
22.00	22.00	0.040817	56.894
22.00	22.00	0.040834	56.993
22.00	22.00	0.040850	57.088
22.00	22.00	0.040867	57.193
22.00	22.00	0.040884	57.293
22.00	22.00	0.040900	57.388
22.00	22.00	0.040917	57.492
22.00	22.00	0.040934	57.587
22.00	22.00	0.040950	57.686
22.00	22.01	0.040967	57.791
22.00	22.01	0.040984	57.885
22.00	22.01	0.041000	57.985
22.00	22.01	0.041017	58.089
22.00	22.01	0.041034	58.184
22.00	22.01	0.041050	58.284
22.00	22.01	0.041067	58.388
22.00	22.01	0.041084	58.483
22.00	22.01	0.041100	58.582
22.00	22.01	0.041117	58.687
22.03	22.01	0.041134	58.782
22.03	22.01	0.041150	58.881
22.03	22.01	0.041167	58.986
22.03	22.02	0.041184	59.080
22.03	22.02	0.041200	59.180
22.03	22.02	0.041217	59.284
22.03	22.02	0.041234	59.379
22.03	22.02	0.041250	59.479
22.03	22.02	0.041267	59.583
22.03	22.02	0.041283	59.678
22.03	22.02	0.041300	59.777
22.03	22.02	0.041317	59.882
22.03	22.02	0.041333	59.976
22.03	22.02	0.041350	00.077
22.03	22.02	0.041367	00.180
22.03	22.02	0.041383	00.275
22.03	22.03	0.041400	00.377
22.03	22.03	0.041417	00.479
22.03	22.03	0.041433	00.574
22.03	22.03	0.041450	00.676
22.03	22.03	0.041467	00.778
22.03	22.03	0.041483	00.872
22.03	22.03	0.041500	00.977
22.03	22.03	0.041517	01.078
22.03	22.03	0.041533	01.172
22.03	22.03	0.041550	01.277
22.03	22.03	0.041567	01.376
22.03	22.03	0.041583	01.471
22.03	22.03	0.041600	01.575
22.03	22.04	0.041617	01.675
22.03	22.04	0.041633	01.769
22.03	22.04	0.041650	01.874
22.03	22.04	0.041667	01.974
22.03	22.04	0.041683	02.068
22.03	22.04	0.041700	02.173
22.03	22.04	0.041717	02.272
22.03	22.04	0.041733	02.367
22.03	22.04	0.041750	02.471
22.03	22.04	0.041767	02.566
22.03	22.04	0.041783	02.666
22.03	22.04	0.041800	02.770
22.03	22.04	0.041817	02.866
22.03	22.05	0.041833	02.965
22.03	22.05	0.041850	03.069
22.03	22.05	0.041867	03.165
22.03	22.05	0.041883	03.266
22.03	22.05	0.041900	03.367
22.03	22.05	0.041917	03.466
22.06	22.05	0.041933	03.565
22.06	22.05	0.041950	03.666
22.06	22.05	0.041967	03.766
22.06	22.05	0.041983	03.865
22.06	22.05	0.042000	03.966
22.06	22.05	0.042017	04.065
22.06	22.05	0.042033	04.166
22.06	22.06	0.042050	04.266
22.06	22.06	0.042067	04.366
22.06	22.06	0.042083	04.465
22.06	22.06	0.042100	04.566
22.06	22.06	0.042116	04.665
22.06	22.06	0.042133	04.766
22.06	22.06	0.042150	04.865
22.06	22.06	0.042166	04.966
22.06	22.06	0.042183	05.066
22.06	22.06	0.042200	05.166
22.06	22.06	0.042216	05.266
22.08	22.06	0.042233	05.365
22.08	22.06	0.042250	05.466
22.08	22.07	0.042266	05.565
22.08	22.07	0.042283	05.666
22.08	22.07	0.042300	05.766
22.08	22.07	0.042316	05.866
22.08	22.07	0.042333	05.966
22.08	22.07	0.042350	06.065
22.08	22.07	0.042366	06.166
22.08	22.07	0.042383	06.265
22.08	22.07	0.042400	06.366
22.08	22.07	0.042416	06.465
22.08	22.07	0.042433	06.566
22.08	22.07	0.042450	06.666
22.08	22.07	0.042466	06.772
22.06	22.08	0.042483	06.867
22.06	22.08	0.042500	06.967
22.06	22.08	0.042516	07.071
22.06	22.08	0.042533	07.168
22.06	22.08	0.042550	07.268
22.06	22.08	0.042566	07.371
22.06	22.08	0.042583	07.468
22.06	22.08	0.042600	07.567
22.08	22.08	0.042616	07.672
22.08	22.08	0.042633	07.767
22.08	22.08	0.042650	07.868
22.08	22.08	0.042666	07.972
22.08	22.08	0.042683	08.068
22.08	22.08	0.042700	08.168
22.08	22.09	0.042716	08.271
22.08	22.09	0.042733	08.368
22.08	22.09	0.042750	08.492
22.08	22.09	0.042766	08.572
22.08	22.09	0.042783	08.666
22.08	22.09	0.042800	08.791
22.08	22.09	0.042816	08.895
22.11	22.09	0.042833	08.995
22.11	22.09	0.042850	09.089
22.11	22.09	0.042866	09.194
22.11	22.09	0.042883	09.294
22.11	22.09	0.042900	09.388
22.11	22.09	0.042916	09.493
22.11	22.10	0.042933	09.593
22.11	22.10	0.042949	09.687
22.11	22.10	0.042966	09.792
22.11	22.10	0.042983	09.892
22.11	22.10	0.042999	09.986
22.11	22.10	0.043016	10.091
22.11	22.10	0.043033	10.186
22.11	22.10	0.043049	10.285
22.11	22.10	0.043066	10.390
22.11	22.10	0.043083	10.484
22.11	22.10	0.043099	10.584
22.08	22.10	0.043116	10.688
22.08	22.10	0.043133	10.783
22.08	22.11	0.043149	10.882
22.08	22.11	0.043166	10.987
22.08	22.11	0.043183	11.082
22.08	22.11	0.043199	11.181
22.11	22.11	0.043216	11.286
22.11	22.11	0.043233	11.380
22.11	22.11	0.043249	11.480
22.11	22.11	0.043266	11.584
22.11	22.11	0.043283	11.679
22.11	22.11	0.043299	11.778
22.11	22.11	0.043316	11.883
22.11	22.11	0.043333	11.978
22.11	22.11	0.043349	12.077
22.11	22.12	0.043366	12.182
22.11	22.12	0.043383	12.276
22.11	22.12	0.043399	12.376
22.11	22.12	0.043416	12.480
22.11	22.12	0.043433	12.575
22.11	22.12	0.043449	12.675
22.13	22.12	0.043466	12.780
22.13	22.12	0.043483	12.875
22.13	22.12	0.043499	12.975
22.13	22.12	0.043516	13.079
22.13	22.12	0.043533	13.173
22.13	22.12	0.043549	13.276
22.13	22.12	0.043566	13.377
22.13	22.13	0.043583	13.472
22.13	22.13	0.043599	13.576
22.13	22.13	0.043616	13.676
22.13	22.13	0.043633	13.771
22.13	22.13	0.043649	13.875
22.13	22.13	0.043666	13.974
22.13	22.13	0.043683	14.070
22.13	22.13	0.043699	14.173
22.13	22.13	0.043716	14.273
22.13	22.13	0.043733	14.370
22.13	22.13	0.043749	14.472
22.13	22.13	0.043766	14.572
22.13	22.13	0.043782	14.669
22.13	22.14	0.043799	14.771
22.13	22.14	0.043816	14.870
22.13	22.14	0.043832	14.970
22.13	22.14	0.043849	15.071
22.13	22.14	0.043866	15.171
22.13	22.14	0.043882	15.269
22.13	22.14	0.043899	15.370
22.13	22.14	0.043916	15.470
22.13	22.14	0.043932	15.570
22.13	22.14	0.043949	15.669
22.13	22.14	0.043966	15.771
22.16	22.14	0.043982	15.870
22.16	22.14	0.043999	15.970
22.16	22.15	0.044016	16.071
22.16	22.15	0.044032	16.169
22.16	22.15	0.044049	16.270
22.16	22.15	0.044066	16.370
22.16	22.15	0.044082	16.470
22.16	22.15	0.044099	16.569
22.16	22.15	0.044116	16.671
22.16	22.15	0.044132	16.770
22.16	22.15	0.044149	16.870
22.16	22.15	0.044166	16.971
22.16	22.15	0.044182	17.069
22.16	22.15	0.044199	17.170
22.16	22.15	0.044216	17.270
22.16	22.16	0.044232	17.370
22.16	22.16	0.044249	17.470
22.16	22.16	0.044266	17.570
22.16	22.16	0.044282	17.670
22.16	22.16	0.044299	17.770
22.16	22.16	0.044316	17.871
22.16	22.16	0.044332	17.970
22.16	22.16	0.044349	18.071
22.13	22.16	0.044366	18.170
22.13	22.16	0.044382	18.271
22.13	22.16	0.044399	18.371
22.13	22.16	0.044416	18.470
22.16	22.16	0.044432	18.570
22.16	22.17	0.044449	18.670
22.16	22.17	0.044466	18.771
22.16	22.17	0.044482	18.870
22.16	22.17	0.044499	18.971
22.16	22.17	0.044516	19.071
22.16	22.17	0.044532	19.171
22.16	22.17	0.044549	19.271
22.16	22.17	0.044566	19.371
22.16	22.17	0.044582	19.470
22.16	22.17	0.044599	19.571
22.16	22.17	0.044615	19.670
22.19	22.17	0.044632	19.771
22.19	22.17	0.044649	19.871
22.19	22.18	0.044665	19.995
22.19	22.18	0.044682	20.071
22.19	22.18	0.044699	20.195
22.19	22.18	0.044715	20.270
22.19	22.18	0.044732	20.399
22.19	22.18	0.044749	20.493
22.19	22.18	0.044765	20.570
22.19	22.18	0.044782	20.697
22.19	22.18	0.044799	20.792
22.19	22.18	0.044815	20.871
22.19	22.18	0.044832	20.996
22.19	22.18	0.044849	21.091
22.19	22.18	0.044865	21.170
22.19	22.19	0.044882	21.295
22.19	22.19	0.044899	21.389
22.19	22.19	0.044915	21.494
22.19	22.19	0.044932	21.594
22.19	22.19	0.044949	21.688
22.19	22.19	0.044965	21.793
22.19	22.19	0.044982	21.892
22.19	22.19	0.044999	21.987
22.19	22.19	0.045015	22.092
22.19	22.19	0.045032	22.192
22.19	22.19	0.045049	22.286
22.19	22.19	0.045065	22.391
22.19	22.19	0.045082	22.490
22.19	22.20	0.045099	22.585
22.19	22.20	0.045115	22.689
22.19	22.20	0.045132	22.784
22.19	22.20	0.045149	22.884
22.19	22.20	0.045165	22.988
22.19	22.20	0.045182	23.083
22.19	22.20	0.045199	23.182
22.19	22.20	0.045215	23.287
22.19	22.20	0.045232	23.382
22.19	22.20	0.045249	23.481
22.19	22.20	0.045265	23.586
22.19	22.20	0.045282	23.680
22.19	22.20	0.045299	23.780
22.21	22.21	0.045315	23.884
22.21	22.21	0.045332	23.979
22.21	22.21	0.045349	24.079
22.21	22.21	0.045365	24.183
22.21	22.21	0.045382	24.278
22.21	22.21	0.045399	24.377
22.21	22.21	0.045415	24.482
22.21	22.21	0.045432	24.576
22.21	22.21	0.045448	24.676
22.21	22.21	0.045465	24.780
22.21	22.21	0.045482	24.875
22.21	22.21	0.045498	24.975
22.21	22.21	0.045515	25.079
22.21	22.22	0.045532	25.174
22.21	22.22	0.045548	25.274
22.21	22.22	0.045565	25.378
22.21	22.22	0.045582	25.472
22.21	22.22	0.045598	25.574
22.21	22.22	0.045615	25.677
22.24	22.22	0.045632	25.772
22.24	22.22	0.045648	25.875
22.24	22.22	0.045665	25.976
22.24	22.22	0.045682	26.071
22.24	22.22	0.045698	26.174
22.24	22.22	0.045715	26.275
22.24	22.22	0.045732	26.370
22.24	22.23	0.045748	26.474
22.24	22.23	0.045765	26.574
22.24	22.23	0.045782	26.671
22.24	22.23	0.045798	26.773
22.24	22.23	0.045815	26.872
22.24	22.23	0.045832	26.970
22.24	22.23	0.045848	27.071
22.24	22.23	0.045865	27.171
22.21	22.23	0.045882	27.270
22.21	22.23	0.045898	27.371
22.21	22.23	0.045915	27.471
22.21	22.23	0.045932	27.571
22.21	22.23	0.045948	27.671
22.21	22.24	0.045965	27.771
22.21	22.24	0.045982	27.870
22.21	22.24	0.045998	27.971
22.21	22.24	0.046015	28.070
22.24	22.24	0.046032	28.171
22.24	22.24	0.046048	28.270
22.24	22.24	0.046065	28.371
22.24	22.24	0.046082	28.471
22.24	22.24	0.046098	28.571
22.24	22.24	0.046115	28.671
22.24	22.24	0.046132	28.770
22.24	22.24	0.046148	28.871
22.24	22.24	0.046165	28.970
22.24	22.25	0.046182	29.071
22.24	22.25	0.046198	29.171
22.24	22.25	0.046215	29.271
22.26	22.25	0.046232	29.371
22.26	22.25	0.046248	29.471
22.26	22.25	0.046265	29.571
22.26	22.25	0.046281	29.671
22.26	22.25	0.046298	29.769
22.26	22.25	0.046315	29.871
22.26	22.25	0.046331	29.970
22.26	22.25	0.046348	30.071
22.26	22.25	0.046365	30.172
22.26	22.25	0.046381	30.272
22.26	22.26	0.046398	30.372
22.26	22.26	0.046415	30.471
22.26	22.26	0.046431	30.572
22.26	22.26	0.046448	30.671
22.26	22.26	0.046465	30.772
22.26	22.26	0.046481	30.871
22.26	22.26	0.046498	30.972
22.26	22.26	0.046515	31.072
22.26	22.26	0.046531	31.172
22.26	22.26	0.046548	31.272
22.26	22.26	0.046565	31.371
22.26	22.26	0.046581	31.472
22.26	22.26	0.046598	31.572
22.26	22.27	0.046615	31.672
22.26	22.27	0.046631	31.772
22.26	22.27	0.046648	31.871
22.26	22.27	0.046665	31.972
22.26	22.27	0.046681	32.071
22.26	22.27	0.046698	32.196
22.26	22.27	0.046715	32.295
22.26	22.27	0.046731	32.400
22.26	22.27	0.046748	32.494
22.26	22.27	0.046765	32.594
22.26	22.27	0.046781	32.699
22.26	22.27	0.046798	32.794
22.26	22.27	0.046815	32.893
22.29	22.28	0.046831	32.998
22.29	22.28	0.046848	33.093
22.29	22.28	0.046865	33.194
22.29	22.28	0.046881	33.297
22.29	22.28	0.046898	33.391
22.29	22.28	0.046915	33.494
22.29	22.28	0.046931	33.595
22.29	22.28	0.046948	33.690
22.29	22.28	0.046965	33.793
22.29	22.28	0.046981	33.894
22.29	22.28	0.046998	33.989
22.29	22.28	0.047015	34.093
22.29	22.28	0.047031	34.193
22.29	22.29	0.047048	34.287
22.29	22.29	0.047065	34.392
22.29	22.29	0.047081	34.491
22.29	22.29	0.047098	34.586
22.29	22.29	0.047114	34.690
22.29	22.29	0.047131	34.790
22.29	22.29	0.047148	34.885
22.29	22.29	0.047164	34.989
22.29	22.29	0.047181	35.084
22.29	22.29	0.047198	35.183
22.29	22.29	0.047214	35.288
22.29	22.29	0.047231	35.382
22.29	22.29	0.047248	35.482
22.29	22.30	0.047264	35.587
22.29	22.30	0.047281	35.681
22.29	22.30	0.047298	35.781
22.29	22.30	0.047314	35.885
22.29	22.30	0.047331	35.980
22.29	22.30	0.047348	36.079
22.29	22.30	0.047364	36.185
22.29	22.30	0.047381	36.280
22.29	22.30	0.047398	36.378
22.29	22.30	0.047414	36.484
22.29	22.30	0.047431	36.578
22.29	22.30	0.047448	36.678
22.29	22.30	0.047464	36.782
22.29	22.30	0.047481	36.877
22.29	22.31	0.047498	36.976
22.32	22.31	0.047514	37.081
22.32	22.31	0.047531	37.176
22.32	22.31	0.047548	37.275
22.32	22.31	0.047564	37.380
22.32	22.31	0.047581	37.474
22.32	22.31	0.047598	37.574
22.32	22.31	0.047614	37.678
22.32	22.31	0.047631	37.773
22.32	22.31	0.047648	37.874
22.32	22.31	0.047664	37.977
22.32	22.31	0.047681	38.072
22.32	22.31	0.047698	38.173
22.32	22.32	0.047714	38.276
22.32	22.32	0.047731	38.371
22.32	22.32	0.047748	38.473
22.32	22.32	0.047764	38.574
22.32	22.32	0.047781	38.672
22.32	22.32	0.047798	38.774
22.32	22.32	0.047814	38.873
22.32	22.32	0.047831	38.972
22.32	22.32	0.047848	39.072
22.32	22.32	0.047864	39.173
22.32	22.32	0.047881	39.272
22.32	22.32	0.047898	39.372
22.32	22.32	0.047914	39.471
22.32	22.33	0.047931	39.572
22.32	22.33	0.047947	39.671
22.32	22.33	0.047964	39.772
22.32	22.33	0.047981	39.872
22.32	22.33	0.047997	39.972
22.32	22.33	0.048014	40.072
22.32	22.33	0.048031	40.171
22.32	22.33	0.048047	40.272
22.32	22.33	0.048064	40.371
22.32	22.33	0.048081	40.472
22.32	22.33	0.048097	40.571
22.32	22.33	0.048114	40.672
22.34	22.33	0.048131	40.772
22.34	22.34	0.048147	40.872
22.34	22.34	0.048164	40.972
22.34	22.34	0.048181	41.071
22.34	22.34	0.048197	41.172
22.34	22.34	0.048214	41.271
22.34	22.34	0.048231	41.372
22.34	22.34	0.048247	41.471
22.34	22.34	0.048264	41.572
22.34	22.34	0.048281	41.672
22.34	22.34	0.048297	41.771
22.34	22.34	0.048314	41.872
22.34	22.34	0.048331	41.972
22.34	22.34	0.048347	42.071
22.34	22.35	0.048364	42.172
22.34	22.35	0.048381	42.272
22.34	22.35	0.048397	42.372
22.34	22.35	0.048414	42.472
22.34	22.35	0.048431	42.573
22.34	22.35	0.048447	42.673
22.34	22.35	0.048464	42.773
22.34	22.35	0.048481	42.872
22.37	22.35	0.048497	42.973
22.37	22.35	0.048514	43.072
22.37	22.35	0.048531	43.173
22.37	22.35	0.048547	43.273
22.37	22.35	0.048564	43.373
22.37	22.36	0.048581	43.473
22.37	22.36	0.048597	43.572
22.37	22.36	0.048614	43.673
22.37	22.36	0.048631	43.772
22.37	22.36	0.048647	43.873
22.37	22.36	0.048664	43.972
22.37	22.36	0.048681	44.073
22.37	22.36	0.048697	44.172
22.37	22.36	0.048714	44.297
22.37	22.36	0.048731	44.402
22.37	22.36	0.048747	44.496
22.37	22.36	0.048764	44.596
22.37	22.36	0.048780	44.700
22.37	22.37	0.048797	44.795
22.37	22.37	0.048814	44.894
22.37	22.37	0.048830	44.999
22.37	22.37	0.048847	45.094
22.34	22.37	0.048864	45.193
22.34	22.37	0.048880	45.298
22.34	22.37	0.048897	45.392
22.34	22.37	0.048914	45.493
22.34	22.37	0.048930	45.596
22.34	22.37	0.048947	45.691
22.37	22.37	0.048964	45.793
22.37	22.37	0.048980	45.895
22.37	22.37	0.048997	45.990
22.37	22.38	0.049014	46.093
22.37	22.38	0.049030	46.194
22.37	22.38	0.049047	46.288
22.37	22.38	0.049064	46.393
22.37	22.38	0.049080	46.492
22.37	22.38	0.049097	46.587
22.37	22.38	0.049114	46.692
22.39	22.38	0.049130	46.791
22.39	22.38	0.049147	46.886
22.39	22.38	0.049164	46.990
22.39	22.38	0.049180	47.090
22.39	22.38	0.049197	47.185
22.39	22.38	0.049214	47.290
22.39	22.39	0.049230	47.389
22.39	22.39	0.049247	47.483
22.39	22.39	0.049264	47.589
22.39	22.39	0.049280	47.682
22.39	22.39	0.049297	47.783
22.39	22.39	0.049314	47.887
22.39	22.39	0.049330	47.982
22.39	22.39	0.049347	48.081
22.39	22.39	0.049364	48.186
22.39	22.39	0.049380	48.281
22.39	22.39	0.049397	48.380
22.39	22.39	0.049414	48.485
22.39	22.39	0.049430	48.579
22.39	22.40	0.049447	48.679
22.39	22.40	0.049464	48.783
22.42	22.40	0.049480	48.878
22.42	22.40	0.049497	48.978
22.42	22.40	0.049514	49.082
22.42	22.40	0.049530	49.177
22.42	22.40	0.049547	49.276
22.42	22.40	0.049564	49.381
22.42	22.40	0.049580	49.475
22.42	22.40	0.049597	49.575
22.42	22.40	0.049613	49.679
22.42	22.40	0.049630	49.775
22.39	22.40	0.049647	49.874
22.39	22.41	0.049663	49.979
22.39	22.41	0.049680	50.073
22.39	22.41	0.049697	50.174
22.39	22.41	0.049713	50.277
22.39	22.41	0.049730	50.374
22.39	22.41	0.049747	50.473
22.39	22.41	0.049763	50.576
22.39	22.41	0.049780	50.674
22.39	22.41	0.049797	50.774
22.39	22.41	0.049813	50.875
22.42	22.41	0.049830	50.973
22.42	22.41	0.049847	51.074
22.42	22.41	0.049863	51.173
22.42	22.42	0.049880	51.274
22.42	22.42	0.049897	51.373
22.42	22.42	0.049913	51.474
22.42	22.42	0.049930	51.574
22.42	22.42	0.049947	51.674
22.42	22.42	0.049963	51.774
22.42	22.42	0.049980	51.873
22.42	22.42	0.049997	51.974
22.42	22.42	0.050013	52.073
22.42	22.42	0.050030	52.174
22.42	22.42	0.050047	52.274
22.42	22.42	0.050063	52.374
22.42	22.42	0.050080	52.474
22.42	22.43	0.050097	52.573
22.42	22.43	0.050113	52.674
22.42	22.43	0.050130	52.773
22.42	22.43	0.050147	52.874
22.45	22.43	0.050163	52.974
22.45	22.43	0.050180	53.073
22.45	22.43	0.050197	53.174
22.45	22.43	0.050213	53.273
22.45	22.43	0.050230	53.374
22.45	22.43	0.050247	53.473
22.45	22.43	0.050263	53.574
22.45	22.43	0.050280	53.674
22.45	22.43	0.050297	53.774
22.45	22.44	0.050313	53.874
22.45	22.44	0.050330	53.973
22.42	22.44	0.050347	54.074
22.42	22.44	0.050363	54.173
22.42	22.44	0.050380	54.274
22.42	22.44	0.050397	54.374
22.42	22.44	0.050413	54.474
22.42	22.44	0.050430	54.574
22.42	22.44	0.050446	54.673
22.42	22.44	0.050463	54.774
22.42	22.44	0.050480	54.874
22.42	22.44	0.050496	54.974
22.42	22.44	0.050513	55.074
22.45	22.45	0.050530	55.174
22.45	22.45	0.050546	55.273
22.45	22.45	0.050563	55.374
22.45	22.45	0.050580	55.473
22.45	22.45	0.050596	55.574
22.45	22.45	0.050613	55.674
22.45	22.45	0.050630	55.773
22.45	22.45	0.050646	55.874
22.45	22.45	0.050663	55.973
22.45	22.45	0.050680	56.074
22.45	22.45	0.050696	56.173
22.45	22.45	0.050713	56.298
22.45	22.45	0.050730	56.402
22.45	22.46	0.050746	56.497
22.45	22.46	0.050763	56.597
22.45	22.46	0.050780	56.701
22.45	22.46	0.050796	56.796
22.45	22.46	0.050813	56.895
22.45	22.46	0.050830	57.000
22.47	22.46	0.050846	57.094
22.47	22.46	0.050863	57.194
22.47	22.46	0.050880	57.299
22.47	22.46	0.050896	57.393
22.47	22.46	0.050913	57.493
22.47	22.46	0.050930	57.597
22.47	22.46	0.050946	57.692
22.47	22.47	0.050963	57.792
22.47	22.47	0.050980	57.896
22.47	22.47	0.050996	57.991
22.47	22.47	0.051013	58.092
22.47	22.47	0.051030	58.195
22.47	22.47	0.051046	58.289
22.47	22.47	0.051063	58.392
22.47	22.47	0.051080	58.494
22.47	22.47	0.051096	58.589
22.47	22.47	0.051113	58.692
22.47	22.47	0.051130	58.793
22.47	22.47	0.051146	58.888
22.47	22.47	0.051163	58.992
22.47	22.48	0.051180	59.092
22.47	22.48	0.051196	59.186
22.47	22.48	0.051213	59.291
22.47	22.48	0.051230	59.390
22.47	22.48	0.051246	59.485
22.47	22.48	0.051263	59.589
22.47	22.48	0.051279	59.689
22.47	22.48	0.051296	59.784
22.47	22.48	0.051313	59.888
22.47	22.48	0.051329	59.988
22.47	22.48	0.051346	00.082
22.47	22.48	0.051363	00.187
22.50	22.48	0.051379	00.281
22.50	22.49	0.051396	00.381
22.50	22.49	0.051413	00.486
22.50	22.49	0.051429	00.580
22.50	22.49	0.051446	00.680
22.50	22.49	0.051463	00.784
22.50	22.49	0.051479	00.879
22.50	22.49	0.051496	00.978
22.50	22.49	0.051513	01.084
22.50	22.49	0.051529	01.177
22.50	22.49	0.051546	01.277
22.50	22.49	0.051563	01.383
22.50	22.49	0.051579	01.477
22.50	22.49	0.051596	01.577
22.50	22.50	0.051613	01.681
22.50	22.50	0.051629	01.776
22.50	22.50	0.051646	01.875
22.47	22.50	0.051663	01.980
22.47	22.50	0.051679	02.076
22.47	22.50	0.051696	02.176
22.47	22.50	0.051713	02.279
22.47	22.50	0.051729	02.375
