100.00	0.00	7.23	30.00	150.00	2.70	97.30	2.70	

14.99	21.50	0.000000	03.362
14.99	21.50	0.000017	03.463
14.99	21.50	0.000033	03.563
15.22	21.50	0.000050	03.687
15.76	21.50	0.000067	03.787
17.60	21.50	0.000083	03.891
17.99	21.50	0.000100	03.986
20.14	21.50	0.000117	04.085
20.24	21.50	0.000133	04.190
20.60	21.50	0.000150	04.284
20.91	21.50	0.000167	04.384
21.04	21.50	0.000183	04.489
21.20	21.50	0.000200	04.583
21.20	21.50	0.000217	04.683
21.20	21.50	0.000233	04.787
21.20	21.50	0.000250	04.882
21.15	21.50	0.000267	04.983
21.15	21.50	0.000283	05.086
21.15	21.50	0.000300	05.181
21.15	21.50	0.000317	05.283
21.15	21.50	0.000333	05.385
21.25	21.50	0.000350	05.480
21.41	21.50	0.000367	05.583
21.51	21.50	0.000383	05.684
21.69	21.50	0.000400	05.779
21.93	21.50	0.000416	05.883
22.00	21.50	0.000433	05.983
22.19	21.50	0.000450	06.077
22.26	21.50	0.000466	06.182
22.37	21.50	0.000483	06.281
22.37	21.50	0.000500	06.376
22.37	21.50	0.000516	06.480
22.39	21.50	0.000533	06.580
22.39	21.50	0.000550	06.675
22.37	21.50	0.000566	06.780
22.37	21.50	0.000583	06.879
22.37	21.50	0.000600	06.973
22.34	21.50	0.000616	07.078
22.34	21.50	0.000633	07.172
22.32	21.50	0.000650	07.273
22.32	21.50	0.000666	07.378
22.32	21.50	0.000683	07.472
22.29	21.50	0.000700	07.572
22.29	21.50	0.000716	07.676
22.29	21.50	0.000733	07.771
22.29	21.50	0.000750	07.870
22.29	21.50	0.000766	07.975
22.29	21.50	0.000783	08.069
22.29	21.50	0.000800	08.169
22.29	21.50	0.000816	08.274
22.29	21.50	0.000833	08.368
22.29	21.50	0.000850	08.468
22.29	21.50	0.000866	08.572
22.29	21.50	0.000883	08.667
22.29	21.50	0.000900	08.766
22.26	21.50	0.000916	08.871
22.26	21.50	0.000933	08.966
22.26	21.50	0.000950	09.065
22.24	21.50	0.000966	09.170
22.19	21.50	0.000983	09.264
22.16	21.50	0.001000	09.364
22.11	21.50	0.001016	09.468
22.11	21.50	0.001033	09.563
22.06	21.50	0.001050	09.662
22.06	21.50	0.001066	09.767
22.03	21.50	0.001083	09.863
22.03	21.50	0.001100	09.963
22.03	21.50	0.001116	10.066
22.00	21.50	0.001133	10.162
22.00	21.50	0.001150	10.263
21.98	21.50	0.001166	10.364
21.98	21.50	0.001183	10.463
21.95	21.50	0.001200	10.563
21.95	21.50	0.001216	10.663
21.93	21.50	0.001233	10.763
21.90	21.50	0.001250	10.862
21.90	21.50	0.001266	10.963
21.85	21.50	0.001283	11.062
21.85	21.50	0.001299	11.163
21.82	21.50	0.001316	11.262
21.82	21.50	0.001333	11.363
21.82	21.50	0.001349	11.463
21.80	21.50	0.001366	11.563
21.80	21.50	0.001383	11.663
21.77	21.50	0.001399	11.762
21.77	21.50	0.001416	11.863
21.77	21.50	0.001433	11.962
21.74	21.50	0.001449	12.063
21.74	21.50	0.001466	12.162
21.72	21.50	0.001483	12.263
21.72	21.50	0.001499	12.363
21.72	21.50	0.001516	12.463
21.69	21.50	0.001533	12.563
21.67	21.50	0.001549	12.662
21.64	21.50	0.001566	12.763
21.64	21.50	0.001583	12.862
21.64	21.50	0.001599	12.963
21.61	21.50	0.001616	13.062
21.61	21.50	0.001633	13.163
21.61	21.50	0.001649	13.263
21.59	21.50	0.001666	13.363
21.59	21.50	0.001683	13.464
21.59	21.50	0.001699	13.563
21.59	21.50	0.001716	13.664
21.59	21.50	0.001733	13.763
21.59	21.50	0.001749	13.864
21.56	21.50	0.001766	13.995
21.56	21.50	0.001783	14.100
21.56	21.50	0.001799	14.199
21.56	21.50	0.001816	14.294
21.56	21.50	0.001833	14.399
21.56	21.50	0.001849	14.498
21.56	21.50	0.001866	14.593
21.56	21.50	0.001883	14.697
21.56	21.50	0.001899	14.792
21.54	21.50	0.001916	14.891
21.54	21.50	0.001933	14.996
21.54	21.50	0.001949	15.091
21.54	21.50	0.001966	15.190
21.54	21.50	0.001983	15.295
21.54	21.50	0.001999	15.389
21.54	21.50	0.002016	15.489
21.54	21.50	0.002033	15.593
21.54	21.50	0.002049	15.688
21.54	21.50	0.002066	15.787
21.51	21.50	0.002082	15.892
21.51	21.50	0.002099	15.987
21.51	21.50	0.002116	16.086
21.51	21.50	0.002132	16.191
21.51	21.50	0.002149	16.285
21.51	21.50	0.002166	16.385
21.51	21.50	0.002182	16.490
21.51	21.50	0.002199	16.584
21.51	21.50	0.002216	16.685
21.51	21.50	0.002232	16.789
21.51	21.50	0.002249	16.884
21.51	21.50	0.002266	16.983
21.51	21.50	0.002282	17.088
21.51	21.50	0.002299	17.182
21.51	21.50	0.002316	17.282
21.51	21.50	0.002332	17.386
21.51	21.50	0.002349	17.481
21.51	21.50	0.002366	17.582
21.51	21.50	0.002382	17.685
21.48	21.50	0.002399	17.781
21.48	21.50	0.002416	17.882
21.48	21.50	0.002432	17.983
21.48	21.50	0.002449	18.081
21.48	21.50	0.002466	18.182
21.48	21.50	0.002482	18.282
21.51	21.50	0.002499	18.381
21.51	21.50	0.002516	18.482
21.51	21.50	0.002532	18.582
21.51	21.50	0.002549	18.680
21.51	21.50	0.002566	18.780
21.51	21.50	0.002582	18.880
21.51	21.50	0.002599	18.980
21.51	21.50	0.002616	19.081
21.51	21.50	0.002632	19.181
21.51	21.50	0.002649	19.280
21.51	21.50	0.002666	19.381
21.51	21.50	0.002682	19.481
21.51	21.50	0.002699	19.580
21.51	21.50	0.002716	19.680
21.51	21.50	0.002732	19.781
21.51	21.50	0.002749	19.881
21.51	21.50	0.002766	19.981
21.51	21.50	0.002782	20.080
21.51	21.50	0.002799	20.181
21.51	21.50	0.002816	20.280
21.51	21.50	0.002832	20.380
21.51	21.50	0.002849	20.481
21.51	21.50	0.002866	20.581
21.51	21.50	0.002882	20.681
21.51	21.50	0.002899	20.781
21.51	21.50	0.002915	20.880
21.51	21.50	0.002932	20.981
21.51	21.50	0.002949	21.080
21.51	21.50	0.002965	21.180
21.51	21.50	0.002982	21.280
21.51	21.50	0.002999	21.381
21.51	21.50	0.003015	21.481
21.51	21.50	0.003032	21.581
21.51	21.50	0.003049	21.680
21.51	21.50	0.003065	21.781
21.51	21.50	0.003082	21.880
21.51	21.50	0.003099	21.980
21.51	21.50	0.003115	22.081
21.51	21.50	0.003132	22.181
21.48	21.50	0.003149	22.280
21.48	21.50	0.003165	22.381
21.48	21.50	0.003182	22.480
21.48	21.50	0.003199	22.581
21.48	21.50	0.003215	22.680
21.48	21.50	0.003232	22.780
21.51	21.50	0.003249	22.881
21.51	21.50	0.003265	22.981
21.51	21.50	0.003282	23.081
21.51	21.50	0.003299	23.181
21.51	21.50	0.003315	23.280
21.51	21.50	0.003332	23.381
21.51	21.50	0.003349	23.480
21.51	21.50	0.003365	23.581
21.51	21.50	0.003382	23.681
21.51	21.50	0.003399	23.810
21.51	21.50	0.003415	23.905
21.51	21.50	0.003432	24.004
21.51	21.50	0.003449	24.109
21.51	21.50	0.003465	24.203
21.51	21.50	0.003482	24.303
21.51	21.50	0.003499	24.407
21.51	21.50	0.003515	24.502
21.51	21.50	0.003532	24.602
21.51	21.50	0.003549	24.707
21.51	21.50	0.003565	24.802
21.51	21.50	0.003582	24.902
21.51	21.50	0.003599	25.006
21.51	21.50	0.003615	25.100
21.51	21.50	0.003632	25.202
21.51	21.50	0.003649	25.304
21.51	21.50	0.003665	25.399
21.51	21.50	0.003682	25.502
21.51	21.50	0.003699	25.603
21.51	21.50	0.003715	25.698
21.51	21.50	0.003732	25.802
21.51	21.50	0.003748	25.902
21.51	21.50	0.003765	25.996
21.48	21.50	0.003782	26.101
21.48	21.50	0.003798	26.201
21.48	21.50	0.003815	26.295
21.48	21.50	0.003832	26.400
21.48	21.50	0.003848	26.499
21.48	21.50	0.003865	26.594
21.48	21.50	0.003882	26.698
21.51	21.50	0.003898	26.798
21.51	21.50	0.003915	26.893
21.51	21.50	0.003932	26.997
21.51	21.50	0.003948	27.092
21.51	21.50	0.003965	27.191
21.51	21.50	0.003982	27.296
21.51	21.50	0.003998	27.390
21.51	21.50	0.004015	27.490
21.51	21.50	0.004032	27.594
21.51	21.50	0.004048	27.689
21.51	21.50	0.004065	27.790
21.51	21.50	0.004082	27.893
21.51	21.50	0.004098	27.988
21.51	21.50	0.004115	28.087
21.51	21.50	0.004132	28.192
21.51	21.50	0.004148	28.286
21.51	21.50	0.004165	28.387
21.51	21.50	0.004182	28.491
21.51	21.50	0.004198	28.586
21.51	21.50	0.004215	28.686
21.51	21.50	0.004232	28.790
21.51	21.50	0.004248	28.885
21.51	21.50	0.004265	28.984
21.51	21.50	0.004282	29.089
21.51	21.50	0.004298	29.183
21.51	21.50	0.004315	29.283
21.51	21.50	0.004332	29.388
21.51	21.50	0.004348	29.482
21.51	21.50	0.004365	29.582
21.51	21.50	0.004382	29.686
21.51	21.50	0.004398	29.782
21.51	21.50	0.004415	29.881
21.51	21.50	0.004432	29.985
21.51	21.50	0.004448	30.081
21.51	21.50	0.004465	30.182
21.51	21.50	0.004482	30.284
21.51	21.50	0.004498	30.382
21.48	21.50	0.004515	30.482
21.48	21.50	0.004532	30.582
21.48	21.50	0.004548	30.682
21.48	21.50	0.004565	30.781
21.48	21.50	0.004581	30.882
21.48	21.50	0.004598	30.982
21.48	21.50	0.004615	31.082
21.48	21.50	0.004631	31.182
21.48	21.50	0.004648	31.281
21.48	21.50	0.004665	31.382
21.51	21.50	0.004681	31.481
21.51	21.50	0.004698	31.582
21.51	21.50	0.004715	31.681
21.51	21.50	0.004731	31.782
21.51	21.50	0.004748	31.882
21.51	21.50	0.004765	31.982
21.51	21.50	0.004781	32.082
21.51	21.50	0.004798	32.181
21.51	21.50	0.004815	32.282
21.51	21.50	0.004831	32.381
21.51	21.50	0.004848	32.482
21.51	21.50	0.004865	32.582
21.51	21.50	0.004881	32.682
21.51	21.50	0.004898	32.782
21.51	21.50	0.004915	32.881
21.51	21.50	0.004931	32.982
21.51	21.50	0.004948	33.081
21.51	21.50	0.004965	33.182
21.51	21.50	0.004981	33.281
21.51	21.50	0.004998	33.382
21.51	21.50	0.005015	33.482
21.51	21.50	0.005031	33.582
21.51	21.50	0.005048	33.682
21.51	21.50	0.005065	33.781
21.51	21.50	0.005081	33.882
21.51	21.50	0.005098	33.981
21.51	21.50	0.005115	34.082
21.51	21.50	0.005131	34.181
21.51	21.50	0.005148	34.282
21.51	21.50	0.005165	34.382
21.51	21.50	0.005181	34.482
21.51	21.50	0.005198	34.582
21.51	21.50	0.005215	34.681
21.48	21.50	0.005231	34.782
21.48	21.50	0.005248	34.881
21.48	21.50	0.005265	34.982
21.48	21.50	0.005281	35.082
21.48	21.50	0.005298	35.182
21.48	21.50	0.005315	35.282
21.48	21.50	0.005331	35.382
21.48	21.50	0.005348	35.481
21.51	21.50	0.005365	35.582
21.51	21.50	0.005381	35.681
21.51	21.50	0.005398	35.782
21.51	21.50	0.005414	35.882
21.51	21.50	0.005431	36.006
21.51	21.50	0.005448	36.111
21.51	21.50	0.005464	36.205
21.51	21.50	0.005481	36.305
21.51	21.50	0.005498	36.409
21.51	21.50	0.005514	36.504
21.51	21.50	0.005531	36.603
21.51	21.50	0.005548	36.708
21.51	21.50	0.005564	36.802
21.51	21.50	0.005581	36.902
21.51	21.50	0.005598	37.007
21.51	21.50	0.005614	37.101
21.51	21.50	0.005631	37.202
21.51	21.50	0.005648	37.305
21.51	21.50	0.005664	37.400
21.51	21.50	0.005681	37.501
21.51	21.50	0.005698	37.604
21.51	21.50	0.005714	37.699
21.51	21.50	0.005731	37.801
21.51	21.50	0.005748	37.903
21.48	21.50	0.005764	37.997
21.48	21.50	0.005781	38.102
21.48	21.50	0.005798	38.201
21.48	21.50	0.005814	38.296
21.48	21.50	0.005831	38.400
21.48	21.50	0.005848	38.501
21.48	21.50	0.005864	38.595
21.48	21.50	0.005881	38.700
21.48	21.50	0.005898	38.799
21.51	21.50	0.005914	38.894
21.51	21.50	0.005931	38.998
21.51	21.50	0.005948	39.098
21.51	21.50	0.005964	39.192
21.51	21.50	0.005981	39.297
21.51	21.50	0.005998	39.392
21.51	21.50	0.006014	39.491
21.51	21.50	0.006031	39.596
21.51	21.50	0.006048	39.690
21.51	21.50	0.006064	39.790
21.51	21.50	0.006081	39.894
21.51	21.50	0.006098	39.989
21.51	21.50	0.006114	40.089
21.51	21.50	0.006131	40.193
21.51	21.50	0.006148	40.288
21.51	21.50	0.006164	40.387
21.51	21.50	0.006181	40.493
21.51	21.50	0.006198	40.587
21.51	21.50	0.006214	40.687
21.51	21.50	0.006231	40.791
21.51	21.50	0.006247	40.886
21.51	21.50	0.006264	40.986
21.51	21.50	0.006281	41.090
21.51	21.50	0.006297	41.185
21.51	21.50	0.006314	41.284
21.51	21.50	0.006331	41.389
21.51	21.50	0.006347	41.483
21.51	21.50	0.006364	41.584
21.51	21.50	0.006381	41.688
21.48	21.50	0.006397	41.784
21.48	21.50	0.006414	41.884
21.48	21.50	0.006431	41.986
21.48	21.50	0.006447	42.084
21.48	21.50	0.006464	42.183
21.48	21.50	0.006481	42.285
21.48	21.50	0.006497	42.383
21.48	21.50	0.006514	42.484
21.48	21.50	0.006531	42.584
21.51	21.50	0.006547	42.684
21.51	21.50	0.006564	42.784
21.51	21.50	0.006581	42.883
21.51	21.50	0.006597	42.984
21.51	21.50	0.006614	43.083
21.51	21.50	0.006631	43.184
21.51	21.50	0.006647	43.284
21.51	21.50	0.006664	43.384
21.51	21.50	0.006681	43.484
21.51	21.50	0.006697	43.583
21.51	21.50	0.006714	43.684
21.51	21.50	0.006731	43.783
21.51	21.50	0.006747	43.884
21.51	21.50	0.006764	43.983
21.51	21.50	0.006781	44.084
21.51	21.50	0.006797	44.184
21.51	21.50	0.006814	44.284
21.51	21.50	0.006831	44.384
21.51	21.50	0.006847	44.483
21.51	21.50	0.006864	44.584
21.51	21.50	0.006881	44.683
21.51	21.50	0.006897	44.784
21.51	21.50	0.006914	44.883
21.51	21.50	0.006931	44.984
21.51	21.50	0.006947	45.084
21.51	21.50	0.006964	45.183
21.51	21.50	0.006981	45.284
21.51	21.50	0.006997	45.383
21.51	21.50	0.007014	45.484
21.51	21.50	0.007031	45.583
21.48	21.50	0.007047	45.684
21.48	21.50	0.007064	45.784
21.48	21.50	0.007080	45.884
21.48	21.50	0.007097	45.984
21.48	21.50	0.007114	46.083
21.48	21.50	0.007130	46.185
21.48	21.50	0.007147	46.284
21.48	21.50	0.007164	46.385
21.48	21.50	0.007180	46.484
21.51	21.50	0.007197	46.585
21.51	21.50	0.007214	46.685
21.51	21.50	0.007230	46.785
21.51	21.50	0.007247	46.885
21.51	21.50	0.007264	46.984
21.51	21.50	0.007280	47.085
21.51	21.50	0.007297	47.184
21.51	21.50	0.007314	47.285
21.51	21.50	0.007330	47.385
21.51	21.50	0.007347	47.514
21.51	21.50	0.007364	47.609
21.51	21.50	0.007380	47.708
21.51	21.50	0.007397	47.813
21.51	21.50	0.007414	47.907
21.51	21.50	0.007430	48.007
21.51	21.50	0.007447	48.111
21.51	21.50	0.007464	48.206
21.51	21.50	0.007480	48.305
21.51	21.50	0.007497	48.410
21.51	21.50	0.007514	48.505
21.51	21.50	0.007530	48.604
21.51	21.50	0.007547	48.709
21.51	21.50	0.007564	48.803
21.48	21.50	0.007580	48.903
21.48	21.50	0.007597	49.008
21.48	21.50	0.007614	49.102
21.48	21.50	0.007630	49.202
21.48	21.50	0.007647	49.306
21.48	21.50	0.007664	49.401
21.48	21.50	0.007680	49.501
21.48	21.50	0.007697	49.605
21.48	21.50	0.007714	49.700
21.48	21.50	0.007730	49.801
21.51	21.50	0.007747	49.905
21.51	21.50	0.007764	49.999
21.51	21.50	0.007780	50.101
21.51	21.50	0.007797	50.203
21.51	21.50	0.007814	50.298
21.51	21.50	0.007830	50.401
21.51	21.50	0.007847	50.502
21.51	21.50	0.007864	50.597
21.51	21.50	0.007880	50.701
21.51	21.50	0.007897	50.801
21.51	21.50	0.007913	50.895
21.51	21.50	0.007930	51.000
21.51	21.50	0.007947	51.099
21.51	21.50	0.007963	51.194
21.51	21.50	0.007980	51.299
21.51	21.50	0.007997	51.398
21.51	21.50	0.008013	51.493
21.51	21.50	0.008030	51.597
21.51	21.50	0.008047	51.697
21.51	21.50	0.008063	51.791
21.51	21.50	0.008080	51.896
21.51	21.50	0.008097	51.990
21.51	21.50	0.008113	52.090
21.51	21.50	0.008130	52.195
21.51	21.50	0.008147	52.289
21.51	21.50	0.008163	52.389
21.51	21.50	0.008180	52.493
21.51	21.50	0.008197	52.588
21.51	21.50	0.008213	52.687
21.51	21.50	0.008230	52.792
21.51	21.50	0.008247	52.887
21.51	21.50	0.008263	52.986
21.48	21.50	0.008280	53.091
21.48	21.50	0.008297	53.185
21.48	21.50	0.008313	53.285
21.48	21.50	0.008330	53.389
21.48	21.50	0.008347	53.485
21.48	21.50	0.008363	53.584
21.48	21.50	0.008380	53.688
21.48	21.50	0.008397	53.785
21.51	21.50	0.008413	53.885
21.51	21.50	0.008430	53.988
21.51	21.50	0.008447	54.084
21.51	21.50	0.008463	54.185
21.51	21.50	0.008480	54.286
21.51	21.50	0.008497	54.385
21.51	21.50	0.008513	54.484
21.51	21.50	0.008530	54.585
21.51	21.50	0.008547	54.685
21.51	21.50	0.008563	54.784
21.51	21.50	0.008580	54.885
21.51	21.50	0.008597	54.984
21.51	21.50	0.008613	55.085
21.51	21.50	0.008630	55.184
21.51	21.50	0.008647	55.285
21.51	21.50	0.008663	55.385
21.51	21.50	0.008680	55.485
21.51	21.50	0.008697	55.585
21.51	21.50	0.008713	55.684
21.51	21.50	0.008730	55.785
21.51	21.50	0.008746	55.884
21.51	21.50	0.008763	55.985
21.51	21.50	0.008780	56.084
21.48	21.50	0.008796	56.185
21.48	21.50	0.008813	56.285
21.48	21.50	0.008830	56.385
21.48	21.50	0.008846	56.484
21.48	21.50	0.008863	56.585
21.48	21.50	0.008880	56.684
21.48	21.50	0.008896	56.785
21.48	21.50	0.008913	56.884
21.48	21.50	0.008930	56.985
21.48	21.50	0.008946	57.085
21.51	21.50	0.008963	57.185
21.51	21.50	0.008980	57.285
21.51	21.50	0.008996	57.384
21.51	21.50	0.009013	57.485
21.51	21.50	0.009030	57.584
21.51	21.50	0.009046	57.685
21.51	21.50	0.009063	57.784
21.51	21.50	0.009080	57.885
21.51	21.50	0.009096	57.985
21.51	21.50	0.009113	58.084
21.51	21.50	0.009130	58.185
21.51	21.50	0.009146	58.285
21.51	21.50	0.009163	58.385
21.51	21.50	0.009180	58.485
21.51	21.50	0.009196	58.584
21.51	21.50	0.009213	58.685
21.51	21.50	0.009230	58.784
21.51	21.50	0.009246	58.885
21.51	21.50	0.009263	58.984
21.51	21.50	0.009280	59.085
21.51	21.50	0.009296	59.185
21.51	21.50	0.009313	59.285
21.51	21.50	0.009330	59.385
21.51	21.50	0.009346	59.484
21.51	21.50	0.009363	59.585
21.48	21.50	0.009380	59.684
21.48	21.50	0.009396	59.814
21.48	21.50	0.009413	59.908
21.48	21.50	0.009430	00.008
21.48	21.50	0.009446	00.113
21.48	21.50	0.009463	00.207
21.48	21.50	0.009480	00.307
21.48	21.50	0.009496	00.411
21.48	21.50	0.009513	00.506
21.51	21.50	0.009530	00.605
21.51	21.50	0.009546	00.711
21.51	21.50	0.009563	00.805
21.51	21.50	0.009579	00.904
21.51	21.50	0.009596	01.009
21.51	21.50	0.009613	01.103
21.51	21.50	0.009629	01.204
21.51	21.50	0.009646	01.308
21.51	21.50	0.009663	01.403
21.51	21.50	0.009679	01.502
21.51	21.50	0.009696	01.607
21.51	21.50	0.009713	01.701
21.51	21.50	0.009729	01.801
21.51	21.50	0.009746	01.906
21.51	21.50	0.009763	02.000
21.51	21.50	0.009779	02.100
21.51	21.50	0.009796	02.205
21.51	21.50	0.009813	02.298
21.51	21.50	0.009829	02.400
21.48	21.50	0.009846	02.503
21.48	21.50	0.009863	02.597
21.48	21.50	0.009879	02.700
21.48	21.50	0.009896	02.801
21.48	21.50	0.009913	02.896
21.48	21.50	0.009929	03.000
21.48	21.50	0.009946	03.101
21.48	21.50	0.009963	03.195
21.48	21.50	0.009979	03.299
21.48	21.50	0.009996	03.399
21.51	21.50	0.010013	03.493
21.51	21.50	0.010029	03.598
21.51	21.50	0.010046	03.697
21.51	21.50	0.010063	03.793
21.51	21.50	0.010079	03.898
21.51	21.50	0.010096	03.997
21.51	21.50	0.010113	04.092
21.51	21.50	0.010129	04.196
21.51	21.50	0.010146	04.296
21.51	21.50	0.010163	04.390
21.51	21.50	0.010179	04.495
21.51	21.50	0.010196	04.590
21.51	21.50	0.010213	04.689
21.51	21.50	0.010229	04.794
21.51	21.50	0.010246	04.888
21.51	21.50	0.010263	04.988
21.51	21.50	0.010279	05.092
21.51	21.50	0.010296	05.187
21.51	21.50	0.010313	05.286
21.51	21.50	0.010329	05.391
21.51	21.50	0.010346	05.486
21.51	21.50	0.010363	05.585
21.51	21.50	0.010379	05.690
21.51	21.50	0.010396	05.785
21.51	21.50	0.010412	05.886
21.51	21.50	0.010429	05.988
21.51	21.50	0.010446	06.086
21.51	21.50	0.010462	06.186
21.51	21.50	0.010479	06.287
21.48	21.50	0.010496	06.386
21.48	21.50	0.010512	06.485
21.48	21.50	0.010529	06.586
21.48	21.50	0.010546	06.685
21.48	21.50	0.010562	06.786
21.48	21.50	0.010579	06.886
21.48	21.50	0.010596	06.985
21.48	21.50	0.010612	07.086
21.48	21.50	0.010629	07.185
21.48	21.50	0.010646	07.286
21.48	21.50	0.010662	07.385
21.51	21.50	0.010679	07.486
21.51	21.50	0.010696	07.586
21.51	21.50	0.010712	07.686
21.51	21.50	0.010729	07.786
21.51	21.50	0.010746	07.885
21.51	21.50	0.010762	07.986
21.51	21.50	0.010779	08.085
21.51	21.50	0.010796	08.186
21.51	21.50	0.010812	08.285
21.51	21.50	0.010829	08.386
21.51	21.50	0.010846	08.486
21.51	21.50	0.010862	08.585
21.51	21.50	0.010879	08.686
21.51	21.50	0.010896	08.785
21.51	21.50	0.010912	08.886
21.51	21.50	0.010929	08.985
21.51	21.50	0.010946	09.086
21.51	21.50	0.010962	09.186
21.51	21.50	0.010979	09.286
21.51	21.50	0.010996	09.386
21.51	21.50	0.011012	09.485
21.48	21.50	0.011029	09.586
21.48	21.50	0.011046	09.685
21.48	21.50	0.011062	09.786
21.48	21.50	0.011079	09.884
21.48	21.50	0.011096	09.986
21.48	21.50	0.011112	10.085
21.48	21.50	0.011129	10.186
21.48	21.50	0.011146	10.286
21.51	21.50	0.011162	10.385
21.51	21.50	0.011179	10.486
21.51	21.50	0.011196	10.585
21.51	21.50	0.011212	10.686
21.51	21.50	0.011229	10.785
21.51	21.50	0.011245	10.886
21.51	21.50	0.011262	10.986
21.51	21.50	0.011279	11.086
21.51	21.50	0.011295	11.186
21.51	21.50	0.011312	11.285
21.51	21.50	0.011329	11.386
21.51	21.50	0.011345	11.485
21.51	21.50	0.011362	11.586
21.51	21.50	0.011379	11.686
21.51	21.50	0.011395	11.815
21.51	21.50	0.011412	11.885
21.51	21.50	0.011429	11.984
21.51	21.50	0.011445	12.114
21.51	21.50	0.011462	12.208
21.51	21.50	0.011479	12.308
21.51	21.50	0.011495	12.412
21.51	21.50	0.011512	12.507
21.48	21.50	0.011529	12.606
21.48	21.50	0.011545	12.711
21.48	21.50	0.011562	12.806
21.48	21.50	0.011579	12.905
21.48	21.50	0.011595	13.010
21.48	21.50	0.011612	13.104
21.48	21.50	0.011629	13.204
21.48	21.50	0.011645	13.308
21.48	21.50	0.011662	13.403
21.48	21.50	0.011679	13.503
21.48	21.50	0.011695	13.607
21.51	21.50	0.011712	13.703
21.51	21.50	0.011729	13.802
21.51	21.50	0.011745	13.907
21.51	21.50	0.011762	14.001
21.51	21.50	0.011779	14.101
21.51	21.50	0.011795	14.205
21.51	21.50	0.011812	14.300
21.51	21.50	0.011829	14.400
21.51	21.50	0.011845	14.504
21.51	21.50	0.011862	14.599
21.51	21.50	0.011879	14.699
21.51	21.50	0.011895	14.803
21.51	21.50	0.011912	14.897
21.51	21.50	0.011929	14.999
21.51	21.50	0.011945	15.102
21.51	21.50	0.011962	15.196
21.51	21.50	0.011979	15.300
21.51	21.50	0.011995	15.400
21.51	21.50	0.012012	15.495
21.51	21.50	0.012029	15.599
21.51	21.50	0.012045	15.700
21.51	21.50	0.012062	15.794
21.51	21.50	0.012078	15.899
21.51	21.50	0.012095	15.998
21.51	21.50	0.012112	16.093
21.51	21.50	0.012128	16.197
21.51	21.50	0.012145	16.297
21.48	21.50	0.012162	16.392
21.48	21.50	0.012178	16.496
21.48	21.50	0.012195	16.596
21.48	21.50	0.012212	16.690
21.48	21.50	0.012228	16.795
21.48	21.50	0.012245	16.889
21.48	21.50	0.012262	16.989
21.48	21.50	0.012278	17.094
21.48	21.50	0.012295	17.188
21.51	21.50	0.012312	17.288
21.51	21.50	0.012328	17.392
21.51	21.50	0.012345	17.487
21.51	21.50	0.012362	17.586
21.51	21.50	0.012378	17.691
21.51	21.50	0.012395	17.786
21.51	21.50	0.012412	17.887
21.51	21.50	0.012428	17.990
21.51	21.50	0.012445	18.086
21.51	21.50	0.012462	18.187
21.51	21.50	0.012478	18.288
21.51	21.50	0.012495	18.387
21.51	21.50	0.012512	18.486
21.51	21.50	0.012528	18.587
21.51	21.50	0.012545	18.687
21.51	21.50	0.012562	18.787
21.51	21.50	0.012578	18.887
21.51	21.50	0.012595	18.986
21.51	21.50	0.012612	19.087
21.51	21.50	0.012628	19.186
21.51	21.50	0.012645	19.287
21.51	21.50	0.012662	19.386
21.48	21.50	0.012678	19.487
21.48	21.50	0.012695	19.587
21.48	21.50	0.012712	19.687
21.48	21.50	0.012728	19.787
21.48	21.50	0.012745	19.887
21.48	21.50	0.012762	19.985
21.48	21.50	0.012778	20.087
21.48	21.50	0.012795	20.186
21.48	21.50	0.012812	20.287
21.51	21.50	0.012828	20.386
21.51	21.50	0.012845	20.487
21.51	21.50	0.012862	20.587
21.51	21.50	0.012878	20.686
21.51	21.50	0.012895	20.787
21.51	21.50	0.012911	20.886
21.51	21.50	0.012928	20.987
21.51	21.50	0.012945	21.086
21.51	21.50	0.012961	21.187
21.51	21.50	0.012978	21.287
21.51	21.50	0.012995	21.387
21.51	21.50	0.013011	21.487
21.51	21.50	0.013028	21.586
21.51	21.50	0.013045	21.687
21.51	21.50	0.013061	21.786
21.51	21.50	0.013078	21.887
21.51	21.50	0.013095	21.986
21.51	21.50	0.013111	22.087
21.51	21.50	0.013128	22.187
21.51	21.50	0.013145	22.287
21.51	21.50	0.013161	22.387
21.48	21.50	0.013178	22.486
21.48	21.50	0.013195	22.587
21.48	21.50	0.013211	22.686
21.48	21.50	0.013228	22.787
21.48	21.50	0.013245	22.886
21.48	21.50	0.013261	22.987
21.48	21.50	0.013278	23.087
21.48	21.50	0.013295	23.186
21.48	21.50	0.013311	23.287
21.51	21.50	0.013328	23.386
21.51	21.50	0.013345	23.487
21.51	21.50	0.013361	23.586
21.51	21.50	0.013378	23.687
21.51	21.50	0.013395	23.787
21.51	21.50	0.013411	23.916
21.51	21.50	0.013428	24.011
21.51	21.50	0.013445	24.115
21.51	21.50	0.013461	24.215
21.51	21.50	0.013478	24.309
21.51	21.50	0.013495	24.414
21.51	21.50	0.013511	24.508
21.51	21.50	0.013528	24.608
21.51	21.50	0.013545	24.712
21.51	21.50	0.013561	24.807
21.51	21.50	0.013578	24.907
21.51	21.50	0.013595	25.011
21.51	21.50	0.013611	25.106
21.51	21.50	0.013628	25.205
21.51	21.50	0.013645	25.310
21.51	21.50	0.013661	25.404
21.51	21.50	0.013678	25.504
21.51	21.50	0.013695	25.609
21.51	21.50	0.013711	25.703
21.51	21.50	0.013728	25.803
21.48	21.50	0.013744	25.907
21.48	21.50	0.013761	26.002
21.48	21.50	0.013778	26.101
21.48	21.50	0.013794	26.206
21.48	21.50	0.013811	26.301
21.48	21.50	0.013828	26.400
21.48	21.50	0.013844	26.505
21.48	21.50	0.013861	26.599
21.48	21.50	0.013878	26.699
21.48	21.50	0.013894	26.804
21.51	21.50	0.013911	26.899
21.51	21.50	0.013928	26.999
21.51	21.50	0.013944	27.103
21.51	21.50	0.013961	27.198
21.51	21.50	0.013978	27.298
21.51	21.50	0.013994	27.402
21.51	21.50	0.014011	27.496
21.51	21.50	0.014028	27.598
21.51	21.50	0.014044	27.700
21.51	21.50	0.014061	27.795
21.51	21.50	0.014078	27.899
21.51	21.50	0.014094	27.999
21.51	21.50	0.014111	28.094
21.51	21.50	0.014128	28.198
21.51	21.50	0.014144	28.298
21.51	21.50	0.014161	28.392
21.51	21.50	0.014178	28.497
21.51	21.50	0.014194	28.597
21.51	21.50	0.014211	28.691
21.51	21.50	0.014228	28.796
21.48	21.50	0.014244	28.895
21.48	21.50	0.014261	28.990
21.48	21.50	0.014278	29.094
21.48	21.50	0.014294	29.194
21.48	21.50	0.014311	29.288
21.48	21.50	0.014328	29.393
21.48	21.50	0.014344	29.488
21.48	21.50	0.014361	29.587
21.48	21.50	0.014378	29.692
21.51	21.50	0.014394	29.787
21.51	21.50	0.014411	29.888
21.51	21.50	0.014428	29.991
21.51	21.50	0.014444	30.088
21.51	21.50	0.014461	30.188
21.51	21.50	0.014478	30.290
21.51	21.50	0.014494	30.388
21.51	21.50	0.014511	30.487
21.51	21.50	0.014528	30.589
21.51	21.50	0.014544	30.687
21.51	21.50	0.014561	30.788
21.51	21.50	0.014577	30.888
21.51	21.50	0.014594	30.988
21.51	21.50	0.014611	31.088
21.51	21.50	0.014627	31.187
21.51	21.50	0.014644	31.288
21.51	21.50	0.014661	31.387
21.51	21.50	0.014677	31.488
21.51	21.50	0.014694	31.587
21.51	21.50	0.014711	31.688
21.51	21.50	0.014727	31.788
21.51	21.50	0.014744	31.888
21.48	21.50	0.014761	31.988
21.48	21.50	0.014777	32.087
21.48	21.50	0.014794	32.188
21.48	21.50	0.014811	32.288
21.48	21.50	0.014827	32.388
21.48	21.50	0.014844	32.488
21.48	21.50	0.014861	32.587
21.48	21.50	0.014877	32.688
21.51	21.50	0.014894	32.787
21.51	21.50	0.014911	32.888
21.51	21.50	0.014927	32.987
21.51	21.50	0.014944	33.088
21.51	21.50	0.014961	33.188
21.51	21.50	0.014977	33.288
21.51	21.50	0.014994	33.388
21.51	21.50	0.015011	33.487
21.51	21.50	0.015027	33.588
21.51	21.50	0.015044	33.687
21.51	21.50	0.015061	33.788
21.51	21.50	0.015077	33.888
21.51	21.50	0.015094	33.988
21.51	21.50	0.015111	34.088
21.51	21.50	0.015127	34.189
21.51	21.50	0.015144	34.294
21.51	21.50	0.015161	34.389
21.51	21.50	0.015177	34.490
21.51	21.50	0.015194	34.593
21.51	21.50	0.015211	34.690
21.51	21.50	0.015227	34.790
21.51	21.50	0.015244	34.893
21.51	21.50	0.015261	34.990
21.51	21.50	0.015277	35.089
21.51	21.50	0.015294	35.193
21.51	21.50	0.015311	35.289
21.51	21.50	0.015327	35.414
21.48	21.50	0.015344	35.494
21.48	21.50	0.015361	35.618
21.48	21.50	0.015377	35.713
21.48	21.50	0.015394	35.817
21.48	21.50	0.015410	35.917
21.48	21.50	0.015427	36.011
21.48	21.50	0.015444	36.116
21.48	21.50	0.015460	36.216
21.48	21.50	0.015477	36.310
21.48	21.50	0.015494	36.415
21.51	21.50	0.015510	36.514
21.51	21.50	0.015527	36.609
21.51	21.50	0.015544	36.713
21.51	21.50	0.015560	36.813
21.51	21.50	0.015577	36.908
21.51	21.50	0.015594	37.012
21.51	21.50	0.015610	37.108
21.51	21.50	0.015627	37.207
21.51	21.50	0.015644	37.312
21.51	21.50	0.015660	37.406
21.51	21.50	0.015677	37.506
21.51	21.50	0.015694	37.611
21.51	21.50	0.015710	37.705
21.51	21.50	0.015727	37.805
21.51	21.50	0.015744	37.909
21.51	21.50	0.015760	38.004
21.51	21.50	0.015777	38.103
21.51	21.50	0.015794	38.208
21.51	21.50	0.015810	38.302
21.51	21.50	0.015827	38.402
21.51	21.50	0.015844	38.507
21.51	21.50	0.015860	38.601
21.51	21.50	0.015877	38.701
21.48	21.50	0.015894	38.805
21.48	21.50	0.015910	38.900
21.48	21.50	0.015927	38.999
21.48	21.50	0.015944	39.104
21.48	21.50	0.015960	39.199
21.48	21.50	0.015977	39.298
21.48	21.50	0.015994	39.403
21.48	21.50	0.016010	39.497
21.48	21.50	0.016027	39.597
21.48	21.50	0.016044	39.701
21.51	21.50	0.016060	39.796
21.51	21.50	0.016077	39.897
21.51	21.50	0.016094	40.000
21.51	21.50	0.016110	40.095
21.51	21.50	0.016127	40.197
21.51	21.50	0.016144	40.299
21.51	21.50	0.016160	40.394
21.51	21.50	0.016177	40.498
21.51	21.50	0.016194	40.598
21.51	21.50	0.016210	40.693
21.51	21.50	0.016227	40.797
21.51	21.50	0.016244	40.897
21.51	21.50	0.016260	40.991
21.51	21.50	0.016277	41.096
21.51	21.50	0.016293	41.196
21.51	21.50	0.016310	41.290
21.51	21.50	0.016327	41.395
21.51	21.50	0.016343	41.494
21.51	21.50	0.016360	41.590
21.51	21.50	0.016377	41.693
21.51	21.50	0.016393	41.793
21.51	21.50	0.016410	41.890
21.51	21.50	0.016427	41.992
21.48	21.50	0.016443	42.093
21.48	21.50	0.016460	42.189
21.48	21.50	0.016477	42.291
21.48	21.50	0.016493	42.392
21.48	21.50	0.016510	42.490
21.48	21.50	0.016527	42.589
21.48	21.50	0.016543	42.693
21.48	21.50	0.016560	42.790
21.48	21.50	0.016577	42.890
21.48	21.50	0.016593	42.993
21.48	21.50	0.016610	43.089
21.48	21.50	0.016627	43.190
21.51	21.50	0.016643	43.292
21.51	21.50	0.016660	43.390
21.51	21.50	0.016677	43.489
21.51	21.50	0.016693	43.592
21.51	21.50	0.016710	43.690
21.51	21.50	0.016727	43.790
21.51	21.50	0.016743	43.893
21.51	21.50	0.016760	43.989
21.51	21.50	0.016777	44.090
21.51	21.50	0.016793	44.192
21.51	21.50	0.016810	44.290
21.51	21.50	0.016827	44.389
21.51	21.50	0.016843	44.492
21.51	21.50	0.016860	44.590
21.51	21.50	0.016877	44.689
21.51	21.50	0.016893	44.793
21.51	21.50	0.016910	44.889
21.51	21.50	0.016927	44.990
21.51	21.50	0.016943	45.092
21.51	21.50	0.016960	45.190
21.51	21.50	0.016977	45.290
21.51	21.50	0.016993	45.392
21.51	21.50	0.017010	45.490
21.51	21.50	0.017027	45.589
21.48	21.50	0.017043	45.693
21.48	21.50	0.017060	45.789
21.48	21.50	0.017077	45.890
21.48	21.50	0.017093	45.992
21.48	21.50	0.017110	46.090
21.48	21.50	0.017126	46.190
21.48	21.50	0.017143	46.292
21.48	21.50	0.017160	46.390
21.48	21.50	0.017176	46.489
21.51	21.50	0.017193	46.592
21.51	21.50	0.017210	46.689
21.51	21.50	0.017226	46.790
21.51	21.50	0.017243	46.892
21.51	21.50	0.017260	46.991
21.51	21.50	0.017276	47.091
21.51	21.50	0.017293	47.192
21.51	21.50	0.017310	47.291
21.51	21.50	0.017326	47.390
21.51	21.50	0.017343	47.492
21.51	21.50	0.017360	47.589
21.51	21.50	0.017376	47.714
21.51	21.50	0.017393	47.793
21.51	21.50	0.017410	47.918
21.51	21.50	0.017426	48.013
21.51	21.50	0.017443	48.092
21.51	21.50	0.017460	48.217
21.51	21.50	0.017476	48.312
21.51	21.50	0.017493	48.416
21.51	21.50	0.017510	48.516
21.51	21.50	0.017526	48.610
21.51	21.50	0.017543	48.715
21.48	21.50	0.017560	48.814
21.48	21.50	0.017576	48.909
21.48	21.50	0.017593	49.013
21.48	21.50	0.017610	49.113
21.48	21.50	0.017626	49.208
21.48	21.50	0.017643	49.312
21.48	21.50	0.017660	49.412
21.48	21.50	0.017676	49.506
21.48	21.50	0.017693	49.611
21.48	21.50	0.017710	49.705
21.48	21.50	0.017726	49.805
21.51	21.50	0.017743	49.911
21.51	21.50	0.017760	50.005
21.51	21.50	0.017776	50.105
21.51	21.50	0.017793	50.209
21.51	21.50	0.017810	50.304
21.51	21.50	0.017826	50.403
21.51	21.50	0.017843	50.508
21.51	21.50	0.017860	50.602
21.51	21.50	0.017876	50.702
21.51	21.50	0.017893	50.807
21.51	21.50	0.017910	50.901
21.51	21.50	0.017926	51.001
21.51	21.50	0.017943	51.105
21.51	21.50	0.017959	51.200
21.51	21.50	0.017976	51.299
21.51	21.50	0.017993	51.404
21.51	21.50	0.018009	51.499
21.51	21.50	0.018026	51.598
21.51	21.50	0.018043	51.703
21.51	21.50	0.018059	51.797
21.51	21.50	0.018076	51.897
21.51	21.50	0.018093	52.001
21.48	21.50	0.018109	52.096
21.48	21.50	0.018126	52.196
21.48	21.50	0.018143	52.300
21.48	21.50	0.018159	52.395
21.48	21.50	0.018176	52.496
21.48	21.50	0.018193	52.599
21.48	21.50	0.018209	52.693
21.48	21.50	0.018226	52.796
21.48	21.50	0.018243	52.897
21.51	21.50	0.018259	52.993
21.51	21.50	0.018276	53.097
21.51	21.50	0.018293	53.197
21.51	21.50	0.018309	53.293
21.51	21.50	0.018326	53.396
21.51	21.50	0.018343	53.496
21.51	21.50	0.018359	53.592
21.51	21.50	0.018376	53.695
21.51	21.50	0.018393	53.794
21.51	21.50	0.018409	53.893
21.51	21.50	0.018426	53.993
21.51	21.50	0.018443	54.093
21.51	21.50	0.018459	54.192
21.51	21.50	0.018476	54.293
21.51	21.50	0.018493	54.393
21.51	21.50	0.018509	54.493
21.51	21.50	0.018526	54.593
21.51	21.50	0.018543	54.692
21.51	21.50	0.018559	54.793
21.51	21.50	0.018576	54.892
21.48	21.50	0.018593	54.993
21.48	21.50	0.018609	55.092
21.48	21.50	0.018626	55.193
21.48	21.50	0.018643	55.293
21.48	21.50	0.018659	55.393
21.48	21.50	0.018676	55.492
21.48	21.50	0.018693	55.593
21.48	21.50	0.018709	55.693
21.48	21.50	0.018726	55.793
21.48	21.50	0.018743	55.892
21.51	21.50	0.018759	55.993
21.51	21.50	0.018776	56.092
21.51	21.50	0.018792	56.193
21.51	21.50	0.018809	56.292
21.51	21.50	0.018826	56.393
21.51	21.50	0.018842	56.493
21.51	21.50	0.018859	56.592
21.51	21.50	0.018876	56.693
21.51	21.50	0.018892	56.792
21.51	21.50	0.018909	56.893
21.51	21.50	0.018926	56.992
21.51	21.50	0.018942	57.093
21.51	21.50	0.018959	57.193
21.51	21.50	0.018976	57.293
21.51	21.50	0.018992	57.393
21.51	21.50	0.019009	57.492
21.51	21.50	0.019026	57.593
21.51	21.50	0.019042	57.692
21.51	21.50	0.019059	57.793
21.51	21.50	0.019076	57.892
21.51	21.50	0.019092	57.993
21.51	21.50	0.019109	58.093
21.51	21.50	0.019126	58.192
21.48	21.50	0.019142	58.293
21.48	21.50	0.019159	58.392
21.48	21.50	0.019176	58.493
21.48	21.50	0.019192	58.592
21.48	21.50	0.019209	58.693
21.48	21.50	0.019226	58.793
21.48	21.50	0.019242	58.893
21.48	21.50	0.019259	58.993
21.51	21.50	0.019276	59.092
21.51	21.50	0.019292	59.193
21.51	21.50	0.019309	59.292
21.51	21.50	0.019326	59.417
21.51	21.50	0.019342	59.516
21.51	21.50	0.019359	59.621
21.51	21.50	0.019376	59.716
21.51	21.50	0.019392	59.816
21.51	21.50	0.019409	59.920
21.51	21.50	0.019426	00.014
21.51	21.50	0.019442	00.116
21.51	21.50	0.019459	00.218
21.51	21.50	0.019476	00.313
21.51	21.50	0.019492	00.416
21.51	21.50	0.019509	00.517
21.51	21.50	0.019526	00.612
21.51	21.50	0.019542	00.716
21.51	21.50	0.019559	00.816
21.51	21.50	0.019576	00.911
21.51	21.50	0.019592	01.015
21.51	21.50	0.019609	01.115
21.48	21.50	0.019625	01.209
21.48	21.50	0.019642	01.314
21.48	21.50	0.019659	01.413
21.48	21.50	0.019675	01.508
21.48	21.50	0.019692	01.613
21.48	21.50	0.019709	01.712
21.48	21.50	0.019725	01.807
21.48	21.50	0.019742	01.911
21.48	21.50	0.019759	02.006
21.48	21.50	0.019775	02.105
21.51	21.50	0.019792	02.210
21.51	21.50	0.019809	02.305
21.51	21.50	0.019825	02.404
21.51	21.50	0.019842	02.509
21.51	21.50	0.019859	02.603
21.51	21.50	0.019875	02.703
21.51	21.50	0.019892	02.807
21.51	21.50	0.019909	02.902
21.51	21.50	0.019925	03.002
21.51	21.50	0.019942	03.106
21.51	21.50	0.019959	03.202
21.51	21.50	0.019975	03.301
21.51	21.50	0.019992	03.405
21.51	21.50	0.020009	03.500
21.51	21.50	0.020025	03.600
21.51	21.50	0.020042	03.704
21.51	21.50	0.020059	03.798
21.51	21.50	0.020075	03.898
21.51	21.50	0.020092	04.003
21.51	21.50	0.020109	04.097
21.51	21.50	0.020125	04.197
21.51	21.50	0.020142	04.301
21.51	21.50	0.020159	04.396
21.51	21.50	0.020175	04.495
21.51	21.50	0.020192	04.600
21.48	21.50	0.020209	04.695
21.48	21.50	0.020225	04.795
21.48	21.50	0.020242	04.899
21.48	21.50	0.020259	04.993
21.48	21.50	0.020275	05.096
21.48	21.50	0.020292	05.197
21.48	21.50	0.020309	05.293
21.48	21.50	0.020325	05.395
21.48	21.50	0.020342	05.496
21.51	21.50	0.020359	05.593
21.51	21.50	0.020375	05.695
21.51	21.50	0.020392	05.796
21.51	21.50	0.020409	05.892
21.51	21.50	0.020425	05.995
21.51	21.50	0.020442	06.094
21.51	21.50	0.020458	06.193
21.51	21.50	0.020475	06.293
21.51	21.50	0.020492	06.393
21.51	21.50	0.020508	06.493
21.51	21.50	0.020525	06.593
21.51	21.50	0.020542	06.693
21.51	21.50	0.020558	06.792
21.51	21.50	0.020575	06.893
21.51	21.50	0.020592	06.992
21.51	21.50	0.020608	07.093
21.48	21.50	0.020625	07.192
21.48	21.50	0.020642	07.293
21.48	21.50	0.020658	07.393
21.48	21.50	0.020675	07.492
21.48	21.50	0.020692	07.592
21.48	21.50	0.020708	07.691
21.48	21.50	0.020725	07.792
21.48	21.50	0.020742	07.891
21.51	21.50	0.020758	07.993
21.51	21.50	0.020775	08.093
21.51	21.50	0.020792	08.193
21.51	21.50	0.020808	08.293
21.51	21.50	0.020825	08.392
21.51	21.50	0.020842	08.493
21.51	21.50	0.020858	08.592
21.51	21.50	0.020875	08.693
21.51	21.50	0.020892	08.792
21.51	21.50	0.020908	08.893
21.51	21.50	0.020925	08.993
21.51	21.50	0.020942	09.093
21.51	21.50	0.020958	09.193
21.51	21.50	0.020975	09.292
21.51	21.50	0.020992	09.393
21.51	21.50	0.021008	09.492
21.51	21.50	0.021025	09.593
21.51	21.50	0.021042	09.692
21.51	21.50	0.021058	09.793
21.51	21.50	0.021075	09.893
21.51	21.50	0.021092	09.993
21.51	21.50	0.021108	10.093
21.51	21.50	0.021125	10.192
21.48	21.50	0.021142	10.293
21.48	21.50	0.021158	10.392
21.48	21.50	0.021175	10.493
21.48	21.50	0.021192	10.592
21.48	21.50	0.021208	10.693
21.48	21.50	0.021225	10.792
21.48	21.50	0.021242	10.893
21.48	21.50	0.021258	10.993
21.48	21.50	0.021275	11.093
21.48	21.50	0.021291	11.193
21.48	21.50	0.021308	11.292
21.51	21.50	0.021325	11.393
21.51	21.50	0.021341	11.492
21.51	21.50	0.021358	11.592
21.51	21.50	0.021375	11.691
21.51	21.50	0.021391	11.816
21.51	21.50	0.021408	11.920
21.51	21.50	0.021425	12.015
21.51	21.50	0.021441	12.116
21.51	21.50	0.021458	12.219
21.51	21.50	0.021475	12.314
21.51	21.50	0.021491	12.415
21.51	21.50	0.021508	12.519
21.51	21.50	0.021525	12.612
21.51	21.50	0.021541	12.715
21.51	21.50	0.021558	12.818
21.51	21.50	0.021575	12.912
21.51	21.50	0.021591	13.015
21.51	21.50	0.021608	13.116
21.51	21.50	0.021625	13.211
21.51	21.50	0.021641	13.315
21.51	21.50	0.021658	13.415
21.51	21.50	0.021675	13.509
21.51	21.50	0.021691	13.614
21.51	21.50	0.021708	13.714
21.48	21.50	0.021725	13.808
21.48	21.50	0.021741	13.913
21.48	21.50	0.021758	14.012
21.48	21.50	0.021775	14.107
21.48	21.50	0.021791	14.211
21.48	21.50	0.021808	14.311
21.48	21.50	0.021825	14.406
21.48	21.50	0.021841	14.510
21.51	21.50	0.021858	14.605
21.51	21.50	0.021875	14.704
21.51	21.50	0.021891	14.809
21.51	21.50	0.021908	14.903
21.51	21.50	0.021925	15.003
21.51	21.50	0.021941	15.107
21.51	21.50	0.021958	15.202
21.51	21.50	0.021975	15.302
21.51	21.50	0.021991	15.406
21.51	21.50	0.022008	15.501
21.51	21.50	0.022025	15.600
21.51	21.50	0.022041	15.705
21.51	21.50	0.022058	15.800
21.51	21.50	0.022075	15.899
21.51	21.50	0.022091	16.005
21.51	21.50	0.022108	16.098
21.51	21.50	0.022124	16.199
21.51	21.50	0.022141	16.303
21.51	21.50	0.022158	16.397
21.51	21.50	0.022174	16.497
21.51	21.50	0.022191	16.602
21.51	21.50	0.022208	16.697
21.51	21.50	0.022224	16.796
21.51	21.50	0.022241	16.901
21.51	21.50	0.022258	16.995
21.48	21.50	0.022274	17.095
21.48	21.50	0.022291	17.199
21.48	21.50	0.022308	17.295
21.48	21.50	0.022324	17.394
21.48	21.50	0.022341	17.498
21.48	21.50	0.022358	17.595
21.48	21.50	0.022374	17.695
21.48	21.50	0.022391	17.797
21.48	21.50	0.022408	17.894
21.51	21.50	0.022424	17.995
21.51	21.50	0.022441	18.095
21.51	21.50	0.022458	18.195
21.51	21.50	0.022474	18.294
21.51	21.50	0.022491	18.395
21.51	21.50	0.022508	18.495
21.51	21.50	0.022524	18.594
21.51	21.50	0.022541	18.695
21.51	21.50	0.022558	18.794
21.51	21.50	0.022574	18.895
21.51	21.50	0.022591	18.994
21.51	21.50	0.022608	19.094
21.51	21.50	0.022624	19.194
21.51	21.50	0.022641	19.295
21.51	21.50	0.022658	19.395
21.51	21.50	0.022674	19.494
21.51	21.50	0.022691	19.595
21.51	21.50	0.022708	19.694
21.51	21.50	0.022724	19.795
21.51	21.50	0.022741	19.894
21.51	21.50	0.022758	19.995
21.48	21.50	0.022774	20.094
21.48	21.50	0.022791	20.195
21.48	21.50	0.022808	20.296
21.48	21.50	0.022824	20.396
21.48	21.50	0.022841	20.496
21.48	21.50	0.022858	20.595
21.48	21.50	0.022874	20.696
21.48	21.50	0.022891	20.795
21.48	21.50	0.022908	20.896
21.51	21.50	0.022924	20.995
21.51	21.50	0.022941	21.096
21.51	21.50	0.022957	21.196
21.51	21.50	0.022974	21.296
21.51	21.50	0.022991	21.396
21.51	21.50	0.023007	21.495
21.51	21.50	0.023024	21.596
21.51	21.50	0.023041	21.695
21.51	21.50	0.023057	21.796
21.51	21.50	0.023074	21.895
21.51	21.50	0.023091	21.996
21.51	21.50	0.023107	22.096
21.51	21.50	0.023124	22.195
21.51	21.50	0.023141	22.296
21.51	21.50	0.023157	22.395
21.51	21.50	0.023174	22.496
21.51	21.50	0.023191	22.595
21.51	21.50	0.023207	22.696
21.51	21.50	0.023224	22.796
21.51	21.50	0.023241	22.896
21.51	21.50	0.023257	22.996
21.51	21.50	0.023274	23.095
21.51	21.50	0.023291	23.195
21.51	21.50	0.023307	23.324
21.51	21.50	0.023324	23.419
21.48	21.50	0.023341	23.518
21.48	21.50	0.023357	23.623
21.48	21.50	0.023374	23.717
21.48	21.50	0.023391	23.817
21.48	21.50	0.023407	23.922
21.48	21.50	0.023424	24.016
21.48	21.50	0.023441	24.116
21.48	21.50	0.023457	24.220
21.48	21.50	0.023474	24.315
21.51	21.50	0.023491	24.415
21.51	21.50	0.023507	24.520
21.51	21.50	0.023524	24.615
21.51	21.50	0.023541	24.714
21.51	21.50	0.023557	24.819
21.51	21.50	0.023574	24.913
21.51	21.50	0.023591	25.014
21.51	21.50	0.023607	25.117
21.51	21.50	0.023624	25.212
21.51	21.50	0.023641	25.314
21.51	21.50	0.023657	25.416
21.51	21.50	0.023674	25.511
21.51	21.50	0.023691	25.614
21.51	21.50	0.023707	25.715
21.51	21.50	0.023724	25.810
21.51	21.50	0.023741	25.914
21.51	21.50	0.023757	26.014
21.51	21.50	0.023774	26.108
21.51	21.50	0.023790	26.213
21.51	21.50	0.023807	26.312
21.51	21.50	0.023824	26.407
21.51	21.50	0.023840	26.512
21.48	21.50	0.023857	26.611
21.48	21.50	0.023874	26.706
21.48	21.50	0.023890	26.810
21.48	21.50	0.023907	26.910
21.48	21.50	0.023924	27.004
21.48	21.50	0.023940	27.109
21.48	21.50	0.023957	27.204
21.48	21.50	0.023974	27.303
21.48	21.50	0.023990	27.408
21.48	21.50	0.024007	27.502
21.51	21.50	0.024024	27.602
21.51	21.50	0.024040	27.706
21.51	21.50	0.024057	27.801
21.51	21.50	0.024074	27.900
21.51	21.50	0.024090	28.005
21.51	21.50	0.024107	28.100
21.51	21.50	0.024124	28.199
21.51	21.50	0.024140	28.304
21.51	21.50	0.024157	28.398
21.51	21.50	0.024174	28.498
21.51	21.50	0.024190	28.603
21.51	21.50	0.024207	28.697
21.51	21.50	0.024224	28.797
21.51	21.50	0.024240	28.902
21.51	21.50	0.024257	28.997
21.51	21.50	0.024274	29.096
21.51	21.50	0.024290	29.201
21.51	21.50	0.024307	29.296
21.51	21.50	0.024324	29.397
21.51	21.50	0.024340	29.499
21.51	21.50	0.024357	29.597
21.48	21.50	0.024374	29.697
21.48	21.50	0.024390	29.798
21.48	21.50	0.024407	29.897
21.48	21.50	0.024424	29.996
21.48	21.50	0.024440	30.097
21.48	21.50	0.024457	30.196
21.48	21.50	0.024474	30.297
21.51	21.50	0.024490	30.397
21.51	21.50	0.024507	30.497
21.51	21.50	0.024524	30.597
21.51	21.50	0.024540	30.696
21.51	21.50	0.024557	30.797
21.51	21.50	0.024574	30.896
21.51	21.50	0.024590	30.997
21.51	21.50	0.024607	31.096
21.51	21.50	0.024623	31.197
21.51	21.50	0.024640	31.297
21.51	21.50	0.024657	31.397
21.51	21.50	0.024673	31.497
21.51	21.50	0.024690	31.596
21.51	21.50	0.024707	31.697
21.51	21.50	0.024723	31.796
21.51	21.50	0.024740	31.897
21.51	21.50	0.024757	31.996
21.51	21.50	0.024773	32.097
21.51	21.50	0.024790	32.197
21.51	21.50	0.024807	32.296
21.48	21.50	0.024823	32.397
21.48	21.50	0.024840	32.496
21.48	21.50	0.024857	32.597
21.48	21.50	0.024873	32.696
21.48	21.50	0.024890	32.797
21.48	21.50	0.024907	32.897
21.48	21.50	0.024923	32.997
21.48	21.50	0.024940	33.097
21.48	21.50	0.024957	33.196
21.48	21.50	0.024973	33.297
21.51	21.50	0.024990	33.396
21.51	21.50	0.025007	33.497
21.51	21.50	0.025023	33.596
21.51	21.50	0.025040	33.697
21.51	21.50	0.025057	33.797
21.51	21.50	0.025073	33.897
21.51	21.50	0.025090	33.997
21.51	21.50	0.025107	34.096
21.51	21.50	0.025123	34.197
21.51	21.50	0.025140	34.296
21.51	21.50	0.025157	34.397
21.51	21.50	0.025173	34.497
21.51	21.50	0.025190	34.597
21.51	21.50	0.025207	34.697
21.51	21.50	0.025223	34.796
21.51	21.50	0.025240	34.897
21.51	21.50	0.025257	34.996
21.51	21.50	0.025273	35.097
21.51	21.50	0.025290	35.196
21.51	21.50	0.025307	35.326
21.51	21.50	0.025323	35.420
21.51	21.50	0.025340	35.520
21.51	21.50	0.025357	35.625
21.51	21.50	0.025373	35.719
21.48	21.50	0.025390	35.819
21.48	21.50	0.025407	35.923
21.48	21.50	0.025423	36.018
21.48	21.50	0.025440	36.117
21.48	21.50	0.025456	36.222
21.48	21.50	0.025473	36.317
21.48	21.50	0.025490	36.416
21.48	21.50	0.025506	36.521
21.48	21.50	0.025523	36.615
21.51	21.50	0.025540	36.715
21.51	21.50	0.025556	36.820
21.51	21.50	0.025573	36.915
21.51	21.50	0.025590	37.014
21.51	21.50	0.025606	37.119
21.51	21.50	0.025623	37.213
21.51	21.50	0.025640	37.313
21.51	21.50	0.025656	37.417
21.51	21.50	0.025673	37.512
21.51	21.50	0.025690	37.613
21.51	21.50	0.025706	37.716
21.51	21.50	0.025723	37.811
21.51	21.50	0.025740	37.913
21.51	21.50	0.025756	38.015
21.51	21.50	0.025773	38.109
21.51	21.50	0.025790	38.213
21.51	21.50	0.025806	38.313
21.51	21.50	0.025823	38.408
21.51	21.50	0.025840	38.513
21.51	21.50	0.025856	38.612
21.51	21.50	0.025873	38.707
21.51	21.50	0.025890	38.811
21.51	21.50	0.025906	38.911
21.48	21.50	0.025923	39.005
21.48	21.50	0.025940	39.110
21.48	21.50	0.025956	39.209
21.48	21.50	0.025973	39.304
21.48	21.50	0.025990	39.409
21.48	21.50	0.026006	39.508
21.48	21.50	0.026023	39.603
21.51	21.50	0.026040	39.708
21.51	21.50	0.026056	39.803
21.51	21.50	0.026073	39.902
21.51	21.50	0.026090	40.007
21.51	21.50	0.026106	40.102
21.51	21.50	0.026123	40.201
21.51	21.50	0.026140	40.306
21.51	21.50	0.026156	40.400
21.51	21.50	0.026173	40.501
21.51	21.50	0.026190	40.604
21.51	21.50	0.026206	40.701
21.51	21.50	0.026223	40.800
21.51	21.50	0.026240	40.903
21.51	21.50	0.026256	41.001
21.51	21.50	0.026273	41.100
21.51	21.50	0.026289	41.202
21.51	21.50	0.026306	41.300
21.48	21.50	0.026323	41.401
21.48	21.50	0.026339	41.500
21.48	21.50	0.026356	41.601
21.48	21.50	0.026373	41.701
21.48	21.50	0.026389	41.801
21.48	21.50	0.026406	41.901
21.48	21.50	0.026423	42.000
21.48	21.50	0.026439	42.101
21.48	21.50	0.026456	42.200
21.51	21.50	0.026473	42.301
21.51	21.50	0.026489	42.402
21.51	21.50	0.026506	42.502
21.51	21.50	0.026523	42.602
21.51	21.50	0.026539	42.701
21.51	21.50	0.026556	42.802
21.51	21.50	0.026573	42.901
21.51	21.50	0.026589	43.002
21.51	21.50	0.026606	43.101
21.51	21.50	0.026623	43.202
21.51	21.50	0.026639	43.302
21.51	21.50	0.026656	43.402
21.51	21.50	0.026673	43.502
21.51	21.50	0.026689	43.601
21.51	21.50	0.026706	43.702
21.51	21.50	0.026723	43.801
21.51	21.50	0.026739	43.902
21.48	21.50	0.026756	44.001
21.48	21.50	0.026773	44.102
21.48	21.50	0.026789	44.202
21.48	21.50	0.026806	44.302
21.48	21.50	0.026823	44.403
21.48	21.50	0.026839	44.502
21.48	21.50	0.026856	44.603
21.48	21.50	0.026873	44.702
21.51	21.50	0.026889	44.803
21.51	21.50	0.026906	44.903
21.51	21.50	0.026923	45.003
21.51	21.50	0.026939	45.103
21.51	21.50	0.026956	45.202
21.51	21.50	0.026973	45.303
21.51	21.50	0.026989	45.403
21.51	21.50	0.027006	45.508
21.51	21.50	0.027023	45.603
21.51	21.50	0.027039	45.704
21.51	21.50	0.027056	45.808
21.51	21.50	0.027073	45.933
21.51	21.50	0.027089	46.028
21.51	21.50	0.027106	46.132
21.51	21.50	0.027122	46.232
21.51	21.50	0.027139	46.326
21.51	21.50	0.027156	46.431
21.51	21.50	0.027172	46.530
21.51	21.50	0.027189	46.625
21.51	21.50	0.027206	46.730
21.51	21.50	0.027222	46.829
21.51	21.50	0.027239	46.924
21.51	21.50	0.027256	47.028
21.51	21.50	0.027272	47.128
21.51	21.50	0.027289	47.222
21.51	21.50	0.027306	47.327
21.48	21.50	0.027322	47.421
21.48	21.50	0.027339	47.521
21.48	21.50	0.027356	47.626
21.48	21.50	0.027372	47.720
21.48	21.50	0.027389	47.820
21.48	21.50	0.027406	47.924
21.48	21.50	0.027422	48.019
21.48	21.50	0.027439	48.118
21.48	21.50	0.027456	48.223
21.51	21.50	0.027472	48.318
21.51	21.50	0.027489	48.417
21.51	21.50	0.027506	48.522
21.51	21.50	0.027522	48.616
21.51	21.50	0.027539	48.717
21.51	21.50	0.027556	48.821
21.51	21.50	0.027572	48.916
21.51	21.50	0.027589	49.015
21.51	21.50	0.027606	49.120
21.51	21.50	0.027622	49.215
21.51	21.50	0.027639	49.314
21.51	21.50	0.027656	49.419
21.51	21.50	0.027672	49.513
21.51	21.50	0.027689	49.613
21.51	21.50	0.027706	49.717
21.51	21.50	0.027722	49.812
21.51	21.50	0.027739	49.913
21.51	21.50	0.027756	50.016
21.51	21.50	0.027772	50.111
21.51	21.50	0.027789	50.212
21.48	21.50	0.027806	50.315
21.48	21.50	0.027822	50.409
21.48	21.50	0.027839	50.512
21.48	21.50	0.027856	50.613
21.48	21.50	0.027872	50.708
21.48	21.50	0.027889	50.812
21.48	21.50	0.027906	50.912
21.48	21.50	0.027922	51.007
21.48	21.50	0.027939	51.111
21.48	21.50	0.027955	51.211
21.51	21.50	0.027972	51.305
21.51	21.50	0.027989	51.410
21.51	21.50	0.028005	51.510
21.51	21.50	0.028022	51.604
21.51	21.50	0.028039	51.709
21.51	21.50	0.028055	51.808
21.51	21.50	0.028072	51.904
21.51	21.50	0.028089	52.007
21.51	21.50	0.028105	52.107
21.51	21.50	0.028122	52.203
21.51	21.50	0.028139	52.307
21.51	21.50	0.028155	52.408
21.51	21.50	0.028172	52.503
21.51	21.50	0.028189	52.605
21.51	21.50	0.028205	52.708
21.51	21.50	0.028222	52.804
21.51	21.50	0.028239	52.904
21.51	21.50	0.028255	53.007
21.51	21.50	0.028272	53.104
21.51	21.50	0.028289	53.203
21.51	21.50	0.028305	53.307
21.51	21.50	0.028322	53.404
21.51	21.50	0.028339	53.504
21.51	21.50	0.028355	53.608
21.51	21.50	0.028372	53.703
21.51	21.50	0.028389	53.804
21.51	21.50	0.028405	53.907
21.48	21.50	0.028422	54.004
21.48	21.50	0.028439	54.104
21.48	21.50	0.028455	54.207
21.48	21.50	0.028472	54.304
21.48	21.50	0.028489	54.403
21.48	21.50	0.028505	54.507
21.48	21.50	0.028522	54.604
21.48	21.50	0.028539	54.704
21.48	21.50	0.028555	54.808
21.48	21.50	0.028572	54.903
21.51	21.50	0.028589	55.004
21.51	21.50	0.028605	55.107
21.51	21.50	0.028622	55.203
21.51	21.50	0.028639	55.304
21.51	21.50	0.028655	55.407
21.51	21.50	0.028672	55.504
21.51	21.50	0.028689	55.604
21.51	21.50	0.028705	55.707
21.51	21.50	0.028722	55.804
21.51	21.50	0.028739	55.903
21.51	21.50	0.028755	56.007
21.51	21.50	0.028772	56.103
21.51	21.50	0.028788	56.204
21.51	21.50	0.028805	56.308
21.51	21.50	0.028822	56.404
21.51	21.50	0.028838	56.504
21.51	21.50	0.028855	56.607
21.51	21.50	0.028872	56.704
21.51	21.50	0.028888	56.803
21.51	21.50	0.028905	56.907
21.51	21.50	0.028922	57.005
21.51	21.50	0.028938	57.105
21.48	21.50	0.028955	57.208
21.48	21.50	0.028972	57.304
21.48	21.50	0.028988	57.405
21.48	21.50	0.029005	57.507
21.48	21.50	0.029022	57.605
21.48	21.50	0.029038	57.704
21.48	21.50	0.029055	57.807
21.48	21.50	0.029072	57.905
21.48	21.50	0.029088	58.028
21.48	21.50	0.029105	58.107
21.51	21.50	0.029122	58.233
21.51	21.50	0.029138	58.328
21.51	21.50	0.029155	58.407
21.51	21.50	0.029172	58.532
21.51	21.50	0.029188	58.626
21.51	21.50	0.029205	58.731
21.51	21.50	0.029222	58.830
21.51	21.50	0.029238	58.925
21.51	21.50	0.029255	59.030
21.51	21.50	0.029272	59.129
21.51	21.50	0.029288	59.224
21.51	21.50	0.029305	59.328
21.51	21.50	0.029322	59.428
21.51	21.50	0.029338	59.522
21.51	21.50	0.029355	59.627
21.51	21.50	0.029372	59.722
21.51	21.50	0.029388	59.821
21.51	21.50	0.029405	59.926
21.51	21.50	0.029422	00.020
21.51	21.50	0.029438	00.120
21.51	21.50	0.029455	00.224
21.51	21.50	0.029472	00.319
21.51	21.50	0.029488	00.418
21.51	21.50	0.029505	00.523
21.51	21.50	0.029522	00.618
21.48	21.50	0.029538	00.717
21.48	21.50	0.029555	00.822
21.48	21.50	0.029572	00.916
21.48	21.50	0.029588	01.016
21.48	21.50	0.029605	01.121
21.48	21.50	0.029621	01.215
21.48	21.50	0.029638	01.315
21.48	21.50	0.029655	01.419
21.48	21.50	0.029671	01.515
21.48	21.50	0.029688	01.614
21.48	21.50	0.029705	01.719
21.51	21.50	0.029721	01.813
21.51	21.50	0.029738	01.913
21.51	21.50	0.029755	02.017
21.51	21.50	0.029771	02.112
21.51	21.50	0.029788	02.212
21.51	21.50	0.029805	02.316
21.51	21.50	0.029821	02.411
21.51	21.50	0.029838	02.511
21.51	21.50	0.029855	02.615
21.51	21.50	0.029871	02.709
21.51	21.50	0.029888	02.811
21.51	21.50	0.029905	02.913
21.51	21.50	0.029921	03.008
21.51	21.50	0.029938	03.111
21.51	21.50	0.029955	03.212
21.51	21.50	0.029971	03.307
21.51	21.50	0.029988	03.411
21.51	21.50	0.030005	03.511
21.51	21.50	0.030021	03.605
21.51	21.50	0.030038	03.710
21.51	21.50	0.030055	03.810
21.51	21.50	0.030071	03.905
21.51	21.50	0.030088	04.009
21.48	21.51	0.030105	04.108
21.48	21.51	0.030121	04.205
21.48	21.51	0.030138	04.307
21.48	21.51	0.030155	04.407
21.48	21.51	0.030171	04.504
21.48	21.51	0.030188	04.606
21.48	21.51	0.030205	04.707
21.48	21.51	0.030221	04.805
21.48	21.51	0.030238	04.906
21.51	21.51	0.030255	05.006
21.51	21.51	0.030271	05.105
21.51	21.51	0.030288	05.204
21.51	21.51	0.030305	05.307
21.51	21.52	0.030321	05.404
21.51	21.52	0.030338	05.505
21.51	21.52	0.030355	05.607
21.51	21.52	0.030371	05.705
21.51	21.52	0.030388	05.805
21.51	21.52	0.030405	05.906
21.54	21.52	0.030421	06.005
21.54	21.52	0.030438	06.104
21.54	21.52	0.030454	06.206
21.54	21.52	0.030471	06.305
21.54	21.52	0.030488	06.405
21.54	21.52	0.030504	06.507
21.54	21.52	0.030521	06.604
21.54	21.53	0.030538	06.705
21.54	21.53	0.030554	06.806
21.54	21.53	0.030571	06.905
21.54	21.53	0.030588	07.004
21.54	21.53	0.030604	07.106
21.54	21.53	0.030621	07.205
21.54	21.53	0.030638	07.305
21.54	21.53	0.030654	07.407
21.51	21.53	0.030671	07.504
21.51	21.53	0.030688	07.605
21.51	21.53	0.030704	07.706
21.51	21.53	0.030721	07.805
21.51	21.53	0.030738	07.905
21.51	21.54	0.030754	08.006
21.51	21.54	0.030771	08.105
21.51	21.54	0.030788	08.204
21.51	21.54	0.030804	08.306
21.54	21.54	0.030821	08.404
21.54	21.54	0.030838	08.505
21.54	21.54	0.030854	08.606
21.54	21.54	0.030871	08.705
21.54	21.54	0.030888	08.805
21.54	21.54	0.030904	08.906
21.54	21.54	0.030921	09.005
21.54	21.54	0.030938	09.104
21.54	21.54	0.030954	09.206
21.54	21.55	0.030971	09.304
21.54	21.55	0.030988	09.405
21.56	21.55	0.031004	09.507
21.56	21.55	0.031021	09.605
21.56	21.55	0.031038	09.705
21.56	21.55	0.031054	09.806
21.56	21.55	0.031071	09.905
21.56	21.55	0.031088	10.004
21.56	21.55	0.031104	10.106
21.56	21.55	0.031121	10.204
21.56	21.55	0.031138	10.329
21.56	21.55	0.031154	10.406
21.56	21.55	0.031171	10.533
21.56	21.56	0.031188	10.628
21.56	21.56	0.031204	10.706
21.56	21.56	0.031221	10.832
21.56	21.56	0.031238	10.926
21.56	21.56	0.031254	11.006
21.56	21.56	0.031271	11.130
21.56	21.56	0.031287	11.225
21.56	21.56	0.031304	11.330
21.56	21.56	0.031321	11.429
21.56	21.56	0.031337	11.524
21.56	21.56	0.031354	11.628
21.56	21.56	0.031371	11.728
21.56	21.56	0.031387	11.822
21.56	21.57	0.031404	11.927
21.56	21.57	0.031421	12.026
21.56	21.57	0.031437	12.121
21.56	21.57	0.031454	12.226
21.56	21.57	0.031471	12.320
21.56	21.57	0.031487	12.420
21.56	21.57	0.031504	12.525
21.56	21.57	0.031521	12.619
21.56	21.57	0.031537	12.719
21.56	21.57	0.031554	12.823
21.56	21.57	0.031571	12.918
21.56	21.57	0.031587	13.018
21.56	21.57	0.031604	13.122
21.59	21.58	0.031621	13.217
21.59	21.58	0.031637	13.316
21.59	21.58	0.031654	13.421
21.59	21.58	0.031671	13.515
21.59	21.58	0.031687	13.615
21.59	21.58	0.031704	13.720
21.59	21.58	0.031721	13.814
21.59	21.58	0.031737	13.914
21.59	21.58	0.031754	14.018
21.59	21.58	0.031771	14.113
21.59	21.58	0.031787	14.212
21.59	21.58	0.031804	14.317
21.59	21.58	0.031821	14.411
21.59	21.59	0.031837	14.511
21.59	21.59	0.031854	14.616
21.59	21.59	0.031871	14.710
21.59	21.59	0.031887	14.811
21.59	21.59	0.031904	14.914
21.59	21.59	0.031921	15.009
21.59	21.59	0.031937	15.110
21.59	21.59	0.031954	15.213
21.59	21.59	0.031971	15.309
21.59	21.59	0.031987	15.410
21.59	21.59	0.032004	15.513
21.59	21.59	0.032021	15.607
21.59	21.59	0.032037	15.710
21.59	21.60	0.032054	15.811
21.59	21.60	0.032071	15.906
21.59	21.60	0.032087	16.010
21.59	21.60	0.032104	16.110
21.59	21.60	0.032120	16.205
21.59	21.60	0.032137	16.309
21.59	21.60	0.032154	16.409
21.59	21.60	0.032170	16.504
21.59	21.60	0.032187	16.608
21.59	21.60	0.032204	16.707
21.59	21.60	0.032220	16.805
21.59	21.60	0.032237	16.906
21.61	21.60	0.032254	17.006
21.61	21.61	0.032270	17.105
21.61	21.61	0.032287	17.205
21.61	21.61	0.032304	17.306
21.61	21.61	0.032320	17.404
21.61	21.61	0.032337	17.505
21.61	21.61	0.032354	17.605
21.61	21.61	0.032370	17.705
21.61	21.61	0.032387	17.805
21.61	21.61	0.032404	17.905
21.61	21.61	0.032420	18.005
21.61	21.61	0.032437	18.104
21.61	21.61	0.032454	18.206
21.61	21.61	0.032470	18.304
21.61	21.62	0.032487	18.405
21.61	21.62	0.032504	18.505
21.61	21.62	0.032520	18.605
21.61	21.62	0.032537	18.705
21.61	21.62	0.032554	18.805
21.61	21.62	0.032570	18.905
21.61	21.62	0.032587	19.004
21.61	21.62	0.032604	19.106
21.61	21.62	0.032620	19.204
21.64	21.62	0.032637	19.305
21.64	21.62	0.032654	19.405
21.64	21.62	0.032670	19.505
21.64	21.62	0.032687	19.605
21.64	21.62	0.032704	19.705
21.64	21.63	0.032720	19.804
21.64	21.63	0.032737	19.904
21.64	21.63	0.032754	20.005
21.64	21.63	0.032770	20.104
21.64	21.63	0.032787	20.205
21.64	21.63	0.032804	20.306
21.64	21.63	0.032820	20.405
21.64	21.63	0.032837	20.505
21.64	21.63	0.032854	20.605
21.64	21.63	0.032870	20.705
21.61	21.63	0.032887	20.804
21.61	21.63	0.032904	20.905
21.61	21.63	0.032920	21.004
21.61	21.64	0.032937	21.105
21.61	21.64	0.032953	21.206
21.61	21.64	0.032970	21.305
21.61	21.64	0.032987	21.405
21.61	21.64	0.033003	21.505
21.61	21.64	0.033020	21.605
21.64	21.64	0.033037	21.704
21.64	21.64	0.033053	21.805
21.64	21.64	0.033070	21.905
21.64	21.64	0.033087	22.005
21.64	21.64	0.033103	22.106
21.64	21.64	0.033120	22.204
21.64	21.64	0.033137	22.305
21.64	21.65	0.033153	22.405
21.64	21.65	0.033170	22.504
21.64	21.65	0.033187	22.603
21.67	21.65	0.033203	22.705
21.67	21.65	0.033220	22.832
21.67	21.65	0.033237	22.927
21.67	21.65	0.033253	23.005
21.67	21.65	0.033270	23.131
21.67	21.65	0.033287	23.226
21.67	21.65	0.033303	23.305
21.67	21.65	0.033320	23.431
21.67	21.65	0.033337	23.525
21.67	21.65	0.033353	23.630
21.67	21.66	0.033370	23.729
21.67	21.66	0.033387	23.824
21.67	21.66	0.033403	23.929
21.64	21.66	0.033420	24.028
21.64	21.66	0.033437	24.123
21.64	21.66	0.033453	24.227
21.64	21.66	0.033470	24.327
21.64	21.66	0.033487	24.421
21.64	21.66	0.033503	24.526
21.64	21.66	0.033520	24.626
21.64	21.66	0.033537	24.720
21.64	21.66	0.033553	24.825
21.67	21.66	0.033570	24.919
21.67	21.67	0.033587	25.019
21.67	21.67	0.033603	25.123
21.67	21.67	0.033620	25.218
21.67	21.67	0.033637	25.317
21.67	21.67	0.033653	25.422
21.67	21.67	0.033670	25.516
21.67	21.67	0.033687	25.616
21.67	21.67	0.033703	25.720
21.67	21.67	0.033720	25.815
21.67	21.67	0.033737	25.915
21.67	21.67	0.033753	26.019
21.69	21.67	0.033770	26.114
21.69	21.67	0.033786	26.214
21.69	21.68	0.033803	26.319
21.69	21.68	0.033820	26.413
21.69	21.68	0.033836	26.513
21.69	21.68	0.033853	26.618
21.69	21.68	0.033870	26.712
21.69	21.68	0.033886	26.812
21.69	21.68	0.033903	26.916
21.69	21.68	0.033920	27.011
21.69	21.68	0.033936	27.110
21.69	21.68	0.033953	27.215
21.69	21.68	0.033970	27.310
21.69	21.68	0.033986	27.409
21.69	21.68	0.034003	27.514
21.69	21.69	0.034020	27.608
21.69	21.69	0.034036	27.709
21.69	21.69	0.034053	27.812
21.69	21.69	0.034070	27.907
21.67	21.69	0.034086	28.009
21.67	21.69	0.034103	28.111
21.67	21.69	0.034120	28.206
21.67	21.69	0.034136	28.309
21.67	21.69	0.034153	28.410
21.67	21.69	0.034170	28.504
21.69	21.69	0.034186	28.609
21.69	21.69	0.034203	28.708
21.69	21.69	0.034220	28.805
21.69	21.70	0.034236	28.908
21.69	21.70	0.034253	29.007
21.69	21.70	0.034270	29.105
21.69	21.70	0.034286	29.206
21.69	21.70	0.034303	29.306
21.69	21.70	0.034320	29.404
21.69	21.70	0.034336	29.505
21.69	21.70	0.034353	29.604
21.69	21.70	0.034370	29.705
21.69	21.70	0.034386	29.805
21.69	21.70	0.034403	29.905
21.72	21.70	0.034420	30.005
21.72	21.70	0.034436	30.104
21.72	21.71	0.034453	30.205
21.72	21.71	0.034470	30.304
21.72	21.71	0.034486	30.405
21.72	21.71	0.034503	30.504
21.72	21.71	0.034520	30.605
21.72	21.71	0.034536	30.705
21.72	21.71	0.034553	30.804
21.72	21.71	0.034570	30.905
21.72	21.71	0.034586	31.004
21.72	21.71	0.034603	31.105
21.72	21.71	0.034619	31.205
21.72	21.71	0.034636	31.305
21.72	21.71	0.034653	31.405
21.72	21.72	0.034669	31.504
21.72	21.72	0.034686	31.605
21.72	21.72	0.034703	31.704
21.72	21.72	0.034719	31.805
21.72	21.72	0.034736	31.904
21.72	21.72	0.034753	32.005
21.72	21.72	0.034769	32.105
21.72	21.72	0.034786	32.205
21.72	21.72	0.034803	32.305
21.72	21.72	0.034819	32.404
21.72	21.72	0.034836	32.505
21.72	21.72	0.034853	32.604
21.72	21.72	0.034869	32.705
21.72	21.73	0.034886	32.805
21.72	21.73	0.034903	32.905
21.72	21.73	0.034919	33.005
21.72	21.73	0.034936	33.104
21.72	21.73	0.034953	33.205
21.72	21.73	0.034969	33.304
21.72	21.73	0.034986	33.405
21.72	21.73	0.035003	33.504
21.72	21.73	0.035019	33.605
21.72	21.73	0.035036	33.705
21.72	21.73	0.035053	33.805
21.72	21.73	0.035069	33.905
21.72	21.73	0.035086	34.004
21.72	21.74	0.035103	34.105
21.72	21.74	0.035119	34.204
21.72	21.74	0.035136	34.305
21.72	21.74	0.035153	34.404
21.72	21.74	0.035169	34.505
21.74	21.74	0.035186	34.605
21.74	21.74	0.035203	34.729
21.74	21.74	0.035219	34.804
21.74	21.74	0.035236	34.929
21.74	21.74	0.035253	35.004
21.74	21.74	0.035269	35.133
21.74	21.74	0.035286	35.227
21.74	21.74	0.035303	35.329
21.74	21.75	0.035319	35.431
21.74	21.75	0.035336	35.526
21.74	21.75	0.035353	35.604
21.74	21.75	0.035369	35.730
21.77	21.75	0.035386	35.825
21.77	21.75	0.035403	35.904
21.77	21.75	0.035419	36.029
21.77	21.75	0.035436	36.123
21.77	21.75	0.035452	36.228
21.77	21.75	0.035469	36.328
21.77	21.75	0.035486	36.422
21.77	21.75	0.035502	36.527
21.77	21.75	0.035519	36.626
21.77	21.76	0.035536	36.721
21.77	21.76	0.035552	36.825
21.77	21.76	0.035569	36.925
21.77	21.76	0.035586	37.019
21.77	21.76	0.035602	37.124
21.77	21.76	0.035619	37.225
21.77	21.76	0.035636	37.319
21.77	21.76	0.035652	37.424
21.77	21.76	0.035669	37.518
21.74	21.76	0.035686	37.618
21.74	21.76	0.035702	37.722
21.74	21.76	0.035719	37.817
21.74	21.76	0.035736	37.917
21.74	21.77	0.035752	38.021
21.74	21.77	0.035769	38.116
21.74	21.77	0.035786	38.215
21.74	21.77	0.035802	38.320
21.77	21.77	0.035819	38.414
21.77	21.77	0.035836	38.514
21.77	21.77	0.035852	38.618
21.77	21.77	0.035869	38.713
21.77	21.77	0.035886	38.813
21.77	21.77	0.035902	38.917
21.77	21.77	0.035919	39.012
21.77	21.77	0.035936	39.111
21.77	21.77	0.035952	39.216
21.77	21.78	0.035969	39.310
21.77	21.78	0.035986	39.410
21.77	21.78	0.036002	39.515
21.77	21.78	0.036019	39.609
21.77	21.78	0.036036	39.709
21.80	21.78	0.036052	39.813
21.80	21.78	0.036069	39.908
21.80	21.78	0.036086	40.008
21.80	21.78	0.036102	40.113
21.80	21.78	0.036119	40.206
21.80	21.78	0.036136	40.308
21.80	21.78	0.036152	40.412
21.80	21.78	0.036169	40.506
21.80	21.79	0.036186	40.609
21.80	21.79	0.036202	40.710
21.80	21.79	0.036219	40.806
21.80	21.79	0.036236	40.908
21.80	21.79	0.036252	41.009
21.77	21.79	0.036269	41.106
21.77	21.79	0.036285	41.208
21.77	21.79	0.036302	41.308
21.77	21.79	0.036319	41.405
21.77	21.79	0.036335	41.507
21.77	21.79	0.036352	41.606
21.77	21.79	0.036369	41.706
21.77	21.79	0.036385	41.805
21.77	21.80	0.036402	41.906
21.80	21.80	0.036419	42.006
21.80	21.80	0.036435	42.106
21.80	21.80	0.036452	42.206
21.80	21.80	0.036469	42.305
21.80	21.80	0.036485	42.406
21.80	21.80	0.036502	42.505
21.80	21.80	0.036519	42.606
21.80	21.80	0.036535	42.707
21.80	21.80	0.036552	42.807
21.80	21.80	0.036569	42.907
21.80	21.80	0.036585	43.006
21.80	21.80	0.036602	43.107
21.82	21.81	0.036619	43.206
21.82	21.81	0.036635	43.307
21.82	21.81	0.036652	43.406
21.82	21.81	0.036669	43.507
21.82	21.81	0.036685	43.607
21.82	21.81	0.036702	43.706
21.82	21.81	0.036719	43.807
21.82	21.81	0.036735	43.907
21.82	21.81	0.036752	44.007
21.82	21.81	0.036769	44.107
21.82	21.81	0.036785	44.206
21.82	21.81	0.036802	44.307
21.82	21.81	0.036819	44.406
21.82	21.82	0.036835	44.508
21.82	21.82	0.036852	44.608
21.82	21.82	0.036869	44.708
21.82	21.82	0.036885	44.808
21.82	21.82	0.036902	44.907
21.82	21.82	0.036919	45.008
21.82	21.82	0.036935	45.107
21.82	21.82	0.036952	45.208
21.82	21.82	0.036969	45.307
21.82	21.82	0.036985	45.408
21.82	21.82	0.037002	45.508
21.82	21.82	0.037019	45.608
21.82	21.82	0.037035	45.708
21.82	21.83	0.037052	45.807
21.82	21.83	0.037069	45.908
21.82	21.83	0.037085	46.008
21.82	21.83	0.037102	46.133
21.82	21.83	0.037118	46.237
21.82	21.83	0.037135	46.332
21.82	21.83	0.037152	46.432
21.82	21.83	0.037168	46.536
21.82	21.83	0.037185	46.631
21.82	21.83	0.037202	46.730
21.82	21.83	0.037218	46.835
21.82	21.83	0.037235	46.929
21.82	21.83	0.037252	47.029
21.82	21.84	0.037268	47.133
21.82	21.84	0.037285	47.228
21.82	21.84	0.037302	47.328
21.82	21.84	0.037318	47.432
21.85	21.84	0.037335	47.528
21.85	21.84	0.037352	47.628
21.85	21.84	0.037368	47.732
21.85	21.84	0.037385	47.826
21.85	21.84	0.037402	47.928
21.85	21.84	0.037418	48.031
21.85	21.84	0.037435	48.125
21.85	21.84	0.037452	48.228
21.85	21.84	0.037468	48.329
21.85	21.84	0.037485	48.423
21.85	21.85	0.037502	48.528
21.85	21.85	0.037518	48.627
21.85	21.85	0.037535	48.722
21.85	21.85	0.037552	48.826
21.85	21.85	0.037568	48.926
21.85	21.85	0.037585	49.022
21.85	21.85	0.037602	49.125
21.85	21.85	0.037618	49.226
21.85	21.85	0.037635	49.320
21.85	21.85	0.037652	49.425
21.85	21.85	0.037668	49.524
21.85	21.85	0.037685	49.619
21.85	21.85	0.037702	49.724
21.85	21.86	0.037718	49.818
21.85	21.86	0.037735	49.918
21.85	21.86	0.037752	50.022
21.85	21.86	0.037768	50.117
21.87	21.86	0.037785	50.216
21.87	21.86	0.037802	50.321
21.87	21.86	0.037818	50.416
21.87	21.86	0.037835	50.515
21.87	21.86	0.037852	50.620
21.87	21.86	0.037868	50.715
21.87	21.86	0.037885	50.814
21.87	21.86	0.037902	50.919
21.87	21.86	0.037918	51.013
21.87	21.87	0.037935	51.112
21.87	21.87	0.037951	51.217
21.87	21.87	0.037968	51.312
21.87	21.87	0.037985	51.411
21.87	21.87	0.038001	51.516
21.87	21.87	0.038018	51.610
21.87	21.87	0.038035	51.711
21.87	21.87	0.038051	51.814
21.87	21.87	0.038068	51.911
21.87	21.87	0.038085	52.011
21.87	21.87	0.038101	52.113
21.87	21.87	0.038118	52.211
21.87	21.87	0.038135	52.310
21.87	21.88	0.038151	52.412
21.87	21.88	0.038168	52.510
21.87	21.88	0.038185	52.611
21.87	21.88	0.038201	52.710
21.87	21.88	0.038218	52.811
21.87	21.88	0.038235	52.911
21.87	21.88	0.038251	53.010
21.87	21.88	0.038268	53.111
21.87	21.88	0.038285	53.210
21.87	21.88	0.038301	53.310
21.87	21.88	0.038318	53.411
21.87	21.88	0.038335	53.511
21.87	21.88	0.038351	53.611
21.90	21.89	0.038368	53.711
21.90	21.89	0.038385	53.810
21.90	21.89	0.038401	53.911
21.90	21.89	0.038418	54.011
21.90	21.89	0.038435	54.112
21.90	21.89	0.038451	54.211
21.90	21.89	0.038468	54.312
21.90	21.89	0.038485	54.412
21.90	21.89	0.038501	54.512
21.90	21.89	0.038518	54.612
21.90	21.89	0.038535	54.711
21.90	21.89	0.038551	54.812
21.90	21.89	0.038568	54.911
21.90	21.90	0.038585	55.012
21.90	21.90	0.038601	55.112
21.90	21.90	0.038618	55.212
21.90	21.90	0.038635	55.312
21.90	21.90	0.038651	55.411
21.90	21.90	0.038668	55.512
21.90	21.90	0.038685	55.611
21.90	21.90	0.038701	55.712
21.90	21.90	0.038718	55.811
21.90	21.90	0.038735	55.912
21.90	21.90	0.038751	56.012
21.90	21.90	0.038768	56.112
21.90	21.90	0.038784	56.212
21.90	21.91	0.038801	56.311
21.90	21.91	0.038818	56.412
21.90	21.91	0.038834	56.511
21.90	21.91	0.038851	56.612
21.90	21.91	0.038868	56.711
21.90	21.91	0.038884	56.812
21.93	21.91	0.038901	56.912
21.93	21.91	0.038918	57.012
21.93	21.91	0.038934	57.112
21.93	21.91	0.038951	57.211
21.93	21.91	0.038968	57.312
21.93	21.91	0.038984	57.411
21.93	21.91	0.039001	57.512
21.93	21.92	0.039018	57.612
21.93	21.92	0.039034	57.736
21.93	21.92	0.039051	57.836
21.93	21.92	0.039068	57.940
21.90	21.92	0.039084	58.035
21.90	21.92	0.039101	58.134
21.90	21.92	0.039118	58.239
21.90	21.92	0.039134	58.333
21.90	21.92	0.039151	58.433
21.90	21.92	0.039168	58.537
21.90	21.92	0.039184	58.632
21.90	21.92	0.039201	58.732
21.90	21.92	0.039218	58.836
21.93	21.93	0.039234	58.931
21.93	21.93	0.039251	59.030
21.93	21.93	0.039268	59.135
21.93	21.93	0.039284	59.229
21.93	21.93	0.039301	59.329
21.93	21.93	0.039318	59.434
21.93	21.93	0.039334	59.528
21.93	21.93	0.039351	59.628
21.93	21.93	0.039368	59.733
21.93	21.93	0.039384	59.827
21.93	21.93	0.039401	59.927
21.93	21.93	0.039418	00.032
21.93	21.93	0.039434	00.125
21.93	21.94	0.039451	00.227
21.93	21.94	0.039468	00.331
21.93	21.94	0.039484	00.425
21.95	21.94	0.039501	00.527
21.95	21.94	0.039518	00.629
21.95	21.94	0.039534	00.724
21.95	21.94	0.039551	00.826
21.95	21.94	0.039568	00.928
21.95	21.94	0.039584	01.023
21.95	21.94	0.039601	01.127
21.95	21.94	0.039617	01.226
21.95	21.94	0.039634	01.321
21.95	21.94	0.039651	01.426
21.95	21.95	0.039667	01.525
21.95	21.95	0.039684	01.620
21.95	21.95	0.039701	01.724
21.95	21.95	0.039717	01.824
21.95	21.95	0.039734	01.918
21.95	21.95	0.039751	02.023
21.95	21.95	0.039767	02.123
21.95	21.95	0.039784	02.217
21.95	21.95	0.039801	02.323
21.95	21.95	0.039817	02.416
21.95	21.95	0.039834	02.517
21.95	21.95	0.039851	02.621
21.95	21.95	0.039867	02.716
21.95	21.96	0.039884	02.815
21.95	21.96	0.039901	02.920
21.95	21.96	0.039917	03.015
21.95	21.96	0.039934	03.114
21.95	21.96	0.039951	03.219
21.95	21.96	0.039967	03.313
21.95	21.96	0.039984	03.413
21.95	21.96	0.040001	03.517
21.95	21.96	0.040017	03.612
21.95	21.96	0.040034	03.711
21.95	21.96	0.040051	03.816
21.95	21.96	0.040067	03.912
21.95	21.96	0.040084	04.012
21.95	21.97	0.040101	04.115
21.95	21.97	0.040117	04.211
21.95	21.97	0.040134	04.312
21.98	21.97	0.040151	04.413
21.98	21.97	0.040167	04.512
21.98	21.97	0.040184	04.612
21.98	21.97	0.040201	04.712
21.98	21.97	0.040217	04.812
21.98	21.97	0.040234	04.911
21.98	21.97	0.040251	05.012
21.98	21.97	0.040267	05.111
21.98	21.97	0.040284	05.213
21.98	21.97	0.040301	05.313
21.98	21.98	0.040317	05.412
21.98	21.98	0.040334	05.513
21.98	21.98	0.040351	05.612
21.98	21.98	0.040367	05.713
21.98	21.98	0.040384	05.812
21.98	21.98	0.040401	05.912
21.98	21.98	0.040417	06.013
21.98	21.98	0.040434	06.112
21.98	21.98	0.040450	06.213
21.98	21.98	0.040467	06.311
21.98	21.98	0.040484	06.413
21.98	21.98	0.040500	06.511
21.98	21.98	0.040517	06.613
21.98	21.99	0.040534	06.712
21.98	21.99	0.040550	06.813
21.98	21.99	0.040567	06.912
21.98	21.99	0.040584	07.013
21.98	21.99	0.040600	07.111
21.98	21.99	0.040617	07.213
22.00	21.99	0.040634	07.313
22.00	21.99	0.040650	07.412
22.00	21.99	0.040667	07.512
22.00	21.99	0.040684	07.612
22.00	21.99	0.040700	07.713
22.00	21.99	0.040717	07.811
22.00	21.99	0.040734	07.912
22.00	22.00	0.040750	08.013
22.00	22.00	0.040767	08.113
22.00	22.00	0.040784	08.213
22.00	22.00	0.040800	08.312
22.00	22.00	0.040817	08.413
22.00	22.00	0.040834	08.512
22.00	22.00	0.040850	08.613
22.00	22.00	0.040867	08.713
22.00	22.00	0.040884	08.813
22.00	22.00	0.040900	08.913
22.00	22.00	0.040917	09.012
22.00	22.00	0.040934	09.113
22.00	22.00	0.040950	09.212
22.00	22.01	0.040967	09.313
22.00	22.01	0.040984	09.412
22.00	22.01	0.041000	09.513
22.00	22.01	0.041017	09.613
22.00	22.01	0.041034	09.742
22.00	22.01	0.041050	09.812
22.00	22.01	0.041067	09.911
22.00	22.01	0.041084	10.036
22.00	22.01	0.041100	10.135
22.00	22.01	0.041117	10.240
22.00	22.01	0.041134	10.334
22.00	22.01	0.041150	10.434
22.00	22.01	0.041167	10.538
22.00	22.02	0.041184	10.633
22.03	22.02	0.041200	10.733
22.03	22.02	0.041217	10.838
22.03	22.02	0.041234	10.932
22.03	22.02	0.041250	11.032
22.03	22.02	0.041267	11.137
22.03	22.02	0.041283	11.231
22.03	22.02	0.041300	11.331
22.03	22.02	0.041317	11.436
22.03	22.02	0.041333	11.530
22.03	22.02	0.041350	11.630
22.03	22.02	0.041367	11.734
22.03	22.02	0.041383	11.829
22.03	22.03	0.041400	11.928
22.03	22.03	0.041417	12.033
22.03	22.03	0.041433	12.128
22.03	22.03	0.041450	12.227
22.03	22.03	0.041467	12.332
22.03	22.03	0.041483	12.426
22.03	22.03	0.041500	12.526
22.03	22.03	0.041517	12.630
22.03	22.03	0.041533	12.725
22.03	22.03	0.041550	12.825
22.03	22.03	0.041567	12.929
22.03	22.03	0.041583	13.024
22.03	22.03	0.041600	13.126
22.03	22.04	0.041617	13.228
22.03	22.04	0.041633	13.322
22.03	22.04	0.041650	13.426
22.03	22.04	0.041667	13.526
22.03	22.04	0.041683	13.621
22.03	22.04	0.041700	13.725
22.03	22.04	0.041717	13.825
22.03	22.04	0.041733	13.920
22.03	22.04	0.041750	14.024
22.03	22.04	0.041767	14.124
22.03	22.04	0.041783	14.218
22.06	22.04	0.041800	14.324
22.06	22.04	0.041817	14.423
22.06	22.05	0.041833	14.518
22.06	22.05	0.041850	14.623
22.06	22.05	0.041867	14.722
22.06	22.05	0.041883	14.817
22.06	22.05	0.041900	14.921
22.06	22.05	0.041917	15.016
22.06	22.05	0.041933	15.115
22.06	22.05	0.041950	15.220
22.06	22.05	0.041967	15.314
22.06	22.05	0.041983	15.414
22.06	22.05	0.042000	15.519
22.06	22.05	0.042017	15.613
22.06	22.05	0.042033	15.714
22.06	22.06	0.042050	15.817
22.06	22.06	0.042067	15.914
22.06	22.06	0.042083	16.013
22.06	22.06	0.042100	16.116
22.06	22.06	0.042116	16.214
22.06	22.06	0.042133	16.314
22.06	22.06	0.042150	16.415
22.06	22.06	0.042166	16.513
22.06	22.06	0.042183	16.614
22.06	22.06	0.042200	16.713
22.06	22.06	0.042216	16.814
22.06	22.06	0.042233	16.913
22.06	22.06	0.042250	17.014
22.06	22.07	0.042266	17.114
22.06	22.07	0.042283	17.214
22.06	22.07	0.042300	17.314
22.06	22.07	0.042316	17.413
22.06	22.07	0.042333	17.514
22.06	22.07	0.042350	17.613
22.06	22.07	0.042366	17.714
22.06	22.07	0.042383	17.814
22.06	22.07	0.042400	17.914
22.06	22.07	0.042416	18.014
22.06	22.07	0.042433	18.113
22.06	22.07	0.042450	18.214
22.06	22.07	0.042466	18.313
22.06	22.08	0.042483	18.414
22.06	22.08	0.042500	18.513
22.06	22.08	0.042516	18.614
22.06	22.08	0.042533	18.714
22.06	22.08	0.042550	18.814
22.08	22.08	0.042566	18.914
22.08	22.08	0.042583	19.013
22.08	22.08	0.042600	19.114
22.08	22.08	0.042616	19.213
22.08	22.08	0.042633	19.314
22.08	22.08	0.042650	19.413
22.08	22.08	0.042666	19.514
22.08	22.08	0.042683	19.614
22.08	22.08	0.042700	19.714
22.11	22.09	0.042716	19.814
22.11	22.09	0.042733	19.913
22.11	22.09	0.042750	20.014
22.11	22.09	0.042766	20.113
22.11	22.09	0.042783	20.214
22.11	22.09	0.042800	20.314
22.11	22.09	0.042816	20.414
22.11	22.09	0.042833	20.514
22.11	22.09	0.042850	20.613
22.11	22.09	0.042866	20.714
22.11	22.09	0.042883	20.813
22.11	22.09	0.042900	20.914
22.11	22.09	0.042916	21.013
22.11	22.10	0.042933	21.114
22.08	22.10	0.042949	21.214
22.08	22.10	0.042966	21.314
22.08	22.10	0.042983	21.414
22.08	22.10	0.042999	21.513
22.08	22.10	0.043016	21.614
22.08	22.10	0.043033	21.713
22.08	22.10	0.043049	21.838
22.08	22.10	0.043066	21.913
22.08	22.10	0.043083	22.042
22.08	22.10	0.043099	22.137
22.08	22.10	0.043116	22.241
22.11	22.10	0.043133	22.341
22.11	22.11	0.043149	22.435
22.11	22.11	0.043166	22.540
22.11	22.11	0.043183	22.635
22.11	22.11	0.043199	22.734
22.11	22.11	0.043216	22.839
22.11	22.11	0.043233	22.934
22.11	22.11	0.043249	23.033
22.11	22.11	0.043266	23.138
22.11	22.11	0.043283	23.232
22.11	22.11	0.043299	23.332
22.11	22.11	0.043316	23.436
22.13	22.11	0.043333	23.531
22.13	22.11	0.043349	23.630
22.13	22.12	0.043366	23.735
22.13	22.12	0.043383	23.830
22.13	22.12	0.043399	23.929
22.13	22.12	0.043416	24.034
22.13	22.12	0.043433	24.128
22.13	22.12	0.043449	24.228
22.13	22.12	0.043466	24.332
22.13	22.12	0.043483	24.427
22.13	22.12	0.043499	24.527
22.13	22.12	0.043516	24.631
22.13	22.12	0.043533	24.726
22.13	22.12	0.043549	24.825
22.13	22.12	0.043566	24.930
22.13	22.13	0.043583	25.024
22.11	22.13	0.043599	25.125
22.11	22.13	0.043616	25.229
22.11	22.13	0.043633	25.324
22.11	22.13	0.043649	25.425
22.11	22.13	0.043666	25.528
22.11	22.13	0.043683	25.623
22.13	22.13	0.043699	25.725
22.13	22.13	0.043716	25.827
22.13	22.13	0.043733	25.921
22.13	22.13	0.043749	26.025
22.13	22.13	0.043766	26.125
22.13	22.13	0.043782	26.220
22.13	22.14	0.043799	26.325
22.13	22.14	0.043816	26.424
22.13	22.14	0.043832	26.519
22.13	22.14	0.043849	26.623
22.13	22.14	0.043866	26.723
22.13	22.14	0.043882	26.817
22.13	22.14	0.043899	26.922
22.16	22.14	0.043916	27.022
22.16	22.14	0.043932	27.116
22.16	22.14	0.043949	27.221
22.16	22.14	0.043966	27.320
22.16	22.14	0.043982	27.415
22.16	22.14	0.043999	27.519
22.16	22.15	0.044016	27.614
22.16	22.15	0.044032	27.714
22.16	22.15	0.044049	27.818
22.16	22.15	0.044066	27.914
22.16	22.15	0.044082	28.013
22.16	22.15	0.044099	28.117
22.16	22.15	0.044116	28.213
22.16	22.15	0.044132	28.314
22.13	22.15	0.044149	28.415
22.13	22.15	0.044166	28.514
22.13	22.15	0.044182	28.614
22.13	22.15	0.044199	28.715
22.13	22.15	0.044216	28.814
22.13	22.16	0.044232	28.913
22.13	22.16	0.044249	29.014
22.13	22.16	0.044266	29.113
22.13	22.16	0.044282	29.214
22.13	22.16	0.044299	29.313
22.16	22.16	0.044316	29.414
22.16	22.16	0.044332	29.514
22.16	22.16	0.044349	29.614
22.16	22.16	0.044366	29.714
22.16	22.16	0.044382	29.814
22.16	22.16	0.044399	29.915
22.16	22.16	0.044416	30.014
22.16	22.16	0.044432	30.115
22.16	22.17	0.044449	30.215
22.16	22.17	0.044466	30.315
22.19	22.17	0.044482	30.415
22.19	22.17	0.044499	30.514
22.19	22.17	0.044516	30.615
22.19	22.17	0.044532	30.714
22.19	22.17	0.044549	30.815
22.19	22.17	0.044566	30.914
22.19	22.17	0.044582	31.015
22.19	22.17	0.044599	31.115
22.19	22.17	0.044615	31.215
22.19	22.17	0.044632	31.314
22.19	22.17	0.044649	31.415
22.19	22.18	0.044665	31.514
22.19	22.18	0.044682	31.615
22.19	22.18	0.044699	31.714
22.19	22.18	0.044715	31.820
22.16	22.18	0.044732	31.915
22.16	22.18	0.044749	32.015
22.16	22.18	0.044765	32.115
22.16	22.18	0.044782	32.214
22.16	22.18	0.044799	32.315
22.16	22.18	0.044815	32.414
22.16	22.18	0.044832	32.515
22.16	22.18	0.044849	32.614
22.16	22.18	0.044865	32.720
22.16	22.19	0.044882	32.815
22.19	22.19	0.044899	32.915
22.19	22.19	0.044915	33.020
22.19	22.19	0.044932	33.116
22.19	22.19	0.044949	33.215
22.19	22.19	0.044965	33.320
22.19	22.19	0.044982	33.415
22.19	22.19	0.044999	33.540
22.19	22.19	0.045015	33.620
22.19	22.19	0.045032	33.744
22.19	22.19	0.045049	33.839
22.19	22.19	0.045065	33.943
22.19	22.19	0.045082	34.044
22.21	22.20	0.045099	34.138
22.21	22.20	0.045115	34.243
22.21	22.20	0.045132	34.342
22.21	22.20	0.045149	34.437
22.21	22.20	0.045165	34.542
22.21	22.20	0.045182	34.641
22.21	22.20	0.045199	34.736
22.21	22.20	0.045215	34.840
22.21	22.20	0.045232	34.940
22.21	22.20	0.045249	35.034
22.21	22.20	0.045265	35.139
22.21	22.20	0.045282	35.233
22.21	22.20	0.045299	35.333
22.21	22.21	0.045315	35.438
22.21	22.21	0.045332	35.532
22.21	22.21	0.045349	35.632
22.21	22.21	0.045365	35.737
22.21	22.21	0.045382	35.831
22.21	22.21	0.045399	35.931
22.21	22.21	0.045415	36.035
22.21	22.21	0.045432	36.130
22.21	22.21	0.045448	36.229
22.21	22.21	0.045465	36.334
22.21	22.21	0.045482	36.429
22.21	22.21	0.045498	36.528
22.21	22.21	0.045515	36.633
22.21	22.22	0.045532	36.727
22.21	22.22	0.045548	36.827
22.21	22.22	0.045565	36.931
22.21	22.22	0.045582	37.026
22.21	22.22	0.045598	37.125
22.21	22.22	0.045615	37.230
22.21	22.22	0.045632	37.325
22.21	22.22	0.045648	37.424
22.21	22.22	0.045665	37.529
22.21	22.22	0.045682	37.623
22.21	22.22	0.045698	37.724
22.21	22.22	0.045715	37.827
22.21	22.22	0.045732	37.922
22.21	22.23	0.045748	38.024
22.21	22.23	0.045765	38.126
22.24	22.23	0.045782	38.222
22.24	22.23	0.045798	38.324
22.24	22.23	0.045815	38.426
22.24	22.23	0.045832	38.520
22.24	22.23	0.045848	38.624
22.24	22.23	0.045865	38.724
22.24	22.23	0.045882	38.819
22.24	22.23	0.045898	38.924
22.24	22.23	0.045915	39.023
22.24	22.23	0.045932	39.118
22.24	22.23	0.045948	39.222
22.24	22.24	0.045965	39.322
22.24	22.24	0.045982	39.416
22.24	22.24	0.045998	39.521
22.24	22.24	0.046015	39.620
22.24	22.24	0.046032	39.716
22.24	22.24	0.046048	39.820
22.24	22.24	0.046065	39.919
22.24	22.24	0.046082	40.016
22.24	22.24	0.046098	40.118
22.24	22.24	0.046115	40.219
22.24	22.24	0.046132	40.316
22.24	22.24	0.046148	40.417
22.24	22.24	0.046165	40.519
22.24	22.25	0.046182	40.615
22.24	22.25	0.046198	40.716
22.24	22.25	0.046215	40.819
22.24	22.25	0.046232	40.916
22.24	22.25	0.046248	41.016
22.24	22.25	0.046265	41.119
22.24	22.25	0.046281	41.216
22.24	22.25	0.046298	41.315
22.26	22.25	0.046315	41.420
22.26	22.25	0.046331	41.515
22.26	22.25	0.046348	41.615
22.26	22.25	0.046365	41.719
22.26	22.25	0.046381	41.815
22.26	22.26	0.046398	41.916
22.26	22.26	0.046415	42.018
22.26	22.26	0.046431	42.117
22.26	22.26	0.046448	42.217
22.26	22.26	0.046465	42.319
22.26	22.26	0.046481	42.416
22.26	22.26	0.046498	42.517
22.26	22.26	0.046515	42.619
22.26	22.26	0.046531	42.716
22.26	22.26	0.046548	42.817
22.26	22.26	0.046565	42.919
22.26	22.26	0.046581	43.017
22.26	22.26	0.046598	43.117
22.26	22.27	0.046615	43.219
22.26	22.27	0.046631	43.316
22.26	22.27	0.046648	43.417
22.26	22.27	0.046665	43.519
22.26	22.27	0.046681	43.617
22.26	22.27	0.046698	43.717
22.26	22.27	0.046715	43.819
22.26	22.27	0.046731	43.917
22.26	22.27	0.046748	44.016
22.26	22.27	0.046765	44.119
22.26	22.27	0.046781	44.216
22.29	22.27	0.046798	44.317
22.29	22.27	0.046815	44.419
22.29	22.28	0.046831	44.517
22.29	22.28	0.046848	44.617
22.29	22.28	0.046865	44.719
22.29	22.28	0.046881	44.816
22.29	22.28	0.046898	44.917
22.29	22.28	0.046915	45.018
22.29	22.28	0.046931	45.116
22.29	22.28	0.046948	45.217
22.29	22.28	0.046965	45.319
22.29	22.28	0.046981	45.417
22.29	22.28	0.046998	45.542
22.29	22.28	0.047015	45.618
22.29	22.28	0.047031	45.746
22.29	22.29	0.047048	45.840
22.29	22.29	0.047065	45.919
22.29	22.29	0.047081	46.044
22.29	22.29	0.047098	46.139
22.29	22.29	0.047114	46.219
22.29	22.29	0.047131	46.343
22.29	22.29	0.047148	46.438
22.29	22.29	0.047164	46.542
22.29	22.29	0.047181	46.642
22.29	22.29	0.047198	46.736
22.29	22.29	0.047214	46.841
22.29	22.29	0.047231	46.941
22.29	22.29	0.047248	47.035
22.29	22.30	0.047264	47.140
22.29	22.30	0.047281	47.240
22.29	22.30	0.047298	47.334
22.29	22.30	0.047314	47.438
22.29	22.30	0.047331	47.534
22.29	22.30	0.047348	47.633
22.29	22.30	0.047364	47.738
22.29	22.30	0.047381	47.832
22.29	22.30	0.047398	47.932
22.29	22.30	0.047414	48.037
22.29	22.30	0.047431	48.131
22.29	22.30	0.047448	48.231
22.29	22.30	0.047464	48.335
22.29	22.30	0.047481	48.430
22.29	22.31	0.047498	48.529
22.29	22.31	0.047514	48.634
22.29	22.31	0.047531	48.729
22.29	22.31	0.047548	48.828
22.29	22.31	0.047564	48.933
22.29	22.31	0.047581	49.027
22.32	22.31	0.047598	49.127
22.32	22.31	0.047614	49.231
22.32	22.31	0.047631	49.326
22.32	22.31	0.047648	49.426
22.32	22.31	0.047664	49.531
22.32	22.31	0.047681	49.625
22.32	22.31	0.047698	49.724
22.32	22.32	0.047714	49.829
22.32	22.32	0.047731	49.923
22.32	22.32	0.047748	50.023
22.32	22.32	0.047764	50.127
22.32	22.32	0.047781	50.222
22.32	22.32	0.047798	50.323
22.32	22.32	0.047814	50.426
22.32	22.32	0.047831	50.521
22.32	22.32	0.047848	50.622
22.32	22.32	0.047864	50.725
22.32	22.32	0.047881	50.819
22.32	22.32	0.047898	50.923
22.32	22.32	0.047914	51.024
22.32	22.33	0.047931	51.119
22.32	22.33	0.047947	51.223
22.32	22.33	0.047964	51.323
22.32	22.33	0.047981	51.418
22.32	22.33	0.047997	51.522
22.34	22.33	0.048014	51.622
22.34	22.33	0.048031	51.717
22.34	22.33	0.048047	51.821
22.34	22.33	0.048064	51.921
22.34	22.33	0.048081	52.018
22.34	22.33	0.048097	52.120
22.34	22.33	0.048114	52.219
22.34	22.33	0.048131	52.318
22.34	22.34	0.048147	52.418
22.34	22.34	0.048164	52.518
22.34	22.34	0.048181	52.617
22.34	22.34	0.048197	52.718
22.34	22.34	0.048214	52.819
22.34	22.34	0.048231	52.918
22.34	22.34	0.048247	53.019
22.34	22.34	0.048264	53.118
22.34	22.34	0.048281	53.219
22.34	22.34	0.048297	53.318
22.34	22.34	0.048314	53.419
22.34	22.34	0.048331	53.519
22.34	22.34	0.048347	53.622
22.34	22.35	0.048364	53.722
22.34	22.35	0.048381	53.821
22.34	22.35	0.048397	53.922
22.34	22.35	0.048414	54.022
22.37	22.35	0.048431	54.121
22.37	22.35	0.048447	54.222
22.37	22.35	0.048464	54.321
22.37	22.35	0.048481	54.422
22.37	22.35	0.048497	54.521
22.37	22.35	0.048514	54.622
22.37	22.35	0.048531	54.722
22.37	22.35	0.048547	54.822
22.37	22.35	0.048564	54.922
22.37	22.36	0.048581	55.021
22.37	22.36	0.048597	55.122
22.37	22.36	0.048614	55.221
22.37	22.36	0.048631	55.322
22.34	22.36	0.048647	55.421
22.34	22.36	0.048664	55.522
22.34	22.36	0.048681	55.622
22.34	22.36	0.048697	55.722
22.34	22.36	0.048714	55.823
22.34	22.36	0.048731	55.922
22.34	22.36	0.048747	56.023
22.34	22.36	0.048764	56.122
22.34	22.36	0.048780	56.223
22.34	22.37	0.048797	56.323
22.37	22.37	0.048814	56.423
22.37	22.37	0.048830	56.552
22.37	22.37	0.048847	56.647
22.37	22.37	0.048864	56.746
22.37	22.37	0.048880	56.851
22.37	22.37	0.048897	56.945
22.37	22.37	0.048914	57.045
22.37	22.37	0.048930	57.149
22.37	22.37	0.048947	57.244
22.37	22.37	0.048964	57.343
22.37	22.37	0.048980	57.448
22.37	22.37	0.048997	57.543
22.37	22.38	0.049014	57.642
22.37	22.38	0.049030	57.747
22.37	22.38	0.049047	57.841
22.37	22.38	0.049064	57.943
22.39	22.38	0.049080	58.045
22.39	22.38	0.049097	58.140
22.39	22.38	0.049114	58.243
22.39	22.38	0.049130	58.344
22.39	22.38	0.049147	58.439
22.39	22.38	0.049164	58.542
22.39	22.38	0.049180	58.644
22.39	22.38	0.049197	58.738
22.39	22.38	0.049214	58.843
22.39	22.39	0.049230	58.942
22.39	22.39	0.049247	59.036
22.39	22.39	0.049264	59.142
22.39	22.39	0.049280	59.241
22.39	22.39	0.049297	59.336
22.39	22.39	0.049314	59.440
22.39	22.39	0.049330	59.540
22.39	22.39	0.049347	59.634
22.39	22.39	0.049364	59.739
22.39	22.39	0.049380	59.838
22.39	22.39	0.049397	59.933
22.39	22.39	0.049414	00.038
22.39	22.39	0.049430	00.132
22.39	22.40	0.049447	00.232
22.39	22.40	0.049464	00.336
22.39	22.40	0.049480	00.431
22.39	22.40	0.049497	00.530
22.39	22.40	0.049514	00.635
22.39	22.40	0.049530	00.730
22.39	22.40	0.049547	00.829
22.39	22.40	0.049564	00.934
22.39	22.40	0.049580	01.028
22.39	22.40	0.049597	01.128
22.39	22.40	0.049613	01.232
22.39	22.40	0.049630	01.327
22.39	22.40	0.049647	01.427
22.39	22.41	0.049663	01.531
22.39	22.41	0.049680	01.626
22.42	22.41	0.049697	01.725
22.42	22.41	0.049713	01.830
22.42	22.41	0.049730	01.924
22.42	22.41	0.049747	02.025
22.42	22.41	0.049763	02.129
22.42	22.41	0.049780	02.224
22.42	22.41	0.049797	02.324
22.42	22.41	0.049813	02.428
22.42	22.41	0.049830	02.523
22.42	22.41	0.049847	02.622
22.42	22.41	0.049863	02.727
22.42	22.42	0.049880	02.822
22.42	22.42	0.049897	02.923
22.42	22.42	0.049913	03.026
22.42	22.42	0.049930	03.123
22.42	22.42	0.049947	03.223
22.42	22.42	0.049963	03.324
22.42	22.42	0.049980	03.423
22.42	22.42	0.049997	03.522
22.42	22.42	0.050013	03.623
22.42	22.42	0.050030	03.723
22.42	22.42	0.050047	03.823
22.42	22.42	0.050063	03.923
22.42	22.42	0.050080	04.022
22.42	22.43	0.050097	04.123
22.42	22.43	0.050113	04.222
22.42	22.43	0.050130	04.323
22.42	22.43	0.050147	04.423
22.42	22.43	0.050163	04.523
22.42	22.43	0.050180	04.623
22.42	22.43	0.050197	04.722
22.42	22.43	0.050213	04.823
22.42	22.43	0.050230	04.923
22.42	22.43	0.050247	05.023
22.42	22.43	0.050263	05.122
22.45	22.43	0.050280	05.223
22.45	22.43	0.050297	05.322
22.45	22.44	0.050313	05.423
22.45	22.44	0.050330	05.523
22.45	22.44	0.050347	05.623
22.45	22.44	0.050363	05.723
22.45	22.44	0.050380	05.822
22.45	22.44	0.050397	05.923
22.45	22.44	0.050413	06.022
22.45	22.44	0.050430	06.123
22.45	22.44	0.050446	06.222
22.45	22.44	0.050463	06.323
22.45	22.44	0.050480	06.423
22.45	22.44	0.050496	06.523
22.45	22.44	0.050513	06.623
22.45	22.45	0.050530	06.722
22.45	22.45	0.050546	06.823
22.45	22.45	0.050563	06.922
22.45	22.45	0.050580	07.023
22.45	22.45	0.050596	07.122
22.45	22.45	0.050613	07.223
22.45	22.45	0.050630	07.323
22.45	22.45	0.050646	07.422
22.45	22.45	0.050663	07.523
22.45	22.45	0.050680	07.622
22.45	22.45	0.050696	07.723
22.45	22.45	0.050713	07.822
22.45	22.45	0.050730	07.923
22.45	22.46	0.050746	08.023
22.45	22.46	0.050763	08.123
22.45	22.46	0.050780	08.223
22.45	22.46	0.050796	08.322
22.45	22.46	0.050813	08.423
22.45	22.46	0.050830	08.522
22.45	22.46	0.050846	08.623
22.45	22.46	0.050863	08.722
22.45	22.46	0.050880	08.852
22.45	22.46	0.050896	08.946
22.45	22.46	0.050913	09.046
22.45	22.46	0.050930	09.151
22.45	22.46	0.050946	09.245
22.45	22.47	0.050963	09.345
22.45	22.47	0.050980	09.449
22.45	22.47	0.050996	09.544
22.47	22.47	0.051013	09.643
22.47	22.47	0.051030	09.748
22.47	22.47	0.051046	09.843
22.47	22.47	0.051063	09.942
22.47	22.47	0.051080	10.047
22.47	22.47	0.051096	10.141
22.47	22.47	0.051113	10.242
22.47	22.47	0.051130	10.345
22.47	22.47	0.051146	10.440
22.47	22.47	0.051163	10.542
22.47	22.48	0.051180	10.644
22.47	22.48	0.051196	10.739
22.47	22.48	0.051213	10.842
22.47	22.48	0.051230	10.943
22.50	22.48	0.051246	11.038
22.50	22.48	0.051263	11.142
22.50	22.48	0.051279	11.242
22.50	22.48	0.051296	11.337
22.50	22.48	0.051313	11.441
22.50	22.48	0.051329	11.541
22.50	22.48	0.051346	11.635
22.50	22.48	0.051363	11.740
22.50	22.48	0.051379	11.839
22.50	22.49	0.051396	11.934
22.50	22.49	0.051413	12.039
22.50	22.49	0.051429	12.138
22.50	22.49	0.051446	12.232
22.50	22.49	0.051463	12.338
22.47	22.49	0.051479	12.432
22.47	22.49	0.051496	12.532
22.47	22.49	0.051513	12.637
22.47	22.49	0.051529	12.731
22.47	22.49	0.051546	12.831
22.47	22.49	0.051563	12.935
22.47	22.49	0.051579	13.030
22.47	22.49	0.051596	13.130
22.47	22.50	0.051613	13.234
22.50	22.50	0.051629	13.329
22.50	22.50	0.051646	13.428
22.50	22.50	0.051663	13.533
22.50	22.50	0.051679	13.627
22.50	22.50	0.051696	13.727
22.50	22.50	0.051713	13.831
22.50	22.50	0.051729	13.926
