100.00	0.00	7.23	30.00	150.00	2.70	97.30	2.70	

14.99	21.50	0.000000	52.142
14.99	21.50	0.000017	52.243
14.99	21.50	0.000033	52.342
15.17	21.50	0.000050	52.472
15.37	21.50	0.000067	52.541
17.55	21.50	0.000083	52.666
17.81	21.50	0.000100	52.770
19.99	21.50	0.000117	52.870
20.27	21.50	0.000133	52.965
20.50	21.50	0.000150	53.069
20.91	21.50	0.000167	53.170
21.20	21.50	0.000183	53.263
21.28	21.50	0.000200	53.368
21.35	21.50	0.000217	53.463
21.35	21.50	0.000233	53.562
21.35	21.50	0.000250	53.667
21.25	21.50	0.000267	53.762
21.17	21.50	0.000283	53.862
21.17	21.50	0.000300	53.966
21.15	21.50	0.000317	54.061
21.15	21.50	0.000333	54.160
21.20	21.50	0.000350	54.265
21.33	21.50	0.000367	54.359
21.51	21.50	0.000383	54.459
21.61	21.50	0.000400	54.564
21.82	21.50	0.000416	54.658
22.06	21.50	0.000433	54.758
22.13	21.50	0.000450	54.862
22.29	21.50	0.000466	54.957
22.39	21.50	0.000483	55.056
22.42	21.50	0.000500	55.161
22.42	21.50	0.000516	55.256
22.42	21.50	0.000533	55.355
22.42	21.50	0.000550	55.460
22.39	21.50	0.000566	55.554
22.32	21.50	0.000583	55.654
22.26	21.50	0.000600	55.759
22.24	21.50	0.000616	55.853
22.21	21.50	0.000633	55.954
22.21	21.50	0.000650	56.057
22.21	21.50	0.000666	56.152
22.21	21.50	0.000683	56.253
22.21	21.50	0.000700	56.356
22.21	21.50	0.000716	56.450
22.21	21.50	0.000733	56.554
22.21	21.50	0.000750	56.654
22.24	21.50	0.000766	56.750
22.24	21.50	0.000783	56.854
22.24	21.50	0.000800	56.954
22.26	21.50	0.000816	57.049
22.26	21.50	0.000833	57.153
22.26	21.50	0.000850	57.253
22.29	21.50	0.000866	57.347
22.29	21.50	0.000883	57.452
22.29	21.50	0.000900	57.552
22.29	21.50	0.000916	57.646
22.29	21.50	0.000933	57.750
22.26	21.50	0.000950	57.851
22.26	21.50	0.000966	57.944
22.21	21.50	0.000983	58.049
22.16	21.50	0.001000	58.148
22.11	21.50	0.001016	58.243
22.06	21.50	0.001033	58.349
22.06	21.50	0.001050	58.443
22.03	21.50	0.001066	58.543
22.03	21.50	0.001083	58.647
22.03	21.50	0.001100	58.743
22.00	21.50	0.001116	58.842
22.00	21.50	0.001133	58.946
21.98	21.50	0.001150	59.042
21.98	21.50	0.001166	59.143
21.98	21.50	0.001183	59.245
21.93	21.50	0.001200	59.343
21.90	21.50	0.001216	59.443
21.90	21.50	0.001233	59.543
21.90	21.50	0.001250	59.643
21.85	21.50	0.001266	59.742
21.85	21.50	0.001283	59.843
21.82	21.50	0.001299	59.943
21.82	21.50	0.001316	00.043
21.82	21.50	0.001333	00.143
21.80	21.50	0.001349	00.242
21.80	21.50	0.001366	00.343
21.80	21.50	0.001383	00.442
21.77	21.50	0.001399	00.543
21.77	21.50	0.001416	00.642
21.74	21.50	0.001433	00.743
21.74	21.50	0.001449	00.843
21.72	21.50	0.001466	00.943
21.72	21.50	0.001483	01.043
21.72	21.50	0.001499	01.142
21.67	21.50	0.001516	01.243
21.67	21.50	0.001533	01.342
21.64	21.50	0.001549	01.444
21.64	21.50	0.001566	01.543
21.61	21.50	0.001583	01.644
21.61	21.50	0.001599	01.744
21.61	21.50	0.001616	01.844
21.61	21.50	0.001633	01.944
21.59	21.50	0.001649	02.043
21.59	21.50	0.001666	02.144
21.59	21.50	0.001683	02.243
21.59	21.50	0.001699	02.349
21.59	21.50	0.001716	02.444
21.59	21.50	0.001733	02.544
21.56	21.50	0.001749	02.644
21.56	21.50	0.001766	02.743
21.56	21.50	0.001783	02.844
21.56	21.50	0.001799	02.943
21.56	21.50	0.001816	03.044
21.56	21.50	0.001833	03.143
21.56	21.50	0.001849	03.249
21.56	21.50	0.001866	03.344
21.56	21.50	0.001883	03.444
21.56	21.50	0.001899	03.544
21.56	21.50	0.001916	03.643
21.54	21.50	0.001933	03.744
21.54	21.50	0.001949	03.843
21.54	21.50	0.001966	03.944
21.54	21.50	0.001983	04.044
21.54	21.50	0.001999	04.148
21.54	21.50	0.002016	04.244
21.54	21.50	0.002033	04.343
21.54	21.50	0.002049	04.449
21.54	21.50	0.002066	04.543
21.51	21.50	0.002082	04.668
21.51	21.50	0.002099	04.772
21.51	21.50	0.002116	04.872
21.51	21.50	0.002132	04.966
21.51	21.50	0.002149	05.071
21.51	21.50	0.002166	05.171
21.51	21.50	0.002182	05.265
21.51	21.50	0.002199	05.370
21.51	21.50	0.002216	05.469
21.51	21.50	0.002232	05.564
21.51	21.50	0.002249	05.668
21.51	21.50	0.002266	05.768
21.51	21.50	0.002282	05.863
21.51	21.50	0.002299	05.967
21.51	21.50	0.002316	06.062
21.48	21.50	0.002332	06.161
21.48	21.50	0.002349	06.266
21.48	21.50	0.002366	06.360
21.48	21.50	0.002382	06.460
21.48	21.50	0.002399	06.565
21.48	21.50	0.002416	06.659
21.51	21.50	0.002432	06.760
21.51	21.50	0.002449	06.864
21.51	21.50	0.002466	06.959
21.51	21.50	0.002482	07.058
21.51	21.50	0.002499	07.163
21.51	21.50	0.002516	07.257
21.51	21.50	0.002532	07.357
21.51	21.50	0.002549	07.461
21.51	21.50	0.002566	07.556
21.51	21.50	0.002582	07.656
21.51	21.50	0.002599	07.760
21.51	21.50	0.002616	07.855
21.51	21.50	0.002632	07.954
21.51	21.50	0.002649	08.059
21.51	21.50	0.002666	08.153
21.51	21.50	0.002682	08.253
21.51	21.50	0.002699	08.358
21.51	21.50	0.002716	08.452
21.51	21.50	0.002732	08.553
21.51	21.50	0.002749	08.656
21.51	21.50	0.002766	08.751
21.51	21.50	0.002782	08.852
21.51	21.50	0.002799	08.955
21.51	21.50	0.002816	09.050
21.51	21.50	0.002832	09.153
21.51	21.50	0.002849	09.255
21.51	21.50	0.002866	09.349
21.51	21.50	0.002882	09.453
21.51	21.50	0.002899	09.553
21.51	21.50	0.002915	09.648
21.51	21.50	0.002932	09.752
21.51	21.50	0.002949	09.852
21.51	21.50	0.002965	09.947
21.51	21.50	0.002982	10.051
21.51	21.50	0.002999	10.151
21.51	21.50	0.003015	10.245
21.48	21.50	0.003032	10.350
21.48	21.50	0.003049	10.449
21.48	21.50	0.003065	10.544
21.48	21.50	0.003082	10.648
21.48	21.50	0.003099	10.748
21.48	21.50	0.003115	10.844
21.48	21.50	0.003132	10.947
21.48	21.50	0.003149	11.048
21.51	21.50	0.003165	11.143
21.51	21.50	0.003182	11.246
21.51	21.50	0.003199	11.347
21.51	21.50	0.003215	11.444
21.51	21.50	0.003232	11.545
21.51	21.50	0.003249	11.648
21.51	21.50	0.003265	11.744
21.51	21.50	0.003282	11.843
21.51	21.50	0.003299	11.948
21.51	21.50	0.003315	12.043
21.51	21.50	0.003332	12.144
21.51	21.50	0.003349	12.248
21.51	21.50	0.003365	12.343
21.51	21.50	0.003382	12.444
21.51	21.50	0.003399	12.548
21.51	21.50	0.003415	12.644
21.51	21.50	0.003432	12.744
21.51	21.50	0.003449	12.848
21.51	21.50	0.003465	12.943
21.51	21.50	0.003482	13.044
21.51	21.50	0.003499	13.148
21.51	21.50	0.003515	13.244
21.51	21.50	0.003532	13.343
21.51	21.50	0.003549	13.448
21.51	21.50	0.003565	13.544
21.51	21.50	0.003582	13.644
21.51	21.50	0.003599	13.748
21.51	21.50	0.003615	13.844
21.51	21.50	0.003632	13.945
21.51	21.50	0.003649	14.048
21.51	21.50	0.003665	14.146
21.51	21.50	0.003682	14.245
21.51	21.50	0.003699	14.348
21.51	21.50	0.003715	14.445
21.51	21.50	0.003732	14.546
21.51	21.50	0.003748	14.648
21.51	21.50	0.003765	14.746
21.51	21.50	0.003782	14.846
21.51	21.50	0.003798	14.948
21.51	21.50	0.003815	15.046
21.51	21.50	0.003832	15.145
21.51	21.50	0.003848	15.248
21.51	21.50	0.003865	15.345
21.48	21.50	0.003882	15.446
21.48	21.50	0.003898	15.548
21.48	21.50	0.003915	15.646
21.48	21.50	0.003932	15.746
21.48	21.50	0.003948	15.847
21.48	21.50	0.003965	15.946
21.48	21.50	0.003982	16.045
21.48	21.50	0.003998	16.148
21.48	21.50	0.004015	16.245
21.51	21.50	0.004032	16.346
21.51	21.50	0.004048	16.448
21.51	21.50	0.004065	16.545
21.51	21.50	0.004082	16.670
21.51	21.50	0.004098	16.747
21.51	21.50	0.004115	16.874
21.51	21.50	0.004132	16.968
21.51	21.50	0.004148	17.047
21.51	21.50	0.004165	17.172
21.51	21.50	0.004182	17.267
21.51	21.50	0.004198	17.372
21.51	21.50	0.004215	17.471
21.51	21.50	0.004232	17.566
21.51	21.50	0.004248	17.670
21.51	21.50	0.004265	17.770
21.51	21.50	0.004282	17.864
21.51	21.50	0.004298	17.969
21.51	21.50	0.004315	18.069
21.51	21.50	0.004332	18.163
21.51	21.50	0.004348	18.268
21.51	21.50	0.004365	18.367
21.51	21.50	0.004382	18.462
21.51	21.50	0.004398	18.566
21.51	21.50	0.004415	18.661
21.51	21.50	0.004432	18.760
21.51	21.50	0.004448	18.866
21.51	21.50	0.004465	18.960
21.51	21.50	0.004482	19.060
21.51	21.50	0.004498	19.164
21.51	21.50	0.004515	19.259
21.48	21.50	0.004532	19.358
21.48	21.50	0.004548	19.463
21.48	21.50	0.004565	19.557
21.48	21.50	0.004581	19.657
21.48	21.50	0.004598	19.762
21.48	21.50	0.004615	19.856
21.48	21.50	0.004631	19.956
21.48	21.50	0.004648	20.060
21.51	21.50	0.004665	20.155
21.51	21.50	0.004681	20.254
21.51	21.50	0.004698	20.359
21.51	21.50	0.004715	20.455
21.51	21.50	0.004731	20.553
21.51	21.50	0.004748	20.659
21.51	21.50	0.004765	20.753
21.51	21.50	0.004781	20.853
21.51	21.50	0.004798	20.957
21.51	21.50	0.004815	21.052
21.51	21.50	0.004831	21.151
21.51	21.50	0.004848	21.256
21.51	21.50	0.004865	21.351
21.51	21.50	0.004881	21.451
21.51	21.50	0.004898	21.555
21.51	21.50	0.004915	21.649
21.51	21.50	0.004931	21.752
21.51	21.50	0.004948	21.853
21.51	21.50	0.004965	21.950
21.51	21.50	0.004981	22.052
21.51	21.50	0.004998	22.152
21.51	21.50	0.005015	22.250
21.51	21.50	0.005031	22.351
21.51	21.50	0.005048	22.451
21.51	21.50	0.005065	22.549
21.51	21.50	0.005081	22.650
21.51	21.50	0.005098	22.749
21.51	21.50	0.005115	22.850
21.51	21.50	0.005131	22.950
21.51	21.50	0.005148	23.050
21.51	21.50	0.005165	23.150
21.48	21.50	0.005181	23.249
21.48	21.50	0.005198	23.350
21.48	21.50	0.005215	23.449
21.48	21.50	0.005231	23.550
21.48	21.50	0.005248	23.649
21.48	21.50	0.005265	23.750
21.48	21.50	0.005281	23.850
21.48	21.50	0.005298	23.949
21.48	21.50	0.005315	24.050
21.48	21.50	0.005331	24.149
21.51	21.50	0.005348	24.250
21.51	21.50	0.005365	24.349
21.51	21.50	0.005381	24.450
21.51	21.50	0.005398	24.550
21.51	21.50	0.005414	24.650
21.51	21.50	0.005431	24.750
21.51	21.50	0.005448	24.849
21.51	21.50	0.005464	24.950
21.51	21.50	0.005481	25.049
21.51	21.50	0.005498	25.150
21.51	21.50	0.005514	25.250
21.51	21.50	0.005531	25.349
21.51	21.50	0.005548	25.450
21.51	21.50	0.005564	25.551
21.51	21.50	0.005581	25.651
21.51	21.50	0.005598	25.751
21.51	21.50	0.005614	25.850
21.51	21.50	0.005631	25.951
21.51	21.50	0.005648	26.050
21.51	21.50	0.005664	26.151
21.51	21.50	0.005681	26.250
21.51	21.50	0.005698	26.351
21.51	21.50	0.005714	26.451
21.51	21.50	0.005731	26.551
21.51	21.50	0.005748	26.651
21.51	21.50	0.005764	26.750
21.48	21.50	0.005781	26.851
21.48	21.50	0.005798	26.950
21.48	21.50	0.005814	27.051
21.48	21.50	0.005831	27.150
21.48	21.50	0.005848	27.251
21.48	21.50	0.005864	27.351
21.48	21.50	0.005881	27.451
21.48	21.50	0.005898	27.551
21.48	21.50	0.005914	27.650
21.51	21.50	0.005931	27.775
21.51	21.50	0.005948	27.874
21.51	21.50	0.005964	27.979
21.51	21.50	0.005981	28.073
21.51	21.50	0.005998	28.173
21.51	21.50	0.006014	28.278
21.51	21.50	0.006031	28.372
21.51	21.50	0.006048	28.472
21.51	21.50	0.006064	28.576
21.51	21.50	0.006081	28.671
21.51	21.50	0.006098	28.771
21.51	21.50	0.006114	28.875
21.51	21.50	0.006131	28.970
21.51	21.50	0.006148	29.071
21.51	21.50	0.006164	29.174
21.51	21.50	0.006181	29.268
21.51	21.50	0.006198	29.371
21.51	21.50	0.006214	29.472
21.51	21.50	0.006231	29.567
21.51	21.50	0.006247	29.671
21.51	21.50	0.006264	29.772
21.51	21.50	0.006281	29.866
21.51	21.50	0.006297	29.971
21.51	21.50	0.006314	30.071
21.51	21.50	0.006331	30.165
21.51	21.50	0.006347	30.270
21.48	21.50	0.006364	30.369
21.48	21.50	0.006381	30.464
21.48	21.50	0.006397	30.568
21.48	21.50	0.006414	30.668
21.48	21.50	0.006431	30.763
21.48	21.50	0.006447	30.867
21.48	21.50	0.006464	30.967
21.48	21.50	0.006481	31.061
21.48	21.50	0.006497	31.166
21.51	21.50	0.006514	31.260
21.51	21.50	0.006531	31.360
21.51	21.50	0.006547	31.465
21.51	21.50	0.006564	31.559
21.51	21.50	0.006581	31.659
21.51	21.50	0.006597	31.763
21.51	21.50	0.006614	31.858
21.51	21.50	0.006631	31.957
21.51	21.50	0.006647	32.062
21.51	21.50	0.006664	32.156
21.51	21.50	0.006681	32.256
21.51	21.50	0.006697	32.362
21.51	21.50	0.006714	32.456
21.51	21.50	0.006731	32.555
21.51	21.50	0.006747	32.660
21.51	21.50	0.006764	32.754
21.51	21.50	0.006781	32.854
21.51	21.50	0.006797	32.958
21.51	21.50	0.006814	33.053
21.51	21.50	0.006831	33.153
21.51	21.50	0.006847	33.257
21.51	21.50	0.006864	33.353
21.48	21.50	0.006881	33.452
21.48	21.50	0.006897	33.556
21.48	21.50	0.006914	33.652
21.48	21.50	0.006931	33.753
21.48	21.50	0.006947	33.855
21.48	21.50	0.006964	33.953
21.48	21.50	0.006981	34.053
21.48	21.50	0.006997	34.153
21.48	21.50	0.007014	34.253
21.51	21.50	0.007031	34.352
21.51	21.50	0.007047	34.453
21.51	21.50	0.007064	34.552
21.51	21.50	0.007080	34.653
21.51	21.50	0.007097	34.753
21.51	21.50	0.007114	34.853
21.51	21.50	0.007130	34.954
21.51	21.50	0.007147	35.053
21.51	21.50	0.007164	35.154
21.51	21.50	0.007180	35.253
21.51	21.50	0.007197	35.354
21.51	21.50	0.007214	35.454
21.51	21.50	0.007230	35.554
21.51	21.50	0.007247	35.654
21.51	21.50	0.007264	35.754
21.51	21.50	0.007280	35.853
21.51	21.50	0.007297	35.954
21.51	21.50	0.007314	36.054
21.51	21.50	0.007330	36.154
21.51	21.50	0.007347	36.254
21.51	21.50	0.007364	36.353
21.51	21.50	0.007380	36.454
21.51	21.50	0.007397	36.553
21.51	21.50	0.007414	36.654
21.51	21.50	0.007430	36.753
21.51	21.50	0.007447	36.854
21.48	21.50	0.007464	36.954
21.48	21.50	0.007480	37.054
21.48	21.50	0.007497	37.154
21.48	21.50	0.007514	37.253
21.48	21.50	0.007530	37.354
21.48	21.50	0.007547	37.453
21.48	21.50	0.007564	37.554
21.48	21.50	0.007580	37.654
21.48	21.50	0.007597	37.754
21.51	21.50	0.007614	37.854
21.51	21.50	0.007630	37.953
21.51	21.50	0.007647	38.054
21.51	21.50	0.007664	38.153
21.51	21.50	0.007680	38.254
21.51	21.50	0.007697	38.353
21.51	21.50	0.007714	38.455
21.51	21.50	0.007730	38.555
21.51	21.50	0.007747	38.654
21.51	21.50	0.007764	38.755
21.51	21.50	0.007780	38.855
21.51	21.50	0.007797	38.954
21.51	21.50	0.007814	39.084
21.51	21.50	0.007830	39.154
21.51	21.50	0.007847	39.278
21.51	21.50	0.007864	39.383
21.51	21.50	0.007880	39.478
21.48	21.50	0.007897	39.577
21.48	21.50	0.007913	39.682
21.48	21.50	0.007930	39.777
21.48	21.50	0.007947	39.876
21.48	21.50	0.007963	39.981
21.48	21.50	0.007980	40.075
21.48	21.50	0.007997	40.174
21.48	21.50	0.008013	40.279
21.51	21.50	0.008030	40.374
21.51	21.50	0.008047	40.473
21.51	21.50	0.008063	40.579
21.51	21.50	0.008080	40.673
21.51	21.50	0.008097	40.773
21.51	21.50	0.008113	40.877
21.51	21.50	0.008130	40.972
21.51	21.50	0.008147	41.071
21.51	21.50	0.008163	41.176
21.51	21.50	0.008180	41.271
21.51	21.50	0.008197	41.370
21.51	21.50	0.008213	41.475
21.51	21.50	0.008230	41.569
21.51	21.50	0.008247	41.670
21.51	21.50	0.008263	41.773
21.51	21.50	0.008280	41.868
21.51	21.50	0.008297	41.970
21.51	21.50	0.008313	42.072
21.51	21.50	0.008330	42.167
21.51	21.50	0.008347	42.270
21.51	21.50	0.008363	42.371
21.51	21.50	0.008380	42.465
21.51	21.50	0.008397	42.570
21.51	21.50	0.008413	42.669
21.51	21.50	0.008430	42.764
21.51	21.50	0.008447	42.869
21.48	21.50	0.008463	42.968
21.48	21.50	0.008480	43.063
21.48	21.50	0.008497	43.167
21.48	21.50	0.008513	43.267
21.48	21.50	0.008530	43.361
21.48	21.50	0.008547	43.466
21.48	21.50	0.008563	43.565
21.48	21.50	0.008580	43.660
21.48	21.50	0.008597	43.765
21.48	21.50	0.008613	43.860
21.48	21.50	0.008630	43.959
21.51	21.50	0.008647	44.064
21.51	21.50	0.008663	44.158
21.51	21.50	0.008680	44.259
21.51	21.50	0.008697	44.363
21.51	21.50	0.008713	44.458
21.51	21.50	0.008730	44.557
21.51	21.50	0.008746	44.662
21.51	21.50	0.008763	44.756
21.51	21.50	0.008780	44.856
21.51	21.50	0.008796	44.960
21.51	21.50	0.008813	45.055
21.51	21.50	0.008830	45.155
21.51	21.50	0.008846	45.259
21.51	21.50	0.008863	45.355
21.51	21.50	0.008880	45.454
21.51	21.50	0.008896	45.558
21.51	21.50	0.008913	45.654
21.51	21.50	0.008930	45.755
21.51	21.50	0.008946	45.857
21.51	21.50	0.008963	45.954
21.51	21.50	0.008980	46.055
21.51	21.50	0.008996	46.156
21.48	21.50	0.009013	46.255
21.48	21.50	0.009030	46.355
21.48	21.50	0.009046	46.454
21.48	21.50	0.009063	46.555
21.48	21.50	0.009080	46.654
21.48	21.50	0.009096	46.755
21.48	21.50	0.009113	46.854
21.48	21.50	0.009130	46.955
21.51	21.50	0.009146	47.055
21.51	21.50	0.009163	47.154
21.51	21.50	0.009180	47.255
21.51	21.50	0.009196	47.354
21.51	21.50	0.009213	47.455
21.51	21.50	0.009230	47.554
21.51	21.50	0.009246	47.655
21.51	21.50	0.009263	47.755
21.51	21.50	0.009280	47.855
21.51	21.50	0.009296	47.955
21.51	21.50	0.009313	48.054
21.51	21.50	0.009330	48.155
21.51	21.50	0.009346	48.254
21.51	21.50	0.009363	48.355
21.51	21.50	0.009380	48.454
21.51	21.50	0.009396	48.555
21.51	21.50	0.009413	48.654
21.51	21.50	0.009430	48.755
21.51	21.50	0.009446	48.855
21.51	21.50	0.009463	48.955
21.51	21.50	0.009480	49.055
21.51	21.50	0.009496	49.154
21.48	21.50	0.009513	49.255
21.48	21.50	0.009530	49.354
21.48	21.50	0.009546	49.455
21.48	21.50	0.009563	49.555
21.48	21.50	0.009579	49.655
21.48	21.50	0.009596	49.755
21.48	21.50	0.009613	49.854
21.48	21.50	0.009629	49.955
21.48	21.50	0.009646	50.054
21.51	21.50	0.009663	50.155
21.51	21.50	0.009679	50.255
21.51	21.50	0.009696	50.355
21.51	21.50	0.009713	50.455
21.51	21.50	0.009729	50.554
21.51	21.50	0.009746	50.655
21.51	21.50	0.009763	50.754
21.51	21.50	0.009779	50.855
21.51	21.50	0.009796	50.954
21.51	21.50	0.009813	51.055
21.51	21.50	0.009829	51.155
21.51	21.50	0.009846	51.255
21.51	21.50	0.009863	51.355
21.51	21.50	0.009879	51.454
21.51	21.50	0.009896	51.579
21.51	21.50	0.009913	51.683
21.51	21.50	0.009929	51.778
21.51	21.50	0.009946	51.877
21.51	21.50	0.009963	51.982
21.51	21.50	0.009979	52.077
21.51	21.50	0.009996	52.176
21.51	21.50	0.010013	52.281
21.48	21.50	0.010029	52.375
21.48	21.50	0.010046	52.475
21.48	21.50	0.010063	52.579
21.48	21.50	0.010079	52.674
21.48	21.50	0.010096	52.773
21.48	21.50	0.010113	52.878
21.48	21.50	0.010129	52.973
21.48	21.50	0.010146	53.072
21.48	21.50	0.010163	53.178
21.48	21.50	0.010179	53.272
21.51	21.50	0.010196	53.372
21.51	21.50	0.010213	53.476
21.51	21.50	0.010229	53.571
21.51	21.50	0.010246	53.670
21.51	21.50	0.010263	53.775
21.51	21.50	0.010279	53.870
21.51	21.50	0.010296	53.969
21.51	21.50	0.010313	54.074
21.51	21.50	0.010329	54.168
21.51	21.50	0.010346	54.270
21.51	21.50	0.010363	54.372
21.51	21.50	0.010379	54.467
21.51	21.50	0.010396	54.570
21.51	21.50	0.010412	54.671
21.51	21.50	0.010429	54.766
21.51	21.50	0.010446	54.869
21.51	21.50	0.010462	54.970
21.51	21.50	0.010479	55.064
21.51	21.50	0.010496	55.169
21.51	21.50	0.010512	55.268
21.51	21.50	0.010529	55.363
21.51	21.50	0.010546	55.468
21.51	21.50	0.010562	55.567
21.51	21.50	0.010579	55.663
21.51	21.50	0.010596	55.767
21.48	21.50	0.010612	55.867
21.48	21.50	0.010629	55.961
21.48	21.50	0.010646	56.066
21.48	21.50	0.010662	56.166
21.48	21.50	0.010679	56.260
21.48	21.50	0.010696	56.365
21.48	21.50	0.010712	56.459
21.48	21.50	0.010729	56.559
21.48	21.50	0.010746	56.663
21.48	21.50	0.010762	56.758
21.48	21.50	0.010779	56.857
21.48	21.50	0.010796	56.962
21.51	21.50	0.010812	57.057
21.51	21.50	0.010829	57.156
21.51	21.50	0.010846	57.261
21.51	21.50	0.010862	57.356
21.51	21.50	0.010879	57.455
21.51	21.50	0.010896	57.560
21.51	21.50	0.010912	57.655
21.51	21.50	0.010929	57.756
21.51	21.50	0.010946	57.859
21.51	21.50	0.010962	57.956
21.51	21.50	0.010979	58.056
21.51	21.50	0.010996	58.157
21.51	21.50	0.011012	58.256
21.51	21.50	0.011029	58.355
21.51	21.50	0.011046	58.456
21.51	21.50	0.011062	58.556
21.51	21.50	0.011079	58.656
21.51	21.50	0.011096	58.756
21.51	21.50	0.011112	58.855
21.51	21.50	0.011129	58.956
21.51	21.50	0.011146	59.055
21.51	21.50	0.011162	59.156
21.51	21.50	0.011179	59.255
21.51	21.50	0.011196	59.356
21.48	21.50	0.011212	59.456
21.48	21.50	0.011229	59.556
21.48	21.50	0.011245	59.656
21.48	21.50	0.011262	59.755
21.48	21.50	0.011279	59.856
21.48	21.50	0.011295	59.955
21.48	21.50	0.011312	00.056
21.48	21.50	0.011329	00.155
21.48	21.50	0.011345	00.256
21.51	21.50	0.011362	00.356
21.51	21.50	0.011379	00.456
21.51	21.50	0.011395	00.556
21.51	21.50	0.011412	00.655
21.51	21.50	0.011429	00.756
21.51	21.50	0.011445	00.856
21.51	21.50	0.011462	00.955
21.51	21.50	0.011479	01.056
21.51	21.50	0.011495	01.155
21.51	21.50	0.011512	01.256
21.51	21.50	0.011529	01.355
21.51	21.50	0.011545	01.456
21.51	21.50	0.011562	01.556
21.51	21.50	0.011579	01.656
21.51	21.50	0.011595	01.756
21.51	21.50	0.011612	01.855
21.51	21.50	0.011629	01.956
21.51	21.50	0.011645	02.055
21.51	21.50	0.011662	02.156
21.51	21.50	0.011679	02.255
21.51	21.50	0.011695	02.356
21.51	21.50	0.011712	02.456
21.48	21.50	0.011729	02.556
21.48	21.50	0.011745	02.656
21.48	21.50	0.011762	02.755
21.48	21.50	0.011779	02.856
21.48	21.50	0.011795	02.955
21.48	21.50	0.011812	03.056
21.48	21.50	0.011829	03.156
21.48	21.50	0.011845	03.256
21.51	21.50	0.011862	03.356
21.51	21.50	0.011879	03.455
21.51	21.50	0.011895	03.556
21.51	21.50	0.011912	03.655
21.51	21.50	0.011929	03.785
21.51	21.50	0.011945	03.879
21.51	21.50	0.011962	03.984
21.51	21.50	0.011979	04.078
21.51	21.50	0.011995	04.178
21.51	21.50	0.012012	04.283
21.51	21.50	0.012029	04.377
21.51	21.50	0.012045	04.477
21.51	21.50	0.012062	04.581
21.51	21.50	0.012078	04.676
21.51	21.50	0.012095	04.775
21.51	21.50	0.012112	04.880
21.51	21.50	0.012128	04.975
21.51	21.50	0.012145	05.074
21.51	21.50	0.012162	05.179
21.51	21.50	0.012178	05.273
21.51	21.50	0.012195	05.373
21.48	21.50	0.012212	05.477
21.48	21.50	0.012228	05.572
21.48	21.50	0.012245	05.672
21.48	21.50	0.012262	05.776
21.48	21.50	0.012278	05.871
21.48	21.50	0.012295	05.970
21.48	21.50	0.012312	06.076
21.48	21.50	0.012328	06.169
21.48	21.50	0.012345	06.270
21.48	21.50	0.012362	06.374
21.48	21.50	0.012378	06.469
21.51	21.50	0.012395	06.569
21.51	21.50	0.012412	06.673
21.51	21.50	0.012428	06.768
21.51	21.50	0.012445	06.868
21.51	21.50	0.012462	06.972
21.51	21.50	0.012478	07.066
21.51	21.50	0.012495	07.169
21.51	21.50	0.012512	07.271
21.51	21.50	0.012528	07.365
21.51	21.50	0.012545	07.469
21.51	21.50	0.012562	07.569
21.51	21.50	0.012578	07.664
21.51	21.50	0.012595	07.768
21.51	21.50	0.012612	07.868
21.51	21.50	0.012628	07.962
21.51	21.50	0.012645	08.067
21.51	21.50	0.012662	08.167
21.51	21.50	0.012678	08.261
21.51	21.50	0.012695	08.366
21.51	21.50	0.012712	08.465
21.51	21.50	0.012728	08.560
21.51	21.50	0.012745	08.665
21.51	21.50	0.012762	08.765
21.51	21.50	0.012778	08.860
21.51	21.50	0.012795	08.964
21.48	21.50	0.012812	09.059
21.48	21.50	0.012828	09.157
21.48	21.50	0.012845	09.263
21.48	21.50	0.012862	09.357
21.48	21.50	0.012878	09.457
21.48	21.50	0.012895	09.561
21.48	21.50	0.012911	09.657
21.48	21.50	0.012928	09.757
21.48	21.50	0.012945	09.860
21.48	21.50	0.012961	09.957
21.51	21.50	0.012978	10.056
21.51	21.50	0.012995	10.159
21.51	21.50	0.013011	10.256
21.51	21.50	0.013028	10.357
21.51	21.50	0.013045	10.457
21.51	21.50	0.013061	10.556
21.51	21.50	0.013078	10.657
21.51	21.50	0.013095	10.756
21.51	21.50	0.013111	10.857
21.51	21.50	0.013128	10.956
21.51	21.50	0.013145	11.057
21.51	21.50	0.013161	11.156
21.51	21.50	0.013178	11.257
21.51	21.50	0.013195	11.357
21.51	21.50	0.013211	11.457
21.51	21.50	0.013228	11.557
21.51	21.50	0.013245	11.657
21.51	21.50	0.013261	11.757
21.51	21.50	0.013278	11.857
21.51	21.50	0.013295	11.956
21.51	21.50	0.013311	12.057
21.51	21.50	0.013328	12.156
21.51	21.50	0.013345	12.257
21.51	21.50	0.013361	12.356
21.51	21.50	0.013378	12.457
21.51	21.50	0.013395	12.557
21.51	21.50	0.013411	12.657
21.51	21.50	0.013428	12.758
21.51	21.50	0.013445	12.857
21.48	21.50	0.013461	12.958
21.48	21.50	0.013478	13.057
21.48	21.50	0.013495	13.158
21.48	21.50	0.013511	13.258
21.48	21.50	0.013528	13.358
21.48	21.50	0.013545	13.458
21.48	21.50	0.013561	13.557
21.48	21.50	0.013578	13.658
21.48	21.50	0.013595	13.757
21.48	21.50	0.013611	13.858
21.48	21.50	0.013628	13.957
21.51	21.50	0.013645	14.058
21.51	21.50	0.013661	14.158
21.51	21.50	0.013678	14.258
21.51	21.50	0.013695	14.359
21.51	21.50	0.013711	14.458
21.51	21.50	0.013728	14.559
21.51	21.50	0.013744	14.658
21.51	21.50	0.013761	14.764
21.51	21.50	0.013778	14.858
21.51	21.50	0.013794	14.959
21.51	21.50	0.013811	15.059
21.51	21.50	0.013828	15.159
21.51	21.50	0.013844	15.258
21.51	21.50	0.013861	15.358
21.51	21.50	0.013878	15.457
21.51	21.50	0.013894	15.582
21.51	21.50	0.013911	15.686
21.51	21.50	0.013928	15.786
21.51	21.50	0.013944	15.881
21.51	21.50	0.013961	15.985
21.51	21.50	0.013978	16.085
21.51	21.50	0.013994	16.179
21.51	21.50	0.014011	16.284
21.51	21.50	0.014028	16.384
21.48	21.50	0.014044	16.478
21.48	21.50	0.014061	16.583
21.48	21.50	0.014078	16.677
21.48	21.50	0.014094	16.777
21.48	21.50	0.014111	16.882
21.48	21.50	0.014128	16.976
21.48	21.50	0.014144	17.076
21.48	21.50	0.014161	17.180
21.48	21.50	0.014178	17.275
21.48	21.50	0.014194	17.375
21.51	21.50	0.014211	17.479
21.51	21.50	0.014228	17.574
21.51	21.50	0.014244	17.674
21.51	21.50	0.014261	17.778
21.51	21.50	0.014278	17.873
21.51	21.50	0.014294	17.972
21.51	21.50	0.014311	18.077
21.51	21.50	0.014328	18.171
21.51	21.50	0.014344	18.271
21.51	21.50	0.014361	18.376
21.51	21.50	0.014378	18.470
21.51	21.50	0.014394	18.570
21.51	21.50	0.014411	18.674
21.51	21.50	0.014428	18.769
21.51	21.50	0.014444	18.869
21.51	21.50	0.014461	18.974
21.51	21.50	0.014478	19.068
21.51	21.50	0.014494	19.167
21.51	21.50	0.014511	19.272
21.51	21.50	0.014528	19.367
21.48	21.50	0.014544	19.468
21.48	21.50	0.014561	19.571
21.48	21.50	0.014577	19.665
21.48	21.50	0.014594	19.768
21.48	21.50	0.014611	19.869
21.48	21.50	0.014627	19.964
21.48	21.50	0.014644	20.068
21.48	21.50	0.014661	20.168
21.48	21.50	0.014677	20.263
21.51	21.50	0.014694	20.368
21.51	21.50	0.014711	20.468
21.51	21.50	0.014727	20.562
21.51	21.50	0.014744	20.667
21.51	21.50	0.014761	20.766
21.51	21.50	0.014777	20.861
21.51	21.50	0.014794	20.966
21.51	21.50	0.014811	21.065
21.51	21.50	0.014827	21.160
21.51	21.50	0.014844	21.264
21.51	21.50	0.014861	21.363
21.51	21.50	0.014877	21.460
21.51	21.50	0.014894	21.562
21.51	21.50	0.014911	21.663
21.51	21.50	0.014927	21.760
21.51	21.50	0.014944	21.862
21.51	21.50	0.014961	21.964
21.51	21.50	0.014977	22.059
21.51	21.50	0.014994	22.161
21.51	21.50	0.015011	22.263
21.51	21.50	0.015027	22.360
21.51	21.50	0.015044	22.460
21.51	21.50	0.015061	22.563
21.48	21.50	0.015077	22.660
21.48	21.50	0.015094	22.759
21.48	21.50	0.015111	22.863
21.48	21.50	0.015127	22.961
21.48	21.50	0.015144	23.061
21.48	21.50	0.015161	23.163
21.48	21.50	0.015177	23.260
21.48	21.50	0.015194	23.361
21.48	21.50	0.015211	23.463
21.48	21.50	0.015227	23.560
21.51	21.50	0.015244	23.661
21.51	21.50	0.015261	23.762
21.51	21.50	0.015277	23.861
21.51	21.50	0.015294	23.961
21.51	21.50	0.015311	24.063
21.51	21.50	0.015327	24.160
21.51	21.50	0.015344	24.261
21.51	21.50	0.015361	24.363
21.51	21.50	0.015377	24.461
21.51	21.50	0.015394	24.561
21.51	21.50	0.015410	24.663
21.51	21.50	0.015427	24.761
21.51	21.50	0.015444	24.861
21.51	21.50	0.015460	24.963
21.51	21.50	0.015477	25.061
21.51	21.50	0.015494	25.160
21.51	21.50	0.015510	25.263
21.51	21.50	0.015527	25.361
21.51	21.50	0.015544	25.461
21.51	21.50	0.015560	25.563
21.51	21.50	0.015577	25.660
21.48	21.50	0.015594	25.761
21.48	21.50	0.015610	25.863
21.48	21.50	0.015627	25.960
21.48	21.50	0.015644	26.061
21.48	21.50	0.015660	26.162
21.48	21.50	0.015677	26.261
21.48	21.50	0.015694	26.361
21.48	21.50	0.015710	26.463
21.48	21.50	0.015727	26.560
21.48	21.50	0.015744	26.661
21.51	21.50	0.015760	26.762
21.51	21.50	0.015777	26.861
21.51	21.50	0.015794	26.961
21.51	21.50	0.015810	27.063
21.51	21.50	0.015827	27.190
21.51	21.50	0.015844	27.285
21.51	21.50	0.015860	27.362
21.51	21.50	0.015877	27.489
21.51	21.50	0.015894	27.584
21.51	21.50	0.015910	27.663
21.51	21.50	0.015927	27.788
21.51	21.50	0.015944	27.883
21.51	21.50	0.015960	27.988
21.51	21.50	0.015977	28.087
21.51	21.50	0.015994	28.182
21.51	21.50	0.016010	28.286
21.51	21.50	0.016027	28.386
21.51	21.50	0.016044	28.480
21.51	21.50	0.016060	28.585
21.51	21.50	0.016077	28.684
21.51	21.50	0.016094	28.779
21.51	21.50	0.016110	28.884
21.51	21.50	0.016127	28.983
21.51	21.50	0.016144	29.078
21.51	21.50	0.016160	29.182
21.48	21.50	0.016177	29.277
21.48	21.50	0.016194	29.376
21.48	21.50	0.016210	29.481
21.48	21.50	0.016227	29.576
21.48	21.50	0.016244	29.676
21.48	21.50	0.016260	29.780
21.48	21.50	0.016277	29.875
21.48	21.50	0.016293	29.974
21.48	21.50	0.016310	30.079
21.48	21.50	0.016327	30.173
21.51	21.50	0.016343	30.273
21.51	21.50	0.016360	30.378
21.51	21.50	0.016377	30.473
21.51	21.50	0.016393	30.572
21.51	21.50	0.016410	30.677
21.51	21.50	0.016427	30.771
21.51	21.50	0.016443	30.871
21.51	21.50	0.016460	30.975
21.51	21.50	0.016477	31.070
21.51	21.50	0.016493	31.169
21.51	21.50	0.016510	31.274
21.51	21.50	0.016527	31.369
21.51	21.50	0.016543	31.468
21.51	21.50	0.016560	31.573
21.51	21.50	0.016577	31.668
21.51	21.50	0.016593	31.767
21.51	21.50	0.016610	31.872
21.51	21.50	0.016627	31.966
21.51	21.50	0.016643	32.067
21.51	21.50	0.016660	32.170
21.51	21.50	0.016677	32.265
21.51	21.50	0.016693	32.366
21.51	21.50	0.016710	32.469
21.51	21.50	0.016727	32.564
21.51	21.50	0.016743	32.667
21.51	21.50	0.016760	32.768
21.51	21.50	0.016777	32.862
21.51	21.50	0.016793	32.967
21.51	21.50	0.016810	33.066
21.51	21.50	0.016827	33.161
21.51	21.50	0.016843	33.266
21.48	21.50	0.016860	33.365
21.48	21.50	0.016877	33.461
21.48	21.50	0.016893	33.564
21.48	21.50	0.016910	33.664
21.48	21.50	0.016927	33.760
21.48	21.50	0.016943	33.863
21.48	21.50	0.016960	33.962
21.48	21.50	0.016977	34.061
21.48	21.50	0.016993	34.162
21.48	21.50	0.017010	34.262
21.48	21.50	0.017027	34.361
21.51	21.50	0.017043	34.461
21.51	21.50	0.017060	34.562
21.51	21.50	0.017077	34.660
21.51	21.50	0.017093	34.761
21.51	21.50	0.017110	34.863
21.51	21.50	0.017126	34.961
21.51	21.50	0.017143	35.061
21.51	21.50	0.017160	35.162
21.51	21.50	0.017176	35.261
21.51	21.50	0.017193	35.360
21.51	21.50	0.017210	35.462
21.51	21.50	0.017226	35.561
21.51	21.50	0.017243	35.661
21.51	21.50	0.017260	35.762
21.51	21.50	0.017276	35.861
21.51	21.50	0.017293	35.962
21.51	21.50	0.017310	36.062
21.51	21.50	0.017326	36.162
21.51	21.50	0.017343	36.261
21.51	21.50	0.017360	36.362
21.51	21.50	0.017376	36.462
21.48	21.50	0.017393	36.562
21.48	21.50	0.017410	36.662
21.48	21.50	0.017426	36.761
21.48	21.50	0.017443	36.862
21.48	21.50	0.017460	36.962
21.48	21.50	0.017476	37.061
21.48	21.50	0.017493	37.162
21.48	21.50	0.017510	37.261
21.48	21.50	0.017526	37.362
21.48	21.50	0.017543	37.462
21.51	21.50	0.017560	37.562
21.51	21.50	0.017576	37.662
21.51	21.50	0.017593	37.761
21.51	21.50	0.017610	37.862
21.51	21.50	0.017626	37.961
21.51	21.50	0.017643	38.062
21.51	21.50	0.017660	38.161
21.51	21.50	0.017676	38.262
21.51	21.50	0.017693	38.362
21.51	21.50	0.017710	38.462
21.51	21.50	0.017726	38.562
21.51	21.50	0.017743	38.661
21.51	21.50	0.017760	38.762
21.51	21.50	0.017776	38.861
21.51	21.50	0.017793	38.961
21.51	21.50	0.017810	39.062
21.51	21.50	0.017826	39.162
21.51	21.50	0.017843	39.262
21.51	21.50	0.017860	39.362
21.51	21.50	0.017876	39.461
21.51	21.50	0.017893	39.560
21.48	21.50	0.017910	39.661
21.48	21.50	0.017926	39.790
21.48	21.50	0.017943	39.884
21.48	21.50	0.017959	39.962
21.48	21.50	0.017976	40.089
21.48	21.50	0.017993	40.183
21.48	21.50	0.018009	40.262
21.48	21.50	0.018026	40.387
21.48	21.50	0.018043	40.482
21.48	21.50	0.018059	40.561
21.51	21.50	0.018076	40.686
21.51	21.50	0.018093	40.780
21.51	21.50	0.018109	40.885
21.51	21.50	0.018126	40.985
21.51	21.50	0.018143	41.079
21.51	21.50	0.018159	41.184
21.51	21.50	0.018176	41.283
21.51	21.50	0.018193	41.378
21.51	21.50	0.018209	41.482
21.51	21.50	0.018226	41.582
21.51	21.50	0.018243	41.677
21.51	21.50	0.018259	41.781
21.51	21.50	0.018276	41.876
21.51	21.50	0.018293	41.976
21.51	21.50	0.018309	42.080
21.51	21.50	0.018326	42.175
21.51	21.50	0.018343	42.274
21.51	21.50	0.018359	42.379
21.51	21.50	0.018376	42.473
21.51	21.50	0.018393	42.573
21.51	21.50	0.018409	42.678
21.51	21.50	0.018426	42.772
21.51	21.50	0.018443	42.872
21.51	21.50	0.018459	42.977
21.51	21.50	0.018476	43.071
21.48	21.50	0.018493	43.171
21.48	21.50	0.018509	43.276
21.48	21.50	0.018526	43.370
21.48	21.50	0.018543	43.470
21.48	21.50	0.018559	43.575
21.48	21.50	0.018576	43.669
21.48	21.50	0.018593	43.769
21.48	21.50	0.018609	43.873
21.48	21.50	0.018626	43.968
21.48	21.50	0.018643	44.067
21.48	21.50	0.018659	44.172
21.48	21.50	0.018676	44.267
21.51	21.50	0.018693	44.366
21.51	21.50	0.018709	44.471
21.51	21.50	0.018726	44.565
21.51	21.50	0.018743	44.666
21.51	21.50	0.018759	44.769
21.51	21.50	0.018776	44.864
21.51	21.50	0.018792	44.965
21.51	21.50	0.018809	45.068
21.51	21.50	0.018826	45.163
21.51	21.50	0.018842	45.266
21.51	21.50	0.018859	45.367
21.51	21.50	0.018876	45.461
21.51	21.50	0.018892	45.566
21.51	21.50	0.018909	45.665
21.51	21.50	0.018926	45.762
21.51	21.50	0.018942	45.865
21.51	21.50	0.018959	45.965
21.51	21.50	0.018976	46.062
21.51	21.50	0.018992	46.164
21.51	21.50	0.019009	46.264
21.51	21.50	0.019026	46.361
21.51	21.50	0.019042	46.463
21.51	21.50	0.019059	46.562
21.51	21.50	0.019076	46.662
21.51	21.50	0.019092	46.762
21.51	21.50	0.019109	46.862
21.48	21.50	0.019126	46.962
21.48	21.50	0.019142	47.061
21.48	21.50	0.019159	47.162
21.48	21.50	0.019176	47.261
21.48	21.50	0.019192	47.362
21.48	21.50	0.019209	47.461
21.48	21.50	0.019226	47.562
21.48	21.50	0.019242	47.662
21.48	21.50	0.019259	47.762
21.51	21.50	0.019276	47.862
21.51	21.50	0.019292	47.961
21.51	21.50	0.019309	48.062
21.51	21.50	0.019326	48.161
21.51	21.50	0.019342	48.262
21.51	21.50	0.019359	48.362
21.51	21.50	0.019376	48.462
21.51	21.50	0.019392	48.562
21.51	21.50	0.019409	48.661
21.51	21.50	0.019426	48.762
21.51	21.50	0.019442	48.861
21.51	21.50	0.019459	48.962
21.51	21.50	0.019476	49.061
21.51	21.50	0.019492	49.162
21.51	21.50	0.019509	49.262
21.51	21.50	0.019526	49.362
21.51	21.50	0.019542	49.462
21.51	21.50	0.019559	49.561
21.48	21.50	0.019576	49.662
21.48	21.50	0.019592	49.761
21.48	21.50	0.019609	49.862
21.48	21.50	0.019625	49.962
21.48	21.50	0.019642	50.062
21.48	21.50	0.019659	50.161
21.48	21.50	0.019675	50.262
21.48	21.50	0.019692	50.361
21.48	21.50	0.019709	50.462
21.51	21.50	0.019725	50.561
21.51	21.50	0.019742	50.662
21.51	21.50	0.019759	50.762
21.51	21.50	0.019775	50.862
21.51	21.50	0.019792	50.962
21.51	21.50	0.019809	51.061
21.51	21.50	0.019825	51.162
21.51	21.50	0.019842	51.261
21.51	21.50	0.019859	51.362
21.51	21.50	0.019875	51.463
21.51	21.50	0.019892	51.587
21.51	21.50	0.019909	51.687
21.51	21.50	0.019925	51.791
21.51	21.50	0.019942	51.886
21.51	21.50	0.019959	51.985
21.51	21.50	0.019975	52.090
21.51	21.50	0.019992	52.184
21.51	21.50	0.020009	52.285
21.51	21.50	0.020025	52.388
21.51	21.50	0.020042	52.483
21.48	21.50	0.020059	52.586
21.48	21.50	0.020075	52.687
21.48	21.50	0.020092	52.782
21.48	21.50	0.020109	52.885
21.48	21.50	0.020125	52.987
21.48	21.50	0.020142	53.081
21.48	21.50	0.020159	53.185
21.48	21.50	0.020175	53.286
21.48	21.50	0.020192	53.380
21.51	21.50	0.020209	53.485
21.51	21.50	0.020225	53.584
21.51	21.50	0.020242	53.679
21.51	21.50	0.020259	53.783
21.51	21.50	0.020275	53.883
21.51	21.50	0.020292	53.977
21.51	21.50	0.020309	54.082
21.51	21.50	0.020325	54.182
21.51	21.50	0.020342	54.276
21.51	21.50	0.020359	54.381
21.51	21.50	0.020375	54.475
21.51	21.50	0.020392	54.575
21.51	21.50	0.020409	54.679
21.51	21.50	0.020425	54.774
21.51	21.50	0.020442	54.874
21.51	21.50	0.020458	54.978
21.51	21.50	0.020475	55.073
21.51	21.50	0.020492	55.172
21.51	21.50	0.020508	55.277
21.51	21.50	0.020525	55.371
21.51	21.50	0.020542	55.471
21.48	21.50	0.020558	55.575
21.48	21.50	0.020575	55.670
21.48	21.50	0.020592	55.770
21.48	21.50	0.020608	55.875
21.48	21.50	0.020625	55.970
21.48	21.50	0.020642	56.069
21.48	21.50	0.020658	56.173
21.48	21.50	0.020675	56.268
21.48	21.50	0.020692	56.367
21.48	21.50	0.020708	56.472
21.51	21.50	0.020725	56.567
21.51	21.50	0.020742	56.666
21.51	21.50	0.020758	56.771
21.51	21.50	0.020775	56.865
21.51	21.50	0.020792	56.966
21.51	21.50	0.020808	57.069
21.51	21.50	0.020825	57.165
21.51	21.50	0.020842	57.265
21.51	21.50	0.020858	57.369
21.51	21.50	0.020875	57.464
21.51	21.50	0.020892	57.565
21.51	21.50	0.020908	57.668
21.51	21.50	0.020925	57.763
21.51	21.50	0.020942	57.865
21.51	21.50	0.020958	57.966
21.51	21.50	0.020975	58.064
21.51	21.50	0.020992	58.165
21.51	21.50	0.021008	58.265
21.51	21.50	0.021025	58.364
21.51	21.50	0.021042	58.464
21.51	21.50	0.021058	58.564
21.51	21.50	0.021075	58.663
21.51	21.50	0.021092	58.764
21.48	21.50	0.021108	58.863
21.48	21.50	0.021125	58.964
21.48	21.50	0.021142	59.064
21.48	21.50	0.021158	59.164
21.48	21.50	0.021175	59.265
21.48	21.50	0.021192	59.364
21.48	21.50	0.021208	59.465
21.48	21.50	0.021225	59.564
21.48	21.50	0.021242	59.665
21.51	21.50	0.021258	59.765
21.51	21.50	0.021275	59.864
21.51	21.50	0.021291	59.966
21.51	21.50	0.021308	00.065
21.51	21.50	0.021325	00.166
21.51	21.50	0.021341	00.265
21.51	21.50	0.021358	00.366
21.51	21.50	0.021375	00.466
21.51	21.50	0.021391	00.565
21.51	21.50	0.021408	00.666
21.51	21.50	0.021425	00.765
21.51	21.50	0.021441	00.866
21.51	21.50	0.021458	00.965
21.51	21.50	0.021475	01.066
21.51	21.50	0.021491	01.166
21.51	21.50	0.021508	01.266
21.51	21.50	0.021525	01.366
21.51	21.50	0.021541	01.465
21.51	21.50	0.021558	01.566
21.51	21.50	0.021575	01.665
21.51	21.50	0.021591	01.766
21.51	21.50	0.021608	01.865
21.51	21.50	0.021625	01.966
21.51	21.50	0.021641	02.066
21.51	21.50	0.021658	02.166
21.51	21.50	0.021675	02.267
21.51	21.50	0.021691	02.366
21.48	21.50	0.021708	02.467
21.48	21.50	0.021725	02.566
21.48	21.50	0.021741	02.667
21.48	21.50	0.021758	02.767
21.48	21.50	0.021775	02.867
21.48	21.50	0.021791	02.967
21.48	21.50	0.021808	03.066
21.48	21.50	0.021825	03.196
21.48	21.50	0.021841	03.290
21.48	21.50	0.021858	03.390
21.48	21.50	0.021875	03.494
21.51	21.50	0.021891	03.589
21.51	21.50	0.021908	03.688
21.51	21.50	0.021925	03.793
21.51	21.50	0.021941	03.888
21.51	21.50	0.021958	03.987
21.51	21.50	0.021975	04.092
21.51	21.50	0.021991	04.186
21.51	21.50	0.022008	04.286
21.51	21.50	0.022025	04.390
21.51	21.50	0.022041	04.485
21.51	21.50	0.022058	04.585
21.51	21.50	0.022075	04.689
21.51	21.50	0.022091	04.784
21.51	21.50	0.022108	04.884
21.51	21.50	0.022124	04.988
21.51	21.50	0.022141	05.082
21.51	21.50	0.022158	05.184
21.51	21.50	0.022174	05.286
21.51	21.50	0.022191	05.381
21.51	21.50	0.022208	05.485
21.51	21.50	0.022224	05.585
21.48	21.50	0.022241	05.680
21.48	21.50	0.022258	05.784
21.48	21.50	0.022274	05.884
21.48	21.50	0.022291	05.979
21.48	21.50	0.022308	06.084
21.48	21.50	0.022324	06.183
21.48	21.50	0.022341	06.278
21.48	21.50	0.022358	06.383
21.48	21.50	0.022374	06.482
21.48	21.50	0.022391	06.577
21.48	21.50	0.022408	06.681
21.51	21.50	0.022424	06.781
21.51	21.50	0.022441	06.875
21.51	21.50	0.022458	06.980
21.51	21.50	0.022474	07.080
21.51	21.50	0.022491	07.174
21.51	21.50	0.022508	07.279
21.51	21.50	0.022524	07.373
21.51	21.50	0.022541	07.473
21.51	21.50	0.022558	07.577
21.51	21.50	0.022574	07.672
21.51	21.50	0.022591	07.772
21.51	21.50	0.022608	07.876
21.51	21.50	0.022624	07.971
21.51	21.50	0.022641	08.070
21.51	21.50	0.022658	08.175
21.51	21.50	0.022674	08.269
21.51	21.50	0.022691	08.369
21.51	21.50	0.022708	08.473
21.51	21.50	0.022724	08.568
21.51	21.50	0.022741	08.668
21.51	21.50	0.022758	08.773
21.51	21.50	0.022774	08.868
21.51	21.50	0.022791	08.967
21.51	21.50	0.022808	09.072
21.48	21.50	0.022824	09.167
21.48	21.50	0.022841	09.268
21.48	21.50	0.022858	09.370
21.48	21.50	0.022874	09.468
21.48	21.50	0.022891	09.568
21.48	21.50	0.022908	09.669
21.48	21.50	0.022924	09.768
21.48	21.50	0.022941	09.867
21.51	21.50	0.022957	09.967
21.51	21.50	0.022974	10.068
21.51	21.50	0.022991	10.168
21.51	21.50	0.023007	10.268
21.51	21.50	0.023024	10.368
21.51	21.50	0.023041	10.467
21.51	21.50	0.023057	10.568
21.51	21.50	0.023074	10.667
21.51	21.50	0.023091	10.768
21.51	21.50	0.023107	10.868
21.51	21.50	0.023124	10.971
21.51	21.50	0.023141	11.071
21.51	21.50	0.023157	11.171
21.51	21.50	0.023174	11.271
21.51	21.50	0.023191	11.370
21.51	21.50	0.023207	11.471
21.51	21.50	0.023224	11.570
21.51	21.50	0.023241	11.671
21.51	21.50	0.023257	11.770
21.51	21.50	0.023274	11.871
21.51	21.50	0.023291	11.971
21.51	21.50	0.023307	12.071
21.51	21.50	0.023324	12.171
21.51	21.50	0.023341	12.270
21.51	21.50	0.023357	12.371
21.48	21.50	0.023374	12.470
21.48	21.50	0.023391	12.571
21.48	21.50	0.023407	12.671
21.48	21.50	0.023424	12.771
21.48	21.50	0.023441	12.871
21.48	21.50	0.023457	12.970
21.48	21.50	0.023474	13.071
21.48	21.50	0.023491	13.170
21.48	21.50	0.023507	13.271
21.48	21.50	0.023524	13.370
21.51	21.50	0.023541	13.471
21.51	21.50	0.023557	13.571
21.51	21.50	0.023574	13.671
21.51	21.50	0.023591	13.771
21.51	21.50	0.023607	13.870
21.51	21.50	0.023624	13.971
21.51	21.50	0.023641	14.070
21.51	21.50	0.023657	14.171
21.51	21.50	0.023674	14.270
21.51	21.50	0.023691	14.400
21.51	21.50	0.023707	14.494
21.51	21.50	0.023724	14.599
21.51	21.50	0.023741	14.699
21.51	21.50	0.023757	14.793
21.51	21.50	0.023774	14.898
21.51	21.50	0.023790	14.992
21.51	21.50	0.023807	15.092
21.51	21.50	0.023824	15.197
21.51	21.50	0.023840	15.291
21.51	21.50	0.023857	15.391
21.51	21.50	0.023874	15.496
21.51	21.50	0.023890	15.591
21.51	21.50	0.023907	15.690
21.51	21.50	0.023924	15.795
21.51	21.50	0.023940	15.889
21.48	21.50	0.023957	15.989
21.48	21.50	0.023974	16.093
21.48	21.50	0.023990	16.188
21.48	21.50	0.024007	16.288
21.48	21.50	0.024024	16.392
21.48	21.50	0.024040	16.487
21.48	21.50	0.024057	16.586
21.48	21.50	0.024074	16.691
21.48	21.50	0.024090	16.785
21.48	21.50	0.024107	16.885
21.48	21.50	0.024124	16.990
21.51	21.50	0.024140	17.084
21.51	21.50	0.024157	17.184
21.51	21.50	0.024174	17.288
21.51	21.50	0.024190	17.383
21.51	21.50	0.024207	17.483
21.51	21.50	0.024224	17.587
21.51	21.50	0.024240	17.682
21.51	21.50	0.024257	17.783
21.51	21.50	0.024274	17.886
21.51	21.50	0.024290	17.980
21.51	21.50	0.024307	18.084
21.51	21.50	0.024324	18.185
21.51	21.50	0.024340	18.279
21.51	21.50	0.024357	18.383
21.51	21.50	0.024374	18.484
21.51	21.50	0.024390	18.579
21.51	21.50	0.024407	18.683
21.51	21.50	0.024424	18.783
21.51	21.50	0.024440	18.877
21.51	21.50	0.024457	18.982
21.51	21.50	0.024474	19.081
21.48	21.50	0.024490	19.176
21.48	21.50	0.024507	19.281
21.48	21.50	0.024524	19.380
21.48	21.50	0.024540	19.475
21.48	21.50	0.024557	19.579
21.48	21.50	0.024574	19.679
21.48	21.50	0.024590	19.773
21.48	21.50	0.024607	19.878
21.48	21.50	0.024623	19.972
21.51	21.50	0.024640	20.073
21.51	21.50	0.024657	20.177
21.51	21.50	0.024673	20.273
21.51	21.50	0.024690	20.373
21.51	21.50	0.024707	20.475
21.51	21.50	0.024723	20.573
21.51	21.50	0.024740	20.672
21.51	21.50	0.024757	20.774
21.51	21.50	0.024773	20.873
21.51	21.50	0.024790	20.973
21.51	21.50	0.024807	21.073
21.51	21.50	0.024823	21.172
21.51	21.50	0.024840	21.273
21.51	21.50	0.024857	21.372
21.51	21.50	0.024873	21.473
21.51	21.50	0.024890	21.572
21.51	21.50	0.024907	21.673
21.51	21.50	0.024923	21.773
21.48	21.50	0.024940	21.873
21.48	21.50	0.024957	21.973
21.48	21.50	0.024973	22.072
21.48	21.50	0.024990	22.173
21.48	21.50	0.025007	22.272
21.48	21.50	0.025023	22.373
21.48	21.50	0.025040	22.473
21.48	21.50	0.025057	22.573
21.48	21.50	0.025073	22.673
21.48	21.50	0.025090	22.772
21.48	21.50	0.025107	22.873
21.48	21.50	0.025123	22.972
21.51	21.50	0.025140	23.073
21.51	21.50	0.025157	23.172
21.51	21.50	0.025173	23.273
21.51	21.50	0.025190	23.373
21.51	21.50	0.025207	23.473
21.51	21.50	0.025223	23.573
21.51	21.50	0.025240	23.672
21.51	21.50	0.025257	23.773
21.51	21.50	0.025273	23.872
21.51	21.50	0.025290	23.973
21.51	21.50	0.025307	24.072
21.51	21.50	0.025323	24.173
21.51	21.50	0.025340	24.273
21.51	21.50	0.025357	24.373
21.51	21.50	0.025373	24.473
21.51	21.50	0.025390	24.572
21.51	21.50	0.025407	24.673
21.51	21.50	0.025423	24.772
21.51	21.50	0.025440	24.873
21.51	21.50	0.025456	24.973
21.51	21.50	0.025473	25.073
21.51	21.50	0.025490	25.173
21.51	21.50	0.025506	25.272
21.51	21.50	0.025523	25.373
21.51	21.50	0.025540	25.472
21.51	21.50	0.025556	25.573
21.48	21.50	0.025573	25.672
21.48	21.50	0.025590	25.773
21.48	21.50	0.025606	25.873
21.48	21.50	0.025623	25.973
21.48	21.50	0.025640	26.073
21.48	21.50	0.025656	26.172
21.48	21.50	0.025673	26.272
21.48	21.50	0.025690	26.371
21.48	21.50	0.025706	26.496
21.48	21.50	0.025723	26.600
21.51	21.50	0.025740	26.701
21.51	21.50	0.025756	26.795
21.51	21.50	0.025773	26.900
21.51	21.50	0.025790	27.000
21.51	21.50	0.025806	27.094
21.51	21.50	0.025823	27.199
21.51	21.50	0.025840	27.298
21.51	21.50	0.025856	27.393
21.51	21.50	0.025873	27.497
21.51	21.50	0.025890	27.592
21.51	21.50	0.025906	27.692
21.51	21.50	0.025923	27.796
21.51	21.50	0.025940	27.891
21.51	21.50	0.025956	27.990
21.51	21.50	0.025973	28.095
21.51	21.50	0.025990	28.189
21.51	21.50	0.026006	28.289
21.51	21.50	0.026023	28.393
21.51	21.50	0.026040	28.488
21.51	21.50	0.026056	28.588
21.51	21.50	0.026073	28.692
21.51	21.50	0.026090	28.787
21.51	21.50	0.026106	28.886
21.51	21.50	0.026123	28.991
21.51	21.50	0.026140	29.085
21.51	21.50	0.026156	29.185
21.51	21.50	0.026173	29.290
21.48	21.50	0.026190	29.384
21.48	21.50	0.026206	29.484
21.48	21.50	0.026223	29.588
21.48	21.50	0.026240	29.683
21.48	21.50	0.026256	29.782
21.48	21.50	0.026273	29.887
21.48	21.50	0.026289	29.982
21.48	21.50	0.026306	30.082
21.48	21.50	0.026323	30.186
21.48	21.50	0.026339	30.281
21.51	21.50	0.026356	30.382
21.51	21.50	0.026373	30.485
21.51	21.50	0.026389	30.580
21.51	21.50	0.026406	30.682
21.51	21.50	0.026423	30.784
21.51	21.50	0.026439	30.879
21.51	21.50	0.026456	30.982
21.51	21.50	0.026473	31.083
21.51	21.50	0.026489	31.178
21.51	21.50	0.026506	31.282
21.51	21.50	0.026523	31.382
21.51	21.50	0.026539	31.476
21.51	21.50	0.026556	31.581
21.51	21.50	0.026573	31.681
21.51	21.50	0.026589	31.775
21.51	21.50	0.026606	31.880
21.51	21.50	0.026623	31.979
21.51	21.50	0.026639	32.074
21.51	21.50	0.026656	32.178
21.51	21.50	0.026673	32.278
21.48	21.50	0.026689	32.372
21.48	21.50	0.026706	32.477
21.48	21.50	0.026723	32.578
21.48	21.50	0.026739	32.673
21.48	21.50	0.026756	32.776
21.48	21.50	0.026773	32.872
21.48	21.50	0.026789	32.973
21.48	21.50	0.026806	33.074
21.48	21.50	0.026823	33.177
21.51	21.50	0.026839	33.273
21.51	21.50	0.026856	33.373
21.51	21.50	0.026873	33.478
21.51	21.50	0.026889	33.572
21.51	21.50	0.026906	33.673
21.51	21.50	0.026923	33.772
21.51	21.50	0.026939	33.873
21.51	21.50	0.026956	33.972
21.51	21.50	0.026973	34.077
21.51	21.50	0.026989	34.173
21.51	21.50	0.027006	34.272
21.51	21.50	0.027023	34.372
21.51	21.50	0.027039	34.473
21.51	21.50	0.027056	34.572
21.51	21.50	0.027073	34.677
21.51	21.50	0.027089	34.773
21.51	21.50	0.027106	34.873
21.51	21.50	0.027122	34.977
21.51	21.50	0.027139	35.072
21.51	21.50	0.027156	35.173
21.51	21.50	0.027172	35.277
21.48	21.50	0.027189	35.373
21.48	21.50	0.027206	35.473
21.48	21.50	0.027222	35.577
21.48	21.50	0.027239	35.673
21.48	21.50	0.027256	35.772
21.48	21.50	0.027272	35.877
21.48	21.50	0.027289	35.972
21.48	21.50	0.027306	36.073
21.48	21.50	0.027322	36.177
21.51	21.50	0.027339	36.273
21.51	21.50	0.027356	36.373
21.51	21.50	0.027372	36.477
21.51	21.50	0.027389	36.573
21.51	21.50	0.027406	36.672
21.51	21.50	0.027422	36.777
21.51	21.50	0.027439	36.872
21.51	21.50	0.027456	36.973
21.51	21.50	0.027472	37.077
21.51	21.50	0.027489	37.173
21.51	21.50	0.027506	37.273
21.51	21.50	0.027522	37.377
21.51	21.50	0.027539	37.473
21.51	21.50	0.027556	37.572
21.51	21.50	0.027572	37.677
21.51	21.50	0.027589	37.772
21.51	21.50	0.027606	37.873
21.51	21.50	0.027622	37.977
21.48	21.50	0.027639	38.073
21.48	21.50	0.027656	38.173
21.48	21.50	0.027672	38.277
21.48	21.50	0.027689	38.373
21.48	21.50	0.027706	38.472
21.48	21.50	0.027722	38.577
21.48	21.50	0.027739	38.672
21.48	21.50	0.027756	38.797
21.48	21.50	0.027772	38.901
21.48	21.50	0.027789	39.001
21.48	21.50	0.027806	39.096
21.51	21.50	0.027822	39.200
21.51	21.50	0.027839	39.300
21.51	21.50	0.027856	39.394
21.51	21.50	0.027872	39.499
21.51	21.50	0.027889	39.598
21.51	21.50	0.027906	39.693
21.51	21.50	0.027922	39.797
21.51	21.50	0.027939	39.897
21.51	21.50	0.027955	39.992
21.51	21.50	0.027972	40.096
21.51	21.50	0.027989	40.191
21.51	21.50	0.028005	40.290
21.51	21.50	0.028022	40.395
21.51	21.50	0.028039	40.489
21.51	21.50	0.028055	40.589
21.51	21.50	0.028072	40.695
21.51	21.50	0.028089	40.789
21.51	21.50	0.028105	40.889
21.51	21.50	0.028122	40.993
21.51	21.50	0.028139	41.088
21.51	21.50	0.028155	41.187
21.51	21.50	0.028172	41.292
21.51	21.50	0.028189	41.386
21.51	21.50	0.028205	41.486
21.51	21.50	0.028222	41.591
21.51	21.50	0.028239	41.685
21.51	21.50	0.028255	41.785
21.51	21.50	0.028272	41.889
21.48	21.50	0.028289	41.984
21.48	21.50	0.028305	42.083
21.48	21.50	0.028322	42.188
21.48	21.50	0.028339	42.283
21.48	21.50	0.028355	42.382
21.48	21.50	0.028372	42.487
21.48	21.50	0.028389	42.581
21.48	21.50	0.028405	42.681
21.48	21.50	0.028422	42.785
21.48	21.50	0.028439	42.880
21.51	21.50	0.028455	42.981
21.51	21.50	0.028472	43.085
21.51	21.50	0.028489	43.179
21.51	21.50	0.028505	43.281
21.51	21.50	0.028522	43.384
21.51	21.50	0.028539	43.478
21.51	21.50	0.028555	43.581
21.51	21.50	0.028572	43.682
21.51	21.50	0.028589	43.777
21.51	21.50	0.028605	43.881
21.51	21.50	0.028622	43.981
21.51	21.50	0.028639	44.075
21.51	21.50	0.028655	44.180
21.51	21.50	0.028672	44.279
21.51	21.50	0.028689	44.374
21.51	21.50	0.028705	44.478
21.51	21.50	0.028722	44.578
21.51	21.50	0.028739	44.673
21.51	21.50	0.028755	44.777
21.51	21.50	0.028772	44.877
21.48	21.50	0.028788	44.972
21.48	21.50	0.028805	45.076
21.48	21.50	0.028822	45.176
21.48	21.50	0.028838	45.274
21.48	21.50	0.028855	45.375
21.48	21.50	0.028872	45.476
21.48	21.50	0.028888	45.573
21.48	21.50	0.028905	45.674
21.48	21.50	0.028922	45.776
21.48	21.50	0.028938	45.874
21.48	21.50	0.028955	45.974
21.48	21.50	0.028972	46.076
21.51	21.50	0.028988	46.174
21.51	21.50	0.029005	46.273
21.51	21.50	0.029022	46.376
21.51	21.50	0.029038	46.473
21.51	21.50	0.029055	46.574
21.51	21.50	0.029072	46.676
21.51	21.50	0.029088	46.774
21.51	21.50	0.029105	46.874
21.51	21.50	0.029122	46.976
21.51	21.50	0.029138	47.074
21.51	21.50	0.029155	47.173
21.51	21.50	0.029172	47.276
21.51	21.50	0.029188	47.373
21.51	21.50	0.029205	47.474
21.51	21.50	0.029222	47.577
21.51	21.50	0.029238	47.674
21.51	21.50	0.029255	47.774
21.51	21.50	0.029272	47.876
21.51	21.50	0.029288	47.974
21.51	21.50	0.029305	48.073
21.51	21.50	0.029322	48.176
21.51	21.50	0.029338	48.274
21.51	21.50	0.029355	48.374
21.48	21.50	0.029372	48.476
21.48	21.50	0.029388	48.573
21.48	21.50	0.029405	48.674
21.48	21.50	0.029422	48.776
21.48	21.50	0.029438	48.874
21.48	21.50	0.029455	48.973
21.48	21.50	0.029472	49.076
21.48	21.50	0.029488	49.174
21.48	21.50	0.029505	49.274
21.48	21.50	0.029522	49.376
21.48	21.50	0.029538	49.473
21.51	21.50	0.029555	49.574
21.51	21.50	0.029572	49.676
21.51	21.50	0.029588	49.774
21.51	21.50	0.029605	49.873
21.51	21.50	0.029621	49.976
21.51	21.50	0.029638	50.074
21.51	21.50	0.029655	50.174
21.51	21.50	0.029671	50.276
21.51	21.50	0.029688	50.374
21.51	21.50	0.029705	50.475
21.51	21.50	0.029721	50.575
21.51	21.50	0.029738	50.704
21.51	21.50	0.029755	50.798
21.51	21.50	0.029771	50.876
21.51	21.50	0.029788	51.003
21.51	21.50	0.029805	51.097
21.51	21.50	0.029821	51.176
21.51	21.50	0.029838	51.301
21.51	21.50	0.029855	51.396
21.51	21.50	0.029871	51.475
21.51	21.50	0.029888	51.600
21.51	21.50	0.029905	51.694
21.51	21.50	0.029921	51.799
21.51	21.50	0.029938	51.899
21.51	21.50	0.029955	51.993
21.51	21.50	0.029971	52.098
21.51	21.50	0.029988	52.197
21.51	21.50	0.030005	52.292
21.51	21.50	0.030021	52.396
21.48	21.50	0.030038	52.496
21.48	21.50	0.030055	52.591
21.48	21.50	0.030071	52.695
21.48	21.50	0.030088	52.790
21.48	21.51	0.030105	52.889
21.48	21.51	0.030121	52.994
21.48	21.51	0.030138	53.089
21.48	21.51	0.030155	53.188
21.48	21.51	0.030171	53.293
21.48	21.51	0.030188	53.387
21.51	21.51	0.030205	53.488
21.51	21.51	0.030221	53.592
21.51	21.51	0.030238	53.687
21.51	21.51	0.030255	53.786
21.51	21.51	0.030271	53.891
21.51	21.51	0.030288	53.986
21.51	21.51	0.030305	54.085
21.51	21.52	0.030321	54.190
21.51	21.52	0.030338	54.284
21.51	21.52	0.030355	54.384
21.51	21.52	0.030371	54.488
21.51	21.52	0.030388	54.583
21.54	21.52	0.030405	54.682
21.54	21.52	0.030421	54.787
21.54	21.52	0.030438	54.882
21.54	21.52	0.030454	54.981
21.54	21.52	0.030471	55.086
21.54	21.52	0.030488	55.180
21.54	21.52	0.030504	55.280
21.54	21.52	0.030521	55.385
21.54	21.53	0.030538	55.479
21.54	21.53	0.030554	55.580
21.51	21.53	0.030571	55.683
21.51	21.53	0.030588	55.778
21.51	21.53	0.030604	55.879
21.51	21.53	0.030621	55.983
21.51	21.53	0.030638	56.077
21.51	21.53	0.030654	56.180
21.51	21.53	0.030671	56.281
21.51	21.53	0.030688	56.376
21.51	21.53	0.030704	56.480
21.51	21.53	0.030721	56.580
21.51	21.53	0.030738	56.676
21.54	21.54	0.030754	56.779
21.54	21.54	0.030771	56.878
21.54	21.54	0.030788	56.976
21.54	21.54	0.030804	57.078
21.54	21.54	0.030821	57.178
21.54	21.54	0.030838	57.275
21.54	21.54	0.030854	57.377
21.54	21.54	0.030871	57.476
21.54	21.54	0.030888	57.576
21.54	21.54	0.030904	57.676
21.54	21.54	0.030921	57.776
21.56	21.54	0.030938	57.876
21.56	21.54	0.030954	57.976
21.56	21.55	0.030971	58.075
21.56	21.55	0.030988	58.176
21.56	21.55	0.031004	58.275
21.56	21.55	0.031021	58.376
21.56	21.55	0.031038	58.476
21.56	21.55	0.031054	58.576
21.56	21.55	0.031071	58.676
21.56	21.55	0.031088	58.775
21.56	21.55	0.031104	58.876
21.56	21.55	0.031121	58.975
21.56	21.55	0.031138	59.076
21.56	21.55	0.031154	59.175
21.56	21.55	0.031171	59.276
21.54	21.56	0.031188	59.376
21.54	21.56	0.031204	59.476
21.54	21.56	0.031221	59.576
21.54	21.56	0.031238	59.675
21.54	21.56	0.031254	59.776
21.54	21.56	0.031271	59.875
21.54	21.56	0.031287	59.976
21.54	21.56	0.031304	00.076
21.54	21.56	0.031321	00.175
21.56	21.56	0.031337	00.276
21.56	21.56	0.031354	00.376
21.56	21.56	0.031371	00.476
21.56	21.56	0.031387	00.576
21.56	21.57	0.031404	00.675
21.56	21.57	0.031421	00.776
21.56	21.57	0.031437	00.875
21.56	21.57	0.031454	00.976
21.56	21.57	0.031471	01.075
21.56	21.57	0.031487	01.176
21.56	21.57	0.031504	01.276
21.56	21.57	0.031521	01.376
21.56	21.57	0.031537	01.476
21.56	21.57	0.031554	01.575
21.59	21.57	0.031571	01.676
21.59	21.57	0.031587	01.775
21.59	21.57	0.031604	01.876
21.59	21.58	0.031621	01.975
21.59	21.58	0.031637	02.076
21.59	21.58	0.031654	02.176
21.59	21.58	0.031671	02.275
21.59	21.58	0.031687	02.376
21.59	21.58	0.031704	02.475
21.59	21.58	0.031721	02.576
21.59	21.58	0.031737	02.675
21.59	21.58	0.031754	02.800
21.59	21.58	0.031771	02.899
21.59	21.58	0.031787	03.005
21.59	21.58	0.031804	03.099
21.59	21.58	0.031821	03.200
21.56	21.59	0.031837	03.303
21.56	21.59	0.031854	03.398
21.56	21.59	0.031871	03.499
21.56	21.59	0.031887	03.602
21.56	21.59	0.031904	03.696
21.56	21.59	0.031921	03.799
21.56	21.59	0.031937	03.901
21.59	21.59	0.031954	03.995
21.59	21.59	0.031971	04.099
21.59	21.59	0.031987	04.199
21.59	21.59	0.032004	04.294
21.59	21.59	0.032021	04.398
21.59	21.59	0.032037	04.498
21.59	21.60	0.032054	04.593
21.59	21.60	0.032071	04.697
21.59	21.60	0.032087	04.797
21.59	21.60	0.032104	04.891
21.61	21.60	0.032120	04.996
21.61	21.60	0.032137	05.095
21.61	21.60	0.032154	05.190
21.61	21.60	0.032170	05.294
21.61	21.60	0.032187	05.394
21.61	21.60	0.032204	05.489
21.61	21.60	0.032220	05.593
21.61	21.60	0.032237	05.689
21.61	21.60	0.032254	05.788
21.61	21.61	0.032270	05.893
21.61	21.61	0.032287	05.986
21.61	21.61	0.032304	06.087
21.61	21.61	0.032320	06.192
21.61	21.61	0.032337	06.286
21.61	21.61	0.032354	06.386
21.61	21.61	0.032370	06.490
21.61	21.61	0.032387	06.585
21.61	21.61	0.032404	06.684
21.61	21.61	0.032420	06.789
21.61	21.61	0.032437	06.883
21.61	21.61	0.032454	06.983
21.61	21.61	0.032470	07.088
21.61	21.62	0.032487	07.182
21.61	21.62	0.032504	07.282
21.61	21.62	0.032520	07.386
21.61	21.62	0.032537	07.482
21.61	21.62	0.032554	07.581
21.61	21.62	0.032570	07.685
21.61	21.62	0.032587	07.782
21.61	21.62	0.032604	07.882
21.61	21.62	0.032620	07.984
21.64	21.62	0.032637	08.081
21.64	21.62	0.032654	08.182
21.64	21.62	0.032670	08.282
21.64	21.62	0.032687	08.382
21.64	21.62	0.032704	08.481
21.64	21.63	0.032720	08.582
21.64	21.63	0.032737	08.682
21.64	21.63	0.032754	08.782
21.64	21.63	0.032770	08.883
21.64	21.63	0.032787	08.982
21.64	21.63	0.032804	09.083
21.64	21.63	0.032820	09.182
21.64	21.63	0.032837	09.283
21.64	21.63	0.032854	09.383
21.64	21.63	0.032870	09.483
21.64	21.63	0.032887	09.583
21.61	21.63	0.032904	09.682
21.61	21.63	0.032920	09.783
21.61	21.64	0.032937	09.882
21.61	21.64	0.032953	09.983
21.61	21.64	0.032970	10.082
21.61	21.64	0.032987	10.183
21.61	21.64	0.033003	10.283
21.61	21.64	0.033020	10.383
21.64	21.64	0.033037	10.483
21.64	21.64	0.033053	10.582
21.64	21.64	0.033070	10.683
21.64	21.64	0.033087	10.782
21.64	21.64	0.033103	10.883
21.64	21.64	0.033120	10.983
21.64	21.64	0.033137	11.083
21.64	21.65	0.033153	11.183
21.64	21.65	0.033170	11.282
21.64	21.65	0.033187	11.383
21.64	21.65	0.033203	11.482
21.64	21.65	0.033220	11.583
21.64	21.65	0.033237	11.682
21.67	21.65	0.033253	11.783
21.67	21.65	0.033270	11.883
21.67	21.65	0.033287	11.983
21.67	21.65	0.033303	12.083
21.67	21.65	0.033320	12.182
21.67	21.65	0.033337	12.283
21.67	21.65	0.033353	12.382
21.67	21.66	0.033370	12.483
21.67	21.66	0.033387	12.582
21.67	21.66	0.033403	12.683
21.67	21.66	0.033420	12.783
21.67	21.66	0.033437	12.883
21.67	21.66	0.033453	12.983
21.67	21.66	0.033470	13.082
21.67	21.66	0.033487	13.183
21.64	21.66	0.033503	13.282
21.64	21.66	0.033520	13.407
21.64	21.66	0.033537	13.511
21.64	21.66	0.033553	13.606
21.64	21.66	0.033570	13.706
21.64	21.67	0.033587	13.810
21.64	21.67	0.033603	13.905
21.64	21.67	0.033620	14.004
21.64	21.67	0.033637	14.109
21.67	21.67	0.033653	14.204
21.67	21.67	0.033670	14.304
21.67	21.67	0.033687	14.408
21.67	21.67	0.033703	14.503
21.67	21.67	0.033720	14.603
21.67	21.67	0.033737	14.707
21.67	21.67	0.033753	14.802
21.67	21.67	0.033770	14.901
21.67	21.67	0.033786	15.006
21.67	21.68	0.033803	15.100
21.67	21.68	0.033820	15.200
21.67	21.68	0.033836	15.305
21.69	21.68	0.033853	15.399
21.69	21.68	0.033870	15.499
21.69	21.68	0.033886	15.603
21.69	21.68	0.033903	15.698
21.69	21.68	0.033920	15.798
21.69	21.68	0.033936	15.902
21.69	21.68	0.033953	15.996
21.69	21.68	0.033970	16.098
21.69	21.68	0.033986	16.201
21.69	21.68	0.034003	16.295
21.69	21.69	0.034020	16.398
21.69	21.69	0.034036	16.499
21.69	21.69	0.034053	16.594
21.69	21.69	0.034070	16.698
21.69	21.69	0.034086	16.798
21.69	21.69	0.034103	16.893
21.69	21.69	0.034120	16.997
21.69	21.69	0.034136	17.097
21.69	21.69	0.034153	17.191
21.69	21.69	0.034170	17.297
21.69	21.69	0.034186	17.396
21.69	21.69	0.034203	17.491
21.69	21.69	0.034220	17.595
21.69	21.70	0.034236	17.695
21.69	21.70	0.034253	17.790
21.69	21.70	0.034270	17.894
21.69	21.70	0.034286	17.994
21.69	21.70	0.034303	18.088
21.69	21.70	0.034320	18.193
21.69	21.70	0.034336	18.287
21.69	21.70	0.034353	18.387
21.69	21.70	0.034370	18.492
21.69	21.70	0.034386	18.586
21.69	21.70	0.034403	18.686
21.69	21.70	0.034420	18.790
21.69	21.70	0.034436	18.885
21.69	21.71	0.034453	18.984
21.72	21.71	0.034470	19.089
21.72	21.71	0.034486	19.183
21.72	21.71	0.034503	19.283
21.72	21.71	0.034520	19.388
21.72	21.71	0.034536	19.483
21.72	21.71	0.034553	19.583
21.72	21.71	0.034570	19.687
21.72	21.71	0.034586	19.783
21.72	21.71	0.034603	19.882
21.72	21.71	0.034619	19.986
21.72	21.71	0.034636	20.082
21.72	21.71	0.034653	20.183
21.72	21.72	0.034669	20.285
21.72	21.72	0.034686	20.382
21.72	21.72	0.034703	20.483
21.72	21.72	0.034719	20.583
21.72	21.72	0.034736	20.683
21.72	21.72	0.034753	20.782
21.72	21.72	0.034769	20.883
21.72	21.72	0.034786	20.983
21.72	21.72	0.034803	21.083
21.72	21.72	0.034819	21.183
21.72	21.72	0.034836	21.282
21.72	21.72	0.034853	21.383
21.72	21.72	0.034869	21.482
21.72	21.73	0.034886	21.583
21.72	21.73	0.034903	21.682
21.72	21.73	0.034919	21.783
21.72	21.73	0.034936	21.883
21.72	21.73	0.034953	21.983
21.72	21.73	0.034969	22.083
21.72	21.73	0.034986	22.182
21.72	21.73	0.035003	22.283
21.72	21.73	0.035019	22.382
21.72	21.73	0.035036	22.483
21.72	21.73	0.035053	22.582
21.72	21.73	0.035069	22.683
21.72	21.73	0.035086	22.783
21.74	21.74	0.035103	22.883
21.74	21.74	0.035119	22.983
21.74	21.74	0.035136	23.082
21.74	21.74	0.035153	23.183
21.74	21.74	0.035169	23.282
21.74	21.74	0.035186	23.383
21.74	21.74	0.035203	23.483
21.74	21.74	0.035219	23.583
21.74	21.74	0.035236	23.683
21.74	21.74	0.035253	23.782
21.74	21.74	0.035269	23.883
21.74	21.74	0.035286	23.982
21.74	21.74	0.035303	24.083
21.74	21.75	0.035319	24.182
21.74	21.75	0.035336	24.283
21.74	21.75	0.035353	24.383
21.74	21.75	0.035369	24.483
21.74	21.75	0.035386	24.583
21.74	21.75	0.035403	24.682
21.77	21.75	0.035419	24.783
21.77	21.75	0.035436	24.882
21.77	21.75	0.035452	24.983
21.77	21.75	0.035469	25.082
21.77	21.75	0.035486	25.183
21.77	21.75	0.035502	25.283
21.77	21.75	0.035519	25.383
21.77	21.76	0.035536	25.483
21.77	21.76	0.035552	25.582
21.77	21.76	0.035569	25.683
21.77	21.76	0.035586	25.782
21.74	21.76	0.035602	25.907
21.74	21.76	0.035619	26.006
21.74	21.76	0.035636	26.111
21.74	21.76	0.035652	26.206
21.74	21.76	0.035669	26.305
21.74	21.76	0.035686	26.410
21.74	21.76	0.035702	26.504
21.74	21.76	0.035719	26.604
21.74	21.76	0.035736	26.708
21.77	21.77	0.035752	26.803
21.77	21.77	0.035769	26.902
21.77	21.77	0.035786	27.007
21.77	21.77	0.035802	27.102
21.77	21.77	0.035819	27.201
21.77	21.77	0.035836	27.306
21.77	21.77	0.035852	27.400
21.77	21.77	0.035869	27.500
21.77	21.77	0.035886	27.604
21.77	21.77	0.035902	27.700
21.77	21.77	0.035919	27.798
21.77	21.77	0.035936	27.903
21.77	21.77	0.035952	27.999
21.77	21.78	0.035969	28.098
21.77	21.78	0.035986	28.203
21.77	21.78	0.036002	28.297
21.77	21.78	0.036019	28.397
21.77	21.78	0.036036	28.501
21.80	21.78	0.036052	28.596
21.80	21.78	0.036069	28.698
21.80	21.78	0.036086	28.800
21.80	21.78	0.036102	28.895
21.80	21.78	0.036119	28.997
21.80	21.78	0.036136	29.099
21.80	21.78	0.036152	29.193
21.80	21.78	0.036169	29.297
21.80	21.79	0.036186	29.397
21.80	21.79	0.036202	29.492
21.80	21.79	0.036219	29.597
21.80	21.79	0.036236	29.696
21.80	21.79	0.036252	29.791
21.80	21.79	0.036269	29.895
21.77	21.79	0.036285	29.995
21.77	21.79	0.036302	30.089
21.77	21.79	0.036319	30.194
21.77	21.79	0.036335	30.294
21.77	21.79	0.036352	30.388
21.77	21.79	0.036369	30.493
21.77	21.79	0.036385	30.593
21.77	21.80	0.036402	30.688
21.77	21.80	0.036419	30.792
21.80	21.80	0.036435	30.887
21.80	21.80	0.036452	30.986
21.80	21.80	0.036469	31.091
21.80	21.80	0.036485	31.186
21.80	21.80	0.036502	31.285
21.80	21.80	0.036519	31.390
21.80	21.80	0.036535	31.484
21.80	21.80	0.036552	31.584
21.80	21.80	0.036569	31.688
21.80	21.80	0.036585	31.783
21.80	21.80	0.036602	31.883
21.80	21.81	0.036619	31.987
21.82	21.81	0.036635	32.083
21.82	21.81	0.036652	32.182
21.82	21.81	0.036669	32.286
21.82	21.81	0.036685	32.382
21.82	21.81	0.036702	32.483
21.82	21.81	0.036719	32.584
21.82	21.81	0.036735	32.683
21.82	21.81	0.036752	32.783
21.82	21.81	0.036769	32.883
21.82	21.81	0.036785	32.983
21.82	21.81	0.036802	33.082
21.82	21.81	0.036819	33.183
21.82	21.82	0.036835	33.282
21.82	21.82	0.036852	33.383
21.82	21.82	0.036869	33.482
21.82	21.82	0.036885	33.583
21.82	21.82	0.036902	33.683
21.82	21.82	0.036919	33.782
21.82	21.82	0.036935	33.883
21.82	21.82	0.036952	33.982
21.82	21.82	0.036969	34.083
21.82	21.82	0.036985	34.182
21.82	21.82	0.037002	34.283
21.82	21.82	0.037019	34.383
21.82	21.82	0.037035	34.483
21.82	21.83	0.037052	34.583
21.82	21.83	0.037069	34.682
21.82	21.83	0.037085	34.783
21.82	21.83	0.037102	34.882
21.82	21.83	0.037118	34.983
21.82	21.83	0.037135	35.082
21.82	21.83	0.037152	35.183
21.82	21.83	0.037168	35.283
21.82	21.83	0.037185	35.383
21.82	21.83	0.037202	35.483
21.82	21.83	0.037218	35.582
21.82	21.83	0.037235	35.683
21.82	21.83	0.037252	35.782
21.82	21.84	0.037268	35.883
21.82	21.84	0.037285	35.983
21.82	21.84	0.037302	36.083
21.82	21.84	0.037318	36.183
21.82	21.84	0.037335	36.282
21.82	21.84	0.037352	36.383
21.85	21.84	0.037368	36.482
21.85	21.84	0.037385	36.583
21.85	21.84	0.037402	36.682
21.85	21.84	0.037418	36.783
21.85	21.84	0.037435	36.883
21.85	21.84	0.037452	36.983
21.85	21.84	0.037468	37.083
21.85	21.84	0.037485	37.182
21.85	21.85	0.037502	37.283
21.85	21.85	0.037518	37.382
21.85	21.85	0.037535	37.483
21.85	21.85	0.037552	37.582
21.85	21.85	0.037568	37.683
21.85	21.85	0.037585	37.783
21.85	21.85	0.037602	37.883
21.85	21.85	0.037618	37.983
21.85	21.85	0.037635	38.082
21.85	21.85	0.037652	38.183
21.85	21.85	0.037668	38.281
21.85	21.85	0.037685	38.411
21.85	21.85	0.037702	38.505
21.85	21.86	0.037718	38.606
21.87	21.86	0.037735	38.711
21.87	21.86	0.037752	38.805
21.87	21.86	0.037768	38.905
21.87	21.86	0.037785	39.009
21.87	21.86	0.037802	39.104
21.87	21.86	0.037818	39.203
21.87	21.86	0.037835	39.308
21.87	21.86	0.037852	39.402
21.87	21.86	0.037868	39.502
21.87	21.86	0.037885	39.607
21.85	21.86	0.037902	39.701
21.85	21.86	0.037918	39.801
21.85	21.87	0.037935	39.905
21.85	21.87	0.037951	40.000
21.85	21.87	0.037968	40.099
21.85	21.87	0.037985	40.204
21.85	21.87	0.038001	40.299
21.85	21.87	0.038018	40.398
21.85	21.87	0.038035	40.503
21.87	21.87	0.038051	40.597
21.87	21.87	0.038068	40.697
21.87	21.87	0.038085	40.801
21.87	21.87	0.038101	40.896
21.87	21.87	0.038118	40.995
21.87	21.87	0.038135	41.100
21.87	21.88	0.038151	41.195
21.87	21.88	0.038168	41.296
21.87	21.88	0.038185	41.399
21.87	21.88	0.038201	41.494
21.87	21.88	0.038218	41.596
21.87	21.88	0.038235	41.698
21.87	21.88	0.038251	41.793
21.90	21.88	0.038268	41.896
21.90	21.88	0.038285	41.997
21.90	21.88	0.038301	42.092
21.90	21.88	0.038318	42.196
21.90	21.88	0.038335	42.296
21.90	21.88	0.038351	42.390
21.90	21.89	0.038368	42.495
21.90	21.89	0.038385	42.594
21.90	21.89	0.038401	42.689
21.90	21.89	0.038418	42.794
21.90	21.89	0.038435	42.893
21.90	21.89	0.038451	42.988
21.90	21.89	0.038468	43.092
21.90	21.89	0.038485	43.192
21.90	21.89	0.038501	43.286
21.90	21.89	0.038518	43.391
21.87	21.89	0.038535	43.486
21.87	21.89	0.038551	43.585
21.87	21.89	0.038568	43.690
21.87	21.90	0.038585	43.784
21.87	21.90	0.038601	43.884
21.87	21.90	0.038618	43.988
21.87	21.90	0.038635	44.083
21.87	21.90	0.038651	44.182
21.90	21.90	0.038668	44.287
21.90	21.90	0.038685	44.383
21.90	21.90	0.038701	44.483
21.90	21.90	0.038718	44.586
21.90	21.90	0.038735	44.682
21.90	21.90	0.038751	44.783
21.90	21.90	0.038768	44.885
21.90	21.90	0.038784	44.983
21.90	21.91	0.038801	45.083
21.90	21.91	0.038818	45.184
21.90	21.91	0.038834	45.283
21.90	21.91	0.038851	45.382
21.90	21.91	0.038868	45.483
21.93	21.91	0.038884	45.582
21.93	21.91	0.038901	45.683
21.93	21.91	0.038918	45.782
21.93	21.91	0.038934	45.883
21.93	21.91	0.038951	45.983
21.93	21.91	0.038968	46.083
21.93	21.91	0.038984	46.183
21.93	21.91	0.039001	46.282
21.93	21.92	0.039018	46.383
21.93	21.92	0.039034	46.482
21.93	21.92	0.039051	46.583
21.93	21.92	0.039068	46.682
21.93	21.92	0.039084	46.783
21.90	21.92	0.039101	46.883
21.90	21.92	0.039118	46.982
21.90	21.92	0.039134	47.084
21.90	21.92	0.039151	47.183
21.90	21.92	0.039168	47.284
21.90	21.92	0.039184	47.383
21.90	21.92	0.039201	47.484
21.90	21.92	0.039218	47.584
21.90	21.93	0.039234	47.684
21.90	21.93	0.039251	47.784
21.93	21.93	0.039268	47.883
21.93	21.93	0.039284	47.984
21.93	21.93	0.039301	48.083
21.93	21.93	0.039318	48.184
21.93	21.93	0.039334	48.283
21.93	21.93	0.039351	48.384
21.93	21.93	0.039368	48.484
21.93	21.93	0.039384	48.584
21.93	21.93	0.039401	48.684
21.93	21.93	0.039418	48.783
21.93	21.93	0.039434	48.884
21.93	21.94	0.039451	48.983
21.93	21.94	0.039468	49.084
21.95	21.94	0.039484	49.184
21.95	21.94	0.039501	49.284
21.95	21.94	0.039518	49.384
21.95	21.94	0.039534	49.483
21.95	21.94	0.039551	49.584
21.95	21.94	0.039568	49.683
21.95	21.94	0.039584	49.784
21.95	21.94	0.039601	49.883
21.95	21.94	0.039617	49.984
21.95	21.94	0.039634	50.084
21.95	21.94	0.039651	50.184
21.95	21.95	0.039667	50.284
21.95	21.95	0.039684	50.383
21.95	21.95	0.039701	50.513
21.95	21.95	0.039717	50.607
21.95	21.95	0.039734	50.712
21.95	21.95	0.039751	50.811
21.95	21.95	0.039767	50.906
21.95	21.95	0.039784	51.011
21.95	21.95	0.039801	51.105
21.95	21.95	0.039817	51.205
21.95	21.95	0.039834	51.309
21.95	21.95	0.039851	51.404
21.95	21.95	0.039867	51.503
21.95	21.96	0.039884	51.608
21.95	21.96	0.039901	51.702
21.95	21.96	0.039917	51.802
21.95	21.96	0.039934	51.907
21.95	21.96	0.039951	52.001
21.95	21.96	0.039967	52.101
21.95	21.96	0.039984	52.205
21.95	21.96	0.040001	52.300
21.95	21.96	0.040017	52.399
21.95	21.96	0.040034	52.505
21.95	21.96	0.040051	52.599
21.95	21.96	0.040067	52.699
21.95	21.96	0.040084	52.803
21.98	21.97	0.040101	52.898
21.98	21.97	0.040117	52.997
21.98	21.97	0.040134	53.102
21.98	21.97	0.040151	53.196
21.98	21.97	0.040167	53.296
21.98	21.97	0.040184	53.401
21.98	21.97	0.040201	53.495
21.98	21.97	0.040217	53.595
21.98	21.97	0.040234	53.699
21.98	21.97	0.040251	53.794
21.98	21.97	0.040267	53.895
21.98	21.97	0.040284	53.998
21.98	21.97	0.040301	54.093
21.98	21.98	0.040317	54.195
21.98	21.98	0.040334	54.297
21.98	21.98	0.040351	54.392
21.98	21.98	0.040367	54.494
21.98	21.98	0.040384	54.596
21.98	21.98	0.040401	54.690
21.98	21.98	0.040417	54.795
21.98	21.98	0.040434	54.895
21.98	21.98	0.040450	54.989
21.98	21.98	0.040467	55.094
21.98	21.98	0.040484	55.193
21.98	21.98	0.040500	55.288
21.98	21.98	0.040517	55.392
21.98	21.99	0.040534	55.492
21.98	21.99	0.040550	55.587
21.98	21.99	0.040567	55.691
21.98	21.99	0.040584	55.791
21.98	21.99	0.040600	55.885
21.98	21.99	0.040617	55.990
21.98	21.99	0.040634	56.085
21.98	21.99	0.040650	56.185
21.98	21.99	0.040667	56.289
21.98	21.99	0.040684	56.385
21.98	21.99	0.040700	56.485
21.98	21.99	0.040717	56.588
21.98	21.99	0.040734	56.684
21.98	22.00	0.040750	56.785
21.98	22.00	0.040767	56.886
21.98	22.00	0.040784	56.985
21.98	22.00	0.040800	57.084
22.00	22.00	0.040817	57.185
22.00	22.00	0.040834	57.285
22.00	22.00	0.040850	57.385
22.00	22.00	0.040867	57.485
22.00	22.00	0.040884	57.584
22.00	22.00	0.040900	57.685
22.00	22.00	0.040917	57.784
22.00	22.00	0.040934	57.885
22.00	22.00	0.040950	57.984
22.00	22.01	0.040967	58.085
22.00	22.01	0.040984	58.185
22.00	22.01	0.041000	58.285
22.00	22.01	0.041017	58.385
22.00	22.01	0.041034	58.484
22.03	22.01	0.041050	58.585
22.03	22.01	0.041067	58.684
22.03	22.01	0.041084	58.785
22.03	22.01	0.041100	58.885
22.03	22.01	0.041117	58.985
22.03	22.01	0.041134	59.085
22.03	22.01	0.041150	59.184
22.03	22.01	0.041167	59.285
22.03	22.02	0.041184	59.384
22.03	22.02	0.041200	59.485
22.03	22.02	0.041217	59.584
22.03	22.02	0.041234	59.685
22.03	22.02	0.041250	59.785
22.00	22.02	0.041267	59.885
22.00	22.02	0.041283	59.985
22.00	22.02	0.041300	00.084
22.00	22.02	0.041317	00.185
22.00	22.02	0.041333	00.284
22.00	22.02	0.041350	00.385
22.00	22.02	0.041367	00.485
22.03	22.02	0.041383	00.590
22.03	22.03	0.041400	00.685
22.03	22.03	0.041417	00.784
22.03	22.03	0.041433	00.885
22.03	22.03	0.041450	00.984
22.03	22.03	0.041467	01.085
22.03	22.03	0.041483	01.184
22.03	22.03	0.041500	01.285
22.03	22.03	0.041517	01.385
22.03	22.03	0.041533	01.490
22.03	22.03	0.041550	01.585
22.03	22.03	0.041567	01.684
22.03	22.03	0.041583	01.785
22.03	22.03	0.041600	01.884
22.03	22.04	0.041617	01.985
22.03	22.04	0.041633	02.084
22.03	22.04	0.041650	02.185
22.03	22.04	0.041667	02.285
22.06	22.04	0.041683	02.389
22.06	22.04	0.041700	02.485
22.06	22.04	0.041717	02.584
22.06	22.04	0.041733	02.714
22.06	22.04	0.041750	02.813
22.06	22.04	0.041767	02.908
22.06	22.04	0.041783	03.012
22.06	22.04	0.041800	03.112
22.06	22.04	0.041817	03.207
22.06	22.05	0.041833	03.311
22.03	22.05	0.041850	03.411
22.03	22.05	0.041867	03.505
22.03	22.05	0.041883	03.610
22.03	22.05	0.041900	03.704
22.03	22.05	0.041917	03.804
22.03	22.05	0.041933	03.908
22.03	22.05	0.041950	04.003
22.03	22.05	0.041967	04.103
22.03	22.05	0.041983	04.207
22.03	22.05	0.042000	04.302
22.03	22.05	0.042017	04.401
22.03	22.05	0.042033	04.506
22.06	22.06	0.042050	04.600
22.06	22.06	0.042067	04.700
22.06	22.06	0.042083	04.805
22.06	22.06	0.042100	04.899
22.06	22.06	0.042116	04.999
22.06	22.06	0.042133	05.104
22.06	22.06	0.042150	05.198
22.06	22.06	0.042166	05.298
22.06	22.06	0.042183	05.403
22.06	22.06	0.042200	05.497
22.08	22.06	0.042216	05.597
22.08	22.06	0.042233	05.701
22.08	22.06	0.042250	05.796
22.08	22.07	0.042266	05.895
22.08	22.07	0.042283	06.000
22.08	22.07	0.042300	06.094
22.08	22.07	0.042316	06.194
22.08	22.07	0.042333	06.298
22.08	22.07	0.042350	06.393
22.08	22.07	0.042366	06.494
22.08	22.07	0.042383	06.597
22.08	22.07	0.042400	06.692
22.06	22.07	0.042416	06.794
22.06	22.07	0.042433	06.897
22.06	22.07	0.042450	06.991
22.06	22.07	0.042466	07.094
22.06	22.08	0.042483	07.195
22.06	22.08	0.042500	07.290
22.06	22.08	0.042516	07.393
22.06	22.08	0.042533	07.494
22.06	22.08	0.042550	07.589
22.06	22.08	0.042566	07.693
22.08	22.08	0.042583	07.793
22.08	22.08	0.042600	07.887
22.08	22.08	0.042616	07.992
22.08	22.08	0.042633	08.091
22.08	22.08	0.042650	08.186
22.08	22.08	0.042666	08.290
22.08	22.08	0.042683	08.390
22.08	22.08	0.042700	08.485
22.08	22.09	0.042716	08.589
22.08	22.09	0.042733	08.689
22.08	22.09	0.042750	08.784
22.08	22.09	0.042766	08.888
22.08	22.09	0.042783	08.989
22.08	22.09	0.042800	09.085
22.08	22.09	0.042816	09.187
22.11	22.09	0.042833	09.289
22.11	22.09	0.042850	09.385
22.11	22.09	0.042866	09.486
22.11	22.09	0.042883	09.589
22.11	22.09	0.042900	09.684
22.11	22.09	0.042916	09.785
22.11	22.10	0.042933	09.888
22.11	22.10	0.042949	09.985
22.11	22.10	0.042966	10.085
22.11	22.10	0.042983	10.189
22.11	22.10	0.042999	10.285
22.11	22.10	0.043016	10.384
22.11	22.10	0.043033	10.489
22.08	22.10	0.043049	10.584
22.08	22.10	0.043066	10.685
22.08	22.10	0.043083	10.788
22.08	22.10	0.043099	10.885
22.08	22.10	0.043116	10.985
22.08	22.10	0.043133	11.089
22.08	22.11	0.043149	11.185
22.08	22.11	0.043166	11.284
22.11	22.11	0.043183	11.389
22.11	22.11	0.043199	11.484
22.11	22.11	0.043216	11.585
22.11	22.11	0.043233	11.689
22.11	22.11	0.043249	11.785
22.11	22.11	0.043266	11.885
22.11	22.11	0.043283	11.988
22.11	22.11	0.043299	12.085
22.11	22.11	0.043316	12.184
22.11	22.11	0.043333	12.289
22.11	22.11	0.043349	12.384
22.11	22.12	0.043366	12.485
22.11	22.12	0.043383	12.589
22.13	22.12	0.043399	12.685
22.13	22.12	0.043416	12.785
22.13	22.12	0.043433	12.888
22.13	22.12	0.043449	12.985
22.13	22.12	0.043466	13.084
22.13	22.12	0.043483	13.189
22.13	22.12	0.043499	13.284
22.13	22.12	0.043516	13.385
22.13	22.12	0.043533	13.489
22.13	22.12	0.043549	13.584
22.13	22.12	0.043566	13.685
22.13	22.13	0.043583	13.788
22.13	22.13	0.043599	13.885
22.13	22.13	0.043616	13.984
22.13	22.13	0.043633	14.089
22.13	22.13	0.043649	14.185
22.13	22.13	0.043666	14.285
22.13	22.13	0.043683	14.389
22.13	22.13	0.043699	14.484
22.13	22.13	0.043716	14.585
22.13	22.13	0.043733	14.688
22.13	22.13	0.043749	14.785
22.13	22.13	0.043766	14.884
22.13	22.13	0.043782	14.988
22.13	22.14	0.043799	15.113
22.13	22.14	0.043816	15.208
22.13	22.14	0.043832	15.313
22.13	22.14	0.043849	15.412
22.13	22.14	0.043866	15.507
22.13	22.14	0.043882	15.611
22.13	22.14	0.043899	15.711
22.13	22.14	0.043916	15.805
22.13	22.14	0.043932	15.910
22.13	22.14	0.043949	16.010
22.13	22.14	0.043966	16.104
22.13	22.14	0.043982	16.209
22.13	22.14	0.043999	16.308
22.13	22.15	0.044016	16.403
22.13	22.15	0.044032	16.507
22.13	22.15	0.044049	16.602
22.13	22.15	0.044066	16.701
22.13	22.15	0.044082	16.806
22.16	22.15	0.044099	16.901
22.16	22.15	0.044116	17.001
22.16	22.15	0.044132	17.106
22.16	22.15	0.044149	17.200
22.16	22.15	0.044166	17.300
22.16	22.15	0.044182	17.404
22.16	22.15	0.044199	17.499
22.16	22.15	0.044216	17.599
22.16	22.16	0.044232	17.703
22.16	22.16	0.044249	17.798
22.16	22.16	0.044266	17.897
22.16	22.16	0.044282	18.002
22.16	22.16	0.044299	18.096
22.16	22.16	0.044316	18.196
22.16	22.16	0.044332	18.301
22.16	22.16	0.044349	18.395
22.16	22.16	0.044366	18.495
22.16	22.16	0.044382	18.599
22.16	22.16	0.044399	18.694
22.16	22.16	0.044416	18.793
22.16	22.16	0.044432	18.898
22.16	22.17	0.044449	18.993
22.16	22.17	0.044466	19.092
22.16	22.17	0.044482	19.197
22.16	22.17	0.044499	19.291
22.16	22.17	0.044516	19.393
22.19	22.17	0.044532	19.495
22.19	22.17	0.044549	19.590
22.19	22.17	0.044566	19.692
22.19	22.17	0.044582	19.794
22.19	22.17	0.044599	19.889
22.19	22.17	0.044615	19.992
22.19	22.17	0.044632	20.093
22.19	22.17	0.044649	20.187
22.19	22.18	0.044665	20.293
22.19	22.18	0.044682	20.392
22.16	22.18	0.044699	20.486
22.16	22.18	0.044715	20.591
22.16	22.18	0.044732	20.690
22.16	22.18	0.044749	20.786
22.16	22.18	0.044765	20.890
22.16	22.18	0.044782	20.989
22.16	22.18	0.044799	21.086
22.16	22.18	0.044815	21.188
22.16	22.18	0.044832	21.288
22.16	22.18	0.044849	21.385
22.19	22.18	0.044865	21.487
22.19	22.19	0.044882	21.588
22.19	22.19	0.044899	21.685
22.19	22.19	0.044915	21.786
22.19	22.19	0.044932	21.888
22.19	22.19	0.044949	21.986
22.19	22.19	0.044965	22.086
22.19	22.19	0.044982	22.188
22.19	22.19	0.044999	22.286
22.19	22.19	0.045015	22.385
22.19	22.19	0.045032	22.488
22.19	22.19	0.045049	22.585
22.19	22.19	0.045065	22.686
22.21	22.19	0.045082	22.788
22.21	22.20	0.045099	22.885
22.21	22.20	0.045115	22.986
22.21	22.20	0.045132	23.087
22.21	22.20	0.045149	23.186
22.21	22.20	0.045165	23.285
22.21	22.20	0.045182	23.388
22.21	22.20	0.045199	23.486
22.21	22.20	0.045215	23.586
22.21	22.20	0.045232	23.688
22.21	22.20	0.045249	23.785
22.21	22.20	0.045265	23.886
22.21	22.20	0.045282	23.987
22.21	22.20	0.045299	24.086
22.21	22.21	0.045315	24.185
22.21	22.21	0.045332	24.288
22.21	22.21	0.045349	24.386
22.21	22.21	0.045365	24.486
22.21	22.21	0.045382	24.588
22.21	22.21	0.045399	24.685
22.21	22.21	0.045415	24.786
22.19	22.21	0.045432	24.887
22.19	22.21	0.045448	24.986
22.19	22.21	0.045465	25.086
22.19	22.21	0.045482	25.188
22.19	22.21	0.045498	25.286
22.19	22.21	0.045515	25.385
22.19	22.22	0.045532	25.488
22.19	22.22	0.045548	25.586
22.21	22.22	0.045565	25.685
22.21	22.22	0.045582	25.788
22.21	22.22	0.045598	25.885
22.21	22.22	0.045615	25.986
22.21	22.22	0.045632	26.087
22.21	22.22	0.045648	26.186
22.21	22.22	0.045665	26.286
22.21	22.22	0.045682	26.387
22.21	22.22	0.045698	26.486
22.21	22.22	0.045715	26.585
22.21	22.22	0.045732	26.688
22.24	22.23	0.045748	26.785
22.24	22.23	0.045765	26.886
22.24	22.23	0.045782	26.988
22.24	22.23	0.045798	27.115
22.24	22.23	0.045815	27.210
22.24	22.23	0.045832	27.287
22.24	22.23	0.045848	27.414
22.24	22.23	0.045865	27.508
22.24	22.23	0.045882	27.587
22.24	22.23	0.045898	27.712
22.24	22.23	0.045915	27.807
22.24	22.23	0.045932	27.911
22.24	22.23	0.045948	28.011
22.24	22.24	0.045965	28.106
22.24	22.24	0.045982	28.210
22.24	22.24	0.045998	28.310
22.24	22.24	0.046015	28.404
22.24	22.24	0.046032	28.509
22.24	22.24	0.046048	28.608
22.24	22.24	0.046065	28.703
22.24	22.24	0.046082	28.808
22.24	22.24	0.046098	28.907
22.24	22.24	0.046115	29.002
22.24	22.24	0.046132	29.107
22.24	22.24	0.046148	29.202
22.24	22.24	0.046165	29.301
22.24	22.25	0.046182	29.406
22.24	22.25	0.046198	29.500
22.24	22.25	0.046215	29.600
22.24	22.25	0.046232	29.705
22.24	22.25	0.046248	29.799
22.24	22.25	0.046265	29.899
22.24	22.25	0.046281	30.003
22.26	22.25	0.046298	30.098
22.26	22.25	0.046315	30.197
22.26	22.25	0.046331	30.302
22.26	22.25	0.046348	30.397
22.26	22.25	0.046365	30.496
22.26	22.25	0.046381	30.601
22.26	22.26	0.046398	30.695
22.26	22.26	0.046415	30.795
22.26	22.26	0.046431	30.899
22.26	22.26	0.046448	30.994
22.26	22.26	0.046465	31.094
22.26	22.26	0.046481	31.198
22.26	22.26	0.046498	31.293
22.26	22.26	0.046515	31.392
22.26	22.26	0.046531	31.497
22.26	22.26	0.046548	31.591
22.26	22.26	0.046565	31.692
22.26	22.26	0.046581	31.796
22.26	22.26	0.046598	31.890
22.26	22.27	0.046615	31.991
22.26	22.27	0.046631	32.095
22.26	22.27	0.046648	32.190
22.26	22.27	0.046665	32.291
22.26	22.27	0.046681	32.394
22.26	22.27	0.046698	32.488
22.26	22.27	0.046715	32.591
22.26	22.27	0.046731	32.692
22.26	22.27	0.046748	32.787
22.26	22.27	0.046765	32.892
22.29	22.27	0.046781	32.991
22.29	22.27	0.046798	33.086
22.29	22.27	0.046815	33.190
22.29	22.28	0.046831	33.290
22.29	22.28	0.046848	33.385
22.29	22.28	0.046865	33.489
22.29	22.28	0.046881	33.588
22.29	22.28	0.046898	33.686
22.29	22.28	0.046915	33.788
22.29	22.28	0.046931	33.887
22.29	22.28	0.046948	33.986
22.29	22.28	0.046965	34.086
22.29	22.28	0.046981	34.187
22.29	22.28	0.046998	34.285
22.29	22.28	0.047015	34.386
22.29	22.28	0.047031	34.487
22.29	22.29	0.047048	34.586
22.29	22.29	0.047065	34.686
22.26	22.29	0.047081	34.786
22.26	22.29	0.047098	34.886
22.26	22.29	0.047114	34.985
22.26	22.29	0.047131	35.087
22.26	22.29	0.047148	35.185
22.26	22.29	0.047164	35.286
22.26	22.29	0.047181	35.387
22.29	22.29	0.047198	35.486
22.29	22.29	0.047214	35.586
22.29	22.29	0.047231	35.686
22.29	22.29	0.047248	35.786
22.29	22.30	0.047264	35.885
22.29	22.30	0.047281	35.987
22.29	22.30	0.047298	36.086
22.29	22.30	0.047314	36.186
22.29	22.30	0.047331	36.287
22.29	22.30	0.047348	36.385
22.29	22.30	0.047364	36.486
22.32	22.30	0.047381	36.586
22.32	22.30	0.047398	36.686
22.32	22.30	0.047414	36.785
22.32	22.30	0.047431	36.886
22.32	22.30	0.047448	36.986
22.32	22.30	0.047464	37.086
22.32	22.30	0.047481	37.186
22.32	22.31	0.047498	37.286
22.32	22.31	0.047514	37.386
22.32	22.31	0.047531	37.487
22.32	22.31	0.047548	37.585
22.32	22.31	0.047564	37.686
22.32	22.31	0.047581	37.786
22.32	22.31	0.047598	37.886
22.32	22.31	0.047614	37.986
22.32	22.31	0.047631	38.086
22.32	22.31	0.047648	38.186
22.32	22.31	0.047664	38.285
22.29	22.31	0.047681	38.387
22.29	22.31	0.047698	38.485
22.29	22.32	0.047714	38.586
22.29	22.32	0.047731	38.686
22.29	22.32	0.047748	38.786
22.29	22.32	0.047764	38.886
22.29	22.32	0.047781	38.986
22.29	22.32	0.047798	39.086
22.29	22.32	0.047814	39.185
22.32	22.32	0.047831	39.286
22.32	22.32	0.047848	39.385
22.32	22.32	0.047864	39.510
22.32	22.32	0.047881	39.587
22.32	22.32	0.047898	39.714
22.32	22.32	0.047914	39.809
22.32	22.33	0.047931	39.886
22.32	22.33	0.047947	40.013
22.32	22.33	0.047964	40.107
22.32	22.33	0.047981	40.186
22.34	22.33	0.047997	40.311
22.34	22.33	0.048014	40.406
22.34	22.33	0.048031	40.486
22.34	22.33	0.048047	40.610
22.34	22.33	0.048064	40.705
22.34	22.33	0.048081	40.810
22.34	22.33	0.048097	40.910
22.34	22.33	0.048114	41.004
22.34	22.33	0.048131	41.109
22.34	22.34	0.048147	41.208
22.34	22.34	0.048164	41.302
22.34	22.34	0.048181	41.408
22.34	22.34	0.048197	41.507
22.34	22.34	0.048214	41.602
22.34	22.34	0.048231	41.706
22.34	22.34	0.048247	41.801
22.34	22.34	0.048264	41.900
22.34	22.34	0.048281	42.005
22.34	22.34	0.048297	42.099
22.34	22.34	0.048314	42.198
22.34	22.34	0.048331	42.303
22.34	22.34	0.048347	42.399
22.34	22.35	0.048364	42.498
22.34	22.35	0.048381	42.603
22.34	22.35	0.048397	42.697
22.34	22.35	0.048414	42.797
22.34	22.35	0.048431	42.901
22.34	22.35	0.048447	42.996
22.34	22.35	0.048464	43.095
22.34	22.35	0.048481	43.200
22.34	22.35	0.048497	43.295
22.34	22.35	0.048514	43.394
22.34	22.35	0.048531	43.499
22.34	22.35	0.048547	43.593
22.34	22.35	0.048564	43.693
22.37	22.36	0.048581	43.797
22.37	22.36	0.048597	43.892
22.37	22.36	0.048614	43.992
22.37	22.36	0.048631	44.096
22.37	22.36	0.048647	44.191
22.37	22.36	0.048664	44.290
22.37	22.36	0.048681	44.395
22.37	22.36	0.048697	44.489
22.37	22.36	0.048714	44.590
22.37	22.36	0.048731	44.693
22.37	22.36	0.048747	44.788
22.37	22.36	0.048764	44.891
22.37	22.36	0.048780	44.992
22.37	22.37	0.048797	45.087
22.37	22.37	0.048814	45.190
22.37	22.37	0.048830	45.292
22.37	22.37	0.048847	45.385
22.37	22.37	0.048864	45.490
22.37	22.37	0.048880	45.590
22.37	22.37	0.048897	45.687
22.37	22.37	0.048914	45.789
22.37	22.37	0.048930	45.889
22.37	22.37	0.048947	45.986
22.37	22.37	0.048964	46.088
22.37	22.37	0.048980	46.187
22.37	22.37	0.048997	46.287
22.37	22.38	0.049014	46.386
22.37	22.38	0.049030	46.487
22.37	22.38	0.049047	46.587
22.37	22.38	0.049064	46.688
22.37	22.38	0.049080	46.788
22.37	22.38	0.049097	46.887
22.37	22.38	0.049114	46.988
22.37	22.38	0.049130	47.087
22.37	22.38	0.049147	47.188
22.37	22.38	0.049164	47.287
22.37	22.38	0.049180	47.388
22.37	22.38	0.049197	47.488
22.37	22.38	0.049214	47.588
22.37	22.39	0.049230	47.688
22.37	22.39	0.049247	47.787
22.37	22.39	0.049264	47.888
22.39	22.39	0.049280	47.987
22.39	22.39	0.049297	48.088
22.39	22.39	0.049314	48.188
22.39	22.39	0.049330	48.288
22.39	22.39	0.049347	48.388
22.39	22.39	0.049364	48.487
22.39	22.39	0.049380	48.588
22.39	22.39	0.049397	48.687
22.39	22.39	0.049414	48.788
22.39	22.39	0.049430	48.887
22.42	22.40	0.049447	48.988
22.42	22.40	0.049464	49.088
22.42	22.40	0.049480	49.188
22.42	22.40	0.049497	49.288
22.42	22.40	0.049514	49.387
22.42	22.40	0.049530	49.488
22.42	22.40	0.049547	49.587
22.42	22.40	0.049564	49.688
22.42	22.40	0.049580	49.787
22.42	22.40	0.049597	49.888
22.42	22.40	0.049613	49.988
22.42	22.40	0.049630	50.088
22.42	22.40	0.049647	50.188
22.42	22.41	0.049663	50.287
22.39	22.41	0.049680	50.388
22.39	22.41	0.049697	50.487
22.39	22.41	0.049713	50.588
22.39	22.41	0.049730	50.688
22.39	22.41	0.049747	50.788
22.39	22.41	0.049763	50.888
22.39	22.41	0.049780	50.987
22.39	22.41	0.049797	51.088
22.39	22.41	0.049813	51.187
22.39	22.41	0.049830	51.312
22.42	22.41	0.049847	51.417
22.42	22.41	0.049863	51.512
22.42	22.42	0.049880	51.612
22.42	22.42	0.049897	51.716
22.42	22.42	0.049913	51.811
22.42	22.42	0.049930	51.910
22.42	22.42	0.049947	52.015
22.42	22.42	0.049963	52.109
22.42	22.42	0.049980	52.210
22.42	22.42	0.049997	52.313
22.42	22.42	0.050013	52.408
22.42	22.42	0.050030	52.510
22.42	22.42	0.050047	52.612
22.45	22.42	0.050063	52.707
22.45	22.42	0.050080	52.809
22.45	22.43	0.050097	52.911
22.45	22.43	0.050113	53.005
22.45	22.43	0.050130	53.110
22.45	22.43	0.050147	53.210
22.45	22.43	0.050163	53.304
22.45	22.43	0.050180	53.409
22.45	22.43	0.050197	53.508
22.42	22.43	0.050213	53.603
22.42	22.43	0.050230	53.707
22.42	22.43	0.050247	53.807
22.42	22.43	0.050263	53.901
22.42	22.43	0.050280	54.006
22.42	22.43	0.050297	54.106
22.42	22.44	0.050313	54.200
22.42	22.44	0.050330	54.305
22.42	22.44	0.050347	54.399
22.42	22.44	0.050363	54.499
22.42	22.44	0.050380	54.603
22.42	22.44	0.050397	54.698
22.42	22.44	0.050413	54.799
22.42	22.44	0.050430	54.902
22.42	22.44	0.050446	54.997
22.42	22.44	0.050463	55.097
22.45	22.44	0.050480	55.202
22.45	22.44	0.050496	55.296
22.45	22.44	0.050513	55.396
22.45	22.45	0.050530	55.500
22.45	22.45	0.050546	55.595
22.45	22.45	0.050563	55.694
22.45	22.45	0.050580	55.799
22.45	22.45	0.050596	55.893
22.45	22.45	0.050613	55.994
22.45	22.45	0.050630	56.097
22.45	22.45	0.050646	56.194
22.45	22.45	0.050663	56.293
22.45	22.45	0.050680	56.396
22.45	22.45	0.050696	56.494
22.45	22.45	0.050713	56.594
22.45	22.45	0.050730	56.695
22.45	22.46	0.050746	56.794
22.47	22.46	0.050763	56.895
22.47	22.46	0.050780	56.994
22.47	22.46	0.050796	57.095
22.47	22.46	0.050813	57.194
22.47	22.46	0.050830	57.295
22.47	22.46	0.050846	57.395
22.47	22.46	0.050863	57.495
22.47	22.46	0.050880	57.595
22.47	22.46	0.050896	57.694
22.47	22.46	0.050913	57.795
22.47	22.46	0.050930	57.894
22.47	22.46	0.050946	57.995
22.47	22.47	0.050963	58.095
22.47	22.47	0.050980	58.195
22.47	22.47	0.050996	58.295
22.47	22.47	0.051013	58.394
22.47	22.47	0.051030	58.495
22.47	22.47	0.051046	58.594
22.47	22.47	0.051063	58.695
22.47	22.47	0.051080	58.794
22.47	22.47	0.051096	58.895
22.47	22.47	0.051113	58.995
22.47	22.47	0.051130	59.095
22.47	22.47	0.051146	59.195
22.47	22.47	0.051163	59.294
22.47	22.48	0.051180	59.395
22.47	22.48	0.051196	59.494
22.47	22.48	0.051213	59.595
22.47	22.48	0.051230	59.695
22.47	22.48	0.051246	59.795
22.47	22.48	0.051263	59.895
22.47	22.48	0.051279	59.994
22.47	22.48	0.051296	00.095
22.47	22.48	0.051313	00.194
22.47	22.48	0.051329	00.295
22.47	22.48	0.051346	00.394
22.47	22.48	0.051363	00.495
22.47	22.48	0.051379	00.595
22.47	22.49	0.051396	00.695
22.47	22.49	0.051413	00.795
22.47	22.49	0.051429	00.894
22.47	22.49	0.051446	00.995
22.47	22.49	0.051463	01.094
22.47	22.49	0.051479	01.195
22.47	22.49	0.051496	01.295
22.50	22.49	0.051513	01.395
22.50	22.49	0.051529	01.495
22.50	22.49	0.051546	01.594
22.50	22.49	0.051563	01.695
22.50	22.49	0.051579	01.794
22.50	22.49	0.051596	01.894
22.50	22.50	0.051613	01.994
22.50	22.50	0.051629	02.119
22.50	22.50	0.051646	02.223
22.50	22.50	0.051663	02.318
22.50	22.50	0.051679	02.418
22.50	22.50	0.051696	02.522
22.50	22.50	0.051713	02.617
22.50	22.50	0.051729	02.716
