100.00	0.00	7.23	30.00	150.00	2.70	97.30	2.70	

25.01	21.50	0.000000	01.769
24.99	21.50	0.000017	01.865
24.86	21.50	0.000033	01.964
24.68	21.50	0.000050	02.069
24.17	21.50	0.000067	02.163
23.53	21.50	0.000083	02.263
23.19	21.50	0.000100	02.367
22.55	21.50	0.000117	02.462
21.98	21.50	0.000133	02.561
21.74	21.50	0.000150	02.666
21.35	21.50	0.000167	02.761
21.15	21.50	0.000183	02.860
21.09	21.50	0.000200	02.965
21.09	21.50	0.000217	03.059
21.25	21.50	0.000233	03.160
21.35	21.50	0.000250	03.263
21.59	21.50	0.000267	03.358
21.80	21.50	0.000283	03.460
21.90	21.50	0.000300	03.562
22.00	21.50	0.000317	03.657
22.03	21.50	0.000333	03.759
22.03	21.50	0.000350	03.861
21.98	21.50	0.000367	03.955
21.82	21.50	0.000383	04.060
21.74	21.50	0.000400	04.159
21.56	21.50	0.000416	04.254
21.48	21.50	0.000433	04.359
21.30	21.50	0.000450	04.458
21.17	21.50	0.000466	04.553
21.12	21.50	0.000483	04.657
21.07	21.50	0.000500	04.757
21.07	21.50	0.000516	04.851
21.07	21.50	0.000533	04.956
21.07	21.50	0.000550	05.056
21.07	21.50	0.000566	05.150
21.12	21.50	0.000583	05.255
21.20	21.50	0.000600	05.349
21.25	21.50	0.000616	05.449
21.25	21.50	0.000633	05.553
21.25	21.50	0.000650	05.648
21.28	21.50	0.000666	05.747
21.28	21.50	0.000683	05.852
21.28	21.50	0.000700	05.948
21.28	21.50	0.000716	06.048
21.28	21.50	0.000733	06.151
21.28	21.50	0.000750	06.247
21.25	21.50	0.000766	06.348
21.25	21.50	0.000783	06.450
21.20	21.50	0.000800	06.548
21.15	21.50	0.000816	06.648
21.15	21.50	0.000833	06.749
21.15	21.50	0.000850	06.848
21.15	21.50	0.000866	06.947
21.12	21.50	0.000883	07.048
21.12	21.50	0.000900	07.147
21.12	21.50	0.000916	07.248
21.12	21.50	0.000933	07.347
21.12	21.50	0.000950	07.448
21.15	21.50	0.000966	07.548
21.15	21.50	0.000983	07.648
21.15	21.50	0.001000	07.748
21.17	21.50	0.001016	07.847
21.20	21.50	0.001033	07.948
21.22	21.50	0.001050	08.047
21.25	21.50	0.001066	08.148
21.28	21.50	0.001083	08.248
21.28	21.50	0.001100	08.348
21.30	21.50	0.001116	08.448
21.30	21.50	0.001133	08.547
21.30	21.50	0.001150	08.648
21.30	21.50	0.001166	08.747
21.33	21.50	0.001183	08.848
21.33	21.50	0.001200	08.947
21.33	21.50	0.001216	09.048
21.33	21.50	0.001233	09.148
21.33	21.50	0.001250	09.248
21.33	21.50	0.001266	09.348
21.33	21.50	0.001283	09.447
21.35	21.50	0.001299	09.548
21.35	21.50	0.001316	09.648
21.35	21.50	0.001333	09.747
21.35	21.50	0.001349	09.848
21.35	21.50	0.001366	09.948
21.35	21.50	0.001383	10.049
21.35	21.50	0.001399	10.148
21.35	21.50	0.001416	10.249
21.38	21.50	0.001433	10.348
21.38	21.50	0.001449	10.449
21.38	21.50	0.001466	10.549
21.38	21.50	0.001483	10.649
21.38	21.50	0.001499	10.749
21.41	21.50	0.001516	10.849
21.41	21.50	0.001533	10.949
21.41	21.50	0.001549	11.049
21.41	21.50	0.001566	11.150
21.43	21.50	0.001583	11.250
21.43	21.50	0.001599	11.354
21.43	21.50	0.001616	11.450
21.43	21.50	0.001633	11.549
21.46	21.50	0.001649	11.649
21.46	21.50	0.001666	11.748
21.46	21.50	0.001683	11.873
21.46	21.50	0.001699	11.977
21.46	21.50	0.001716	12.077
21.46	21.50	0.001733	12.171
21.46	21.50	0.001749	12.276
21.46	21.50	0.001766	12.376
21.46	21.50	0.001783	12.470
21.48	21.50	0.001799	12.576
21.48	21.50	0.001816	12.674
21.48	21.50	0.001833	12.770
21.48	21.50	0.001849	12.874
21.48	21.50	0.001866	12.969
21.48	21.50	0.001883	13.069
21.48	21.50	0.001899	13.173
21.48	21.50	0.001916	13.268
21.48	21.50	0.001933	13.367
21.48	21.50	0.001949	13.472
21.48	21.50	0.001966	13.566
21.48	21.50	0.001983	13.666
21.48	21.50	0.001999	13.770
21.48	21.50	0.002016	13.865
21.48	21.50	0.002033	13.965
21.48	21.50	0.002049	14.069
21.48	21.50	0.002066	14.164
21.48	21.50	0.002082	14.263
21.48	21.50	0.002099	14.368
21.48	21.50	0.002116	14.462
21.48	21.50	0.002132	14.562
21.48	21.50	0.002149	14.666
21.48	21.50	0.002166	14.761
21.48	21.50	0.002182	14.861
21.48	21.50	0.002199	14.965
21.48	21.50	0.002216	15.059
21.48	21.50	0.002232	15.159
21.48	21.50	0.002249	15.264
21.48	21.50	0.002266	15.358
21.48	21.50	0.002282	15.459
21.48	21.50	0.002299	15.563
21.48	21.50	0.002316	15.658
21.48	21.50	0.002332	15.758
21.48	21.50	0.002349	15.862
21.48	21.50	0.002366	15.957
21.48	21.50	0.002382	16.058
21.48	21.50	0.002399	16.161
21.51	21.50	0.002416	16.255
21.51	21.50	0.002432	16.358
21.51	21.50	0.002449	16.459
21.51	21.50	0.002466	16.553
21.51	21.50	0.002482	16.658
21.51	21.50	0.002499	16.758
21.51	21.50	0.002516	16.852
21.51	21.50	0.002532	16.958
21.51	21.50	0.002549	17.057
21.51	21.50	0.002566	17.152
21.51	21.50	0.002582	17.256
21.51	21.50	0.002599	17.356
21.51	21.50	0.002616	17.450
21.51	21.50	0.002632	17.555
21.48	21.50	0.002649	17.655
21.48	21.50	0.002666	17.750
21.48	21.50	0.002682	17.854
21.48	21.50	0.002699	17.953
21.48	21.50	0.002716	18.050
21.48	21.50	0.002732	18.152
21.48	21.50	0.002749	18.254
21.48	21.50	0.002766	18.350
21.48	21.50	0.002782	18.451
21.48	21.50	0.002799	18.554
21.48	21.50	0.002816	18.649
21.48	21.50	0.002832	18.750
21.48	21.50	0.002849	18.853
21.48	21.50	0.002866	18.950
21.51	21.50	0.002882	19.049
21.51	21.50	0.002899	19.154
21.51	21.50	0.002915	19.250
21.51	21.50	0.002932	19.350
21.51	21.50	0.002949	19.454
21.51	21.50	0.002965	19.549
21.51	21.50	0.002982	19.650
21.51	21.50	0.002999	19.753
21.51	21.50	0.003015	19.849
21.51	21.50	0.003032	19.949
21.51	21.50	0.003049	20.054
21.51	21.50	0.003065	20.149
21.51	21.50	0.003082	20.250
21.51	21.50	0.003099	20.354
21.48	21.50	0.003115	20.450
21.48	21.50	0.003132	20.550
21.48	21.50	0.003149	20.653
21.48	21.50	0.003165	20.750
21.48	21.50	0.003182	20.849
21.48	21.50	0.003199	20.954
21.48	21.50	0.003215	21.049
21.48	21.50	0.003232	21.150
21.48	21.50	0.003249	21.254
21.48	21.50	0.003265	21.350
21.48	21.50	0.003282	21.450
21.48	21.50	0.003299	21.553
21.51	21.50	0.003315	21.650
21.51	21.50	0.003332	21.749
21.51	21.50	0.003349	21.853
21.51	21.50	0.003365	21.950
21.51	21.50	0.003382	22.050
21.51	21.50	0.003399	22.154
21.51	21.50	0.003415	22.249
21.51	21.50	0.003432	22.350
21.51	21.50	0.003449	22.453
21.51	21.50	0.003465	22.550
21.51	21.50	0.003482	22.649
21.51	21.50	0.003499	22.754
21.51	21.50	0.003515	22.850
21.51	21.50	0.003532	22.950
21.51	21.50	0.003549	23.054
21.51	21.50	0.003565	23.149
21.51	21.50	0.003582	23.250
21.51	21.50	0.003599	23.353
21.48	21.50	0.003615	23.450
21.48	21.50	0.003632	23.549
21.48	21.50	0.003649	23.653
21.48	21.50	0.003665	23.749
21.48	21.50	0.003682	23.874
21.48	21.50	0.003699	23.953
21.48	21.50	0.003715	24.078
21.48	21.50	0.003732	24.173
21.48	21.50	0.003748	24.277
21.48	21.50	0.003765	24.377
21.48	21.50	0.003782	24.471
21.51	21.50	0.003798	24.576
21.51	21.50	0.003815	24.676
21.51	21.50	0.003832	24.770
21.51	21.50	0.003848	24.875
21.51	21.50	0.003865	24.974
21.51	21.50	0.003882	25.069
21.51	21.50	0.003898	25.173
21.51	21.50	0.003915	25.274
21.51	21.50	0.003932	25.368
21.51	21.50	0.003948	25.472
21.51	21.50	0.003965	25.568
21.51	21.50	0.003982	25.666
21.51	21.50	0.003998	25.771
21.51	21.50	0.004015	25.865
21.51	21.50	0.004032	25.965
21.51	21.50	0.004048	26.069
21.51	21.50	0.004065	26.164
21.51	21.50	0.004082	26.265
21.51	21.50	0.004098	26.369
21.48	21.50	0.004115	26.464
21.48	21.50	0.004132	26.563
21.48	21.50	0.004148	26.668
21.48	21.50	0.004165	26.762
21.48	21.50	0.004182	26.862
21.48	21.50	0.004198	26.967
21.48	21.50	0.004215	27.061
21.48	21.50	0.004232	27.161
21.48	21.50	0.004248	27.265
21.48	21.50	0.004265	27.360
21.48	21.50	0.004282	27.459
21.48	21.50	0.004298	27.564
21.48	21.50	0.004315	27.658
21.48	21.50	0.004332	27.758
21.51	21.50	0.004348	27.863
21.51	21.50	0.004365	27.957
21.51	21.50	0.004382	28.058
21.51	21.50	0.004398	28.161
21.51	21.50	0.004415	28.256
21.51	21.50	0.004432	28.357
21.51	21.50	0.004448	28.460
21.51	21.50	0.004465	28.555
21.51	21.50	0.004482	28.657
21.51	21.50	0.004498	28.759
21.51	21.50	0.004515	28.853
21.51	21.50	0.004532	28.958
21.51	21.50	0.004548	29.057
21.51	21.50	0.004565	29.153
21.51	21.50	0.004581	29.256
21.51	21.50	0.004598	29.357
21.51	21.50	0.004615	29.453
21.51	21.50	0.004631	29.555
21.48	21.50	0.004648	29.655
21.48	21.50	0.004665	29.752
21.48	21.50	0.004681	29.855
21.48	21.50	0.004698	29.953
21.48	21.50	0.004715	30.053
21.48	21.50	0.004731	30.153
21.48	21.50	0.004748	30.253
21.48	21.50	0.004765	30.353
21.48	21.50	0.004781	30.452
21.48	21.50	0.004798	30.553
21.51	21.50	0.004815	30.652
21.51	21.50	0.004831	30.753
21.51	21.50	0.004848	30.852
21.51	21.50	0.004865	30.953
21.51	21.50	0.004881	31.053
21.51	21.50	0.004898	31.153
21.51	21.50	0.004915	31.253
21.51	21.50	0.004931	31.352
21.51	21.50	0.004948	31.453
21.51	21.50	0.004965	31.552
21.51	21.50	0.004981	31.653
21.51	21.50	0.004998	31.752
21.51	21.50	0.005015	31.853
21.51	21.50	0.005031	31.953
21.51	21.50	0.005048	32.053
21.51	21.50	0.005065	32.153
21.51	21.50	0.005081	32.252
21.48	21.50	0.005098	32.353
21.48	21.50	0.005115	32.452
21.48	21.50	0.005131	32.553
21.48	21.50	0.005148	32.652
21.48	21.50	0.005165	32.753
21.48	21.50	0.005181	32.853
21.48	21.50	0.005198	32.953
21.48	21.50	0.005215	33.053
21.48	21.50	0.005231	33.152
21.48	21.50	0.005248	33.253
21.51	21.50	0.005265	33.352
21.51	21.50	0.005281	33.453
21.51	21.50	0.005298	33.553
21.51	21.50	0.005315	33.653
21.51	21.50	0.005331	33.753
21.51	21.50	0.005348	33.852
21.51	21.50	0.005365	33.953
21.51	21.50	0.005381	34.052
21.51	21.50	0.005398	34.152
21.51	21.50	0.005414	34.253
21.51	21.50	0.005431	34.352
21.51	21.50	0.005448	34.453
21.51	21.50	0.005464	34.553
21.51	21.50	0.005481	34.653
21.51	21.50	0.005498	34.753
21.51	21.50	0.005514	34.852
21.51	21.50	0.005531	34.953
21.51	21.50	0.005548	35.052
21.48	21.50	0.005564	35.153
21.48	21.50	0.005581	35.252
21.48	21.50	0.005598	35.377
21.48	21.50	0.005614	35.452
21.48	21.50	0.005631	35.576
21.48	21.50	0.005648	35.653
21.48	21.50	0.005664	35.780
21.48	21.50	0.005681	35.875
21.48	21.50	0.005698	35.952
21.48	21.50	0.005714	36.079
21.48	21.50	0.005731	36.173
21.51	21.50	0.005748	36.277
21.51	21.50	0.005764	36.377
21.51	21.50	0.005781	36.472
21.51	21.50	0.005798	36.552
21.51	21.50	0.005814	36.677
21.51	21.50	0.005831	36.772
21.51	21.50	0.005848	36.876
21.51	21.50	0.005864	36.976
21.51	21.50	0.005881	37.070
21.51	21.50	0.005898	37.175
21.51	21.50	0.005914	37.275
21.51	21.50	0.005931	37.369
21.51	21.50	0.005948	37.474
21.51	21.50	0.005964	37.573
21.51	21.50	0.005981	37.668
21.51	21.50	0.005998	37.772
21.51	21.50	0.006014	37.867
21.51	21.50	0.006031	37.966
21.51	21.50	0.006048	38.071
21.51	21.50	0.006064	38.166
21.51	21.50	0.006081	38.265
21.51	21.50	0.006098	38.370
21.48	21.50	0.006114	38.464
21.48	21.50	0.006131	38.564
21.48	21.50	0.006148	38.668
21.48	21.50	0.006164	38.763
21.48	21.50	0.006181	38.863
21.48	21.50	0.006198	38.967
21.48	21.50	0.006214	39.062
21.48	21.50	0.006231	39.161
21.48	21.50	0.006247	39.266
21.48	21.50	0.006264	39.360
21.48	21.50	0.006281	39.460
21.51	21.50	0.006297	39.565
21.51	21.50	0.006314	39.659
21.51	21.50	0.006331	39.759
21.51	21.50	0.006347	39.863
21.51	21.50	0.006364	39.958
21.51	21.50	0.006381	40.057
21.51	21.50	0.006397	40.162
21.51	21.50	0.006414	40.257
21.51	21.50	0.006431	40.356
21.51	21.50	0.006447	40.461
21.51	21.50	0.006464	40.555
21.51	21.50	0.006481	40.657
21.51	21.50	0.006497	40.760
21.51	21.50	0.006514	40.854
21.51	21.50	0.006531	40.957
21.51	21.50	0.006547	41.059
21.51	21.50	0.006564	41.153
21.51	21.50	0.006581	41.257
21.51	21.50	0.006597	41.357
21.51	21.50	0.006614	41.453
21.48	21.50	0.006631	41.556
21.48	21.50	0.006647	41.656
21.48	21.50	0.006664	41.751
21.48	21.50	0.006681	41.855
21.48	21.50	0.006697	41.954
21.48	21.50	0.006714	42.053
21.48	21.50	0.006731	42.154
21.48	21.50	0.006747	42.254
21.48	21.50	0.006764	42.352
21.48	21.50	0.006781	42.453
21.48	21.50	0.006797	42.552
21.51	21.50	0.006814	42.653
21.51	21.50	0.006831	42.753
21.51	21.50	0.006847	42.853
21.51	21.50	0.006864	42.953
21.51	21.50	0.006881	43.052
21.51	21.50	0.006897	43.153
21.51	21.50	0.006914	43.253
21.51	21.50	0.006931	43.353
21.51	21.50	0.006947	43.453
21.51	21.50	0.006964	43.552
21.51	21.50	0.006981	43.653
21.51	21.50	0.006997	43.752
21.51	21.50	0.007014	43.853
21.51	21.50	0.007031	43.952
21.51	21.50	0.007047	44.053
21.51	21.50	0.007064	44.153
21.51	21.50	0.007080	44.253
21.51	21.50	0.007097	44.353
21.48	21.50	0.007114	44.452
21.48	21.50	0.007130	44.553
21.48	21.50	0.007147	44.652
21.48	21.50	0.007164	44.753
21.48	21.50	0.007180	44.853
21.48	21.50	0.007197	44.953
21.48	21.50	0.007214	45.053
21.48	21.50	0.007230	45.152
21.48	21.50	0.007247	45.253
21.48	21.50	0.007264	45.352
21.48	21.50	0.007280	45.453
21.51	21.50	0.007297	45.552
21.51	21.50	0.007314	45.653
21.51	21.50	0.007330	45.753
21.51	21.50	0.007347	45.853
21.51	21.50	0.007364	45.953
21.51	21.50	0.007380	46.052
21.51	21.50	0.007397	46.153
21.51	21.50	0.007414	46.252
21.51	21.50	0.007430	46.353
21.51	21.50	0.007447	46.453
21.51	21.50	0.007464	46.553
21.51	21.50	0.007480	46.653
21.51	21.50	0.007497	46.752
21.51	21.50	0.007514	46.853
21.51	21.50	0.007530	46.952
21.51	21.50	0.007547	47.053
21.51	21.50	0.007564	47.152
21.51	21.50	0.007580	47.253
21.51	21.50	0.007597	47.353
21.51	21.50	0.007614	47.453
21.51	21.50	0.007630	47.552
21.51	21.50	0.007647	47.651
21.51	21.50	0.007664	47.782
21.51	21.50	0.007680	47.876
21.48	21.50	0.007697	47.976
21.48	21.50	0.007714	48.080
21.48	21.50	0.007730	48.174
21.48	21.50	0.007747	48.276
21.48	21.50	0.007764	48.379
21.48	21.50	0.007780	48.473
21.48	21.50	0.007797	48.576
21.48	21.50	0.007814	48.677
21.48	21.50	0.007830	48.772
21.48	21.50	0.007847	48.875
21.51	21.50	0.007864	48.977
21.51	21.50	0.007880	49.071
21.51	21.50	0.007897	49.176
21.51	21.50	0.007913	49.276
21.51	21.50	0.007930	49.370
21.51	21.50	0.007947	49.475
21.51	21.50	0.007963	49.574
21.51	21.50	0.007980	49.669
21.51	21.50	0.007997	49.773
21.51	21.50	0.008013	49.873
21.51	21.50	0.008030	49.968
21.51	21.50	0.008047	50.072
21.51	21.50	0.008063	50.172
21.51	21.50	0.008080	50.266
21.51	21.50	0.008097	50.371
21.51	21.50	0.008113	50.465
21.51	21.50	0.008130	50.565
21.51	21.50	0.008147	50.670
21.51	21.50	0.008163	50.764
21.48	21.50	0.008180	50.864
21.48	21.50	0.008197	50.968
21.48	21.50	0.008213	51.063
21.48	21.50	0.008230	51.162
21.48	21.50	0.008247	51.267
21.48	21.50	0.008263	51.362
21.48	21.50	0.008280	51.462
21.48	21.50	0.008297	51.566
21.48	21.50	0.008313	51.661
21.48	21.50	0.008330	51.760
21.51	21.50	0.008347	51.865
21.51	21.50	0.008363	51.959
21.51	21.50	0.008380	52.059
21.51	21.50	0.008397	52.163
21.51	21.50	0.008413	52.258
21.51	21.50	0.008430	52.358
21.51	21.50	0.008447	52.462
21.51	21.50	0.008463	52.557
21.51	21.50	0.008480	52.656
21.51	21.50	0.008497	52.761
21.51	21.50	0.008513	52.855
21.51	21.50	0.008530	52.956
21.51	21.50	0.008547	53.059
21.51	21.50	0.008563	53.154
21.51	21.50	0.008580	53.256
21.51	21.50	0.008597	53.358
21.51	21.50	0.008613	53.453
21.51	21.50	0.008630	53.555
21.51	21.50	0.008647	53.657
21.51	21.50	0.008663	53.752
21.48	21.50	0.008680	53.855
21.48	21.50	0.008697	53.956
21.48	21.50	0.008713	54.053
21.48	21.50	0.008730	54.155
21.48	21.50	0.008746	54.254
21.48	21.50	0.008763	54.353
21.48	21.50	0.008780	54.453
21.48	21.50	0.008796	54.553
21.48	21.50	0.008813	54.653
21.48	21.50	0.008830	54.752
21.48	21.50	0.008846	54.853
21.51	21.50	0.008863	54.953
21.51	21.50	0.008880	55.053
21.51	21.50	0.008896	55.153
21.51	21.50	0.008913	55.252
21.51	21.50	0.008930	55.353
21.51	21.50	0.008946	55.452
21.51	21.50	0.008963	55.553
21.51	21.50	0.008980	55.653
21.51	21.50	0.008996	55.753
21.51	21.50	0.009013	55.853
21.51	21.50	0.009030	55.952
21.51	21.50	0.009046	56.053
21.51	21.50	0.009063	56.152
21.51	21.50	0.009080	56.253
21.51	21.50	0.009096	56.353
21.51	21.50	0.009113	56.453
21.51	21.50	0.009130	56.553
21.51	21.50	0.009146	56.652
21.51	21.50	0.009163	56.753
21.51	21.50	0.009180	56.852
21.51	21.50	0.009196	56.953
21.51	21.50	0.009213	57.053
21.51	21.50	0.009230	57.153
21.48	21.50	0.009246	57.253
21.48	21.50	0.009263	57.352
21.48	21.50	0.009280	57.453
21.48	21.50	0.009296	57.552
21.48	21.50	0.009313	57.653
21.48	21.50	0.009330	57.752
21.48	21.50	0.009346	57.853
21.48	21.50	0.009363	57.953
21.48	21.50	0.009380	58.053
21.48	21.50	0.009396	58.152
21.51	21.50	0.009413	58.253
21.51	21.50	0.009430	58.352
21.51	21.50	0.009446	58.453
21.51	21.50	0.009463	58.552
21.51	21.50	0.009480	58.653
21.51	21.50	0.009496	58.753
21.51	21.50	0.009513	58.853
21.51	21.50	0.009530	58.953
21.51	21.50	0.009546	59.052
21.51	21.50	0.009563	59.153
21.51	21.50	0.009579	59.252
21.51	21.50	0.009596	59.353
21.51	21.50	0.009613	59.453
21.51	21.50	0.009629	59.553
21.51	21.50	0.009646	59.653
21.51	21.50	0.009663	59.752
21.51	21.50	0.009679	59.851
21.51	21.50	0.009696	59.977
21.51	21.50	0.009713	00.081
21.51	21.50	0.009729	00.176
21.48	21.50	0.009746	00.275
21.48	21.50	0.009763	00.380
21.48	21.50	0.009779	00.475
21.48	21.50	0.009796	00.575
21.48	21.50	0.009813	00.679
21.48	21.50	0.009829	00.773
21.48	21.50	0.009846	00.875
21.48	21.50	0.009863	00.977
21.48	21.50	0.009879	01.072
21.48	21.50	0.009896	01.175
21.48	21.50	0.009913	01.276
21.48	21.50	0.009929	01.371
21.51	21.50	0.009946	01.475
21.51	21.50	0.009963	01.575
21.51	21.50	0.009979	01.670
21.51	21.50	0.009996	01.774
21.51	21.50	0.010013	01.874
21.51	21.50	0.010029	01.968
21.51	21.50	0.010046	02.073
21.51	21.50	0.010063	02.172
21.51	21.50	0.010079	02.267
21.51	21.50	0.010096	02.371
21.51	21.50	0.010113	02.471
21.51	21.50	0.010129	02.566
21.51	21.50	0.010146	02.670
21.51	21.50	0.010163	02.765
21.51	21.50	0.010179	02.864
21.51	21.50	0.010196	02.969
21.51	21.50	0.010213	03.063
21.51	21.50	0.010229	03.163
21.51	21.50	0.010246	03.268
21.51	21.50	0.010263	03.362
21.51	21.50	0.010279	03.462
21.51	21.50	0.010296	03.567
21.51	21.50	0.010313	03.661
21.51	21.50	0.010329	03.760
21.48	21.50	0.010346	03.865
21.48	21.50	0.010363	03.959
21.48	21.50	0.010379	04.060
21.48	21.50	0.010396	04.165
21.48	21.50	0.010412	04.259
21.48	21.50	0.010429	04.359
21.48	21.50	0.010446	04.463
21.48	21.50	0.010462	04.558
21.48	21.50	0.010479	04.657
21.51	21.50	0.010496	04.762
21.51	21.50	0.010512	04.857
21.51	21.50	0.010529	04.956
21.51	21.50	0.010546	05.061
21.51	21.50	0.010562	05.155
21.51	21.50	0.010579	05.255
21.51	21.50	0.010596	05.359
21.51	21.50	0.010612	05.454
21.51	21.50	0.010629	05.554
21.51	21.50	0.010646	05.658
21.51	21.50	0.010662	05.754
21.51	21.50	0.010679	05.854
21.51	21.50	0.010696	05.957
21.51	21.50	0.010712	06.053
21.51	21.50	0.010729	06.154
21.51	21.50	0.010746	06.255
21.51	21.50	0.010762	06.354
21.51	21.50	0.010779	06.455
21.51	21.50	0.010796	06.554
21.48	21.50	0.010812	06.654
21.48	21.50	0.010829	06.753
21.48	21.50	0.010846	06.854
21.48	21.50	0.010862	06.953
21.48	21.50	0.010879	07.054
21.48	21.50	0.010896	07.153
21.48	21.50	0.010912	07.254
21.48	21.50	0.010929	07.354
21.48	21.50	0.010946	07.454
21.48	21.50	0.010962	07.554
21.48	21.50	0.010979	07.653
21.51	21.50	0.010996	07.754
21.51	21.50	0.011012	07.853
21.51	21.50	0.011029	07.954
21.51	21.50	0.011046	08.053
21.51	21.50	0.011062	08.154
21.51	21.50	0.011079	08.254
21.51	21.50	0.011096	08.353
21.51	21.50	0.011112	08.454
21.51	21.50	0.011129	08.553
21.51	21.50	0.011146	08.654
21.51	21.50	0.011162	08.753
21.51	21.50	0.011179	08.854
21.51	21.50	0.011196	08.954
21.51	21.50	0.011212	09.054
21.51	21.50	0.011229	09.154
21.51	21.50	0.011245	09.253
21.51	21.50	0.011262	09.354
21.51	21.50	0.011279	09.453
21.51	21.50	0.011295	09.554
21.51	21.50	0.011312	09.653
21.51	21.50	0.011329	09.754
21.48	21.50	0.011345	09.854
21.48	21.50	0.011362	09.954
21.48	21.50	0.011379	10.054
21.48	21.50	0.011395	10.153
21.48	21.50	0.011412	10.254
21.48	21.50	0.011429	10.353
21.48	21.50	0.011445	10.454
21.48	21.50	0.011462	10.554
21.48	21.50	0.011479	10.654
21.48	21.50	0.011495	10.754
21.51	21.50	0.011512	10.853
21.51	21.50	0.011529	10.954
21.51	21.50	0.011545	11.053
21.51	21.50	0.011562	11.154
21.51	21.50	0.011579	11.253
21.51	21.50	0.011595	11.354
21.51	21.50	0.011612	11.454
21.51	21.50	0.011629	11.554
21.51	21.50	0.011645	11.654
21.51	21.50	0.011662	11.753
21.51	21.50	0.011679	11.878
21.51	21.50	0.011695	11.977
21.51	21.50	0.011712	12.082
21.51	21.50	0.011729	12.176
21.51	21.50	0.011745	12.276
21.51	21.50	0.011762	12.380
21.51	21.50	0.011779	12.475
21.51	21.50	0.011795	12.575
21.51	21.50	0.011812	12.679
21.48	21.50	0.011829	12.774
21.48	21.50	0.011845	12.874
21.48	21.50	0.011862	12.978
21.48	21.50	0.011879	13.072
21.48	21.50	0.011895	13.174
21.48	21.50	0.011912	13.277
21.48	21.50	0.011929	13.371
21.48	21.50	0.011945	13.474
21.48	21.50	0.011962	13.575
21.48	21.50	0.011979	13.670
21.51	21.50	0.011995	13.774
21.51	21.50	0.012012	13.875
21.51	21.50	0.012029	13.970
21.51	21.50	0.012045	14.074
21.51	21.50	0.012062	14.174
21.51	21.50	0.012078	14.268
21.51	21.50	0.012095	14.373
21.51	21.50	0.012112	14.472
21.51	21.50	0.012128	14.567
21.51	21.50	0.012145	14.671
21.51	21.50	0.012162	14.771
21.51	21.50	0.012178	14.866
21.51	21.50	0.012195	14.970
21.51	21.50	0.012212	15.070
21.51	21.50	0.012228	15.164
21.51	21.50	0.012245	15.269
21.51	21.50	0.012262	15.363
21.51	21.50	0.012278	15.463
21.51	21.50	0.012295	15.567
21.51	21.50	0.012312	15.662
21.51	21.50	0.012328	15.762
21.51	21.50	0.012345	15.866
21.51	21.50	0.012362	15.961
21.48	21.50	0.012378	16.060
21.48	21.50	0.012395	16.165
21.48	21.50	0.012412	16.259
21.48	21.50	0.012428	16.359
21.48	21.50	0.012445	16.464
21.48	21.50	0.012462	16.558
21.48	21.50	0.012478	16.658
21.48	21.50	0.012495	16.762
21.48	21.50	0.012512	16.857
21.48	21.50	0.012528	16.956
21.48	21.50	0.012545	17.061
21.51	21.50	0.012562	17.156
21.51	21.50	0.012578	17.256
21.51	21.50	0.012595	17.361
21.51	21.50	0.012612	17.455
21.51	21.50	0.012628	17.554
21.51	21.50	0.012645	17.659
21.51	21.50	0.012662	17.754
21.51	21.50	0.012678	17.855
21.51	21.50	0.012695	17.957
21.51	21.50	0.012712	18.055
21.51	21.50	0.012728	18.155
21.51	21.50	0.012745	18.256
21.51	21.50	0.012762	18.356
21.51	21.50	0.012778	18.455
21.51	21.50	0.012795	18.556
21.51	21.50	0.012812	18.655
21.51	21.50	0.012828	18.756
21.51	21.50	0.012845	18.856
21.51	21.50	0.012862	18.956
21.51	21.50	0.012878	19.056
21.51	21.50	0.012895	19.155
21.51	21.50	0.012911	19.256
21.48	21.50	0.012928	19.355
21.48	21.50	0.012945	19.456
21.48	21.50	0.012961	19.555
21.48	21.50	0.012978	19.656
21.48	21.50	0.012995	19.756
21.48	21.50	0.013011	19.856
21.48	21.50	0.013028	19.956
21.48	21.50	0.013045	20.055
21.48	21.50	0.013061	20.156
21.51	21.50	0.013078	20.255
21.51	21.50	0.013095	20.356
21.51	21.50	0.013111	20.456
21.51	21.50	0.013128	20.556
21.51	21.50	0.013145	20.656
21.51	21.50	0.013161	20.755
21.51	21.50	0.013178	20.856
21.51	21.50	0.013195	20.955
21.51	21.50	0.013211	21.056
21.51	21.50	0.013228	21.155
21.51	21.50	0.013245	21.256
21.51	21.50	0.013261	21.356
21.51	21.50	0.013278	21.456
21.51	21.50	0.013295	21.556
21.51	21.50	0.013311	21.655
21.51	21.50	0.013328	21.756
21.51	21.50	0.013345	21.855
21.51	21.50	0.013361	21.956
21.51	21.50	0.013378	22.056
21.48	21.50	0.013395	22.156
21.48	21.50	0.013411	22.256
21.48	21.50	0.013428	22.355
21.48	21.50	0.013445	22.456
21.48	21.50	0.013461	22.555
21.48	21.50	0.013478	22.656
21.48	21.50	0.013495	22.755
21.48	21.50	0.013511	22.856
21.48	21.50	0.013528	22.956
21.48	21.50	0.013545	23.056
21.51	21.50	0.013561	23.156
21.51	21.50	0.013578	23.256
21.51	21.50	0.013595	23.355
21.51	21.50	0.013611	23.456
21.51	21.50	0.013628	23.555
21.51	21.50	0.013645	23.680
21.51	21.50	0.013661	23.785
21.51	21.50	0.013678	23.879
21.51	21.50	0.013695	23.979
21.51	21.50	0.013711	24.083
21.51	21.50	0.013728	24.178
21.51	21.50	0.013744	24.277
21.51	21.50	0.013761	24.382
21.51	21.50	0.013778	24.476
21.51	21.50	0.013794	24.576
21.51	21.50	0.013811	24.681
21.51	21.50	0.013828	24.775
21.51	21.50	0.013844	24.875
21.51	21.50	0.013861	24.979
21.51	21.50	0.013878	25.074
21.48	21.50	0.013894	25.173
21.48	21.50	0.013911	25.278
21.48	21.50	0.013928	25.372
21.48	21.50	0.013944	25.473
21.48	21.50	0.013961	25.577
21.48	21.50	0.013978	25.672
21.48	21.50	0.013994	25.773
21.48	21.50	0.014011	25.876
21.48	21.50	0.014028	25.970
21.51	21.50	0.014044	26.073
21.51	21.50	0.014061	26.174
21.51	21.50	0.014078	26.269
21.51	21.50	0.014094	26.373
21.51	21.50	0.014111	26.473
21.51	21.50	0.014128	26.568
21.51	21.50	0.014144	26.672
21.51	21.50	0.014161	26.772
21.51	21.50	0.014178	26.866
21.51	21.50	0.014194	26.971
21.51	21.50	0.014211	27.071
21.51	21.50	0.014228	27.165
21.51	21.50	0.014244	27.270
21.51	21.50	0.014261	27.369
21.51	21.50	0.014278	27.464
21.51	21.50	0.014294	27.568
21.51	21.50	0.014311	27.663
21.51	21.50	0.014328	27.763
21.51	21.50	0.014344	27.867
21.51	21.50	0.014361	27.962
21.48	21.50	0.014378	28.061
21.48	21.50	0.014394	28.166
21.48	21.50	0.014411	28.260
21.48	21.50	0.014428	28.360
21.48	21.50	0.014444	28.464
21.48	21.50	0.014461	28.559
21.48	21.50	0.014478	28.659
21.48	21.50	0.014494	28.763
21.48	21.50	0.014511	28.858
21.51	21.50	0.014528	28.958
21.51	21.50	0.014544	29.063
21.51	21.50	0.014561	29.157
21.51	21.50	0.014577	29.257
21.51	21.50	0.014594	29.361
21.51	21.50	0.014611	29.456
21.51	21.50	0.014627	29.556
21.51	21.50	0.014644	29.660
21.51	21.50	0.014661	29.755
21.51	21.50	0.014677	29.856
21.51	21.50	0.014694	29.958
21.51	21.50	0.014711	30.056
21.51	21.50	0.014727	30.155
21.51	21.50	0.014744	30.257
21.51	21.50	0.014761	30.356
21.51	21.50	0.014777	30.455
21.51	21.50	0.014794	30.556
21.51	21.50	0.014811	30.655
21.51	21.50	0.014827	30.756
21.51	21.50	0.014844	30.855
21.51	21.50	0.014861	30.956
21.51	21.50	0.014877	31.056
21.51	21.50	0.014894	31.156
21.48	21.50	0.014911	31.256
21.48	21.50	0.014927	31.355
21.48	21.50	0.014944	31.456
21.48	21.50	0.014961	31.555
21.48	21.50	0.014977	31.656
21.48	21.50	0.014994	31.755
21.48	21.50	0.015011	31.856
21.48	21.50	0.015027	31.956
21.48	21.50	0.015044	32.056
21.48	21.50	0.015061	32.156
21.48	21.50	0.015077	32.255
21.48	21.50	0.015094	32.356
21.51	21.50	0.015111	32.455
21.51	21.50	0.015127	32.556
21.51	21.50	0.015144	32.655
21.51	21.50	0.015161	32.756
21.51	21.50	0.015177	32.856
21.51	21.50	0.015194	32.955
21.51	21.50	0.015211	33.056
21.51	21.50	0.015227	33.155
21.51	21.50	0.015244	33.256
21.51	21.50	0.015261	33.355
21.51	21.50	0.015277	33.456
21.51	21.50	0.015294	33.556
21.51	21.50	0.015311	33.656
21.51	21.50	0.015327	33.756
21.51	21.50	0.015344	33.855
21.51	21.50	0.015361	33.956
21.51	21.50	0.015377	34.055
21.51	21.50	0.015394	34.156
21.51	21.50	0.015410	34.255
21.48	21.50	0.015427	34.356
21.48	21.50	0.015444	34.456
21.48	21.50	0.015460	34.556
21.48	21.50	0.015477	34.656
21.48	21.50	0.015494	34.755
21.48	21.50	0.015510	34.856
21.48	21.50	0.015527	34.955
21.48	21.50	0.015544	35.056
21.48	21.50	0.015560	35.155
21.48	21.50	0.015577	35.256
21.48	21.50	0.015594	35.356
21.51	21.50	0.015610	35.455
21.51	21.50	0.015627	35.556
21.51	21.50	0.015644	35.655
21.51	21.50	0.015660	35.785
21.51	21.50	0.015677	35.879
21.51	21.50	0.015694	35.979
21.51	21.50	0.015710	36.083
21.51	21.50	0.015727	36.179
21.51	21.50	0.015744	36.279
21.51	21.50	0.015760	36.383
21.51	21.50	0.015777	36.478
21.51	21.50	0.015794	36.577
21.51	21.50	0.015810	36.682
21.51	21.50	0.015827	36.776
21.51	21.50	0.015844	36.876
21.51	21.50	0.015860	36.980
21.51	21.50	0.015877	37.075
21.51	21.50	0.015894	37.174
21.51	21.50	0.015910	37.279
21.51	21.50	0.015927	37.373
21.51	21.50	0.015944	37.473
21.51	21.50	0.015960	37.577
21.48	21.50	0.015977	37.672
21.48	21.50	0.015994	37.773
21.48	21.50	0.016010	37.876
21.48	21.50	0.016027	37.971
21.48	21.50	0.016044	38.072
21.48	21.50	0.016060	38.175
21.48	21.50	0.016077	38.270
21.48	21.50	0.016094	38.372
21.48	21.50	0.016110	38.474
21.48	21.50	0.016127	38.569
21.51	21.50	0.016144	38.672
21.51	21.50	0.016160	38.773
21.51	21.50	0.016177	38.867
21.51	21.50	0.016194	38.972
21.51	21.50	0.016210	39.071
21.51	21.50	0.016227	39.166
21.51	21.50	0.016244	39.270
21.51	21.50	0.016260	39.370
21.51	21.50	0.016277	39.465
21.51	21.50	0.016293	39.569
21.51	21.50	0.016310	39.669
21.51	21.50	0.016327	39.763
21.51	21.50	0.016343	39.868
21.51	21.50	0.016360	39.967
21.51	21.50	0.016377	40.062
21.51	21.50	0.016393	40.168
21.51	21.50	0.016410	40.261
21.51	21.50	0.016427	40.361
21.51	21.50	0.016443	40.466
21.51	21.50	0.016460	40.560
21.51	21.50	0.016477	40.660
21.51	21.50	0.016493	40.764
21.48	21.50	0.016510	40.859
21.48	21.50	0.016527	40.959
21.48	21.50	0.016543	41.063
21.48	21.50	0.016560	41.158
21.48	21.50	0.016577	41.257
21.48	21.50	0.016593	41.362
21.48	21.50	0.016610	41.456
21.48	21.50	0.016627	41.557
21.48	21.50	0.016643	41.661
21.48	21.50	0.016660	41.757
21.51	21.50	0.016677	41.857
21.51	21.50	0.016693	41.959
21.51	21.50	0.016710	42.057
21.51	21.50	0.016727	42.156
21.51	21.50	0.016743	42.258
21.51	21.50	0.016760	42.356
21.51	21.50	0.016777	42.457
21.51	21.50	0.016793	42.558
21.51	21.50	0.016810	42.657
21.51	21.50	0.016827	42.757
21.51	21.50	0.016843	42.856
21.51	21.50	0.016860	42.957
21.51	21.50	0.016877	43.056
21.51	21.50	0.016893	43.157
21.51	21.50	0.016910	43.256
21.51	21.50	0.016927	43.356
21.51	21.50	0.016943	43.456
21.48	21.50	0.016960	43.557
21.48	21.50	0.016977	43.657
21.48	21.50	0.016993	43.758
21.48	21.50	0.017010	43.858
21.48	21.50	0.017027	43.958
21.48	21.50	0.017043	44.057
21.48	21.50	0.017060	44.158
21.48	21.50	0.017077	44.257
21.48	21.50	0.017093	44.358
21.48	21.50	0.017110	44.457
21.51	21.50	0.017126	44.558
21.51	21.50	0.017143	44.658
21.51	21.50	0.017160	44.758
21.51	21.50	0.017176	44.858
21.51	21.50	0.017193	44.957
21.51	21.50	0.017210	45.058
21.51	21.50	0.017226	45.157
21.51	21.50	0.017243	45.258
21.51	21.50	0.017260	45.359
21.51	21.50	0.017276	45.459
21.51	21.50	0.017293	45.559
21.51	21.50	0.017310	45.658
21.51	21.50	0.017326	45.759
21.51	21.50	0.017343	45.858
21.51	21.50	0.017360	45.959
21.51	21.50	0.017376	46.059
21.51	21.50	0.017393	46.159
21.51	21.50	0.017410	46.259
21.51	21.50	0.017426	46.358
21.51	21.50	0.017443	46.459
21.51	21.50	0.017460	46.558
21.51	21.50	0.017476	46.659
21.51	21.50	0.017493	46.758
21.48	21.50	0.017510	46.859
21.48	21.50	0.017526	46.959
21.48	21.50	0.017543	47.059
21.48	21.50	0.017560	47.159
21.48	21.50	0.017576	47.258
21.48	21.50	0.017593	47.383
21.48	21.50	0.017610	47.487
21.48	21.50	0.017626	47.582
21.48	21.50	0.017643	47.681
21.48	21.50	0.017660	47.785
21.51	21.50	0.017676	47.881
21.51	21.50	0.017693	47.981
21.51	21.50	0.017710	48.085
21.51	21.50	0.017726	48.180
21.51	21.50	0.017743	48.279
21.51	21.50	0.017760	48.383
21.51	21.50	0.017776	48.478
21.51	21.50	0.017793	48.577
21.51	21.50	0.017810	48.682
21.51	21.50	0.017826	48.777
21.51	21.50	0.017843	48.876
21.51	21.50	0.017860	48.981
21.51	21.50	0.017876	49.075
21.51	21.50	0.017893	49.175
21.51	21.50	0.017910	49.279
21.51	21.50	0.017926	49.374
21.51	21.50	0.017943	49.474
21.51	21.50	0.017959	49.578
21.51	21.50	0.017976	49.674
21.51	21.50	0.017993	49.773
21.48	21.50	0.018009	49.878
21.48	21.50	0.018026	49.972
21.48	21.50	0.018043	50.072
21.48	21.50	0.018059	50.176
21.48	21.50	0.018076	50.271
21.48	21.50	0.018093	50.372
21.48	21.50	0.018109	50.475
21.48	21.50	0.018126	50.570
21.48	21.50	0.018143	50.671
21.48	21.50	0.018159	50.774
21.48	21.50	0.018176	50.868
21.51	21.50	0.018193	50.972
21.51	21.50	0.018209	51.073
21.51	21.50	0.018226	51.167
21.51	21.50	0.018243	51.272
21.51	21.50	0.018259	51.371
21.51	21.50	0.018276	51.466
21.51	21.50	0.018293	51.571
21.51	21.50	0.018309	51.670
21.51	21.50	0.018326	51.765
21.51	21.50	0.018343	51.870
21.51	21.50	0.018359	51.969
21.51	21.50	0.018376	52.064
21.51	21.50	0.018393	52.168
21.51	21.50	0.018409	52.268
21.51	21.50	0.018426	52.362
21.51	21.50	0.018443	52.467
21.51	21.50	0.018459	52.562
21.48	21.50	0.018476	52.661
21.48	21.50	0.018493	52.766
21.48	21.50	0.018509	52.860
21.48	21.50	0.018526	52.960
21.48	21.50	0.018543	53.064
21.48	21.50	0.018559	53.159
21.48	21.50	0.018576	53.258
21.48	21.50	0.018593	53.363
21.48	21.50	0.018609	53.459
21.51	21.50	0.018626	53.559
21.51	21.50	0.018643	53.662
21.51	21.50	0.018659	53.759
21.51	21.50	0.018676	53.858
21.51	21.50	0.018693	53.961
21.51	21.50	0.018709	54.058
21.51	21.50	0.018726	54.159
21.51	21.50	0.018743	54.260
21.51	21.50	0.018759	54.359
21.51	21.50	0.018776	54.459
21.51	21.50	0.018792	54.558
21.51	21.50	0.018809	54.659
21.51	21.50	0.018826	54.758
21.51	21.50	0.018842	54.859
21.51	21.50	0.018859	54.958
21.51	21.50	0.018876	55.059
21.51	21.50	0.018892	55.159
21.51	21.50	0.018909	55.258
21.51	21.50	0.018926	55.359
21.51	21.50	0.018942	55.458
21.51	21.50	0.018959	55.559
21.48	21.50	0.018976	55.658
21.48	21.50	0.018992	55.759
21.48	21.50	0.019009	55.859
21.48	21.50	0.019026	55.959
21.48	21.50	0.019042	56.059
21.48	21.50	0.019059	56.158
21.48	21.50	0.019076	56.259
21.48	21.50	0.019092	56.358
21.48	21.50	0.019109	56.459
21.48	21.50	0.019126	56.558
21.48	21.50	0.019142	56.659
21.51	21.50	0.019159	56.759
21.51	21.50	0.019176	56.858
21.51	21.50	0.019192	56.959
21.51	21.50	0.019209	57.058
21.51	21.50	0.019226	57.159
21.51	21.50	0.019242	57.258
21.51	21.50	0.019259	57.359
21.51	21.50	0.019276	57.459
21.51	21.50	0.019292	57.559
21.51	21.50	0.019309	57.659
21.51	21.50	0.019326	57.758
21.51	21.50	0.019342	57.859
21.51	21.50	0.019359	57.958
21.51	21.50	0.019376	58.059
21.51	21.50	0.019392	58.158
21.51	21.50	0.019409	58.259
21.51	21.50	0.019426	58.359
21.51	21.50	0.019442	58.459
21.51	21.50	0.019459	58.559
21.51	21.50	0.019476	58.658
21.51	21.50	0.019492	58.759
21.51	21.50	0.019509	58.858
21.51	21.50	0.019526	58.959
21.48	21.50	0.019542	59.059
21.48	21.50	0.019559	59.159
21.48	21.50	0.019576	59.259
21.48	21.50	0.019592	59.358
21.48	21.50	0.019609	59.458
21.48	21.50	0.019625	59.588
21.48	21.50	0.019642	59.682
21.48	21.50	0.019659	59.787
21.48	21.50	0.019675	59.887
21.51	21.50	0.019692	59.981
21.51	21.50	0.019709	00.086
21.51	21.50	0.019725	00.180
21.51	21.50	0.019742	00.280
21.51	21.50	0.019759	00.384
21.51	21.50	0.019775	00.479
21.51	21.50	0.019792	00.579
21.51	21.50	0.019809	00.683
21.51	21.50	0.019825	00.778
21.51	21.50	0.019842	00.877
21.51	21.50	0.019859	00.982
21.51	21.50	0.019875	01.076
21.51	21.50	0.019892	01.176
21.51	21.50	0.019909	01.280
21.51	21.50	0.019925	01.375
21.51	21.50	0.019942	01.475
21.51	21.50	0.019959	01.579
21.51	21.50	0.019975	01.674
21.51	21.50	0.019992	01.773
21.51	21.50	0.020009	01.878
21.51	21.50	0.020025	01.972
21.48	21.50	0.020042	02.072
21.48	21.50	0.020059	02.177
21.48	21.50	0.020075	02.271
21.48	21.50	0.020092	02.372
21.48	21.50	0.020109	02.476
21.48	21.50	0.020125	02.570
21.48	21.50	0.020142	02.671
21.48	21.50	0.020159	02.775
21.48	21.50	0.020175	02.870
21.48	21.50	0.020192	02.971
21.48	21.50	0.020209	03.074
21.51	21.50	0.020225	03.168
21.51	21.50	0.020242	03.271
21.51	21.50	0.020259	03.372
21.51	21.50	0.020275	03.467
21.51	21.50	0.020292	03.570
21.51	21.50	0.020309	03.671
21.51	21.50	0.020325	03.766
21.51	21.50	0.020342	03.871
21.51	21.50	0.020359	03.970
21.51	21.50	0.020375	04.065
21.51	21.50	0.020392	04.169
21.51	21.50	0.020409	04.269
21.51	21.50	0.020425	04.363
21.51	21.50	0.020442	04.468
21.51	21.50	0.020458	04.568
21.51	21.50	0.020475	04.662
21.51	21.50	0.020492	04.767
21.51	21.50	0.020508	04.861
21.48	21.50	0.020525	04.961
21.48	21.50	0.020542	05.065
21.48	21.50	0.020558	05.160
21.48	21.50	0.020575	05.259
21.48	21.50	0.020592	05.364
21.48	21.50	0.020608	05.459
21.48	21.50	0.020625	05.560
21.48	21.50	0.020642	05.662
21.51	21.50	0.020658	05.760
21.51	21.50	0.020675	05.859
21.51	21.50	0.020692	05.961
21.51	21.50	0.020708	06.060
21.51	21.50	0.020725	06.160
21.51	21.50	0.020742	06.261
21.51	21.50	0.020758	06.359
21.51	21.50	0.020775	06.460
21.51	21.50	0.020792	06.559
21.51	21.50	0.020808	06.660
21.51	21.50	0.020825	06.760
21.51	21.50	0.020842	06.860
21.51	21.50	0.020858	06.960
21.51	21.50	0.020875	07.060
21.51	21.50	0.020892	07.160
21.51	21.50	0.020908	07.259
21.51	21.50	0.020925	07.360
21.51	21.50	0.020942	07.459
21.51	21.50	0.020958	07.560
21.51	21.50	0.020975	07.659
21.51	21.50	0.020992	07.760
21.51	21.50	0.021008	07.860
21.51	21.50	0.021025	07.959
21.51	21.50	0.021042	08.060
21.48	21.50	0.021058	08.159
21.48	21.50	0.021075	08.260
21.48	21.50	0.021092	08.359
21.48	21.50	0.021108	08.460
21.48	21.50	0.021125	08.560
21.48	21.50	0.021142	08.660
21.48	21.50	0.021158	08.760
21.48	21.50	0.021175	08.859
21.48	21.50	0.021192	08.960
21.48	21.50	0.021208	09.059
21.48	21.50	0.021225	09.160
21.51	21.50	0.021242	09.259
21.51	21.50	0.021258	09.360
21.51	21.50	0.021275	09.460
21.51	21.50	0.021291	09.561
21.51	21.50	0.021308	09.660
21.51	21.50	0.021325	09.761
21.51	21.50	0.021341	09.860
21.51	21.50	0.021358	09.966
21.51	21.50	0.021375	10.061
21.51	21.50	0.021391	10.161
21.51	21.50	0.021408	10.261
21.51	21.50	0.021425	10.360
21.51	21.50	0.021441	10.461
21.51	21.50	0.021458	10.560
21.51	21.50	0.021475	10.661
21.51	21.50	0.021491	10.760
21.51	21.50	0.021508	10.861
21.51	21.50	0.021525	10.961
21.51	21.50	0.021541	11.061
21.51	21.50	0.021558	11.161
21.51	21.50	0.021575	11.260
21.48	21.50	0.021591	11.385
21.48	21.50	0.021608	11.489
21.48	21.50	0.021625	11.589
21.48	21.50	0.021641	11.683
21.48	21.50	0.021658	11.788
21.48	21.50	0.021675	11.888
21.48	21.50	0.021691	11.982
21.48	21.50	0.021708	12.087
21.48	21.50	0.021725	12.186
21.51	21.50	0.021741	12.281
21.51	21.50	0.021758	12.385
21.51	21.50	0.021775	12.480
21.51	21.50	0.021791	12.579
21.51	21.50	0.021808	12.684
21.51	21.50	0.021825	12.779
21.51	21.50	0.021841	12.878
21.51	21.50	0.021858	12.983
21.51	21.50	0.021875	13.077
21.51	21.50	0.021891	13.177
21.51	21.50	0.021908	13.281
21.51	21.50	0.021925	13.376
21.51	21.50	0.021941	13.476
21.51	21.50	0.021958	13.580
21.51	21.50	0.021975	13.675
21.51	21.50	0.021991	13.774
21.51	21.50	0.022008	13.879
21.51	21.50	0.022025	13.973
21.51	21.50	0.022041	14.073
21.51	21.50	0.022058	14.178
21.51	21.50	0.022075	14.272
21.48	21.50	0.022091	14.373
21.48	21.50	0.022108	14.477
21.48	21.50	0.022124	14.572
21.48	21.50	0.022141	14.671
21.48	21.50	0.022158	14.776
21.48	21.50	0.022174	14.870
21.48	21.50	0.022191	14.970
21.48	21.50	0.022208	15.075
21.48	21.50	0.022224	15.169
21.48	21.50	0.022241	15.270
21.48	21.50	0.022258	15.373
21.51	21.50	0.022274	15.468
21.51	21.50	0.022291	15.570
21.51	21.50	0.022308	15.672
21.51	21.50	0.022324	15.767
21.51	21.50	0.022341	15.870
21.51	21.50	0.022358	15.971
21.51	21.50	0.022374	16.066
21.51	21.50	0.022391	16.170
21.51	21.50	0.022408	16.270
21.51	21.50	0.022424	16.364
21.51	21.50	0.022441	16.469
21.51	21.50	0.022458	16.568
21.51	21.50	0.022474	16.663
21.51	21.50	0.022491	16.767
21.51	21.50	0.022508	16.867
21.51	21.50	0.022524	16.961
21.51	21.50	0.022541	17.066
21.51	21.50	0.022558	17.166
21.51	21.50	0.022574	17.262
21.48	21.50	0.022591	17.365
21.48	21.50	0.022608	17.465
21.48	21.50	0.022624	17.562
21.48	21.50	0.022641	17.663
21.48	21.50	0.022658	17.766
21.48	21.50	0.022674	17.861
21.48	21.50	0.022691	17.962
21.48	21.50	0.022708	18.066
21.48	21.50	0.022724	18.162
21.48	21.50	0.022741	18.262
21.51	21.50	0.022758	18.365
21.51	21.50	0.022774	18.462
21.51	21.50	0.022791	18.561
21.51	21.50	0.022808	18.665
21.51	21.50	0.022824	18.762
21.51	21.50	0.022841	18.862
21.51	21.50	0.022858	18.965
21.51	21.50	0.022874	19.062
21.51	21.50	0.022891	19.161
21.51	21.50	0.022908	19.266
21.51	21.50	0.022924	19.361
21.51	21.50	0.022941	19.462
21.51	21.50	0.022957	19.566
21.51	21.50	0.022974	19.662
21.51	21.50	0.022991	19.762
21.51	21.50	0.023007	19.865
21.51	21.50	0.023024	19.962
21.51	21.50	0.023041	20.061
21.51	21.50	0.023057	20.165
21.51	21.50	0.023074	20.262
21.51	21.50	0.023091	20.361
21.51	21.50	0.023107	20.466
21.51	21.50	0.023124	20.561
21.48	21.50	0.023141	20.662
21.48	21.50	0.023157	20.765
21.48	21.50	0.023174	20.862
21.48	21.50	0.023191	20.961
21.48	21.50	0.023207	21.065
21.48	21.50	0.023224	21.162
21.48	21.50	0.023241	21.261
21.48	21.50	0.023257	21.366
21.48	21.50	0.023274	21.461
21.48	21.50	0.023291	21.562
21.51	21.50	0.023307	21.665
21.51	21.50	0.023324	21.762
21.51	21.50	0.023341	21.862
21.51	21.50	0.023357	21.965
21.51	21.50	0.023374	22.062
21.51	21.50	0.023391	22.161
21.51	21.50	0.023407	22.265
21.51	21.50	0.023424	22.361
21.51	21.50	0.023441	22.462
21.51	21.50	0.023457	22.565
21.51	21.50	0.023474	22.662
21.51	21.50	0.023491	22.762
21.51	21.50	0.023507	22.865
21.51	21.50	0.023524	22.962
21.51	21.50	0.023541	23.061
21.51	21.50	0.023557	23.165
21.51	21.50	0.023574	23.291
21.51	21.50	0.023591	23.385
21.51	21.50	0.023607	23.465
21.48	21.50	0.023624	23.589
21.48	21.50	0.023641	23.684
21.48	21.50	0.023657	23.789
21.48	21.50	0.023674	23.888
21.48	21.50	0.023691	23.983
21.48	21.50	0.023707	24.087
21.48	21.50	0.023724	24.187
21.48	21.50	0.023741	24.281
21.48	21.50	0.023757	24.386
21.48	21.50	0.023774	24.485
21.48	21.50	0.023790	24.580
21.48	21.50	0.023807	24.685
21.51	21.50	0.023824	24.780
21.51	21.50	0.023840	24.880
21.51	21.50	0.023857	24.984
21.51	21.50	0.023874	25.079
21.51	21.50	0.023890	25.178
21.51	21.50	0.023907	25.283
21.51	21.50	0.023924	25.378
21.51	21.50	0.023940	25.477
21.51	21.50	0.023957	25.582
21.51	21.50	0.023974	25.676
21.51	21.50	0.023990	25.775
21.51	21.50	0.024007	25.880
21.51	21.50	0.024024	25.974
21.51	21.50	0.024040	26.074
21.51	21.50	0.024057	26.179
21.51	21.50	0.024074	26.273
21.51	21.50	0.024090	26.373
21.51	21.50	0.024107	26.477
21.51	21.50	0.024124	26.572
21.51	21.50	0.024140	26.671
21.51	21.50	0.024157	26.777
21.51	21.50	0.024174	26.871
21.51	21.50	0.024190	26.971
21.48	21.50	0.024207	27.076
21.48	21.50	0.024224	27.170
21.48	21.50	0.024240	27.270
21.48	21.50	0.024257	27.374
21.48	21.50	0.024274	27.469
21.48	21.50	0.024290	27.569
21.48	21.50	0.024307	27.673
21.48	21.50	0.024324	27.768
21.48	21.50	0.024340	27.869
21.48	21.50	0.024357	27.972
21.51	21.50	0.024374	28.066
21.51	21.50	0.024390	28.169
21.51	21.50	0.024407	28.270
21.51	21.50	0.024424	28.365
21.51	21.50	0.024440	28.469
21.51	21.50	0.024457	28.569
21.51	21.50	0.024474	28.664
21.51	21.50	0.024490	28.768
21.51	21.50	0.024507	28.868
21.51	21.50	0.024524	28.963
21.51	21.50	0.024540	29.067
21.51	21.50	0.024557	29.166
21.51	21.50	0.024574	29.262
21.51	21.50	0.024590	29.365
21.51	21.50	0.024607	29.465
21.51	21.50	0.024623	29.561
21.51	21.50	0.024640	29.665
21.51	21.50	0.024657	29.765
21.51	21.50	0.024673	29.862
21.51	21.50	0.024690	29.964
21.51	21.50	0.024707	30.064
21.51	21.50	0.024723	30.162
21.51	21.50	0.024740	30.262
21.48	21.50	0.024757	30.365
21.48	21.50	0.024773	30.461
21.48	21.50	0.024790	30.562
21.48	21.50	0.024807	30.665
21.48	21.50	0.024823	30.761
21.48	21.50	0.024840	30.862
21.48	21.50	0.024857	30.964
21.48	21.50	0.024873	31.062
21.48	21.50	0.024890	31.161
21.48	21.50	0.024907	31.264
21.51	21.50	0.024923	31.362
21.51	21.50	0.024940	31.462
21.51	21.50	0.024957	31.565
21.51	21.50	0.024973	31.661
21.51	21.50	0.024990	31.762
21.51	21.50	0.025007	31.864
21.51	21.50	0.025023	31.962
21.51	21.50	0.025040	32.061
21.51	21.50	0.025057	32.164
21.51	21.50	0.025073	32.262
21.51	21.50	0.025090	32.362
21.51	21.50	0.025107	32.465
21.51	21.50	0.025123	32.561
21.51	21.50	0.025140	32.662
21.51	21.50	0.025157	32.764
21.51	21.50	0.025173	32.862
21.51	21.50	0.025190	32.963
21.51	21.50	0.025207	33.064
21.51	21.50	0.025223	33.163
21.51	21.50	0.025240	33.262
21.51	21.50	0.025257	33.364
21.51	21.50	0.025273	33.463
21.48	21.50	0.025290	33.562
21.48	21.50	0.025307	33.664
21.48	21.50	0.025323	33.762
21.48	21.50	0.025340	33.863
21.48	21.50	0.025357	33.965
21.48	21.50	0.025373	34.063
21.48	21.50	0.025390	34.163
21.48	21.50	0.025407	34.264
21.48	21.50	0.025423	34.363
21.48	21.50	0.025440	34.462
21.48	21.50	0.025456	34.564
21.48	21.50	0.025473	34.662
21.51	21.50	0.025490	34.763
21.51	21.50	0.025506	34.865
21.51	21.50	0.025523	34.963
21.51	21.50	0.025540	35.063
21.51	21.50	0.025556	35.164
21.51	21.50	0.025573	35.292
21.51	21.50	0.025590	35.386
21.51	21.50	0.025606	35.464
21.51	21.50	0.025623	35.590
21.51	21.50	0.025640	35.685
21.51	21.50	0.025656	35.764
21.51	21.50	0.025673	35.889
21.51	21.50	0.025690	35.984
21.51	21.50	0.025706	36.088
21.51	21.50	0.025723	36.188
21.51	21.50	0.025740	36.283
21.51	21.50	0.025756	36.387
21.51	21.50	0.025773	36.487
21.51	21.50	0.025790	36.581
21.48	21.50	0.025806	36.686
21.48	21.50	0.025823	36.785
21.48	21.50	0.025840	36.880
21.48	21.50	0.025856	36.984
21.48	21.50	0.025873	37.084
21.48	21.50	0.025890	37.179
21.48	21.50	0.025906	37.283
21.48	21.50	0.025923	37.378
21.48	21.50	0.025940	37.477
21.48	21.50	0.025956	37.582
21.51	21.50	0.025973	37.676
21.51	21.50	0.025990	37.777
21.51	21.50	0.026006	37.882
21.51	21.50	0.026023	37.976
21.51	21.50	0.026040	38.075
21.51	21.50	0.026056	38.180
21.51	21.50	0.026073	38.274
21.51	21.50	0.026090	38.374
21.51	21.50	0.026106	38.478
21.51	21.50	0.026123	38.573
21.51	21.50	0.026140	38.673
21.51	21.50	0.026156	38.777
21.51	21.50	0.026173	38.872
21.51	21.50	0.026190	38.971
21.51	21.50	0.026206	39.076
21.51	21.50	0.026223	39.170
21.51	21.50	0.026240	39.270
21.51	21.50	0.026256	39.375
21.51	21.50	0.026273	39.469
21.51	21.50	0.026289	39.569
21.51	21.50	0.026306	39.674
21.51	21.50	0.026323	39.769
21.48	21.50	0.026339	39.868
21.48	21.50	0.026356	39.973
21.48	21.50	0.026373	40.066
21.48	21.50	0.026389	40.168
21.48	21.50	0.026406	40.272
21.48	21.50	0.026423	40.366
21.48	21.50	0.026439	40.468
21.48	21.50	0.026456	40.570
21.48	21.50	0.026473	40.665
21.51	21.50	0.026489	40.768
21.51	21.50	0.026506	40.869
21.51	21.50	0.026523	40.965
21.51	21.50	0.026539	41.068
21.51	21.50	0.026556	41.168
21.51	21.50	0.026573	41.264
21.51	21.50	0.026589	41.367
21.51	21.50	0.026606	41.466
21.51	21.50	0.026623	41.565
21.51	21.50	0.026639	41.665
21.51	21.50	0.026656	41.765
21.51	21.50	0.026673	41.865
21.51	21.50	0.026689	41.964
21.51	21.50	0.026706	42.065
21.51	21.50	0.026723	42.164
21.51	21.50	0.026739	42.265
21.51	21.50	0.026756	42.364
21.51	21.50	0.026773	42.465
21.51	21.50	0.026789	42.565
21.51	21.50	0.026806	42.665
21.48	21.50	0.026823	42.765
21.48	21.50	0.026839	42.864
21.48	21.50	0.026856	42.965
21.48	21.50	0.026873	43.064
21.48	21.50	0.026889	43.165
21.48	21.50	0.026906	43.264
21.48	21.50	0.026923	43.365
21.48	21.50	0.026939	43.465
21.48	21.50	0.026956	43.565
21.48	21.50	0.026973	43.665
21.48	21.50	0.026989	43.764
21.51	21.50	0.027006	43.865
21.51	21.50	0.027023	43.964
21.51	21.50	0.027039	44.065
21.51	21.50	0.027056	44.165
21.51	21.50	0.027073	44.265
21.51	21.50	0.027089	44.365
21.51	21.50	0.027106	44.464
21.51	21.50	0.027122	44.565
21.51	21.50	0.027139	44.664
21.51	21.50	0.027156	44.765
21.51	21.50	0.027172	44.864
21.51	21.50	0.027189	44.965
21.51	21.50	0.027206	45.064
21.51	21.50	0.027222	45.165
21.51	21.50	0.027239	45.264
21.51	21.50	0.027256	45.365
21.51	21.50	0.027272	45.465
21.51	21.50	0.027289	45.565
21.48	21.50	0.027306	45.663
21.48	21.50	0.027322	45.765
21.48	21.50	0.027339	45.864
21.48	21.50	0.027356	45.965
21.48	21.50	0.027372	46.064
21.48	21.50	0.027389	46.165
21.48	21.50	0.027406	46.265
21.48	21.50	0.027422	46.364
21.48	21.50	0.027439	46.465
21.48	21.50	0.027456	46.564
21.48	21.50	0.027472	46.665
21.51	21.50	0.027489	46.765
21.51	21.50	0.027506	46.865
21.51	21.50	0.027522	46.964
21.51	21.50	0.027539	47.089
21.51	21.50	0.027556	47.188
21.51	21.50	0.027572	47.293
21.51	21.50	0.027589	47.387
21.51	21.50	0.027606	47.488
21.51	21.50	0.027622	47.592
21.51	21.50	0.027639	47.686
21.51	21.50	0.027656	47.788
21.51	21.50	0.027672	47.890
21.51	21.50	0.027689	47.985
21.51	21.50	0.027706	48.087
21.51	21.50	0.027722	48.189
21.51	21.50	0.027739	48.283
21.51	21.50	0.027756	48.387
21.51	21.50	0.027772	48.488
21.51	21.50	0.027789	48.582
21.51	21.50	0.027806	48.687
21.51	21.50	0.027822	48.786
21.51	21.50	0.027839	48.881
21.51	21.50	0.027856	48.985
21.51	21.50	0.027872	49.085
21.51	21.50	0.027889	49.180
21.51	21.50	0.027906	49.284
21.48	21.50	0.027922	49.384
21.48	21.50	0.027939	49.478
21.48	21.50	0.027955	49.583
21.48	21.50	0.027972	49.682
21.48	21.50	0.027989	49.777
21.48	21.50	0.028005	49.882
21.48	21.50	0.028022	49.976
21.48	21.50	0.028039	50.077
21.48	21.50	0.028055	50.181
21.48	21.50	0.028072	50.276
21.51	21.50	0.028089	50.375
21.51	21.50	0.028105	50.480
21.51	21.50	0.028122	50.574
21.51	21.50	0.028139	50.674
21.51	21.50	0.028155	50.778
21.51	21.50	0.028172	50.873
21.51	21.50	0.028189	50.973
21.51	21.50	0.028205	51.077
21.51	21.50	0.028222	51.172
21.51	21.50	0.028239	51.271
21.51	21.50	0.028255	51.376
21.51	21.50	0.028272	51.471
21.51	21.50	0.028289	51.570
21.51	21.50	0.028305	51.675
21.51	21.50	0.028322	51.769
21.51	21.50	0.028339	51.869
21.51	21.50	0.028355	51.973
21.51	21.50	0.028372	52.068
21.51	21.50	0.028389	52.167
21.51	21.50	0.028405	52.272
21.48	21.50	0.028422	52.367
21.48	21.50	0.028439	52.467
21.48	21.50	0.028455	52.571
21.48	21.50	0.028472	52.665
21.48	21.50	0.028489	52.767
21.48	21.50	0.028505	52.869
21.48	21.50	0.028522	52.966
21.48	21.50	0.028539	53.067
21.48	21.50	0.028555	53.168
21.48	21.50	0.028572	53.267
21.48	21.50	0.028589	53.366
21.48	21.50	0.028605	53.467
21.51	21.50	0.028622	53.566
21.51	21.50	0.028639	53.667
21.51	21.50	0.028655	53.766
21.51	21.50	0.028672	53.867
21.51	21.50	0.028689	53.967
21.51	21.50	0.028705	54.067
21.51	21.50	0.028722	54.167
21.51	21.50	0.028739	54.266
21.51	21.50	0.028755	54.367
21.51	21.50	0.028772	54.466
21.51	21.50	0.028788	54.567
21.51	21.50	0.028805	54.666
21.51	21.50	0.028822	54.767
21.51	21.50	0.028838	54.867
21.51	21.50	0.028855	54.967
21.51	21.50	0.028872	55.067
21.51	21.50	0.028888	55.166
21.51	21.50	0.028905	55.267
21.51	21.50	0.028922	55.366
21.51	21.50	0.028938	55.467
21.51	21.50	0.028955	55.567
21.51	21.50	0.028972	55.667
21.48	21.50	0.028988	55.767
21.48	21.50	0.029005	55.866
21.48	21.50	0.029022	55.967
21.48	21.50	0.029038	56.066
21.48	21.50	0.029055	56.167
21.48	21.50	0.029072	56.267
21.48	21.50	0.029088	56.366
21.48	21.50	0.029105	56.467
21.48	21.50	0.029122	56.566
21.51	21.50	0.029138	56.667
21.51	21.50	0.029155	56.767
21.51	21.50	0.029172	56.867
21.51	21.50	0.029188	56.967
21.51	21.50	0.029205	57.066
21.51	21.50	0.029222	57.167
21.51	21.50	0.029238	57.266
21.51	21.50	0.029255	57.367
21.51	21.50	0.029272	57.467
21.51	21.50	0.029288	57.567
21.51	21.50	0.029305	57.670
21.51	21.50	0.029322	57.769
21.51	21.50	0.029338	57.870
21.51	21.50	0.029355	57.969
21.51	21.50	0.029372	58.099
21.51	21.50	0.029388	58.193
21.51	21.50	0.029405	58.293
21.51	21.50	0.029422	58.397
21.51	21.50	0.029438	58.492
21.51	21.50	0.029455	58.592
21.51	21.50	0.029472	58.696
21.48	21.50	0.029488	58.791
21.48	21.50	0.029505	58.890
21.48	21.50	0.029522	58.995
21.48	21.50	0.029538	59.089
21.48	21.50	0.029555	59.189
21.48	21.50	0.029572	59.294
21.48	21.50	0.029588	59.388
21.48	21.50	0.029605	59.488
21.48	21.50	0.029621	59.592
21.48	21.50	0.029638	59.687
21.51	21.50	0.029655	59.786
21.51	21.50	0.029671	59.891
21.51	21.50	0.029688	59.986
21.51	21.50	0.029705	00.086
21.51	21.50	0.029721	00.190
21.51	21.50	0.029738	00.284
21.51	21.50	0.029755	00.387
21.51	21.50	0.029771	00.488
21.51	21.50	0.029788	00.583
21.51	21.50	0.029805	00.686
21.51	21.50	0.029821	00.787
21.51	21.50	0.029838	00.882
21.51	21.50	0.029855	00.986
21.51	21.50	0.029871	01.086
21.51	21.50	0.029888	01.181
21.51	21.50	0.029905	01.286
21.51	21.50	0.029921	01.385
21.51	21.50	0.029938	01.480
21.51	21.50	0.029955	01.584
21.51	21.50	0.029971	01.683
21.51	21.50	0.029988	01.778
21.51	21.50	0.030005	01.883
21.51	21.50	0.030021	01.983
21.48	21.50	0.030038	02.077
21.48	21.50	0.030055	02.182
21.48	21.50	0.030071	02.277
21.48	21.50	0.030088	02.376
21.48	21.51	0.030105	02.481
21.48	21.51	0.030121	02.575
21.48	21.51	0.030138	02.675
21.48	21.51	0.030155	02.779
21.48	21.51	0.030171	02.874
21.51	21.51	0.030188	02.973
21.51	21.51	0.030205	03.078
21.51	21.51	0.030221	03.172
21.51	21.51	0.030238	03.272
21.51	21.51	0.030255	03.376
21.51	21.51	0.030271	03.472
21.51	21.51	0.030288	03.571
21.51	21.51	0.030305	03.675
21.51	21.52	0.030321	03.772
21.51	21.52	0.030338	03.872
21.51	21.52	0.030355	03.974
21.51	21.52	0.030371	04.071
21.51	21.52	0.030388	04.172
21.51	21.52	0.030405	04.273
21.54	21.52	0.030421	04.372
21.54	21.52	0.030438	04.471
21.54	21.52	0.030454	04.572
21.54	21.52	0.030471	04.672
21.54	21.52	0.030488	04.772
21.54	21.52	0.030504	04.873
21.54	21.52	0.030521	04.972
21.54	21.53	0.030538	05.073
21.54	21.53	0.030554	05.172
21.51	21.53	0.030571	05.273
21.51	21.53	0.030588	05.373
21.51	21.53	0.030604	05.473
21.51	21.53	0.030621	05.573
21.51	21.53	0.030638	05.672
21.51	21.53	0.030654	05.773
21.51	21.53	0.030671	05.872
21.51	21.53	0.030688	05.973
21.51	21.53	0.030704	06.072
21.51	21.53	0.030721	06.173
21.51	21.53	0.030738	06.273
21.54	21.54	0.030754	06.373
21.54	21.54	0.030771	06.473
21.54	21.54	0.030788	06.572
21.54	21.54	0.030804	06.673
21.54	21.54	0.030821	06.772
21.54	21.54	0.030838	06.873
21.54	21.54	0.030854	06.973
21.54	21.54	0.030871	07.073
21.54	21.54	0.030888	07.173
21.54	21.54	0.030904	07.272
21.54	21.54	0.030921	07.373
21.54	21.54	0.030938	07.472
21.54	21.54	0.030954	07.573
21.54	21.55	0.030971	07.672
21.54	21.55	0.030988	07.773
21.54	21.55	0.031004	07.873
21.54	21.55	0.031021	07.973
21.54	21.55	0.031038	08.073
21.54	21.55	0.031054	08.173
21.56	21.55	0.031071	08.272
21.56	21.55	0.031088	08.373
21.56	21.55	0.031104	08.472
21.56	21.55	0.031121	08.573
21.56	21.55	0.031138	08.673
21.56	21.55	0.031154	08.773
21.56	21.55	0.031171	08.873
21.56	21.56	0.031188	08.972
21.56	21.56	0.031204	09.073
21.56	21.56	0.031221	09.172
21.56	21.56	0.031238	09.273
21.56	21.56	0.031254	09.372
21.56	21.56	0.031271	09.502
21.56	21.56	0.031287	09.601
21.56	21.56	0.031304	09.696
21.56	21.56	0.031321	09.800
21.56	21.56	0.031337	09.895
21.56	21.56	0.031354	09.994
21.56	21.56	0.031371	10.100
21.56	21.56	0.031387	10.194
21.56	21.57	0.031404	10.294
21.56	21.57	0.031421	10.398
21.56	21.57	0.031437	10.493
21.56	21.57	0.031454	10.593
21.56	21.57	0.031471	10.697
21.56	21.57	0.031487	10.792
21.56	21.57	0.031504	10.891
21.56	21.57	0.031521	10.996
21.56	21.57	0.031537	11.090
21.56	21.57	0.031554	11.190
21.56	21.57	0.031571	11.295
21.56	21.57	0.031587	11.389
21.56	21.57	0.031604	11.489
21.56	21.58	0.031621	11.593
21.56	21.58	0.031637	11.688
21.56	21.58	0.031654	11.787
21.56	21.58	0.031671	11.892
21.56	21.58	0.031687	11.987
21.56	21.58	0.031704	12.086
21.56	21.58	0.031721	12.191
21.59	21.58	0.031737	12.285
21.59	21.58	0.031754	12.385
21.59	21.58	0.031771	12.489
21.59	21.58	0.031787	12.584
21.59	21.58	0.031804	12.686
21.59	21.58	0.031821	12.788
21.59	21.59	0.031837	12.883
21.59	21.59	0.031854	12.985
21.59	21.59	0.031871	13.087
21.59	21.59	0.031887	13.181
21.59	21.59	0.031904	13.285
21.59	21.59	0.031921	13.385
21.59	21.59	0.031937	13.480
21.59	21.59	0.031954	13.585
21.59	21.59	0.031971	13.684
21.61	21.59	0.031987	13.780
21.61	21.59	0.032004	13.884
21.61	21.59	0.032021	13.984
21.61	21.59	0.032037	14.078
21.61	21.60	0.032054	14.183
21.61	21.60	0.032071	14.282
21.61	21.60	0.032087	14.377
21.61	21.60	0.032104	14.482
21.59	21.60	0.032120	14.581
21.59	21.60	0.032137	14.676
21.59	21.60	0.032154	14.780
21.59	21.60	0.032170	14.875
21.59	21.60	0.032187	14.974
21.59	21.60	0.032204	15.079
21.59	21.60	0.032220	15.174
21.59	21.60	0.032237	15.274
21.59	21.60	0.032254	15.378
21.59	21.61	0.032270	15.473
21.61	21.61	0.032287	15.574
21.61	21.61	0.032304	15.676
21.61	21.61	0.032320	15.774
21.61	21.61	0.032337	15.875
21.61	21.61	0.032354	15.975
21.61	21.61	0.032370	16.075
21.61	21.61	0.032387	16.174
21.61	21.61	0.032404	16.275
21.61	21.61	0.032420	16.374
21.61	21.61	0.032437	16.475
21.61	21.61	0.032454	16.574
21.61	21.61	0.032470	16.675
21.61	21.62	0.032487	16.775
21.61	21.62	0.032504	16.875
21.61	21.62	0.032520	16.981
21.61	21.62	0.032537	17.075
21.61	21.62	0.032554	17.176
21.61	21.62	0.032570	17.275
21.61	21.62	0.032587	17.376
21.61	21.62	0.032604	17.476
21.64	21.62	0.032620	17.580
21.64	21.62	0.032637	17.676
21.64	21.62	0.032654	17.775
21.64	21.62	0.032670	17.880
21.64	21.62	0.032687	17.975
21.64	21.62	0.032704	18.076
21.64	21.63	0.032720	18.175
21.64	21.63	0.032737	18.276
21.64	21.63	0.032754	18.376
21.64	21.63	0.032770	18.480
21.64	21.63	0.032787	18.576
21.64	21.63	0.032804	18.675
21.61	21.63	0.032820	18.780
21.61	21.63	0.032837	18.875
21.61	21.63	0.032854	18.976
21.61	21.63	0.032870	19.080
21.61	21.63	0.032887	19.176
21.61	21.63	0.032904	19.276
21.61	21.63	0.032920	19.381
21.61	21.64	0.032937	19.477
21.61	21.64	0.032953	19.576
21.64	21.64	0.032970	19.680
21.64	21.64	0.032987	19.776
21.64	21.64	0.033003	19.877
21.64	21.64	0.033020	19.981
21.64	21.64	0.033037	20.077
21.64	21.64	0.033053	20.177
21.64	21.64	0.033070	20.280
21.64	21.64	0.033087	20.377
21.64	21.64	0.033103	20.476
21.64	21.64	0.033120	20.580
21.64	21.64	0.033137	20.677
21.64	21.65	0.033153	20.801
21.64	21.65	0.033170	20.880
21.67	21.65	0.033187	21.005
21.67	21.65	0.033203	21.100
21.67	21.65	0.033220	21.204
21.67	21.65	0.033237	21.304
21.67	21.65	0.033253	21.399
21.67	21.65	0.033270	21.503
21.67	21.65	0.033287	21.603
21.67	21.65	0.033303	21.697
21.67	21.65	0.033320	21.802
21.67	21.65	0.033337	21.902
21.64	21.65	0.033353	21.995
21.64	21.66	0.033370	22.101
21.64	21.66	0.033387	22.199
21.64	21.66	0.033403	22.295
21.64	21.66	0.033420	22.399
21.64	21.66	0.033437	22.494
21.64	21.66	0.033453	22.593
21.64	21.66	0.033470	22.698
21.64	21.66	0.033487	22.792
21.64	21.66	0.033503	22.892
21.67	21.66	0.033520	22.997
21.67	21.66	0.033537	23.091
21.67	21.66	0.033553	23.191
21.67	21.66	0.033570	23.295
21.67	21.67	0.033587	23.390
21.67	21.67	0.033603	23.489
21.67	21.67	0.033620	23.594
21.67	21.67	0.033637	23.689
21.67	21.67	0.033653	23.788
21.67	21.67	0.033670	23.893
21.67	21.67	0.033687	23.987
21.67	21.67	0.033703	24.087
21.67	21.67	0.033720	24.191
21.67	21.67	0.033737	24.286
21.67	21.67	0.033753	24.385
21.67	21.67	0.033770	24.490
21.67	21.67	0.033786	24.585
21.67	21.68	0.033803	24.684
21.67	21.68	0.033820	24.789
21.67	21.68	0.033836	24.884
21.69	21.68	0.033853	24.984
21.69	21.68	0.033870	25.088
21.69	21.68	0.033886	25.183
21.69	21.68	0.033903	25.285
21.69	21.68	0.033920	25.387
21.69	21.68	0.033936	25.482
21.69	21.68	0.033953	25.584
21.69	21.68	0.033970	25.686
21.69	21.68	0.033986	25.780
21.69	21.68	0.034003	25.884
21.69	21.69	0.034020	25.984
21.69	21.69	0.034036	26.079
21.69	21.69	0.034053	26.184
21.69	21.69	0.034070	26.283
21.69	21.69	0.034086	26.378
21.69	21.69	0.034103	26.482
21.69	21.69	0.034120	26.582
21.69	21.69	0.034136	26.676
21.69	21.69	0.034153	26.781
21.67	21.69	0.034170	26.881
21.67	21.69	0.034186	26.977
21.67	21.69	0.034203	27.080
21.67	21.69	0.034220	27.180
21.67	21.70	0.034236	27.277
21.69	21.70	0.034253	27.378
21.69	21.70	0.034270	27.480
21.69	21.70	0.034286	27.577
21.69	21.70	0.034303	27.677
21.69	21.70	0.034320	27.780
21.69	21.70	0.034336	27.877
21.69	21.70	0.034353	27.976
21.69	21.70	0.034370	28.080
21.69	21.70	0.034386	28.176
21.69	21.70	0.034403	28.277
21.69	21.70	0.034420	28.380
21.69	21.70	0.034436	28.477
21.72	21.71	0.034453	28.577
21.72	21.71	0.034470	28.679
21.72	21.71	0.034486	28.777
21.72	21.71	0.034503	28.876
21.72	21.71	0.034520	28.979
21.72	21.71	0.034536	29.077
21.72	21.71	0.034553	29.178
21.72	21.71	0.034570	29.280
21.72	21.71	0.034586	29.378
21.72	21.71	0.034603	29.477
21.72	21.71	0.034619	29.579
21.72	21.71	0.034636	29.678
21.72	21.71	0.034653	29.779
21.72	21.72	0.034669	29.879
21.72	21.72	0.034686	29.979
21.72	21.72	0.034703	30.079
21.72	21.72	0.034719	30.179
21.72	21.72	0.034736	30.279
21.72	21.72	0.034753	30.378
21.72	21.72	0.034769	30.479
21.72	21.72	0.034786	30.578
21.72	21.72	0.034803	30.679
21.72	21.72	0.034819	30.780
21.72	21.72	0.034836	30.880
21.72	21.72	0.034853	30.980
21.72	21.72	0.034869	31.079
21.72	21.73	0.034886	31.179
21.72	21.73	0.034903	31.280
21.72	21.73	0.034919	31.380
21.72	21.73	0.034936	31.480
21.72	21.73	0.034953	31.580
21.72	21.73	0.034969	31.680
21.72	21.73	0.034986	31.780
21.72	21.73	0.035003	31.879
21.72	21.73	0.035019	31.979
21.72	21.73	0.035036	32.080
21.72	21.73	0.035053	32.204
21.72	21.73	0.035069	32.304
21.72	21.73	0.035086	32.408
21.72	21.74	0.035103	32.503
21.74	21.74	0.035119	32.579
21.74	21.74	0.035136	32.707
21.74	21.74	0.035153	32.802
21.74	21.74	0.035169	32.879
21.74	21.74	0.035186	33.006
21.74	21.74	0.035203	33.100
21.74	21.74	0.035219	33.204
21.74	21.74	0.035236	33.304
21.74	21.74	0.035253	33.399
21.74	21.74	0.035269	33.504
21.74	21.74	0.035286	33.603
21.74	21.74	0.035303	33.698
21.74	21.75	0.035319	33.802
21.74	21.75	0.035336	33.902
21.74	21.75	0.035353	33.996
21.74	21.75	0.035369	34.101
21.74	21.75	0.035386	34.200
21.74	21.75	0.035403	34.295
21.74	21.75	0.035419	34.400
21.74	21.75	0.035436	34.499
21.74	21.75	0.035452	34.594
21.74	21.75	0.035469	34.698
21.77	21.75	0.035486	34.794
21.77	21.75	0.035502	34.893
21.77	21.75	0.035519	34.998
21.77	21.76	0.035536	35.093
21.77	21.76	0.035552	35.192
21.77	21.76	0.035569	35.297
21.77	21.76	0.035586	35.391
21.77	21.76	0.035602	35.491
21.77	21.76	0.035619	35.595
21.77	21.76	0.035636	35.690
21.77	21.76	0.035652	35.789
21.77	21.76	0.035669	35.894
21.77	21.76	0.035686	35.989
21.77	21.76	0.035702	36.088
21.77	21.76	0.035719	36.193
21.77	21.76	0.035736	36.287
21.77	21.77	0.035752	36.387
21.77	21.77	0.035769	36.491
21.77	21.77	0.035786	36.586
21.77	21.77	0.035802	36.686
21.77	21.77	0.035819	36.790
21.77	21.77	0.035836	36.885
21.74	21.77	0.035852	36.984
21.74	21.77	0.035869	37.089
21.74	21.77	0.035886	37.183
21.77	21.77	0.035902	37.283
21.77	21.77	0.035919	37.387
21.77	21.77	0.035936	37.482
21.77	21.77	0.035952	37.583
21.77	21.78	0.035969	37.686
21.77	21.78	0.035986	37.782
21.77	21.78	0.036002	37.883
21.77	21.78	0.036019	37.985
21.77	21.78	0.036036	38.081
21.77	21.78	0.036052	38.183
21.77	21.78	0.036069	38.284
21.77	21.78	0.036086	38.381
21.77	21.78	0.036102	38.483
21.77	21.78	0.036119	38.582
21.80	21.78	0.036136	38.682
21.80	21.78	0.036152	38.781
21.80	21.78	0.036169	38.882
21.80	21.79	0.036186	38.982
21.80	21.79	0.036202	39.082
21.80	21.79	0.036219	39.182
21.80	21.79	0.036236	39.281
21.80	21.79	0.036252	39.382
21.80	21.79	0.036269	39.481
21.80	21.79	0.036285	39.582
21.80	21.79	0.036302	39.681
21.80	21.79	0.036319	39.782
21.80	21.79	0.036335	39.882
21.80	21.79	0.036352	39.982
21.80	21.79	0.036369	40.082
21.80	21.79	0.036385	40.181
21.80	21.80	0.036402	40.282
21.80	21.80	0.036419	40.381
21.77	21.80	0.036435	40.482
21.77	21.80	0.036452	40.582
21.77	21.80	0.036469	40.682
21.77	21.80	0.036485	40.782
21.77	21.80	0.036502	40.881
21.77	21.80	0.036519	40.982
21.80	21.80	0.036535	41.081
21.80	21.80	0.036552	41.182
21.80	21.80	0.036569	41.281
21.80	21.80	0.036585	41.382
21.80	21.80	0.036602	41.482
21.80	21.81	0.036619	41.582
21.80	21.81	0.036635	41.682
21.80	21.81	0.036652	41.781
21.80	21.81	0.036669	41.882
21.80	21.81	0.036685	41.981
21.80	21.81	0.036702	42.082
21.82	21.81	0.036719	42.182
21.82	21.81	0.036735	42.282
21.82	21.81	0.036752	42.382
21.82	21.81	0.036769	42.481
21.82	21.81	0.036785	42.582
21.82	21.81	0.036802	42.681
21.82	21.81	0.036819	42.782
21.82	21.82	0.036835	42.881
21.82	21.82	0.036852	42.982
21.82	21.82	0.036869	43.082
21.82	21.82	0.036885	43.182
21.82	21.82	0.036902	43.282
21.82	21.82	0.036919	43.381
21.82	21.82	0.036935	43.482
21.82	21.82	0.036952	43.581
21.82	21.82	0.036969	43.682
21.82	21.82	0.036985	43.781
21.82	21.82	0.037002	43.906
21.82	21.82	0.037019	44.005
21.82	21.82	0.037035	44.110
21.82	21.83	0.037052	44.205
21.82	21.83	0.037069	44.304
21.82	21.83	0.037085	44.409
21.82	21.83	0.037102	44.503
21.82	21.83	0.037118	44.603
21.82	21.83	0.037135	44.707
21.82	21.83	0.037152	44.802
21.82	21.83	0.037168	44.903
21.85	21.83	0.037185	45.007
21.85	21.83	0.037202	45.102
21.85	21.83	0.037218	45.202
21.85	21.83	0.037235	45.306
21.85	21.83	0.037252	45.400
21.85	21.84	0.037268	45.503
21.85	21.84	0.037285	45.604
21.85	21.84	0.037302	45.699
21.85	21.84	0.037318	45.803
21.85	21.84	0.037335	45.903
21.85	21.84	0.037352	45.998
21.85	21.84	0.037368	46.102
21.85	21.84	0.037385	46.202
21.82	21.84	0.037402	46.296
21.82	21.84	0.037418	46.401
21.82	21.84	0.037435	46.500
21.82	21.84	0.037452	46.595
21.82	21.84	0.037468	46.700
21.82	21.84	0.037485	46.799
21.82	21.85	0.037502	46.894
21.82	21.85	0.037518	46.998
21.82	21.85	0.037535	47.098
21.85	21.85	0.037552	47.192
21.85	21.85	0.037568	47.297
21.85	21.85	0.037585	47.392
21.85	21.85	0.037602	47.491
21.85	21.85	0.037618	47.596
21.85	21.85	0.037635	47.690
21.85	21.85	0.037652	47.790
21.85	21.85	0.037668	47.894
21.85	21.85	0.037685	47.989
21.85	21.85	0.037702	48.089
21.85	21.86	0.037718	48.194
21.85	21.86	0.037735	48.288
21.85	21.86	0.037752	48.388
21.85	21.86	0.037768	48.492
21.87	21.86	0.037785	48.587
21.87	21.86	0.037802	48.686
21.87	21.86	0.037818	48.791
21.87	21.86	0.037835	48.885
21.87	21.86	0.037852	48.985
21.87	21.86	0.037868	49.090
21.87	21.86	0.037885	49.184
21.87	21.86	0.037902	49.284
21.87	21.86	0.037918	49.388
21.87	21.87	0.037935	49.483
21.87	21.87	0.037951	49.582
21.87	21.87	0.037968	49.687
21.87	21.87	0.037985	49.783
21.87	21.87	0.038001	49.883
21.87	21.87	0.038018	49.986
21.87	21.87	0.038035	50.082
21.87	21.87	0.038051	50.183
21.87	21.87	0.038068	50.284
21.87	21.87	0.038085	50.383
21.87	21.87	0.038101	50.484
21.87	21.87	0.038118	50.584
21.87	21.87	0.038135	50.684
21.87	21.88	0.038151	50.783
21.87	21.88	0.038168	50.884
21.87	21.88	0.038185	50.983
21.87	21.88	0.038201	51.084
21.87	21.88	0.038218	51.184
21.87	21.88	0.038235	51.284
21.87	21.88	0.038251	51.384
21.87	21.88	0.038268	51.483
21.87	21.88	0.038285	51.584
21.87	21.88	0.038301	51.683
21.87	21.88	0.038318	51.784
21.90	21.88	0.038335	51.883
21.90	21.88	0.038351	51.984
21.90	21.89	0.038368	52.084
21.90	21.89	0.038385	52.184
21.90	21.89	0.038401	52.284
21.90	21.89	0.038418	52.383
21.90	21.89	0.038435	52.484
21.90	21.89	0.038451	52.583
21.90	21.89	0.038468	52.684
21.90	21.89	0.038485	52.784
21.90	21.89	0.038501	52.884
21.90	21.89	0.038518	52.984
21.90	21.89	0.038535	53.083
21.90	21.89	0.038551	53.184
21.90	21.89	0.038568	53.283
21.90	21.90	0.038585	53.384
21.90	21.90	0.038601	53.483
21.90	21.90	0.038618	53.584
21.87	21.90	0.038635	53.684
21.87	21.90	0.038651	53.784
21.87	21.90	0.038668	53.884
21.87	21.90	0.038685	53.983
21.87	21.90	0.038701	54.084
21.90	21.90	0.038718	54.183
21.90	21.90	0.038735	54.284
21.90	21.90	0.038751	54.383
21.90	21.90	0.038768	54.484
21.90	21.90	0.038784	54.584
21.90	21.91	0.038801	54.684
21.90	21.91	0.038818	54.784
21.90	21.91	0.038834	54.883
21.90	21.91	0.038851	54.984
21.90	21.91	0.038868	55.083
21.90	21.91	0.038884	55.184
21.90	21.91	0.038901	55.284
21.93	21.91	0.038918	55.384
21.93	21.91	0.038934	55.484
21.93	21.91	0.038951	55.583
21.93	21.91	0.038968	55.683
21.93	21.91	0.038984	55.812
21.93	21.91	0.039001	55.907
21.93	21.92	0.039018	56.006
21.93	21.92	0.039034	56.111
21.93	21.92	0.039051	56.205
21.93	21.92	0.039068	56.305
21.93	21.92	0.039084	56.411
21.93	21.92	0.039101	56.505
21.90	21.92	0.039118	56.605
21.90	21.92	0.039134	56.709
21.90	21.92	0.039151	56.804
21.90	21.92	0.039168	56.903
21.90	21.92	0.039184	57.008
21.90	21.92	0.039201	57.103
21.90	21.92	0.039218	57.202
21.90	21.93	0.039234	57.307
21.90	21.93	0.039251	57.401
21.93	21.93	0.039268	57.502
21.93	21.93	0.039284	57.605
21.93	21.93	0.039301	57.700
21.93	21.93	0.039318	57.801
21.93	21.93	0.039334	57.904
21.93	21.93	0.039351	57.999
21.93	21.93	0.039368	58.101
21.93	21.93	0.039384	58.203
21.93	21.93	0.039401	58.297
21.93	21.93	0.039418	58.402
21.93	21.93	0.039434	58.501
21.93	21.94	0.039451	58.596
21.95	21.94	0.039468	58.700
21.95	21.94	0.039484	58.800
21.95	21.94	0.039501	58.895
21.95	21.94	0.039518	58.999
21.95	21.94	0.039534	59.099
21.95	21.94	0.039551	59.193
21.95	21.94	0.039568	59.298
21.95	21.94	0.039584	59.398
21.95	21.94	0.039601	59.492
21.95	21.94	0.039617	59.597
21.95	21.94	0.039634	59.692
21.95	21.94	0.039651	59.791
21.95	21.95	0.039667	59.896
21.95	21.95	0.039684	59.990
21.95	21.95	0.039701	00.090
21.95	21.95	0.039717	00.194
21.95	21.95	0.039734	00.289
21.95	21.95	0.039751	00.389
21.95	21.95	0.039767	00.493
21.95	21.95	0.039784	00.588
21.95	21.95	0.039801	00.688
21.95	21.95	0.039817	00.792
21.95	21.95	0.039834	00.887
21.95	21.95	0.039851	00.986
21.95	21.95	0.039867	01.091
21.95	21.96	0.039884	01.185
21.95	21.96	0.039901	01.285
21.95	21.96	0.039917	01.389
21.95	21.96	0.039934	01.484
21.95	21.96	0.039951	01.584
21.95	21.96	0.039967	01.688
21.95	21.96	0.039984	01.784
21.95	21.96	0.040001	01.883
21.95	21.96	0.040017	01.987
21.95	21.96	0.040034	02.083
21.95	21.96	0.040051	02.184
21.95	21.96	0.040067	02.286
21.95	21.96	0.040084	02.384
21.95	21.97	0.040101	02.484
21.95	21.97	0.040117	02.584
21.95	21.97	0.040134	02.684
21.95	21.97	0.040151	02.783
21.95	21.97	0.040167	02.884
21.95	21.97	0.040184	02.983
21.98	21.97	0.040201	03.084
21.98	21.97	0.040217	03.183
21.98	21.97	0.040234	03.284
21.98	21.97	0.040251	03.385
21.98	21.97	0.040267	03.484
21.98	21.97	0.040284	03.585
21.98	21.97	0.040301	03.684
21.98	21.98	0.040317	03.784
21.98	21.98	0.040334	03.885
21.98	21.98	0.040351	03.984
21.98	21.98	0.040367	04.085
21.98	21.98	0.040384	04.185
21.98	21.98	0.040401	04.285
21.98	21.98	0.040417	04.385
21.98	21.98	0.040434	04.484
21.98	21.98	0.040450	04.585
21.98	21.98	0.040467	04.684
21.98	21.98	0.040484	04.785
21.98	21.98	0.040500	04.886
21.98	21.98	0.040517	04.986
21.98	21.99	0.040534	05.086
21.98	21.99	0.040550	05.185
21.98	21.99	0.040567	05.285
21.98	21.99	0.040584	05.385
21.98	21.99	0.040600	05.486
22.00	21.99	0.040617	05.585
22.00	21.99	0.040634	05.685
22.00	21.99	0.040650	05.786
22.00	21.99	0.040667	05.885
22.00	21.99	0.040684	05.986
22.00	21.99	0.040700	06.084
22.00	21.99	0.040717	06.186
22.00	21.99	0.040734	06.285
22.00	22.00	0.040750	06.386
22.00	22.00	0.040767	06.486
22.00	22.00	0.040784	06.586
22.00	22.00	0.040800	06.686
22.00	22.00	0.040817	06.785
22.00	22.00	0.040834	06.886
22.00	22.00	0.040850	06.985
22.00	22.00	0.040867	07.086
22.00	22.00	0.040884	07.185
22.00	22.00	0.040900	07.286
22.00	22.00	0.040917	07.386
22.00	22.00	0.040934	07.485
22.00	22.00	0.040950	07.609
22.00	22.01	0.040967	07.709
22.00	22.01	0.040984	07.814
22.00	22.01	0.041000	07.908
22.00	22.01	0.041017	08.007
22.00	22.01	0.041034	08.112
22.00	22.01	0.041050	08.206
22.00	22.01	0.041067	08.306
22.00	22.01	0.041084	08.410
22.00	22.01	0.041100	08.505
22.00	22.01	0.041117	08.605
22.00	22.01	0.041134	08.710
22.00	22.01	0.041150	08.804
22.00	22.01	0.041167	08.904
22.00	22.02	0.041184	09.009
22.03	22.02	0.041200	09.103
22.03	22.02	0.041217	09.203
22.03	22.02	0.041234	09.307
22.03	22.02	0.041250	09.402
22.03	22.02	0.041267	09.502
22.03	22.02	0.041283	09.606
22.03	22.02	0.041300	09.701
22.03	22.02	0.041317	09.800
22.03	22.02	0.041333	09.905
22.03	22.02	0.041350	09.999
22.03	22.02	0.041367	10.101
22.03	22.02	0.041383	10.204
22.03	22.03	0.041400	10.298
22.03	22.03	0.041417	10.401
22.03	22.03	0.041433	10.502
22.03	22.03	0.041450	10.597
22.03	22.03	0.041467	10.700
22.03	22.03	0.041483	10.801
22.03	22.03	0.041500	10.896
22.03	22.03	0.041517	11.000
22.03	22.03	0.041533	11.100
22.03	22.03	0.041550	11.194
22.03	22.03	0.041567	11.299
22.03	22.03	0.041583	11.398
22.03	22.03	0.041600	11.493
22.03	22.04	0.041617	11.597
22.03	22.04	0.041633	11.697
22.03	22.04	0.041650	11.792
22.03	22.04	0.041667	11.896
22.03	22.04	0.041683	11.996
22.03	22.04	0.041700	12.090
22.03	22.04	0.041717	12.196
22.03	22.04	0.041733	12.289
22.03	22.04	0.041750	12.389
22.03	22.04	0.041767	12.494
22.03	22.04	0.041783	12.589
22.03	22.04	0.041800	12.689
22.03	22.04	0.041817	12.793
22.06	22.05	0.041833	12.888
22.06	22.05	0.041850	12.987
22.06	22.05	0.041867	13.092
22.06	22.05	0.041883	13.186
22.06	22.05	0.041900	13.286
22.06	22.05	0.041917	13.391
22.06	22.05	0.041933	13.486
22.06	22.05	0.041950	13.586
22.06	22.05	0.041967	13.689
22.06	22.05	0.041983	13.786
22.06	22.05	0.042000	13.885
22.06	22.05	0.042017	13.988
22.06	22.05	0.042033	14.086
22.06	22.06	0.042050	14.186
22.06	22.06	0.042067	14.287
22.06	22.06	0.042083	14.385
22.06	22.06	0.042100	14.486
22.06	22.06	0.042116	14.585
22.06	22.06	0.042133	14.686
22.06	22.06	0.042150	14.785
22.06	22.06	0.042166	14.886
22.06	22.06	0.042183	14.986
22.06	22.06	0.042200	15.086
22.06	22.06	0.042216	15.186
22.06	22.06	0.042233	15.285
22.06	22.06	0.042250	15.386
22.06	22.07	0.042266	15.485
22.06	22.07	0.042283	15.586
22.06	22.07	0.042300	15.685
22.06	22.07	0.042316	15.786
22.06	22.07	0.042333	15.886
22.06	22.07	0.042350	15.986
22.06	22.07	0.042366	16.086
22.06	22.07	0.042383	16.185
22.06	22.07	0.042400	16.286
22.06	22.07	0.042416	16.386
22.06	22.07	0.042433	16.485
22.06	22.07	0.042450	16.586
22.06	22.07	0.042466	16.685
22.06	22.08	0.042483	16.786
22.06	22.08	0.042500	16.886
22.06	22.08	0.042516	16.986
22.06	22.08	0.042533	17.086
22.06	22.08	0.042550	17.186
22.06	22.08	0.042566	17.286
22.08	22.08	0.042583	17.386
22.08	22.08	0.042600	17.486
22.08	22.08	0.042616	17.585
22.08	22.08	0.042633	17.686
22.08	22.08	0.042650	17.785
22.08	22.08	0.042666	17.886
22.08	22.08	0.042683	17.986
22.08	22.08	0.042700	18.087
22.08	22.09	0.042716	18.187
22.08	22.09	0.042733	18.287
22.08	22.09	0.042750	18.387
22.08	22.09	0.042766	18.486
22.11	22.09	0.042783	18.587
22.11	22.09	0.042800	18.686
22.11	22.09	0.042816	18.787
22.11	22.09	0.042833	18.887
22.11	22.09	0.042850	18.987
22.11	22.09	0.042866	19.087
22.11	22.09	0.042883	19.186
22.11	22.09	0.042900	19.287
22.11	22.09	0.042916	19.386
22.11	22.10	0.042933	19.516
22.11	22.10	0.042949	19.615
22.11	22.10	0.042966	19.710
22.11	22.10	0.042983	19.814
22.11	22.10	0.042999	19.909
22.08	22.10	0.043016	20.009
22.08	22.10	0.043033	20.113
22.08	22.10	0.043049	20.208
22.08	22.10	0.043066	20.307
22.08	22.10	0.043083	20.412
22.08	22.10	0.043099	20.506
22.08	22.10	0.043116	20.606
22.08	22.10	0.043133	20.710
22.08	22.11	0.043149	20.805
22.08	22.11	0.043166	20.905
22.11	22.11	0.043183	21.009
22.11	22.11	0.043199	21.104
22.11	22.11	0.043216	21.203
22.11	22.11	0.043233	21.308
22.11	22.11	0.043249	21.402
22.11	22.11	0.043266	21.502
22.11	22.11	0.043283	21.607
22.11	22.11	0.043299	21.701
22.11	22.11	0.043316	21.801
22.11	22.11	0.043333	21.905
22.11	22.11	0.043349	22.000
22.13	22.12	0.043366	22.100
22.13	22.12	0.043383	22.204
22.13	22.12	0.043399	22.299
22.13	22.12	0.043416	22.400
22.13	22.12	0.043433	22.503
22.13	22.12	0.043449	22.598
22.13	22.12	0.043466	22.699
22.13	22.12	0.043483	22.802
22.13	22.12	0.043499	22.897
22.13	22.12	0.043516	22.999
22.13	22.12	0.043533	23.101
22.13	22.12	0.043549	23.196
22.13	22.12	0.043566	23.299
22.13	22.13	0.043583	23.400
22.13	22.13	0.043599	23.494
22.13	22.13	0.043616	23.598
22.13	22.13	0.043633	23.698
22.13	22.13	0.043649	23.792
22.13	22.13	0.043666	23.897
22.11	22.13	0.043683	23.998
22.11	22.13	0.043699	24.091
22.11	22.13	0.043716	24.196
22.11	22.13	0.043733	24.295
22.11	22.13	0.043749	24.390
22.13	22.13	0.043766	24.495
22.13	22.13	0.043782	24.595
22.13	22.14	0.043799	24.690
22.13	22.14	0.043816	24.794
22.13	22.14	0.043832	24.889
22.13	22.14	0.043849	24.988
22.13	22.14	0.043866	25.093
22.13	22.14	0.043882	25.187
22.13	22.14	0.043899	25.287
22.13	22.14	0.043916	25.391
22.13	22.14	0.043932	25.487
22.13	22.14	0.043949	25.587
22.13	22.14	0.043966	25.690
22.13	22.14	0.043982	25.787
22.16	22.14	0.043999	25.886
22.16	22.15	0.044016	25.989
22.16	22.15	0.044032	26.086
22.16	22.15	0.044049	26.187
22.16	22.15	0.044066	26.288
22.16	22.15	0.044082	26.388
22.16	22.15	0.044099	26.488
22.16	22.15	0.044116	26.587
22.16	22.15	0.044132	26.688
22.16	22.15	0.044149	26.787
22.16	22.15	0.044166	26.888
22.16	22.15	0.044182	26.988
22.16	22.15	0.044199	27.087
22.16	22.15	0.044216	27.188
22.16	22.16	0.044232	27.288
22.16	22.16	0.044249	27.388
22.16	22.16	0.044266	27.488
22.16	22.16	0.044282	27.587
22.16	22.16	0.044299	27.688
22.16	22.16	0.044316	27.787
22.16	22.16	0.044332	27.888
22.16	22.16	0.044349	27.987
22.16	22.16	0.044366	28.088
22.16	22.16	0.044382	28.188
22.16	22.16	0.044399	28.288
22.16	22.16	0.044416	28.388
22.16	22.16	0.044432	28.487
22.16	22.17	0.044449	28.588
22.16	22.17	0.044466	28.687
22.16	22.17	0.044482	28.788
22.16	22.17	0.044499	28.888
22.16	22.17	0.044516	28.988
22.16	22.17	0.044532	29.088
22.16	22.17	0.044549	29.187
22.16	22.17	0.044566	29.288
22.16	22.17	0.044582	29.387
22.16	22.17	0.044599	29.488
22.16	22.17	0.044615	29.587
22.16	22.17	0.044632	29.688
22.16	22.17	0.044649	29.788
22.16	22.18	0.044665	29.888
22.16	22.18	0.044682	29.988
22.16	22.18	0.044699	30.088
22.16	22.18	0.044715	30.188
22.16	22.18	0.044732	30.287
22.16	22.18	0.044749	30.388
22.16	22.18	0.044765	30.487
22.19	22.18	0.044782	30.588
22.19	22.18	0.044799	30.687
22.19	22.18	0.044815	30.788
22.19	22.18	0.044832	30.888
22.19	22.18	0.044849	30.988
22.19	22.18	0.044865	31.088
22.19	22.19	0.044882	31.187
22.19	22.19	0.044899	31.288
22.19	22.19	0.044915	31.387
22.19	22.19	0.044932	31.517
22.19	22.19	0.044949	31.616
22.19	22.19	0.044965	31.710
22.19	22.19	0.044982	31.815
22.19	22.19	0.044999	31.915
22.19	22.19	0.045015	32.009
22.19	22.19	0.045032	32.114
22.19	22.19	0.045049	32.208
22.19	22.19	0.045065	32.308
22.21	22.19	0.045082	32.412
22.21	22.20	0.045099	32.507
22.21	22.20	0.045115	32.607
22.21	22.20	0.045132	32.712
22.21	22.20	0.045149	32.806
22.21	22.20	0.045165	32.906
22.21	22.20	0.045182	33.011
22.21	22.20	0.045199	33.104
22.21	22.20	0.045215	33.205
22.21	22.20	0.045232	33.309
22.21	22.20	0.045249	33.404
22.19	22.20	0.045265	33.504
22.19	22.20	0.045282	33.608
22.19	22.20	0.045299	33.703
22.19	22.21	0.045315	33.802
22.19	22.21	0.045332	33.907
22.19	22.21	0.045349	34.001
22.19	22.21	0.045365	34.101
22.19	22.21	0.045382	34.205
22.21	22.21	0.045399	34.300
22.21	22.21	0.045415	34.400
22.21	22.21	0.045432	34.504
22.21	22.21	0.045448	34.599
22.21	22.21	0.045465	34.698
22.21	22.21	0.045482	34.803
22.21	22.21	0.045498	34.897
22.21	22.21	0.045515	34.998
22.21	22.22	0.045532	35.102
22.21	22.22	0.045548	35.196
22.21	22.22	0.045565	35.299
22.21	22.22	0.045582	35.400
22.24	22.22	0.045598	35.495
22.24	22.22	0.045615	35.598
22.24	22.22	0.045632	35.699
22.24	22.22	0.045648	35.793
22.24	22.22	0.045665	35.898
22.24	22.22	0.045682	35.998
22.24	22.22	0.045698	36.093
22.24	22.22	0.045715	36.198
22.24	22.22	0.045732	36.297
22.24	22.23	0.045748	36.392
22.24	22.23	0.045765	36.496
22.21	22.23	0.045782	36.596
22.21	22.23	0.045798	36.691
22.21	22.23	0.045815	36.795
22.21	22.23	0.045832	36.895
22.21	22.23	0.045848	36.990
22.21	22.23	0.045865	37.094
22.21	22.23	0.045882	37.193
22.21	22.23	0.045898	37.291
22.21	22.23	0.045915	37.392
22.21	22.23	0.045932	37.494
22.21	22.23	0.045948	37.590
22.21	22.24	0.045965	37.691
22.24	22.24	0.045982	37.793
22.24	22.24	0.045998	37.891
22.24	22.24	0.046015	37.991
22.24	22.24	0.046032	38.093
22.24	22.24	0.046048	38.191
22.24	22.24	0.046065	38.290
22.24	22.24	0.046082	38.394
22.24	22.24	0.046098	38.490
22.24	22.24	0.046115	38.591
22.24	22.24	0.046132	38.694
22.24	22.24	0.046148	38.791
22.24	22.24	0.046165	38.891
22.26	22.25	0.046182	38.993
22.26	22.25	0.046198	39.091
22.26	22.25	0.046215	39.190
22.26	22.25	0.046232	39.293
22.26	22.25	0.046248	39.390
22.26	22.25	0.046265	39.491
22.26	22.25	0.046281	39.594
22.26	22.25	0.046298	39.691
22.26	22.25	0.046315	39.791
22.26	22.25	0.046331	39.893
22.26	22.25	0.046348	39.991
22.26	22.25	0.046365	40.090
22.26	22.25	0.046381	40.193
22.26	22.26	0.046398	40.290
22.26	22.26	0.046415	40.391
22.26	22.26	0.046431	40.494
22.26	22.26	0.046448	40.590
22.26	22.26	0.046465	40.691
22.26	22.26	0.046481	40.793
22.26	22.26	0.046498	40.890
22.26	22.26	0.046515	40.991
22.26	22.26	0.046531	41.093
22.26	22.26	0.046548	41.191
22.26	22.26	0.046565	41.291
22.26	22.26	0.046581	41.393
22.26	22.26	0.046598	41.491
22.26	22.27	0.046615	41.590
22.26	22.27	0.046631	41.693
22.26	22.27	0.046648	41.790
22.26	22.27	0.046665	41.891
22.26	22.27	0.046681	41.993
22.26	22.27	0.046698	42.091
22.26	22.27	0.046715	42.191
22.26	22.27	0.046731	42.293
22.26	22.27	0.046748	42.391
22.26	22.27	0.046765	42.490
22.26	22.27	0.046781	42.593
22.26	22.27	0.046798	42.690
22.26	22.27	0.046815	42.791
22.26	22.28	0.046831	42.893
22.26	22.28	0.046848	43.019
22.26	22.28	0.046865	43.114
22.26	22.28	0.046881	43.193
22.26	22.28	0.046898	43.318
22.29	22.28	0.046915	43.413
22.29	22.28	0.046931	43.518
22.29	22.28	0.046948	43.617
22.29	22.28	0.046965	43.712
22.29	22.28	0.046981	43.816
22.29	22.28	0.046998	43.916
22.29	22.28	0.047015	44.011
22.29	22.28	0.047031	44.115
22.29	22.29	0.047048	44.215
22.29	22.29	0.047065	44.309
22.29	22.29	0.047081	44.414
22.29	22.29	0.047098	44.513
22.29	22.29	0.047114	44.608
22.29	22.29	0.047131	44.713
22.29	22.29	0.047148	44.807
22.29	22.29	0.047164	44.907
22.29	22.29	0.047181	45.011
22.29	22.29	0.047198	45.106
22.29	22.29	0.047214	45.205
22.29	22.29	0.047231	45.310
22.29	22.29	0.047248	45.404
22.29	22.30	0.047264	45.504
22.29	22.30	0.047281	45.609
22.29	22.30	0.047298	45.703
22.29	22.30	0.047314	45.803
22.29	22.30	0.047331	45.907
22.29	22.30	0.047348	46.002
22.32	22.30	0.047364	46.101
22.32	22.30	0.047381	46.206
22.32	22.30	0.047398	46.301
22.32	22.30	0.047414	46.401
22.32	22.30	0.047431	46.506
22.32	22.30	0.047448	46.600
22.32	22.30	0.047464	46.700
22.32	22.30	0.047481	46.804
22.32	22.31	0.047498	46.899
22.32	22.31	0.047514	47.003
22.29	22.31	0.047531	47.104
22.29	22.31	0.047548	47.204
22.29	22.31	0.047564	47.304
22.29	22.31	0.047581	47.403
22.29	22.31	0.047598	47.504
22.29	22.31	0.047614	47.604
22.29	22.31	0.047631	47.704
22.29	22.31	0.047648	47.804
22.29	22.31	0.047664	47.903
22.29	22.31	0.047681	48.004
22.32	22.31	0.047698	48.103
22.32	22.32	0.047714	48.204
22.32	22.32	0.047731	48.303
22.32	22.32	0.047748	48.404
22.32	22.32	0.047764	48.504
22.32	22.32	0.047781	48.604
22.32	22.32	0.047798	48.704
22.32	22.32	0.047814	48.803
22.32	22.32	0.047831	48.904
22.32	22.32	0.047848	49.003
22.32	22.32	0.047864	49.104
22.32	22.32	0.047881	49.204
22.32	22.32	0.047898	49.304
22.32	22.32	0.047914	49.404
22.32	22.33	0.047931	49.503
22.32	22.33	0.047947	49.604
22.32	22.33	0.047964	49.703
22.32	22.33	0.047981	49.804
22.32	22.33	0.047997	49.903
22.32	22.33	0.048014	50.004
22.34	22.33	0.048031	50.104
22.34	22.33	0.048047	50.204
22.34	22.33	0.048064	50.304
22.34	22.33	0.048081	50.403
22.34	22.33	0.048097	50.504
22.34	22.33	0.048114	50.603
22.34	22.33	0.048131	50.704
22.34	22.34	0.048147	50.803
22.34	22.34	0.048164	50.904
22.34	22.34	0.048181	51.004
22.34	22.34	0.048197	51.104
22.34	22.34	0.048214	51.204
22.34	22.34	0.048231	51.303
22.34	22.34	0.048247	51.404
22.34	22.34	0.048264	51.503
22.34	22.34	0.048281	51.604
22.34	22.34	0.048297	51.703
22.34	22.34	0.048314	51.833
22.34	22.34	0.048331	51.928
22.34	22.34	0.048347	52.032
22.34	22.35	0.048364	52.128
22.34	22.35	0.048381	52.227
22.34	22.35	0.048397	52.331
22.34	22.35	0.048414	52.426
22.34	22.35	0.048431	52.525
22.34	22.35	0.048447	52.630
22.34	22.35	0.048464	52.725
22.34	22.35	0.048481	52.824
22.34	22.35	0.048497	52.929
22.34	22.35	0.048514	53.023
22.34	22.35	0.048531	53.123
22.34	22.35	0.048547	53.227
22.34	22.35	0.048564	53.322
22.34	22.36	0.048581	53.422
22.34	22.36	0.048597	53.526
22.34	22.36	0.048614	53.621
22.34	22.36	0.048631	53.720
22.34	22.36	0.048647	53.825
22.37	22.36	0.048664	53.919
22.37	22.36	0.048681	54.020
22.37	22.36	0.048697	54.124
22.37	22.36	0.048714	54.219
22.37	22.36	0.048731	54.319
22.37	22.36	0.048747	54.423
22.37	22.36	0.048764	54.518
22.37	22.36	0.048780	54.617
22.37	22.37	0.048797	54.722
22.37	22.37	0.048814	54.816
22.37	22.37	0.048830	54.917
22.37	22.37	0.048847	55.021
22.37	22.37	0.048864	55.115
22.37	22.37	0.048880	55.217
22.37	22.37	0.048897	55.319
22.37	22.37	0.048914	55.414
22.37	22.37	0.048930	55.516
22.37	22.37	0.048947	55.618
22.37	22.37	0.048964	55.712
22.37	22.37	0.048980	55.816
22.37	22.37	0.048997	55.917
22.37	22.38	0.049014	56.011
22.37	22.38	0.049030	56.116
22.37	22.38	0.049047	56.216
22.37	22.38	0.049064	56.310
22.37	22.38	0.049080	56.415
22.39	22.38	0.049097	56.514
22.39	22.38	0.049114	56.609
22.39	22.38	0.049130	56.713
22.39	22.38	0.049147	56.813
22.39	22.38	0.049164	56.907
22.39	22.38	0.049180	57.012
22.39	22.38	0.049197	57.107
22.39	22.38	0.049214	57.206
22.39	22.39	0.049230	57.311
22.39	22.39	0.049247	57.405
22.39	22.39	0.049264	57.505
22.39	22.39	0.049280	57.609
22.39	22.39	0.049297	57.705
22.39	22.39	0.049314	57.805
22.39	22.39	0.049330	57.908
22.39	22.39	0.049347	58.005
22.39	22.39	0.049364	58.104
22.39	22.39	0.049380	58.207
22.39	22.39	0.049397	58.304
22.39	22.39	0.049414	58.405
22.39	22.39	0.049430	58.505
22.39	22.40	0.049447	58.605
22.39	22.40	0.049464	58.705
22.39	22.40	0.049480	58.804
22.39	22.40	0.049497	58.905
22.39	22.40	0.049514	59.004
22.39	22.40	0.049530	59.105
22.39	22.40	0.049547	59.204
22.39	22.40	0.049564	59.305
22.39	22.40	0.049580	59.405
22.42	22.40	0.049597	59.505
22.42	22.40	0.049613	59.605
22.42	22.40	0.049630	59.704
22.42	22.40	0.049647	59.805
22.42	22.41	0.049663	59.905
22.42	22.41	0.049680	00.004
22.42	22.41	0.049697	00.105
22.42	22.41	0.049713	00.204
22.42	22.41	0.049730	00.305
22.42	22.41	0.049747	00.404
22.42	22.41	0.049763	00.505
22.42	22.41	0.049780	00.605
22.42	22.41	0.049797	00.705
22.42	22.41	0.049813	00.805
22.42	22.41	0.049830	00.904
22.42	22.41	0.049847	01.005
22.39	22.41	0.049863	01.104
22.39	22.42	0.049880	01.205
22.39	22.42	0.049897	01.304
22.39	22.42	0.049913	01.405
22.39	22.42	0.049930	01.505
22.39	22.42	0.049947	01.605
22.39	22.42	0.049963	01.705
22.39	22.42	0.049980	01.804
22.42	22.42	0.049997	01.905
22.42	22.42	0.050013	02.004
22.42	22.42	0.050030	02.105
22.42	22.42	0.050047	02.205
22.42	22.42	0.050063	02.305
22.42	22.42	0.050080	02.405
22.42	22.43	0.050097	02.504
22.42	22.43	0.050113	02.605
22.42	22.43	0.050130	02.704
22.42	22.43	0.050147	02.805
22.45	22.43	0.050163	02.904
22.45	22.43	0.050180	03.005
22.45	22.43	0.050197	03.105
22.45	22.43	0.050213	03.205
22.45	22.43	0.050230	03.305
22.45	22.43	0.050247	03.404
22.45	22.43	0.050263	03.505
22.45	22.43	0.050280	03.604
22.45	22.43	0.050297	03.705
22.45	22.44	0.050313	03.804
22.42	22.44	0.050330	03.929
22.42	22.44	0.050347	04.033
22.42	22.44	0.050363	04.133
22.42	22.44	0.050380	04.228
22.42	22.44	0.050397	04.332
22.42	22.44	0.050413	04.432
22.42	22.44	0.050430	04.526
22.42	22.44	0.050446	04.631
22.42	22.44	0.050463	04.725
22.45	22.44	0.050480	04.825
22.45	22.44	0.050496	04.930
22.45	22.44	0.050513	05.024
22.45	22.45	0.050530	05.124
22.45	22.45	0.050546	05.228
22.45	22.45	0.050563	05.323
22.45	22.45	0.050580	05.422
22.45	22.45	0.050596	05.527
22.45	22.45	0.050613	05.622
22.45	22.45	0.050630	05.721
22.45	22.45	0.050646	05.826
22.45	22.45	0.050663	05.920
22.45	22.45	0.050680	06.020
22.45	22.45	0.050696	06.125
22.45	22.45	0.050713	06.220
22.45	22.45	0.050730	06.319
22.45	22.46	0.050746	06.424
22.45	22.46	0.050763	06.519
22.45	22.46	0.050780	06.618
22.45	22.46	0.050796	06.723
22.45	22.46	0.050813	06.817
22.47	22.46	0.050830	06.917
22.47	22.46	0.050846	07.021
22.47	22.46	0.050863	07.116
22.47	22.46	0.050880	07.217
22.47	22.46	0.050896	07.320
22.47	22.46	0.050913	07.415
22.47	22.46	0.050930	07.516
22.47	22.46	0.050946	07.619
22.47	22.47	0.050963	07.713
22.47	22.47	0.050980	07.816
22.47	22.47	0.050996	07.918
22.47	22.47	0.051013	08.012
22.47	22.47	0.051030	08.116
22.47	22.47	0.051046	08.216
22.47	22.47	0.051063	08.311
22.47	22.47	0.051080	08.416
22.47	22.47	0.051096	08.515
22.47	22.47	0.051113	08.610
22.47	22.47	0.051130	08.714
22.47	22.47	0.051146	08.814
22.47	22.47	0.051163	08.908
22.47	22.48	0.051180	09.013
22.47	22.48	0.051196	09.112
22.47	22.48	0.051213	09.207
22.47	22.48	0.051230	09.312
22.47	22.48	0.051246	09.406
22.47	22.48	0.051263	09.506
22.47	22.48	0.051279	09.611
22.47	22.48	0.051296	09.705
22.47	22.48	0.051313	09.805
22.47	22.48	0.051329	09.910
22.47	22.48	0.051346	10.005
22.47	22.48	0.051363	10.106
22.47	22.48	0.051379	10.208
22.47	22.49	0.051396	10.306
22.50	22.49	0.051413	10.405
22.50	22.49	0.051429	10.507
22.50	22.49	0.051446	10.606
22.50	22.49	0.051463	10.706
22.50	22.49	0.051479	10.806
22.50	22.49	0.051496	10.905
22.50	22.49	0.051513	11.006
22.50	22.49	0.051529	11.105
22.50	22.49	0.051546	11.206
22.50	22.49	0.051563	11.305
22.50	22.49	0.051579	11.406
22.50	22.49	0.051596	11.506
22.50	22.50	0.051613	11.606
22.50	22.50	0.051629	11.706
22.50	22.50	0.051646	11.805
22.50	22.50	0.051663	11.906
22.50	22.50	0.051679	12.005
22.50	22.50	0.051696	12.106
22.50	22.50	0.051713	12.205
22.50	22.50	0.051729	12.306
