100.00	0.00	7.23	30.00	150.00	2.70	97.30	2.70	

24.99	21.50	0.000000	28.755
24.99	21.50	0.000017	28.855
24.99	21.50	0.000033	28.955
24.78	21.50	0.000050	29.054
24.32	21.50	0.000067	29.155
24.04	21.50	0.000083	29.254
23.37	21.50	0.000100	29.355
22.70	21.50	0.000117	29.454
22.39	21.50	0.000133	29.555
21.82	21.50	0.000150	29.655
21.41	21.50	0.000167	29.754
21.28	21.50	0.000183	29.855
21.09	21.50	0.000200	29.954
21.09	21.50	0.000217	30.055
21.15	21.50	0.000233	30.154
21.30	21.50	0.000250	30.255
21.54	21.50	0.000267	30.355
21.74	21.50	0.000283	30.484
21.93	21.50	0.000300	30.579
21.98	21.50	0.000317	30.683
22.03	21.50	0.000333	30.783
22.03	21.50	0.000350	30.877
21.98	21.50	0.000367	30.982
21.85	21.50	0.000383	31.081
21.67	21.50	0.000400	31.176
21.59	21.50	0.000416	31.280
21.41	21.50	0.000433	31.375
21.22	21.50	0.000450	31.475
21.17	21.50	0.000466	31.579
21.07	21.50	0.000483	31.674
21.07	21.50	0.000500	31.773
21.07	21.50	0.000516	31.878
21.07	21.50	0.000533	31.972
21.07	21.50	0.000550	32.072
21.12	21.50	0.000566	32.177
21.17	21.50	0.000583	32.271
21.22	21.50	0.000600	32.371
21.28	21.50	0.000616	32.475
21.28	21.50	0.000633	32.570
21.28	21.50	0.000650	32.670
21.28	21.50	0.000666	32.775
21.30	21.50	0.000683	32.869
21.28	21.50	0.000700	32.969
21.28	21.50	0.000716	33.074
21.28	21.50	0.000733	33.168
21.28	21.50	0.000750	33.268
21.25	21.50	0.000766	33.372
21.22	21.50	0.000783	33.467
21.20	21.50	0.000800	33.566
21.20	21.50	0.000816	33.671
21.17	21.50	0.000833	33.766
21.17	21.50	0.000850	33.865
21.17	21.50	0.000866	33.970
21.15	21.50	0.000883	34.064
21.15	21.50	0.000900	34.166
21.15	21.50	0.000916	34.268
21.15	21.50	0.000933	34.363
21.15	21.50	0.000950	34.465
21.15	21.50	0.000966	34.567
21.15	21.50	0.000983	34.662
21.17	21.50	0.001000	34.765
21.17	21.50	0.001016	34.866
21.17	21.50	0.001033	34.960
21.17	21.50	0.001050	35.065
21.22	21.50	0.001066	35.164
21.28	21.50	0.001083	35.259
21.28	21.50	0.001100	35.364
21.30	21.50	0.001116	35.463
21.30	21.50	0.001133	35.558
21.30	21.50	0.001150	35.662
21.33	21.50	0.001166	35.762
21.33	21.50	0.001183	35.856
21.33	21.50	0.001200	35.961
21.33	21.50	0.001216	36.060
21.35	21.50	0.001233	36.156
21.35	21.50	0.001250	36.261
21.35	21.50	0.001266	36.356
21.35	21.50	0.001283	36.455
21.35	21.50	0.001299	36.559
21.35	21.50	0.001316	36.655
21.35	21.50	0.001333	36.756
21.35	21.50	0.001349	36.857
21.35	21.50	0.001366	36.956
21.38	21.50	0.001383	37.056
21.38	21.50	0.001399	37.156
21.38	21.50	0.001416	37.256
21.38	21.50	0.001433	37.355
21.38	21.50	0.001449	37.456
21.38	21.50	0.001466	37.555
21.41	21.50	0.001483	37.656
21.41	21.50	0.001499	37.756
21.41	21.50	0.001516	37.861
21.41	21.50	0.001533	37.956
21.41	21.50	0.001549	38.055
21.41	21.50	0.001566	38.156
21.43	21.50	0.001583	38.255
21.43	21.50	0.001599	38.356
21.43	21.50	0.001616	38.455
21.43	21.50	0.001633	38.556
21.43	21.50	0.001649	38.656
21.46	21.50	0.001666	38.761
21.46	21.50	0.001683	38.856
21.46	21.50	0.001699	38.955
21.46	21.50	0.001716	39.056
21.46	21.50	0.001733	39.155
21.46	21.50	0.001749	39.256
21.46	21.50	0.001766	39.355
21.48	21.50	0.001783	39.456
21.48	21.50	0.001799	39.556
21.48	21.50	0.001816	39.660
21.48	21.50	0.001833	39.756
21.48	21.50	0.001849	39.855
21.48	21.50	0.001866	39.961
21.48	21.50	0.001883	40.055
21.48	21.50	0.001899	40.156
21.48	21.50	0.001916	40.256
21.48	21.50	0.001933	40.356
21.48	21.50	0.001949	40.456
21.48	21.50	0.001966	40.555
21.48	21.50	0.001983	40.656
21.48	21.50	0.001999	40.755
21.48	21.50	0.002016	40.861
21.48	21.50	0.002033	40.955
21.48	21.50	0.002049	41.056
21.48	21.50	0.002066	41.156
21.48	21.50	0.002082	41.256
21.48	21.50	0.002099	41.356
21.48	21.50	0.002116	41.455
21.48	21.50	0.002132	41.556
21.48	21.50	0.002149	41.655
21.48	21.50	0.002166	41.761
21.48	21.50	0.002182	41.855
21.48	21.50	0.002199	41.956
21.48	21.50	0.002216	42.056
21.48	21.50	0.002232	42.156
21.48	21.50	0.002249	42.256
21.48	21.50	0.002266	42.355
21.48	21.50	0.002282	42.455
21.48	21.50	0.002299	42.554
21.48	21.50	0.002316	42.684
21.48	21.50	0.002332	42.783
21.48	21.50	0.002349	42.878
21.48	21.50	0.002366	42.983
21.51	21.50	0.002382	43.082
21.51	21.50	0.002399	43.177
21.51	21.50	0.002416	43.282
21.51	21.50	0.002432	43.382
21.51	21.50	0.002449	43.476
21.51	21.50	0.002466	43.581
21.51	21.50	0.002482	43.675
21.51	21.50	0.002499	43.775
21.51	21.50	0.002516	43.880
21.51	21.50	0.002532	43.974
21.51	21.50	0.002549	44.074
21.51	21.50	0.002566	44.178
21.51	21.50	0.002582	44.273
21.48	21.50	0.002599	44.372
21.48	21.50	0.002616	44.477
21.48	21.50	0.002632	44.572
21.48	21.50	0.002649	44.671
21.48	21.50	0.002666	44.776
21.48	21.50	0.002682	44.870
21.48	21.50	0.002699	44.970
21.48	21.50	0.002716	45.074
21.48	21.50	0.002732	45.169
21.48	21.50	0.002749	45.268
21.48	21.50	0.002766	45.373
21.48	21.50	0.002782	45.468
21.48	21.50	0.002799	45.567
21.48	21.50	0.002816	45.672
21.51	21.50	0.002832	45.766
21.51	21.50	0.002849	45.866
21.51	21.50	0.002866	45.970
21.51	21.50	0.002882	46.065
21.51	21.50	0.002899	46.164
21.51	21.50	0.002915	46.269
21.51	21.50	0.002932	46.364
21.51	21.50	0.002949	46.464
21.51	21.50	0.002965	46.569
21.51	21.50	0.002982	46.663
21.51	21.50	0.002999	46.765
21.51	21.50	0.003015	46.867
21.51	21.50	0.003032	46.962
21.51	21.50	0.003049	47.065
21.51	21.50	0.003065	47.166
21.48	21.50	0.003082	47.261
21.48	21.50	0.003099	47.364
21.48	21.50	0.003115	47.465
21.48	21.50	0.003132	47.559
21.48	21.50	0.003149	47.664
21.48	21.50	0.003165	47.763
21.48	21.50	0.003182	47.858
21.48	21.50	0.003199	47.963
21.48	21.50	0.003215	48.062
21.48	21.50	0.003232	48.157
21.48	21.50	0.003249	48.261
21.48	21.50	0.003265	48.361
21.51	21.50	0.003282	48.456
21.51	21.50	0.003299	48.560
21.51	21.50	0.003315	48.660
21.51	21.50	0.003332	48.757
21.51	21.50	0.003349	48.859
21.51	21.50	0.003365	48.960
21.51	21.50	0.003382	49.057
21.51	21.50	0.003399	49.157
21.51	21.50	0.003415	49.260
21.51	21.50	0.003432	49.356
21.51	21.50	0.003449	49.456
21.51	21.50	0.003465	49.560
21.51	21.50	0.003482	49.656
21.51	21.50	0.003499	49.757
21.48	21.50	0.003515	49.859
21.48	21.50	0.003532	49.957
21.48	21.50	0.003549	50.057
21.48	21.50	0.003565	50.160
21.48	21.50	0.003582	50.256
21.48	21.50	0.003599	50.357
21.48	21.50	0.003615	50.460
21.48	21.50	0.003632	50.556
21.48	21.50	0.003649	50.657
21.48	21.50	0.003665	50.760
21.48	21.50	0.003682	50.857
21.48	21.50	0.003699	50.957
21.51	21.50	0.003715	51.060
21.51	21.50	0.003732	51.157
21.51	21.50	0.003748	51.256
21.51	21.50	0.003765	51.360
21.51	21.50	0.003782	51.456
21.51	21.50	0.003798	51.557
21.51	21.50	0.003815	51.660
21.51	21.50	0.003832	51.757
21.51	21.50	0.003848	51.857
21.51	21.50	0.003865	51.959
21.51	21.50	0.003882	52.056
21.51	21.50	0.003898	52.157
21.51	21.50	0.003915	52.259
21.51	21.50	0.003932	52.357
21.51	21.50	0.003948	52.457
21.51	21.50	0.003965	52.560
21.48	21.50	0.003982	52.658
21.48	21.50	0.003998	52.757
21.48	21.50	0.004015	52.860
21.48	21.50	0.004032	52.957
21.48	21.50	0.004048	53.058
21.48	21.50	0.004065	53.160
21.48	21.50	0.004082	53.258
21.48	21.50	0.004098	53.358
21.48	21.50	0.004115	53.459
21.48	21.50	0.004132	53.558
21.48	21.50	0.004148	53.657
21.51	21.50	0.004165	53.760
21.51	21.50	0.004182	53.857
21.51	21.50	0.004198	53.958
21.51	21.50	0.004215	54.060
21.51	21.50	0.004232	54.187
21.51	21.50	0.004248	54.282
21.51	21.50	0.004265	54.359
21.51	21.50	0.004282	54.486
21.51	21.50	0.004298	54.580
21.51	21.50	0.004315	54.660
21.51	21.50	0.004332	54.784
21.51	21.50	0.004348	54.879
21.51	21.50	0.004365	54.984
21.51	21.50	0.004382	55.083
21.51	21.50	0.004398	55.178
21.51	21.50	0.004415	55.282
21.51	21.50	0.004432	55.382
21.51	21.50	0.004448	55.477
21.51	21.50	0.004465	55.581
21.48	21.50	0.004482	55.681
21.48	21.50	0.004498	55.776
21.48	21.50	0.004515	55.880
21.48	21.50	0.004532	55.979
21.48	21.50	0.004548	56.074
21.48	21.50	0.004565	56.178
21.48	21.50	0.004581	56.274
21.48	21.50	0.004598	56.373
21.48	21.50	0.004615	56.477
21.48	21.50	0.004631	56.573
21.51	21.50	0.004648	56.672
21.51	21.50	0.004665	56.777
21.51	21.50	0.004681	56.871
21.51	21.50	0.004698	56.971
21.51	21.50	0.004715	57.075
21.51	21.50	0.004731	57.170
21.51	21.50	0.004748	57.269
21.51	21.50	0.004765	57.374
21.51	21.50	0.004781	57.468
21.51	21.50	0.004798	57.568
21.51	21.50	0.004815	57.672
21.51	21.50	0.004831	57.768
21.51	21.50	0.004848	57.868
21.51	21.50	0.004865	57.972
21.51	21.50	0.004881	58.066
21.51	21.50	0.004898	58.166
21.51	21.50	0.004915	58.271
21.51	21.50	0.004931	58.365
21.51	21.50	0.004948	58.465
21.48	21.50	0.004965	58.570
21.48	21.50	0.004981	58.664
21.48	21.50	0.004998	58.764
21.48	21.50	0.005015	58.868
21.48	21.50	0.005031	58.963
21.48	21.50	0.005048	59.063
21.48	21.50	0.005065	59.167
21.48	21.50	0.005081	59.261
21.48	21.50	0.005098	59.363
21.48	21.50	0.005115	59.466
21.51	21.50	0.005131	59.560
21.51	21.50	0.005148	59.664
21.51	21.50	0.005165	59.764
21.51	21.50	0.005181	59.859
21.51	21.50	0.005198	59.963
21.51	21.50	0.005215	00.063
21.51	21.50	0.005231	00.158
21.51	21.50	0.005248	00.262
21.51	21.50	0.005265	00.362
21.51	21.50	0.005281	00.457
21.51	21.50	0.005298	00.561
21.51	21.50	0.005315	00.660
21.51	21.50	0.005331	00.758
21.51	21.50	0.005348	00.859
21.51	21.50	0.005365	00.959
21.51	21.50	0.005381	01.058
21.48	21.50	0.005398	01.158
21.48	21.50	0.005414	01.259
21.48	21.50	0.005431	01.357
21.48	21.50	0.005448	01.458
21.48	21.50	0.005464	01.559
21.48	21.50	0.005481	01.658
21.48	21.50	0.005498	01.758
21.48	21.50	0.005514	01.859
21.48	21.50	0.005531	01.958
21.48	21.50	0.005548	02.057
21.48	21.50	0.005564	02.159
21.48	21.50	0.005581	02.257
21.51	21.50	0.005598	02.358
21.51	21.50	0.005614	02.459
21.51	21.50	0.005631	02.560
21.51	21.50	0.005648	02.660
21.51	21.50	0.005664	02.760
21.51	21.50	0.005681	02.860
21.51	21.50	0.005698	02.959
21.51	21.50	0.005714	03.060
21.51	21.50	0.005731	03.159
21.51	21.50	0.005748	03.260
21.51	21.50	0.005764	03.359
21.51	21.50	0.005781	03.460
21.51	21.50	0.005798	03.560
21.51	21.50	0.005814	03.660
21.51	21.50	0.005831	03.759
21.51	21.50	0.005848	03.860
21.51	21.50	0.005864	03.959
21.51	21.50	0.005881	04.060
21.51	21.50	0.005898	04.159
21.51	21.50	0.005914	04.260
21.48	21.50	0.005931	04.360
21.48	21.50	0.005948	04.460
21.48	21.50	0.005964	04.559
21.48	21.50	0.005981	04.660
21.48	21.50	0.005998	04.759
21.48	21.50	0.006014	04.860
21.48	21.50	0.006031	04.959
21.48	21.50	0.006048	05.060
21.48	21.50	0.006064	05.160
21.48	21.50	0.006081	05.260
21.48	21.50	0.006098	05.359
21.51	21.50	0.006114	05.460
21.51	21.50	0.006131	05.559
21.51	21.50	0.006148	05.660
21.51	21.50	0.006164	05.760
21.51	21.50	0.006181	05.890
21.51	21.50	0.006198	05.960
21.51	21.50	0.006214	06.058
21.51	21.50	0.006231	06.189
21.51	21.50	0.006247	06.283
21.51	21.50	0.006264	06.384
21.51	21.50	0.006281	06.487
21.51	21.50	0.006297	06.582
21.51	21.50	0.006314	06.683
21.51	21.50	0.006331	06.786
21.51	21.50	0.006347	06.881
21.51	21.50	0.006364	06.958
21.51	21.50	0.006381	07.085
21.51	21.50	0.006397	07.179
21.51	21.50	0.006414	07.283
21.51	21.50	0.006431	07.383
21.51	21.50	0.006447	07.478
21.51	21.50	0.006464	07.582
21.51	21.50	0.006481	07.682
21.48	21.50	0.006497	07.777
21.48	21.50	0.006514	07.881
21.48	21.50	0.006531	07.981
21.48	21.50	0.006547	08.075
21.48	21.50	0.006564	08.180
21.48	21.50	0.006581	08.279
21.48	21.50	0.006597	08.374
21.48	21.50	0.006614	08.479
21.48	21.50	0.006631	08.573
21.48	21.50	0.006647	08.673
21.48	21.50	0.006664	08.777
21.48	21.50	0.006681	08.872
21.51	21.50	0.006697	08.971
21.51	21.50	0.006714	09.076
21.51	21.50	0.006731	09.171
21.51	21.50	0.006747	09.271
21.51	21.50	0.006764	09.376
21.51	21.50	0.006781	09.470
21.51	21.50	0.006797	09.570
21.51	21.50	0.006814	09.674
21.51	21.50	0.006831	09.769
21.51	21.50	0.006847	09.868
21.51	21.50	0.006864	09.973
21.51	21.50	0.006881	10.068
21.51	21.50	0.006897	10.167
21.51	21.50	0.006914	10.272
21.51	21.50	0.006931	10.366
21.51	21.50	0.006947	10.465
21.51	21.50	0.006964	10.570
21.51	21.50	0.006981	10.665
21.51	21.50	0.006997	10.764
21.51	21.50	0.007014	10.869
21.48	21.50	0.007031	10.963
21.48	21.50	0.007047	11.063
21.48	21.50	0.007064	11.167
21.48	21.50	0.007080	11.262
21.48	21.50	0.007097	11.363
21.48	21.50	0.007114	11.466
21.48	21.50	0.007130	11.561
21.48	21.50	0.007147	11.662
21.48	21.50	0.007164	11.765
21.48	21.50	0.007180	11.860
21.51	21.50	0.007197	11.963
21.51	21.50	0.007214	12.064
21.51	21.50	0.007230	12.160
21.51	21.50	0.007247	12.263
21.51	21.50	0.007264	12.363
21.51	21.50	0.007280	12.461
21.51	21.50	0.007297	12.562
21.51	21.50	0.007314	12.661
21.51	21.50	0.007330	12.761
21.51	21.50	0.007347	12.860
21.51	21.50	0.007364	12.961
21.51	21.50	0.007380	13.061
21.51	21.50	0.007397	13.160
21.51	21.50	0.007414	13.261
21.51	21.50	0.007430	13.361
21.51	21.50	0.007447	13.461
21.51	21.50	0.007464	13.561
21.51	21.50	0.007480	13.660
21.48	21.50	0.007497	13.761
21.48	21.50	0.007514	13.860
21.48	21.50	0.007530	13.960
21.48	21.50	0.007547	14.060
21.48	21.50	0.007564	14.161
21.48	21.50	0.007580	14.261
21.48	21.50	0.007597	14.361
21.48	21.50	0.007614	14.460
21.48	21.50	0.007630	14.561
21.51	21.50	0.007647	14.660
21.51	21.50	0.007664	14.760
21.51	21.50	0.007680	14.861
21.51	21.50	0.007697	14.961
21.51	21.50	0.007714	15.061
21.51	21.50	0.007730	15.161
21.51	21.50	0.007747	15.260
21.51	21.50	0.007764	15.361
21.51	21.50	0.007780	15.460
21.51	21.50	0.007797	15.561
21.51	21.50	0.007814	15.661
21.51	21.50	0.007830	15.761
21.51	21.50	0.007847	15.861
21.51	21.50	0.007864	15.960
21.51	21.50	0.007880	16.060
21.51	21.50	0.007897	16.161
21.51	21.50	0.007913	16.260
21.51	21.50	0.007930	16.361
21.51	21.50	0.007947	16.461
21.51	21.50	0.007963	16.561
21.48	21.50	0.007980	16.661
21.48	21.50	0.007997	16.760
21.48	21.50	0.008013	16.861
21.48	21.50	0.008030	16.960
21.48	21.50	0.008047	17.061
21.48	21.50	0.008063	17.161
21.48	21.50	0.008080	17.261
21.48	21.50	0.008097	17.361
21.48	21.50	0.008113	17.460
21.48	21.50	0.008130	17.561
21.48	21.50	0.008147	17.660
21.51	21.50	0.008163	17.761
21.51	21.50	0.008180	17.861
21.51	21.50	0.008197	17.985
21.51	21.50	0.008213	18.085
21.51	21.50	0.008230	18.189
21.51	21.50	0.008247	18.284
21.51	21.50	0.008263	18.383
21.51	21.50	0.008280	18.488
21.51	21.50	0.008297	18.582
21.51	21.50	0.008313	18.683
21.51	21.50	0.008330	18.787
21.51	21.50	0.008347	18.881
21.51	21.50	0.008363	18.983
21.51	21.50	0.008380	19.085
21.51	21.50	0.008397	19.180
21.51	21.50	0.008413	19.282
21.51	21.50	0.008430	19.384
21.51	21.50	0.008447	19.479
21.51	21.50	0.008463	19.582
21.51	21.50	0.008480	19.683
21.51	21.50	0.008497	19.777
21.51	21.50	0.008513	19.882
21.51	21.50	0.008530	19.982
21.48	21.50	0.008547	20.077
21.48	21.50	0.008563	20.181
21.48	21.50	0.008580	20.281
21.48	21.50	0.008597	20.376
21.48	21.50	0.008613	20.480
21.48	21.50	0.008630	20.579
21.48	21.50	0.008647	20.674
21.48	21.50	0.008663	20.778
21.48	21.50	0.008680	20.878
21.48	21.50	0.008697	20.973
21.48	21.50	0.008713	21.077
21.48	21.50	0.008730	21.172
21.51	21.50	0.008746	21.271
21.51	21.50	0.008763	21.376
21.51	21.50	0.008780	21.470
21.51	21.50	0.008796	21.570
21.51	21.50	0.008813	21.675
21.51	21.50	0.008830	21.770
21.51	21.50	0.008846	21.870
21.51	21.50	0.008863	21.974
21.51	21.50	0.008880	22.069
21.51	21.50	0.008896	22.168
21.51	21.50	0.008913	22.273
21.51	21.50	0.008930	22.367
21.51	21.50	0.008946	22.467
21.51	21.50	0.008963	22.572
21.51	21.50	0.008980	22.666
21.51	21.50	0.008996	22.766
21.51	21.50	0.009013	22.870
21.51	21.50	0.009030	22.965
21.51	21.50	0.009046	23.064
21.51	21.50	0.009063	23.169
21.48	21.50	0.009080	23.264
21.48	21.50	0.009096	23.363
21.48	21.50	0.009113	23.468
21.48	21.50	0.009130	23.562
21.48	21.50	0.009146	23.662
21.48	21.50	0.009163	23.766
21.48	21.50	0.009180	23.861
21.48	21.50	0.009196	23.961
21.48	21.50	0.009213	24.065
21.51	21.50	0.009230	24.161
21.51	21.50	0.009246	24.262
21.51	21.50	0.009263	24.364
21.51	21.50	0.009280	24.460
21.51	21.50	0.009296	24.562
21.51	21.50	0.009313	24.662
21.51	21.50	0.009330	24.761
21.51	21.50	0.009346	24.862
21.51	21.50	0.009363	24.961
21.51	21.50	0.009380	25.061
21.51	21.50	0.009396	25.160
21.51	21.50	0.009413	25.261
21.51	21.50	0.009430	25.360
21.51	21.50	0.009446	25.460
21.51	21.50	0.009463	25.561
21.51	21.50	0.009480	25.660
21.51	21.50	0.009496	25.761
21.51	21.50	0.009513	25.861
21.51	21.50	0.009530	25.961
21.51	21.50	0.009546	26.061
21.51	21.50	0.009563	26.160
21.48	21.50	0.009579	26.261
21.48	21.50	0.009596	26.360
21.48	21.50	0.009613	26.461
21.48	21.50	0.009629	26.561
21.48	21.50	0.009646	26.661
21.48	21.50	0.009663	26.761
21.48	21.50	0.009679	26.860
21.48	21.50	0.009696	26.961
21.51	21.50	0.009713	27.060
21.51	21.50	0.009729	27.161
21.51	21.50	0.009746	27.261
21.51	21.50	0.009763	27.361
21.51	21.50	0.009779	27.460
21.51	21.50	0.009796	27.560
21.51	21.50	0.009813	27.660
21.51	21.50	0.009829	27.762
21.51	21.50	0.009846	27.862
21.51	21.50	0.009863	27.962
21.51	21.50	0.009879	28.061
21.51	21.50	0.009896	28.162
21.51	21.50	0.009913	28.261
21.51	21.50	0.009929	28.362
21.51	21.50	0.009946	28.461
21.51	21.50	0.009963	28.562
21.51	21.50	0.009979	28.662
21.51	21.50	0.009996	28.762
21.48	21.50	0.010013	28.862
21.48	21.50	0.010029	28.961
21.48	21.50	0.010046	29.062
21.48	21.50	0.010063	29.161
21.48	21.50	0.010079	29.262
21.48	21.50	0.010096	29.361
21.48	21.50	0.010113	29.462
21.48	21.50	0.010129	29.562
21.48	21.50	0.010146	29.662
21.51	21.50	0.010163	29.762
21.51	21.50	0.010179	29.861
21.51	21.50	0.010196	29.961
21.51	21.50	0.010213	30.060
21.51	21.50	0.010229	30.191
21.51	21.50	0.010246	30.285
21.51	21.50	0.010263	30.385
21.51	21.50	0.010279	30.489
21.51	21.50	0.010296	30.584
21.51	21.50	0.010313	30.684
21.51	21.50	0.010329	30.788
21.51	21.50	0.010346	30.883
21.51	21.50	0.010363	30.982
21.51	21.50	0.010379	31.087
21.51	21.50	0.010396	31.181
21.51	21.50	0.010412	31.282
21.51	21.50	0.010429	31.386
21.51	21.50	0.010446	31.480
21.51	21.50	0.010462	31.582
21.51	21.50	0.010479	31.684
21.48	21.50	0.010496	31.779
21.48	21.50	0.010512	31.881
21.48	21.50	0.010529	31.983
21.48	21.50	0.010546	32.077
21.48	21.50	0.010562	32.181
21.48	21.50	0.010579	32.281
21.48	21.50	0.010596	32.376
21.48	21.50	0.010612	32.481
21.48	21.50	0.010629	32.581
21.48	21.50	0.010646	32.675
21.48	21.50	0.010662	32.779
21.51	21.50	0.010679	32.879
21.51	21.50	0.010696	32.973
21.51	21.50	0.010712	33.079
21.51	21.50	0.010729	33.178
21.51	21.50	0.010746	33.273
21.51	21.50	0.010762	33.378
21.51	21.50	0.010779	33.477
21.51	21.50	0.010796	33.572
21.51	21.50	0.010812	33.676
21.51	21.50	0.010829	33.771
21.51	21.50	0.010846	33.870
21.51	21.50	0.010862	33.975
21.51	21.50	0.010879	34.070
21.51	21.50	0.010896	34.169
21.51	21.50	0.010912	34.274
21.51	21.50	0.010929	34.368
21.51	21.50	0.010946	34.468
21.51	21.50	0.010962	34.572
21.51	21.50	0.010979	34.667
21.51	21.50	0.010996	34.767
21.51	21.50	0.011012	34.871
21.51	21.50	0.011029	34.966
21.48	21.50	0.011046	35.065
21.48	21.50	0.011062	35.170
21.48	21.50	0.011079	35.264
21.48	21.50	0.011096	35.364
21.48	21.50	0.011112	35.468
21.48	21.50	0.011129	35.563
21.48	21.50	0.011146	35.663
21.48	21.50	0.011162	35.768
21.48	21.50	0.011179	35.863
21.48	21.50	0.011196	35.963
21.48	21.50	0.011212	36.066
21.51	21.50	0.011229	36.163
21.51	21.50	0.011245	36.262
21.51	21.50	0.011262	36.365
21.51	21.50	0.011279	36.463
21.51	21.50	0.011295	36.563
21.51	21.50	0.011312	36.664
21.51	21.50	0.011329	36.762
21.51	21.50	0.011345	36.863
21.51	21.50	0.011362	36.962
21.51	21.50	0.011379	37.063
21.51	21.50	0.011395	37.162
21.51	21.50	0.011412	37.263
21.51	21.50	0.011429	37.363
21.51	21.50	0.011445	37.463
21.51	21.50	0.011462	37.563
21.51	21.50	0.011479	37.662
21.51	21.50	0.011495	37.763
21.51	21.50	0.011512	37.862
21.51	21.50	0.011529	37.963
21.48	21.50	0.011545	38.062
21.48	21.50	0.011562	38.163
21.48	21.50	0.011579	38.263
21.48	21.50	0.011595	38.363
21.48	21.50	0.011612	38.462
21.48	21.50	0.011629	38.562
21.48	21.50	0.011645	38.663
21.48	21.50	0.011662	38.761
21.48	21.50	0.011679	38.863
21.48	21.50	0.011695	38.963
21.51	21.50	0.011712	39.063
21.51	21.50	0.011729	39.163
21.51	21.50	0.011745	39.262
21.51	21.50	0.011762	39.363
21.51	21.50	0.011779	39.462
21.51	21.50	0.011795	39.563
21.51	21.50	0.011812	39.662
21.51	21.50	0.011829	39.763
21.51	21.50	0.011845	39.863
21.51	21.50	0.011862	39.963
21.51	21.50	0.011879	40.063
21.51	21.50	0.011895	40.162
21.51	21.50	0.011912	40.263
21.51	21.50	0.011929	40.362
21.51	21.50	0.011945	40.463
21.51	21.50	0.011962	40.563
21.51	21.50	0.011979	40.662
21.51	21.50	0.011995	40.763
21.51	21.50	0.012012	40.863
21.51	21.50	0.012029	40.963
21.51	21.50	0.012045	41.063
21.51	21.50	0.012062	41.162
21.51	21.50	0.012078	41.263
21.51	21.50	0.012095	41.362
21.48	21.50	0.012112	41.463
21.48	21.50	0.012128	41.562
21.48	21.50	0.012145	41.663
21.48	21.50	0.012162	41.763
21.48	21.50	0.012178	41.863
21.48	21.50	0.012195	41.963
21.48	21.50	0.012212	42.086
21.48	21.50	0.012228	42.192
21.48	21.50	0.012245	42.286
21.48	21.50	0.012262	42.386
21.51	21.50	0.012278	42.490
21.51	21.50	0.012295	42.585
21.51	21.50	0.012312	42.684
21.51	21.50	0.012328	42.789
21.51	21.50	0.012345	42.884
21.51	21.50	0.012362	42.983
21.51	21.50	0.012378	43.088
21.51	21.50	0.012395	43.182
21.51	21.50	0.012412	43.282
21.51	21.50	0.012428	43.386
21.51	21.50	0.012445	43.481
21.51	21.50	0.012462	43.581
21.51	21.50	0.012478	43.685
21.51	21.50	0.012495	43.780
21.51	21.50	0.012512	43.880
21.51	21.50	0.012528	43.984
21.51	21.50	0.012545	44.078
21.51	21.50	0.012562	44.181
21.51	21.50	0.012578	44.283
21.51	21.50	0.012595	44.377
21.51	21.50	0.012612	44.481
21.51	21.50	0.012628	44.582
21.48	21.50	0.012645	44.676
21.48	21.50	0.012662	44.781
21.48	21.50	0.012678	44.880
21.48	21.50	0.012695	44.975
21.48	21.50	0.012712	45.079
21.48	21.50	0.012728	45.179
21.48	21.50	0.012745	45.273
21.48	21.50	0.012762	45.378
21.48	21.50	0.012778	45.477
21.48	21.50	0.012795	45.572
21.48	21.50	0.012812	45.676
21.51	21.50	0.012828	45.777
21.51	21.50	0.012845	45.872
21.51	21.50	0.012862	45.976
21.51	21.50	0.012878	46.071
21.51	21.50	0.012895	46.170
21.51	21.50	0.012911	46.275
21.51	21.50	0.012928	46.369
21.51	21.50	0.012945	46.469
21.51	21.50	0.012961	46.574
21.51	21.50	0.012978	46.668
21.51	21.50	0.012995	46.768
21.51	21.50	0.013011	46.872
21.51	21.50	0.013028	46.967
21.51	21.50	0.013045	47.066
21.51	21.50	0.013061	47.171
21.51	21.50	0.013078	47.265
21.51	21.50	0.013095	47.365
21.51	21.50	0.013111	47.470
21.51	21.50	0.013128	47.564
21.51	21.50	0.013145	47.664
21.51	21.50	0.013161	47.769
21.51	21.50	0.013178	47.864
21.48	21.50	0.013195	47.964
21.48	21.50	0.013211	48.067
21.48	21.50	0.013228	48.164
21.48	21.50	0.013245	48.263
21.48	21.50	0.013261	48.366
21.48	21.50	0.013278	48.463
21.48	21.50	0.013295	48.564
21.48	21.50	0.013311	48.665
21.48	21.50	0.013328	48.764
21.48	21.50	0.013345	48.864
21.48	21.50	0.013361	48.963
21.51	21.50	0.013378	49.064
21.51	21.50	0.013395	49.163
21.51	21.50	0.013411	49.264
21.51	21.50	0.013428	49.363
21.51	21.50	0.013445	49.464
21.51	21.50	0.013461	49.564
21.51	21.50	0.013478	49.664
21.51	21.50	0.013495	49.765
21.51	21.50	0.013511	49.864
21.51	21.50	0.013528	49.965
21.51	21.50	0.013545	50.064
21.51	21.50	0.013561	50.165
21.51	21.50	0.013578	50.265
21.51	21.50	0.013595	50.365
21.51	21.50	0.013611	50.465
21.51	21.50	0.013628	50.565
21.51	21.50	0.013645	50.666
21.51	21.50	0.013661	50.765
21.51	21.50	0.013678	50.866
21.51	21.50	0.013695	50.965
21.51	21.50	0.013711	51.066
21.48	21.50	0.013728	51.166
21.48	21.50	0.013744	51.266
21.48	21.50	0.013761	51.366
21.48	21.50	0.013778	51.465
21.48	21.50	0.013794	51.566
21.48	21.50	0.013811	51.665
21.48	21.50	0.013828	51.766
21.48	21.50	0.013844	51.865
21.48	21.50	0.013861	51.966
21.48	21.50	0.013878	52.066
21.48	21.50	0.013894	52.166
21.48	21.50	0.013911	52.266
21.51	21.50	0.013928	52.365
21.51	21.50	0.013944	52.466
21.51	21.50	0.013961	52.565
21.51	21.50	0.013978	52.666
21.51	21.50	0.013994	52.765
21.51	21.50	0.014011	52.866
21.51	21.50	0.014028	52.966
21.51	21.50	0.014044	53.066
21.51	21.50	0.014061	53.166
21.51	21.50	0.014078	53.265
21.51	21.50	0.014094	53.366
21.51	21.50	0.014111	53.490
21.51	21.50	0.014128	53.595
21.51	21.50	0.014144	53.689
21.51	21.50	0.014161	53.789
21.51	21.50	0.014178	53.894
21.51	21.50	0.014194	53.989
21.51	21.50	0.014211	54.088
21.51	21.50	0.014228	54.193
21.51	21.50	0.014244	54.287
21.51	21.50	0.014261	54.387
21.48	21.50	0.014278	54.491
21.48	21.50	0.014294	54.586
21.48	21.50	0.014311	54.685
21.48	21.50	0.014328	54.790
21.48	21.50	0.014344	54.885
21.48	21.50	0.014361	54.984
21.48	21.50	0.014378	55.089
21.48	21.50	0.014394	55.183
21.48	21.50	0.014411	55.283
21.51	21.50	0.014428	55.387
21.51	21.50	0.014444	55.482
21.51	21.50	0.014461	55.582
21.51	21.50	0.014478	55.686
21.51	21.50	0.014494	55.781
21.51	21.50	0.014511	55.880
21.51	21.50	0.014528	55.985
21.51	21.50	0.014544	56.079
21.51	21.50	0.014561	56.180
21.51	21.50	0.014577	56.283
21.51	21.50	0.014594	56.378
21.51	21.50	0.014611	56.481
21.51	21.50	0.014627	56.582
21.51	21.50	0.014644	56.677
21.51	21.50	0.014661	56.780
21.51	21.50	0.014677	56.881
21.51	21.50	0.014694	56.975
21.51	21.50	0.014711	57.080
21.51	21.50	0.014727	57.180
21.51	21.50	0.014744	57.275
21.51	21.50	0.014761	57.380
21.51	21.50	0.014777	57.479
21.51	21.50	0.014794	57.573
21.51	21.50	0.014811	57.678
21.48	21.50	0.014827	57.777
21.48	21.50	0.014844	57.872
21.48	21.50	0.014861	57.977
21.48	21.50	0.014877	58.076
21.48	21.50	0.014894	58.171
21.48	21.50	0.014911	58.275
21.48	21.50	0.014927	58.370
21.48	21.50	0.014944	58.469
21.48	21.50	0.014961	58.574
21.48	21.50	0.014977	58.669
21.48	21.50	0.014994	58.769
21.48	21.50	0.015011	58.873
21.51	21.50	0.015027	58.968
21.51	21.50	0.015044	59.067
21.51	21.50	0.015061	59.172
21.51	21.50	0.015077	59.266
21.51	21.50	0.015094	59.366
21.51	21.50	0.015111	59.470
21.51	21.50	0.015127	59.566
21.51	21.50	0.015144	59.666
21.51	21.50	0.015161	59.769
21.51	21.50	0.015177	59.866
21.51	21.50	0.015194	59.965
21.51	21.50	0.015211	00.068
21.51	21.50	0.015227	00.165
21.51	21.50	0.015244	00.266
21.51	21.50	0.015261	00.366
21.51	21.50	0.015277	00.466
21.51	21.50	0.015294	00.566
21.51	21.50	0.015311	00.666
21.51	21.50	0.015327	00.766
21.51	21.50	0.015344	00.866
21.51	21.50	0.015361	00.965
21.51	21.50	0.015377	01.066
21.48	21.50	0.015394	01.165
21.48	21.50	0.015410	01.266
21.48	21.50	0.015427	01.365
21.48	21.50	0.015444	01.466
21.48	21.50	0.015460	01.566
21.48	21.50	0.015477	01.665
21.48	21.50	0.015494	01.766
21.48	21.50	0.015510	01.865
21.48	21.50	0.015527	01.966
21.48	21.50	0.015544	02.065
21.48	21.50	0.015560	02.166
21.51	21.50	0.015577	02.266
21.51	21.50	0.015594	02.366
21.51	21.50	0.015610	02.466
21.51	21.50	0.015627	02.565
21.51	21.50	0.015644	02.666
21.51	21.50	0.015660	02.765
21.51	21.50	0.015677	02.866
21.51	21.50	0.015694	02.965
21.51	21.50	0.015710	03.066
21.51	21.50	0.015727	03.166
21.51	21.50	0.015744	03.265
21.51	21.50	0.015760	03.366
21.51	21.50	0.015777	03.465
21.51	21.50	0.015794	03.566
21.51	21.50	0.015810	03.665
21.51	21.50	0.015827	03.766
21.51	21.50	0.015844	03.866
21.51	21.50	0.015860	03.966
21.48	21.50	0.015877	04.066
21.48	21.50	0.015894	04.165
21.48	21.50	0.015910	04.266
21.48	21.50	0.015927	04.365
21.48	21.50	0.015944	04.466
21.48	21.50	0.015960	04.565
21.48	21.50	0.015977	04.666
21.48	21.50	0.015994	04.766
21.48	21.50	0.016010	04.865
21.51	21.50	0.016027	04.966
21.51	21.50	0.016044	05.065
21.51	21.50	0.016060	05.166
21.51	21.50	0.016077	05.265
21.51	21.50	0.016094	05.366
21.51	21.50	0.016110	05.466
21.51	21.50	0.016127	05.566
21.51	21.50	0.016144	05.696
21.51	21.50	0.016160	05.790
21.51	21.50	0.016177	05.895
21.51	21.50	0.016194	05.990
21.51	21.50	0.016210	06.089
21.51	21.50	0.016227	06.194
21.51	21.50	0.016244	06.288
21.51	21.50	0.016260	06.388
21.51	21.50	0.016277	06.492
21.51	21.50	0.016293	06.587
21.51	21.50	0.016310	06.687
21.51	21.50	0.016327	06.791
21.51	21.50	0.016343	06.886
21.51	21.50	0.016360	06.985
21.51	21.50	0.016377	07.090
21.48	21.50	0.016393	07.184
21.48	21.50	0.016410	07.284
21.48	21.50	0.016427	07.388
21.48	21.50	0.016443	07.483
21.48	21.50	0.016460	07.583
21.48	21.50	0.016477	07.687
21.48	21.50	0.016493	07.782
21.48	21.50	0.016510	07.881
21.48	21.50	0.016527	07.986
21.48	21.50	0.016543	08.080
21.48	21.50	0.016560	08.180
21.48	21.50	0.016577	08.285
21.51	21.50	0.016593	08.379
21.51	21.50	0.016610	08.480
21.51	21.50	0.016627	08.583
21.51	21.50	0.016643	08.678
21.51	21.50	0.016660	08.780
21.51	21.50	0.016677	08.882
21.51	21.50	0.016693	08.977
21.51	21.50	0.016710	09.080
21.51	21.50	0.016727	09.181
21.51	21.50	0.016743	09.276
21.51	21.50	0.016760	09.380
21.51	21.50	0.016777	09.480
21.51	21.50	0.016793	09.575
21.51	21.50	0.016810	09.679
21.51	21.50	0.016827	09.779
21.51	21.50	0.016843	09.873
21.51	21.50	0.016860	09.978
21.51	21.50	0.016877	10.078
21.51	21.50	0.016893	10.172
21.51	21.50	0.016910	10.277
21.48	21.50	0.016927	10.376
21.48	21.50	0.016943	10.471
21.48	21.50	0.016960	10.575
21.48	21.50	0.016977	10.670
21.48	21.50	0.016993	10.769
21.48	21.50	0.017010	10.874
21.48	21.50	0.017027	10.968
21.48	21.50	0.017043	11.068
21.48	21.50	0.017060	11.172
21.51	21.50	0.017077	11.267
21.51	21.50	0.017093	11.367
21.51	21.50	0.017110	11.472
21.51	21.50	0.017126	11.566
21.51	21.50	0.017143	11.666
21.51	21.50	0.017160	11.771
21.51	21.50	0.017176	11.865
21.51	21.50	0.017193	11.966
21.51	21.50	0.017210	12.070
21.51	21.50	0.017226	12.166
21.51	21.50	0.017243	12.266
21.51	21.50	0.017260	12.368
21.51	21.50	0.017276	12.466
21.51	21.50	0.017293	12.565
21.51	21.50	0.017310	12.667
21.51	21.50	0.017326	12.765
21.51	21.50	0.017343	12.866
21.51	21.50	0.017360	12.966
21.51	21.50	0.017376	13.066
21.51	21.50	0.017393	13.166
21.51	21.50	0.017410	13.265
21.51	21.50	0.017426	13.366
21.48	21.50	0.017443	13.465
21.48	21.50	0.017460	13.566
21.48	21.50	0.017476	13.665
21.48	21.50	0.017493	13.766
21.48	21.50	0.017510	13.866
21.48	21.50	0.017526	13.966
21.48	21.50	0.017543	14.066
21.48	21.50	0.017560	14.165
21.48	21.50	0.017576	14.266
21.48	21.50	0.017593	14.365
21.48	21.50	0.017610	14.466
21.51	21.50	0.017626	14.566
21.51	21.50	0.017643	14.666
21.51	21.50	0.017660	14.766
21.51	21.50	0.017676	14.865
21.51	21.50	0.017693	14.966
21.51	21.50	0.017710	15.065
21.51	21.50	0.017726	15.166
21.51	21.50	0.017743	15.265
21.51	21.50	0.017760	15.366
21.51	21.50	0.017776	15.466
21.51	21.50	0.017793	15.566
21.51	21.50	0.017810	15.666
21.51	21.50	0.017826	15.765
21.51	21.50	0.017843	15.866
21.51	21.50	0.017860	15.965
21.51	21.50	0.017876	16.066
21.51	21.50	0.017893	16.165
21.51	21.50	0.017910	16.266
21.51	21.50	0.017926	16.366
21.51	21.50	0.017943	16.466
21.51	21.50	0.017959	16.566
21.48	21.50	0.017976	16.665
21.48	21.50	0.017993	16.766
21.48	21.50	0.018009	16.865
21.48	21.50	0.018026	16.966
21.48	21.50	0.018043	17.066
21.48	21.50	0.018059	17.166
21.48	21.50	0.018076	17.266
21.48	21.50	0.018093	17.365
21.48	21.50	0.018109	17.466
21.48	21.50	0.018126	17.565
21.48	21.50	0.018143	17.666
21.51	21.50	0.018159	17.765
21.51	21.50	0.018176	17.866
21.51	21.50	0.018193	17.995
21.51	21.50	0.018209	18.090
21.51	21.50	0.018226	18.195
21.51	21.50	0.018243	18.289
21.51	21.50	0.018259	18.389
21.51	21.50	0.018276	18.493
21.51	21.50	0.018293	18.588
21.51	21.50	0.018309	18.687
21.51	21.50	0.018326	18.792
21.51	21.50	0.018343	18.887
21.51	21.50	0.018359	18.986
21.51	21.50	0.018376	19.091
21.51	21.50	0.018393	19.185
21.51	21.50	0.018409	19.285
21.51	21.50	0.018426	19.389
21.51	21.50	0.018443	19.484
21.51	21.50	0.018459	19.583
21.51	21.50	0.018476	19.688
21.51	21.50	0.018493	19.783
21.51	21.50	0.018509	19.882
21.51	21.50	0.018526	19.987
21.51	21.50	0.018543	20.081
21.51	21.50	0.018559	20.181
21.51	21.50	0.018576	20.285
21.48	21.50	0.018593	20.380
21.48	21.50	0.018609	20.479
21.48	21.50	0.018626	20.584
21.48	21.50	0.018643	20.679
21.48	21.50	0.018659	20.779
21.48	21.50	0.018676	20.883
21.48	21.50	0.018693	20.977
21.48	21.50	0.018709	21.079
21.48	21.50	0.018726	21.181
21.48	21.50	0.018743	21.277
21.48	21.50	0.018759	21.380
21.48	21.50	0.018776	21.481
21.48	21.50	0.018792	21.576
21.51	21.50	0.018809	21.679
21.51	21.50	0.018826	21.780
21.51	21.50	0.018842	21.874
21.51	21.50	0.018859	21.979
21.51	21.50	0.018876	22.078
21.51	21.50	0.018892	22.173
21.51	21.50	0.018909	22.278
21.51	21.50	0.018926	22.377
21.51	21.50	0.018942	22.472
21.51	21.50	0.018959	22.576
21.51	21.50	0.018976	22.676
21.51	21.50	0.018992	22.770
21.51	21.50	0.019009	22.875
21.51	21.50	0.019026	22.970
21.51	21.50	0.019042	23.069
21.51	21.50	0.019059	23.174
21.51	21.50	0.019076	23.268
21.51	21.50	0.019092	23.368
21.51	21.50	0.019109	23.472
21.51	21.50	0.019126	23.567
21.51	21.50	0.019142	23.667
21.51	21.50	0.019159	23.771
21.48	21.50	0.019176	23.867
21.48	21.50	0.019192	23.966
21.48	21.50	0.019209	24.070
21.48	21.50	0.019226	24.166
21.48	21.50	0.019242	24.267
21.48	21.50	0.019259	24.368
21.48	21.50	0.019276	24.467
21.48	21.50	0.019292	24.567
21.48	21.50	0.019309	24.667
21.48	21.50	0.019326	24.767
21.51	21.50	0.019342	24.866
21.51	21.50	0.019359	24.967
21.51	21.50	0.019376	25.066
21.51	21.50	0.019392	25.167
21.51	21.50	0.019409	25.266
21.51	21.50	0.019426	25.366
21.51	21.50	0.019442	25.467
21.51	21.50	0.019459	25.566
21.51	21.50	0.019476	25.667
21.51	21.50	0.019492	25.766
21.51	21.50	0.019509	25.867
21.51	21.50	0.019526	25.967
21.51	21.50	0.019542	26.067
21.51	21.50	0.019559	26.167
21.51	21.50	0.019576	26.266
21.51	21.50	0.019592	26.367
21.51	21.50	0.019609	26.466
21.51	21.50	0.019625	26.567
21.51	21.50	0.019642	26.666
21.51	21.50	0.019659	26.767
21.51	21.50	0.019675	26.867
21.51	21.50	0.019692	26.967
21.51	21.50	0.019709	27.067
21.51	21.50	0.019725	27.166
21.48	21.50	0.019742	27.267
21.48	21.50	0.019759	27.366
21.48	21.50	0.019775	27.467
21.48	21.50	0.019792	27.567
21.48	21.50	0.019809	27.667
21.48	21.50	0.019825	27.767
21.48	21.50	0.019842	27.866
21.48	21.50	0.019859	27.967
21.48	21.50	0.019875	28.066
21.51	21.50	0.019892	28.167
21.51	21.50	0.019909	28.266
21.51	21.50	0.019925	28.367
21.51	21.50	0.019942	28.467
21.51	21.50	0.019959	28.567
21.51	21.50	0.019975	28.667
21.51	21.50	0.019992	28.766
21.51	21.50	0.020009	28.867
21.51	21.50	0.020025	28.966
21.51	21.50	0.020042	29.067
21.51	21.50	0.020059	29.166
21.51	21.50	0.020075	29.267
21.51	21.50	0.020092	29.367
21.51	21.50	0.020109	29.467
21.51	21.50	0.020125	29.567
21.51	21.50	0.020142	29.666
21.51	21.50	0.020159	29.767
21.51	21.50	0.020175	29.866
21.51	21.50	0.020192	29.966
21.51	21.50	0.020209	30.066
21.51	21.50	0.020225	30.195
21.48	21.50	0.020242	30.294
21.48	21.50	0.020259	30.389
21.48	21.50	0.020275	30.494
21.48	21.50	0.020292	30.588
21.48	21.50	0.020309	30.688
21.48	21.50	0.020325	30.792
21.48	21.50	0.020342	30.887
21.48	21.50	0.020359	30.986
21.48	21.50	0.020375	31.092
21.48	21.50	0.020392	31.187
21.51	21.50	0.020409	31.286
21.51	21.50	0.020425	31.391
21.51	21.50	0.020442	31.485
21.51	21.50	0.020458	31.585
21.51	21.50	0.020475	31.689
21.51	21.50	0.020492	31.784
21.51	21.50	0.020508	31.884
21.51	21.50	0.020525	31.988
21.51	21.50	0.020542	32.083
21.51	21.50	0.020558	32.182
21.51	21.50	0.020575	32.287
21.51	21.50	0.020592	32.381
21.51	21.50	0.020608	32.481
21.51	21.50	0.020625	32.585
21.51	21.50	0.020642	32.680
21.51	21.50	0.020658	32.780
21.51	21.50	0.020675	32.885
21.48	21.50	0.020692	32.979
21.48	21.50	0.020708	33.079
21.48	21.50	0.020725	33.183
21.48	21.50	0.020742	33.278
21.48	21.50	0.020758	33.378
21.48	21.50	0.020775	33.482
21.48	21.50	0.020792	33.577
21.48	21.50	0.020808	33.679
21.48	21.50	0.020825	33.781
21.48	21.50	0.020842	33.875
21.51	21.50	0.020858	33.979
21.51	21.50	0.020875	34.079
21.51	21.50	0.020892	34.174
21.51	21.50	0.020908	34.278
21.51	21.50	0.020925	34.378
21.51	21.50	0.020942	34.473
21.51	21.50	0.020958	34.577
21.51	21.50	0.020975	34.677
21.51	21.50	0.020992	34.771
21.51	21.50	0.021008	34.876
21.51	21.50	0.021025	34.975
21.51	21.50	0.021042	35.070
21.51	21.50	0.021058	35.175
21.51	21.50	0.021075	35.274
21.51	21.50	0.021092	35.369
21.51	21.50	0.021108	35.473
21.51	21.50	0.021125	35.568
21.51	21.50	0.021142	35.667
21.51	21.50	0.021158	35.772
21.48	21.50	0.021175	35.868
21.48	21.50	0.021192	35.967
21.48	21.50	0.021208	36.071
21.48	21.50	0.021225	36.168
21.48	21.50	0.021242	36.268
21.48	21.50	0.021258	36.370
21.48	21.50	0.021275	36.467
21.48	21.50	0.021291	36.568
21.48	21.50	0.021308	36.668
21.48	21.50	0.021325	36.768
21.51	21.50	0.021341	36.868
21.51	21.50	0.021358	36.968
21.51	21.50	0.021375	37.068
21.51	21.50	0.021391	37.167
21.51	21.50	0.021408	37.268
21.51	21.50	0.021425	37.367
21.51	21.50	0.021441	37.468
21.51	21.50	0.021458	37.567
21.51	21.50	0.021475	37.668
21.51	21.50	0.021491	37.768
21.51	21.50	0.021508	37.867
21.51	21.50	0.021525	37.968
21.51	21.50	0.021541	38.067
21.51	21.50	0.021558	38.168
21.51	21.50	0.021575	38.267
21.51	21.50	0.021591	38.368
21.51	21.50	0.021608	38.468
21.51	21.50	0.021625	38.568
21.51	21.50	0.021641	38.668
21.51	21.50	0.021658	38.767
21.51	21.50	0.021675	38.868
21.51	21.50	0.021691	38.967
21.51	21.50	0.021708	39.068
21.51	21.50	0.021725	39.167
21.48	21.50	0.021741	39.268
21.48	21.50	0.021758	39.368
21.48	21.50	0.021775	39.468
21.48	21.50	0.021791	39.568
21.48	21.50	0.021808	39.667
21.48	21.50	0.021825	39.768
21.48	21.50	0.021841	39.867
21.48	21.50	0.021858	39.968
21.48	21.50	0.021875	40.068
21.48	21.50	0.021891	40.168
21.48	21.50	0.021908	40.268
21.51	21.50	0.021925	40.367
21.51	21.50	0.021941	40.468
21.51	21.50	0.021958	40.567
21.51	21.50	0.021975	40.668
21.51	21.50	0.021991	40.767
21.51	21.50	0.022008	40.868
21.51	21.50	0.022025	40.968
21.51	21.50	0.022041	41.068
21.51	21.50	0.022058	41.168
21.51	21.50	0.022075	41.267
21.51	21.50	0.022091	41.368
21.51	21.50	0.022108	41.467
21.51	21.50	0.022124	41.568
21.51	21.50	0.022141	41.668
21.51	21.50	0.022158	41.768
21.51	21.50	0.022174	41.868
21.51	21.50	0.022191	41.967
21.51	21.50	0.022208	42.092
21.51	21.50	0.022224	42.196
21.51	21.50	0.022241	42.296
21.48	21.50	0.022258	42.390
21.48	21.50	0.022274	42.495
21.48	21.50	0.022291	42.594
21.48	21.50	0.022308	42.689
21.48	21.50	0.022324	42.794
21.48	21.50	0.022341	42.893
21.48	21.50	0.022358	42.988
21.48	21.50	0.022374	43.092
21.48	21.50	0.022391	43.187
21.48	21.50	0.022408	43.286
21.51	21.50	0.022424	43.391
21.51	21.50	0.022441	43.486
21.51	21.50	0.022458	43.585
21.51	21.50	0.022474	43.691
21.51	21.50	0.022491	43.785
21.51	21.50	0.022508	43.885
21.51	21.50	0.022524	43.989
21.51	21.50	0.022541	44.084
21.51	21.50	0.022558	44.183
21.51	21.50	0.022574	44.288
21.51	21.50	0.022591	44.383
21.51	21.50	0.022608	44.482
21.51	21.50	0.022624	44.587
21.51	21.50	0.022641	44.681
21.51	21.50	0.022658	44.781
21.51	21.50	0.022674	44.885
21.51	21.50	0.022691	44.980
21.51	21.50	0.022708	45.080
21.51	21.50	0.022724	45.184
21.51	21.50	0.022741	45.279
21.48	21.50	0.022758	45.378
21.48	21.50	0.022774	45.483
21.48	21.50	0.022791	45.577
21.48	21.50	0.022808	45.678
21.48	21.50	0.022824	45.781
21.48	21.50	0.022841	45.876
21.48	21.50	0.022858	45.978
21.48	21.50	0.022874	46.080
21.48	21.50	0.022891	46.175
21.51	21.50	0.022908	46.278
21.51	21.50	0.022924	46.379
21.51	21.50	0.022941	46.473
21.51	21.50	0.022957	46.578
21.51	21.50	0.022974	46.678
21.51	21.50	0.022991	46.772
21.51	21.50	0.023007	46.877
21.51	21.50	0.023024	46.976
21.51	21.50	0.023041	47.071
21.51	21.50	0.023057	47.176
21.51	21.50	0.023074	47.275
21.51	21.50	0.023091	47.370
21.51	21.50	0.023107	47.475
21.51	21.50	0.023124	47.574
21.51	21.50	0.023141	47.669
21.51	21.50	0.023157	47.773
21.51	21.50	0.023174	47.873
21.51	21.50	0.023191	47.968
21.51	21.50	0.023207	48.072
21.51	21.50	0.023224	48.174
21.51	21.50	0.023241	48.269
21.51	21.50	0.023257	48.371
21.48	21.50	0.023274	48.468
21.48	21.50	0.023291	48.569
21.48	21.50	0.023307	48.669
21.48	21.50	0.023324	48.773
21.48	21.50	0.023341	48.868
21.48	21.50	0.023357	48.969
21.48	21.50	0.023374	49.073
21.48	21.50	0.023391	49.169
21.48	21.50	0.023407	49.269
21.48	21.50	0.023424	49.368
21.51	21.50	0.023441	49.469
21.51	21.50	0.023457	49.568
21.51	21.50	0.023474	49.673
21.51	21.50	0.023491	49.769
21.51	21.50	0.023507	49.869
21.51	21.50	0.023524	49.973
21.51	21.50	0.023541	50.068
21.51	21.50	0.023557	50.170
21.51	21.50	0.023574	50.273
21.51	21.50	0.023591	50.370
21.51	21.50	0.023607	50.469
21.51	21.50	0.023624	50.573
21.51	21.50	0.023641	50.670
21.51	21.50	0.023657	50.770
21.51	21.50	0.023674	50.873
21.51	21.50	0.023691	50.969
21.51	21.50	0.023707	51.070
21.51	21.50	0.023724	51.173
21.51	21.50	0.023741	51.270
21.51	21.50	0.023757	51.370
21.51	21.50	0.023774	51.473
21.51	21.50	0.023790	51.570
21.51	21.50	0.023807	51.669
21.48	21.50	0.023824	51.773
21.48	21.50	0.023840	51.869
21.48	21.50	0.023857	51.970
21.48	21.50	0.023874	52.073
21.48	21.50	0.023890	52.170
21.48	21.50	0.023907	52.270
21.48	21.50	0.023924	52.373
21.48	21.50	0.023940	52.470
21.48	21.50	0.023957	52.569
21.48	21.50	0.023974	52.673
21.48	21.50	0.023990	52.769
21.51	21.50	0.024007	52.870
21.51	21.50	0.024024	52.972
21.51	21.50	0.024040	53.070
21.51	21.50	0.024057	53.170
21.51	21.50	0.024074	53.273
21.51	21.50	0.024090	53.370
21.51	21.50	0.024107	53.469
21.51	21.50	0.024124	53.573
21.51	21.50	0.024140	53.669
21.51	21.50	0.024157	53.794
21.51	21.50	0.024174	53.873
21.51	21.50	0.024190	53.998
21.51	21.50	0.024207	54.093
21.51	21.50	0.024224	54.197
21.51	21.50	0.024240	54.297
21.51	21.50	0.024257	54.391
21.51	21.50	0.024274	54.496
21.51	21.50	0.024290	54.595
21.51	21.50	0.024307	54.690
21.51	21.50	0.024324	54.794
21.51	21.50	0.024340	54.894
21.51	21.50	0.024357	54.989
21.48	21.50	0.024374	55.094
21.48	21.50	0.024390	55.193
21.48	21.50	0.024407	55.288
21.48	21.50	0.024424	55.393
21.48	21.50	0.024440	55.487
21.48	21.50	0.024457	55.587
21.48	21.50	0.024474	55.691
21.48	21.50	0.024490	55.786
21.48	21.50	0.024507	55.885
21.48	21.50	0.024524	55.990
21.48	21.50	0.024540	56.084
21.51	21.50	0.024557	56.184
21.51	21.50	0.024574	56.288
21.51	21.50	0.024590	56.383
21.51	21.50	0.024607	56.483
21.51	21.50	0.024623	56.588
21.51	21.50	0.024640	56.683
21.51	21.50	0.024657	56.782
21.51	21.50	0.024673	56.887
21.51	21.50	0.024690	56.981
21.51	21.50	0.024707	57.081
21.51	21.50	0.024723	57.185
21.51	21.50	0.024740	57.280
21.51	21.50	0.024757	57.379
21.51	21.50	0.024773	57.484
21.51	21.50	0.024790	57.578
21.51	21.50	0.024807	57.678
21.51	21.50	0.024823	57.782
21.51	21.50	0.024840	57.877
21.51	21.50	0.024857	57.977
21.51	21.50	0.024873	58.081
21.51	21.50	0.024890	58.175
21.51	21.50	0.024907	58.277
21.51	21.50	0.024923	58.381
21.51	21.50	0.024940	58.474
21.48	21.50	0.024957	58.577
21.48	21.50	0.024973	58.678
21.48	21.50	0.024990	58.773
21.48	21.50	0.025007	58.876
21.48	21.50	0.025023	58.978
21.48	21.50	0.025040	59.072
21.48	21.50	0.025057	59.177
21.48	21.50	0.025073	59.277
21.48	21.50	0.025090	59.371
21.48	21.50	0.025107	59.476
21.48	21.50	0.025123	59.575
21.51	21.50	0.025140	59.671
21.51	21.50	0.025157	59.774
21.51	21.50	0.025173	59.874
21.51	21.50	0.025190	59.971
21.51	21.50	0.025207	00.073
21.51	21.50	0.025223	00.173
21.51	21.50	0.025240	00.270
21.51	21.50	0.025257	00.372
21.51	21.50	0.025273	00.472
21.51	21.50	0.025290	00.571
21.51	21.50	0.025307	00.670
21.51	21.50	0.025323	00.772
21.51	21.50	0.025340	00.871
21.51	21.50	0.025357	00.970
21.51	21.50	0.025373	01.073
21.51	21.50	0.025390	01.171
21.51	21.50	0.025407	01.271
21.51	21.50	0.025423	01.373
21.51	21.50	0.025440	01.470
21.48	21.50	0.025456	01.571
21.48	21.50	0.025473	01.672
21.48	21.50	0.025490	01.771
21.48	21.50	0.025506	01.870
21.48	21.50	0.025523	01.972
21.48	21.50	0.025540	02.071
21.48	21.50	0.025556	02.171
21.48	21.50	0.025573	02.272
21.48	21.50	0.025590	02.371
21.51	21.50	0.025606	02.471
21.51	21.50	0.025623	02.572
21.51	21.50	0.025640	02.671
21.51	21.50	0.025656	02.770
21.51	21.50	0.025673	02.872
21.51	21.50	0.025690	02.970
21.51	21.50	0.025706	03.071
21.51	21.50	0.025723	03.172
21.51	21.50	0.025740	03.270
21.51	21.50	0.025756	03.371
21.51	21.50	0.025773	03.473
21.51	21.50	0.025790	03.571
21.51	21.50	0.025806	03.671
21.51	21.50	0.025823	03.772
21.51	21.50	0.025840	03.871
21.51	21.50	0.025856	03.970
21.51	21.50	0.025873	04.072
21.51	21.50	0.025890	04.171
21.51	21.50	0.025906	04.271
21.51	21.50	0.025923	04.372
21.51	21.50	0.025940	04.470
21.51	21.50	0.025956	04.571
21.51	21.50	0.025973	04.672
21.51	21.50	0.025990	04.771
21.48	21.50	0.026006	04.870
21.48	21.50	0.026023	04.972
21.48	21.50	0.026040	05.071
21.48	21.50	0.026056	05.171
21.48	21.50	0.026073	05.272
21.48	21.50	0.026090	05.371
21.48	21.50	0.026106	05.471
21.48	21.50	0.026123	05.572
21.48	21.50	0.026140	05.700
21.51	21.50	0.026156	05.795
21.51	21.50	0.026173	05.872
21.51	21.50	0.026190	06.000
21.51	21.50	0.026206	06.094
21.51	21.50	0.026223	06.172
21.51	21.50	0.026240	06.298
21.51	21.50	0.026256	06.393
21.51	21.50	0.026273	06.471
21.51	21.50	0.026289	06.597
21.51	21.50	0.026306	06.691
21.51	21.50	0.026323	06.796
21.51	21.50	0.026339	06.896
21.51	21.50	0.026356	06.990
21.51	21.50	0.026373	07.095
21.51	21.50	0.026389	07.194
21.51	21.50	0.026406	07.289
21.51	21.50	0.026423	07.393
21.51	21.50	0.026439	07.493
21.48	21.50	0.026456	07.588
21.48	21.50	0.026473	07.692
21.48	21.50	0.026489	07.787
21.48	21.50	0.026506	07.886
21.48	21.50	0.026523	07.991
21.48	21.50	0.026539	08.085
21.48	21.50	0.026556	08.185
21.48	21.50	0.026573	08.289
21.48	21.50	0.026589	08.384
21.48	21.50	0.026606	08.484
21.48	21.50	0.026623	08.588
21.51	21.50	0.026639	08.683
21.51	21.50	0.026656	08.782
21.51	21.50	0.026673	08.887
21.51	21.50	0.026689	08.981
21.51	21.50	0.026706	09.081
21.51	21.50	0.026723	09.186
21.51	21.50	0.026739	09.280
21.51	21.50	0.026756	09.381
21.51	21.50	0.026773	09.484
21.51	21.50	0.026789	09.580
21.51	21.50	0.026806	09.679
21.51	21.50	0.026823	09.784
21.51	21.50	0.026839	09.879
21.51	21.50	0.026856	09.978
21.51	21.50	0.026873	10.083
21.51	21.50	0.026889	10.177
21.51	21.50	0.026906	10.277
21.51	21.50	0.026923	10.381
21.51	21.50	0.026939	10.476
21.51	21.50	0.026956	10.576
21.48	21.50	0.026973	10.680
21.48	21.50	0.026989	10.775
21.48	21.50	0.027006	10.876
21.48	21.50	0.027023	10.979
21.48	21.50	0.027039	11.073
21.48	21.50	0.027056	11.176
21.48	21.50	0.027073	11.277
21.48	21.50	0.027089	11.373
21.48	21.50	0.027106	11.475
21.48	21.50	0.027122	11.576
21.48	21.50	0.027139	11.673
21.48	21.50	0.027156	11.775
21.51	21.50	0.027172	11.875
21.51	21.50	0.027189	11.972
21.51	21.50	0.027206	12.074
21.51	21.50	0.027222	12.173
21.51	21.50	0.027239	12.273
21.51	21.50	0.027256	12.373
21.51	21.50	0.027272	12.473
21.51	21.50	0.027289	12.573
21.51	21.50	0.027306	12.672
21.51	21.50	0.027322	12.773
21.51	21.50	0.027339	12.872
21.51	21.50	0.027356	12.973
21.51	21.50	0.027372	13.072
21.51	21.50	0.027389	13.173
21.51	21.50	0.027406	13.273
21.51	21.50	0.027422	13.373
21.51	21.50	0.027439	13.472
21.51	21.50	0.027456	13.573
21.51	21.50	0.027472	13.672
21.51	21.50	0.027489	13.773
21.51	21.50	0.027506	13.872
21.51	21.50	0.027522	13.973
21.51	21.50	0.027539	14.073
21.51	21.50	0.027556	14.173
21.51	21.50	0.027572	14.273
21.48	21.50	0.027589	14.372
21.48	21.50	0.027606	14.473
21.48	21.50	0.027622	14.572
21.48	21.50	0.027639	14.673
21.48	21.50	0.027656	14.773
21.48	21.50	0.027672	14.873
21.48	21.50	0.027689	14.973
21.48	21.50	0.027706	15.072
21.48	21.50	0.027722	15.173
21.48	21.50	0.027739	15.272
21.51	21.50	0.027756	15.373
21.51	21.50	0.027772	15.472
21.51	21.50	0.027789	15.573
21.51	21.50	0.027806	15.673
21.51	21.50	0.027822	15.773
21.51	21.50	0.027839	15.873
21.51	21.50	0.027856	15.972
21.51	21.50	0.027872	16.073
21.51	21.50	0.027889	16.172
21.51	21.50	0.027906	16.273
21.51	21.50	0.027922	16.373
21.51	21.50	0.027939	16.473
21.51	21.50	0.027955	16.573
21.51	21.50	0.027972	16.672
21.51	21.50	0.027989	16.773
21.51	21.50	0.028005	16.872
21.51	21.50	0.028022	16.973
21.51	21.50	0.028039	17.072
21.51	21.50	0.028055	17.173
21.51	21.50	0.028072	17.273
21.51	21.50	0.028089	17.403
21.51	21.50	0.028105	17.473
21.48	21.50	0.028122	17.596
21.48	21.50	0.028139	17.702
21.48	21.50	0.028155	17.795
21.48	21.50	0.028172	17.896
21.48	21.50	0.028189	18.000
21.48	21.50	0.028205	18.095
21.48	21.50	0.028222	18.196
21.48	21.50	0.028239	18.299
21.48	21.50	0.028255	18.394
21.51	21.50	0.028272	18.495
21.51	21.50	0.028289	18.598
21.51	21.50	0.028305	18.692
21.51	21.50	0.028322	18.796
21.51	21.50	0.028339	18.896
21.51	21.50	0.028355	18.991
21.51	21.50	0.028372	19.096
21.51	21.50	0.028389	19.195
21.51	21.50	0.028405	19.290
21.51	21.50	0.028422	19.394
21.51	21.50	0.028439	19.494
21.51	21.50	0.028455	19.588
21.51	21.50	0.028472	19.693
21.51	21.50	0.028489	19.792
21.51	21.50	0.028505	19.887
21.51	21.50	0.028522	19.992
21.51	21.50	0.028539	20.091
21.51	21.50	0.028555	20.186
21.51	21.50	0.028572	20.290
21.51	21.50	0.028589	20.385
21.51	21.50	0.028605	20.484
21.48	21.50	0.028622	20.589
21.48	21.50	0.028639	20.684
21.48	21.50	0.028655	20.783
21.48	21.50	0.028672	20.888
21.48	21.50	0.028689	20.982
21.48	21.50	0.028705	21.082
21.48	21.50	0.028722	21.187
21.48	21.50	0.028739	21.281
21.48	21.50	0.028755	21.381
21.48	21.50	0.028772	21.486
21.48	21.50	0.028788	21.581
21.51	21.50	0.028805	21.680
21.51	21.50	0.028822	21.785
21.51	21.50	0.028838	21.879
21.51	21.50	0.028855	21.979
21.51	21.50	0.028872	22.083
21.51	21.50	0.028888	22.178
21.51	21.50	0.028905	22.278
21.51	21.50	0.028922	22.382
21.51	21.50	0.028938	22.477
21.51	21.50	0.028955	22.576
21.51	21.50	0.028972	22.681
21.51	21.50	0.028988	22.775
21.51	21.50	0.029005	22.875
21.51	21.50	0.029022	22.979
21.51	21.50	0.029038	23.074
21.51	21.50	0.029055	23.175
21.51	21.50	0.029072	23.278
21.51	21.50	0.029088	23.375
21.48	21.50	0.029105	23.475
21.48	21.50	0.029122	23.577
21.48	21.50	0.029138	23.674
21.48	21.50	0.029155	23.775
21.48	21.50	0.029172	23.876
21.48	21.50	0.029188	23.975
21.48	21.50	0.029205	24.075
21.48	21.50	0.029222	24.174
21.48	21.50	0.029238	24.275
21.51	21.50	0.029255	24.374
21.51	21.50	0.029272	24.475
21.51	21.50	0.029288	24.574
21.51	21.50	0.029305	24.674
21.51	21.50	0.029322	24.774
21.51	21.50	0.029338	24.874
21.51	21.50	0.029355	24.974
21.51	21.50	0.029372	25.074
21.51	21.50	0.029388	25.175
21.51	21.50	0.029405	25.274
21.51	21.50	0.029422	25.375
21.51	21.50	0.029438	25.474
21.51	21.50	0.029455	25.575
21.51	21.50	0.029472	25.675
21.51	21.50	0.029488	25.775
21.51	21.50	0.029505	25.875
21.51	21.50	0.029522	25.974
21.51	21.50	0.029538	26.075
21.48	21.50	0.029555	26.174
21.48	21.50	0.029572	26.275
21.48	21.50	0.029588	26.375
21.48	21.50	0.029605	26.475
21.48	21.50	0.029621	26.575
21.48	21.50	0.029638	26.674
21.48	21.50	0.029655	26.775
21.48	21.50	0.029671	26.874
21.51	21.50	0.029688	26.975
21.51	21.50	0.029705	27.074
21.51	21.50	0.029721	27.175
21.51	21.50	0.029738	27.275
21.51	21.50	0.029755	27.375
21.51	21.50	0.029771	27.475
21.51	21.50	0.029788	27.574
21.51	21.50	0.029805	27.674
21.51	21.50	0.029821	27.774
21.51	21.50	0.029838	27.875
21.51	21.50	0.029855	27.974
21.51	21.50	0.029871	28.075
21.51	21.50	0.029888	28.175
21.51	21.50	0.029905	28.274
21.51	21.50	0.029921	28.375
21.51	21.50	0.029938	28.474
21.51	21.50	0.029955	28.575
21.51	21.50	0.029971	28.674
21.51	21.50	0.029988	28.775
21.51	21.50	0.030005	28.875
21.51	21.50	0.030021	28.975
21.51	21.50	0.030038	29.075
21.48	21.50	0.030055	29.174
21.48	21.50	0.030071	29.274
21.48	21.50	0.030088	29.403
21.48	21.51	0.030105	29.498
21.48	21.51	0.030121	29.597
21.48	21.51	0.030138	29.702
21.48	21.51	0.030155	29.797
21.48	21.51	0.030171	29.896
21.48	21.51	0.030188	30.001
21.51	21.51	0.030205	30.096
21.51	21.51	0.030221	30.195
21.51	21.51	0.030238	30.300
21.51	21.51	0.030255	30.394
21.51	21.51	0.030271	30.495
21.51	21.51	0.030288	30.599
21.51	21.51	0.030305	30.693
21.51	21.52	0.030321	30.795
21.51	21.52	0.030338	30.897
21.51	21.52	0.030355	30.992
21.51	21.52	0.030371	31.094
21.51	21.52	0.030388	31.196
21.54	21.52	0.030405	31.290
21.54	21.52	0.030421	31.395
21.54	21.52	0.030438	31.495
21.54	21.52	0.030454	31.589
21.54	21.52	0.030471	31.694
21.54	21.52	0.030488	31.793
21.54	21.52	0.030504	31.888
21.54	21.52	0.030521	31.992
21.54	21.53	0.030538	32.092
21.54	21.53	0.030554	32.187
21.54	21.53	0.030571	32.292
21.54	21.53	0.030588	32.391
21.51	21.53	0.030604	32.486
21.51	21.53	0.030621	32.591
21.51	21.53	0.030638	32.690
21.51	21.53	0.030654	32.785
21.51	21.53	0.030671	32.889
21.51	21.53	0.030688	32.984
21.51	21.53	0.030704	33.084
21.51	21.53	0.030721	33.188
21.51	21.53	0.030738	33.283
21.51	21.54	0.030754	33.382
21.51	21.54	0.030771	33.487
21.54	21.54	0.030788	33.581
21.54	21.54	0.030804	33.681
21.54	21.54	0.030821	33.785
21.54	21.54	0.030838	33.880
21.54	21.54	0.030854	33.980
21.54	21.54	0.030871	34.084
21.54	21.54	0.030888	34.178
21.54	21.54	0.030904	34.278
21.54	21.54	0.030921	34.383
21.54	21.54	0.030938	34.478
21.54	21.54	0.030954	34.578
21.54	21.55	0.030971	34.682
21.54	21.55	0.030988	34.777
21.56	21.55	0.031004	34.876
21.56	21.55	0.031021	34.981
21.56	21.55	0.031038	35.075
21.56	21.55	0.031054	35.176
21.56	21.55	0.031071	35.279
21.56	21.55	0.031088	35.376
21.56	21.55	0.031104	35.476
21.56	21.55	0.031121	35.578
21.56	21.55	0.031138	35.675
21.56	21.55	0.031154	35.776
21.56	21.55	0.031171	35.876
21.56	21.56	0.031188	35.976
21.56	21.56	0.031204	36.076
21.56	21.56	0.031221	36.176
21.56	21.56	0.031238	36.276
21.56	21.56	0.031254	36.375
21.56	21.56	0.031271	36.476
21.56	21.56	0.031287	36.575
21.56	21.56	0.031304	36.676
21.56	21.56	0.031321	36.775
21.56	21.56	0.031337	36.876
21.56	21.56	0.031354	36.976
21.56	21.56	0.031371	37.076
21.56	21.56	0.031387	37.176
21.56	21.57	0.031404	37.275
21.56	21.57	0.031421	37.376
21.56	21.57	0.031437	37.475
21.56	21.57	0.031454	37.576
21.56	21.57	0.031471	37.675
21.56	21.57	0.031487	37.776
21.56	21.57	0.031504	37.876
21.56	21.57	0.031521	37.976
21.56	21.57	0.031537	38.076
21.56	21.57	0.031554	38.175
21.56	21.57	0.031571	38.276
21.56	21.57	0.031587	38.375
21.56	21.57	0.031604	38.476
21.56	21.58	0.031621	38.575
21.56	21.58	0.031637	38.676
21.59	21.58	0.031654	38.776
21.59	21.58	0.031671	38.876
21.59	21.58	0.031687	38.975
21.59	21.58	0.031704	39.076
21.59	21.58	0.031721	39.176
21.59	21.58	0.031737	39.276
21.59	21.58	0.031754	39.375
21.59	21.58	0.031771	39.476
21.59	21.58	0.031787	39.575
21.59	21.58	0.031804	39.676
21.59	21.58	0.031821	39.775
21.59	21.59	0.031837	39.876
21.59	21.59	0.031854	39.976
21.59	21.59	0.031871	40.076
21.59	21.59	0.031887	40.176
21.59	21.59	0.031904	40.275
21.59	21.59	0.031921	40.376
21.59	21.59	0.031937	40.475
21.59	21.59	0.031954	40.576
21.59	21.59	0.031971	40.676
21.59	21.59	0.031987	40.776
21.59	21.59	0.032004	40.876
21.59	21.59	0.032021	40.975
21.59	21.59	0.032037	41.075
21.59	21.60	0.032054	41.176
21.59	21.60	0.032071	41.275
21.59	21.60	0.032087	41.405
21.59	21.60	0.032104	41.499
21.59	21.60	0.032120	41.599
21.59	21.60	0.032137	41.703
21.59	21.60	0.032154	41.798
21.59	21.60	0.032170	41.898
21.59	21.60	0.032187	42.002
21.59	21.60	0.032204	42.097
21.59	21.60	0.032220	42.196
21.61	21.60	0.032237	42.301
21.61	21.60	0.032254	42.395
21.61	21.61	0.032270	42.495
21.61	21.61	0.032287	42.600
21.61	21.61	0.032304	42.694
21.61	21.61	0.032320	42.794
21.61	21.61	0.032337	42.898
21.61	21.61	0.032354	42.993
21.61	21.61	0.032370	43.093
21.61	21.61	0.032387	43.197
21.61	21.61	0.032404	43.291
21.61	21.61	0.032420	43.393
21.61	21.61	0.032437	43.496
21.61	21.61	0.032454	43.590
21.61	21.61	0.032470	43.694
21.61	21.62	0.032487	43.794
21.61	21.62	0.032504	43.889
21.61	21.62	0.032520	43.993
21.61	21.62	0.032537	44.093
21.61	21.62	0.032554	44.188
21.61	21.62	0.032570	44.292
21.61	21.62	0.032587	44.392
21.61	21.62	0.032604	44.486
21.61	21.62	0.032620	44.591
21.61	21.62	0.032637	44.690
21.61	21.62	0.032654	44.785
21.61	21.62	0.032670	44.890
21.64	21.62	0.032687	44.990
21.64	21.62	0.032704	45.084
21.64	21.63	0.032720	45.189
21.64	21.63	0.032737	45.283
21.64	21.63	0.032754	45.383
21.64	21.63	0.032770	45.487
21.64	21.63	0.032787	45.582
21.64	21.63	0.032804	45.682
21.64	21.63	0.032820	45.786
21.64	21.63	0.032837	45.881
21.64	21.63	0.032854	45.980
21.64	21.63	0.032870	46.085
21.64	21.63	0.032887	46.179
21.64	21.63	0.032904	46.279
21.64	21.63	0.032920	46.383
21.64	21.64	0.032937	46.478
21.64	21.64	0.032953	46.578
21.64	21.64	0.032970	46.682
21.64	21.64	0.032987	46.778
21.64	21.64	0.033003	46.877
21.64	21.64	0.033020	46.982
21.64	21.64	0.033037	47.077
21.64	21.64	0.033053	47.178
21.64	21.64	0.033070	47.281
21.64	21.64	0.033087	47.380
21.64	21.64	0.033103	47.480
21.64	21.64	0.033120	47.579
21.64	21.64	0.033137	47.680
21.64	21.65	0.033153	47.779
21.64	21.65	0.033170	47.880
21.64	21.65	0.033187	47.979
21.64	21.65	0.033203	48.080
21.64	21.65	0.033220	48.180
21.64	21.65	0.033237	48.280
21.64	21.65	0.033253	48.380
21.64	21.65	0.033270	48.479
21.64	21.65	0.033287	48.579
21.64	21.65	0.033303	48.680
21.64	21.65	0.033320	48.779
21.64	21.65	0.033337	48.880
21.64	21.65	0.033353	48.980
21.64	21.66	0.033370	49.080
21.64	21.66	0.033387	49.179
21.64	21.66	0.033403	49.280
21.64	21.66	0.033420	49.379
21.67	21.66	0.033437	49.479
21.67	21.66	0.033453	49.580
21.67	21.66	0.033470	49.680
21.67	21.66	0.033487	49.780
21.67	21.66	0.033503	49.880
21.67	21.66	0.033520	49.980
21.67	21.66	0.033537	50.080
21.67	21.66	0.033553	50.179
21.67	21.66	0.033570	50.280
21.67	21.67	0.033587	50.379
21.67	21.67	0.033603	50.480
21.67	21.67	0.033620	50.580
21.67	21.67	0.033637	50.680
21.67	21.67	0.033653	50.780
21.67	21.67	0.033670	50.879
21.67	21.67	0.033687	50.979
21.67	21.67	0.033703	51.079
21.67	21.67	0.033720	51.180
21.67	21.67	0.033737	51.280
21.67	21.67	0.033753	51.380
21.67	21.67	0.033770	51.480
21.67	21.67	0.033786	51.579
21.67	21.68	0.033803	51.679
21.67	21.68	0.033820	51.780
21.67	21.68	0.033836	51.879
21.67	21.68	0.033853	51.980
21.67	21.68	0.033870	52.080
21.67	21.68	0.033886	52.181
21.67	21.68	0.033903	52.310
21.67	21.68	0.033920	52.405
21.67	21.68	0.033936	52.509
21.69	21.68	0.033953	52.609
21.69	21.68	0.033970	52.703
21.69	21.68	0.033986	52.808
21.69	21.68	0.034003	52.902
21.69	21.69	0.034020	53.002
21.69	21.69	0.034036	53.107
21.69	21.69	0.034053	53.201
21.69	21.69	0.034070	53.301
21.69	21.69	0.034086	53.405
21.69	21.69	0.034103	53.500
21.69	21.69	0.034120	53.599
21.69	21.69	0.034136	53.704
21.69	21.69	0.034153	53.799
21.69	21.69	0.034170	53.898
21.69	21.69	0.034186	54.003
21.69	21.69	0.034203	54.097
21.69	21.69	0.034220	54.197
21.69	21.70	0.034236	54.301
21.69	21.70	0.034253	54.396
21.69	21.70	0.034270	54.495
21.69	21.70	0.034286	54.600
21.69	21.70	0.034303	54.695
21.69	21.70	0.034320	54.794
21.69	21.70	0.034336	54.899
21.69	21.70	0.034353	54.993
21.69	21.70	0.034370	55.093
21.69	21.70	0.034386	55.198
21.69	21.70	0.034403	55.293
21.72	21.70	0.034420	55.393
21.72	21.70	0.034436	55.497
21.72	21.71	0.034453	55.592
21.72	21.71	0.034470	55.692
21.72	21.71	0.034486	55.796
21.72	21.71	0.034503	55.890
21.72	21.71	0.034520	55.993
21.72	21.71	0.034536	56.094
21.72	21.71	0.034553	56.189
21.72	21.71	0.034570	56.293
21.72	21.71	0.034586	56.393
21.72	21.71	0.034603	56.488
21.72	21.71	0.034619	56.592
21.72	21.71	0.034636	56.692
21.72	21.71	0.034653	56.786
21.72	21.72	0.034669	56.891
21.69	21.72	0.034686	56.991
21.69	21.72	0.034703	57.085
21.69	21.72	0.034719	57.190
21.69	21.72	0.034736	57.289
21.69	21.72	0.034753	57.384
21.69	21.72	0.034769	57.488
21.69	21.72	0.034786	57.588
21.72	21.72	0.034803	57.682
21.72	21.72	0.034819	57.787
21.72	21.72	0.034836	57.882
21.72	21.72	0.034853	57.982
21.72	21.72	0.034869	58.086
21.72	21.73	0.034886	58.181
21.72	21.73	0.034903	58.282
21.72	21.73	0.034919	58.384
21.72	21.73	0.034936	58.482
21.74	21.73	0.034953	58.582
21.74	21.73	0.034969	58.684
21.74	21.73	0.034986	58.782
21.74	21.73	0.035003	58.881
21.74	21.73	0.035019	58.983
21.74	21.73	0.035036	59.081
21.74	21.73	0.035053	59.182
21.74	21.73	0.035069	59.281
21.74	21.73	0.035086	59.382
21.74	21.74	0.035103	59.482
21.74	21.74	0.035119	59.582
21.74	21.74	0.035136	59.682
21.74	21.74	0.035153	59.781
21.74	21.74	0.035169	59.882
21.74	21.74	0.035186	59.981
21.74	21.74	0.035203	00.082
21.74	21.74	0.035219	00.181
21.74	21.74	0.035236	00.282
21.74	21.74	0.035253	00.381
21.74	21.74	0.035269	00.482
21.74	21.74	0.035286	00.588
21.74	21.74	0.035303	00.682
21.74	21.75	0.035319	00.783
21.74	21.75	0.035336	00.882
21.74	21.75	0.035353	00.983
21.74	21.75	0.035369	01.083
21.74	21.75	0.035386	01.187
21.74	21.75	0.035403	01.283
21.74	21.75	0.035419	01.382
21.74	21.75	0.035436	01.488
21.74	21.75	0.035452	01.582
21.74	21.75	0.035469	01.683
21.77	21.75	0.035486	01.782
21.77	21.75	0.035502	01.883
21.77	21.75	0.035519	01.983
21.77	21.76	0.035536	02.087
21.77	21.76	0.035552	02.183
21.77	21.76	0.035569	02.282
21.77	21.76	0.035586	02.388
21.77	21.76	0.035602	02.483
21.77	21.76	0.035619	02.583
21.77	21.76	0.035636	02.683
21.77	21.76	0.035652	02.783
21.77	21.76	0.035669	02.883
21.77	21.76	0.035686	02.987
21.77	21.76	0.035702	03.083
21.77	21.76	0.035719	03.183
21.77	21.76	0.035736	03.287
21.77	21.77	0.035752	03.382
21.74	21.77	0.035769	03.483
21.74	21.77	0.035786	03.588
21.74	21.77	0.035802	03.683
21.74	21.77	0.035819	03.783
21.74	21.77	0.035836	03.887
21.74	21.77	0.035852	03.982
21.77	21.77	0.035869	04.106
21.77	21.77	0.035886	04.211
21.77	21.77	0.035902	04.310
21.77	21.77	0.035919	04.405
21.77	21.77	0.035936	04.510
21.77	21.77	0.035952	04.610
21.77	21.78	0.035969	04.704
21.77	21.78	0.035986	04.809
21.77	21.78	0.036002	04.908
21.77	21.78	0.036019	05.003
21.77	21.78	0.036036	05.107
21.77	21.78	0.036052	05.207
21.80	21.78	0.036069	05.302
21.80	21.78	0.036086	05.406
21.80	21.78	0.036102	05.501
21.80	21.78	0.036119	05.600
21.80	21.78	0.036136	05.705
21.80	21.78	0.036152	05.799
21.80	21.78	0.036169	05.899
21.80	21.79	0.036186	06.004
21.80	21.79	0.036202	06.099
21.80	21.79	0.036219	06.198
21.80	21.79	0.036236	06.303
21.80	21.79	0.036252	06.397
21.77	21.79	0.036269	06.497
21.77	21.79	0.036285	06.602
21.77	21.79	0.036302	06.696
21.77	21.79	0.036319	06.796
21.77	21.79	0.036335	06.900
21.77	21.79	0.036352	06.995
21.77	21.79	0.036369	07.095
21.77	21.79	0.036385	07.199
21.77	21.80	0.036402	07.294
21.77	21.80	0.036419	07.393
21.77	21.80	0.036435	07.498
21.77	21.80	0.036452	07.592
21.80	21.80	0.036469	07.692
21.80	21.80	0.036485	07.797
21.80	21.80	0.036502	07.891
21.80	21.80	0.036519	07.992
21.80	21.80	0.036535	08.095
21.80	21.80	0.036552	08.190
21.80	21.80	0.036569	08.291
21.80	21.80	0.036585	08.394
21.80	21.80	0.036602	08.489
21.80	21.81	0.036619	08.591
21.82	21.81	0.036635	08.693
21.82	21.81	0.036652	08.787
21.82	21.81	0.036669	08.892
21.82	21.81	0.036685	08.991
21.82	21.81	0.036702	09.086
21.82	21.81	0.036719	09.190
21.82	21.81	0.036735	09.290
21.82	21.81	0.036752	09.385
21.82	21.81	0.036769	09.490
21.82	21.81	0.036785	09.589
21.82	21.81	0.036802	09.683
21.82	21.81	0.036819	09.788
21.82	21.82	0.036835	09.888
21.82	21.82	0.036852	09.983
21.82	21.82	0.036869	10.087
21.82	21.82	0.036885	10.187
21.82	21.82	0.036902	10.283
21.82	21.82	0.036919	10.386
21.82	21.82	0.036935	10.487
21.82	21.82	0.036952	10.582
21.82	21.82	0.036969	10.685
21.82	21.82	0.036985	10.786
21.82	21.82	0.037002	10.883
21.82	21.82	0.037019	10.984
21.82	21.82	0.037035	11.087
21.82	21.83	0.037052	11.183
21.82	21.83	0.037069	11.282
21.82	21.83	0.037085	11.387
21.82	21.83	0.037102	11.482
21.82	21.83	0.037118	11.583
21.82	21.83	0.037135	11.686
21.82	21.83	0.037152	11.783
21.82	21.83	0.037168	11.883
21.82	21.83	0.037185	11.986
21.82	21.83	0.037202	12.083
21.82	21.83	0.037218	12.182
21.82	21.83	0.037235	12.287
21.82	21.83	0.037252	12.382
21.82	21.84	0.037268	12.483
21.82	21.84	0.037285	12.587
21.85	21.84	0.037302	12.683
21.85	21.84	0.037318	12.783
21.85	21.84	0.037335	12.886
21.85	21.84	0.037352	12.983
21.85	21.84	0.037368	13.082
21.85	21.84	0.037385	13.187
21.85	21.84	0.037402	13.282
21.85	21.84	0.037418	13.383
21.85	21.84	0.037435	13.487
21.85	21.84	0.037452	13.583
21.85	21.84	0.037468	13.683
21.85	21.84	0.037485	13.786
21.85	21.85	0.037502	13.883
21.85	21.85	0.037518	13.982
21.85	21.85	0.037535	14.087
21.85	21.85	0.037552	14.182
21.85	21.85	0.037568	14.283
21.85	21.85	0.037585	14.387
21.85	21.85	0.037602	14.483
21.85	21.85	0.037618	14.583
21.85	21.85	0.037635	14.686
21.85	21.85	0.037652	14.783
21.85	21.85	0.037668	14.882
21.85	21.85	0.037685	14.986
21.85	21.85	0.037702	15.083
21.85	21.86	0.037718	15.183
21.85	21.86	0.037735	15.287
21.85	21.86	0.037752	15.382
21.85	21.86	0.037768	15.483
21.85	21.86	0.037785	15.586
21.85	21.86	0.037802	15.683
21.85	21.86	0.037818	15.782
21.85	21.86	0.037835	15.886
21.85	21.86	0.037852	15.983
21.85	21.86	0.037868	16.108
21.85	21.86	0.037885	16.187
21.85	21.86	0.037902	16.312
21.87	21.86	0.037918	16.407
21.87	21.87	0.037935	16.486
21.87	21.87	0.037951	16.611
21.87	21.87	0.037968	16.705
21.87	21.87	0.037985	16.810
21.87	21.87	0.038001	16.909
21.87	21.87	0.038018	17.004
21.87	21.87	0.038035	17.109
21.87	21.87	0.038051	17.208
21.87	21.87	0.038068	17.303
21.87	21.87	0.038085	17.407
21.87	21.87	0.038101	17.507
21.87	21.87	0.038118	17.601
21.87	21.87	0.038135	17.706
21.87	21.88	0.038151	17.801
21.87	21.88	0.038168	17.900
21.87	21.88	0.038185	18.005
21.87	21.88	0.038201	18.099
21.87	21.88	0.038218	18.199
21.87	21.88	0.038235	18.303
21.90	21.88	0.038251	18.398
21.90	21.88	0.038268	18.498
21.90	21.88	0.038285	18.602
21.90	21.88	0.038301	18.697
21.90	21.88	0.038318	18.796
21.90	21.88	0.038335	18.901
21.90	21.88	0.038351	18.995
21.90	21.89	0.038368	19.095
21.90	21.89	0.038385	19.200
21.90	21.89	0.038401	19.294
21.90	21.89	0.038418	19.395
21.90	21.89	0.038435	19.499
21.87	21.89	0.038451	19.594
21.87	21.89	0.038468	19.693
21.87	21.89	0.038485	19.798
21.87	21.89	0.038501	19.892
21.87	21.89	0.038518	19.992
21.87	21.89	0.038535	20.097
21.87	21.89	0.038551	20.191
21.87	21.89	0.038568	20.291
21.87	21.90	0.038585	20.395
21.87	21.90	0.038601	20.490
21.90	21.90	0.038618	20.590
21.90	21.90	0.038635	20.694
21.90	21.90	0.038651	20.789
21.90	21.90	0.038668	20.890
21.90	21.90	0.038685	20.993
21.90	21.90	0.038701	21.087
21.90	21.90	0.038718	21.190
21.90	21.90	0.038735	21.291
21.90	21.90	0.038751	21.386
21.90	21.90	0.038768	21.490
21.90	21.90	0.038784	21.590
21.90	21.91	0.038801	21.685
21.90	21.91	0.038818	21.789
21.90	21.91	0.038834	21.889
21.93	21.91	0.038851	21.984
21.93	21.91	0.038868	22.088
21.93	21.91	0.038884	22.187
21.93	21.91	0.038901	22.283
21.93	21.91	0.038918	22.387
21.93	21.91	0.038934	22.486
21.93	21.91	0.038951	22.583
21.93	21.91	0.038968	22.686
21.93	21.91	0.038984	22.786
21.93	21.91	0.039001	22.882
21.93	21.92	0.039018	22.985
21.93	21.92	0.039034	23.085
21.90	21.92	0.039051	23.183
21.90	21.92	0.039068	23.284
21.90	21.92	0.039084	23.386
21.90	21.92	0.039101	23.483
21.90	21.92	0.039118	23.582
21.90	21.92	0.039134	23.686
21.90	21.92	0.039151	23.782
21.90	21.92	0.039168	23.883
21.90	21.92	0.039184	23.985
21.90	21.92	0.039201	24.083
21.90	21.92	0.039218	24.182
21.93	21.93	0.039234	24.285
21.93	21.93	0.039251	24.383
21.93	21.93	0.039268	24.482
21.93	21.93	0.039284	24.586
21.93	21.93	0.039301	24.682
21.93	21.93	0.039318	24.783
21.93	21.93	0.039334	24.886
21.93	21.93	0.039351	24.983
21.93	21.93	0.039368	25.083
21.93	21.93	0.039384	25.185
21.93	21.93	0.039401	25.283
21.93	21.93	0.039418	25.382
21.93	21.93	0.039434	25.486
21.95	21.94	0.039451	25.582
21.95	21.94	0.039468	25.683
21.95	21.94	0.039484	25.786
21.95	21.94	0.039501	25.883
21.95	21.94	0.039518	25.983
21.95	21.94	0.039534	26.085
21.95	21.94	0.039551	26.183
21.95	21.94	0.039568	26.282
21.95	21.94	0.039584	26.385
21.95	21.94	0.039601	26.483
21.95	21.94	0.039617	26.583
21.95	21.94	0.039634	26.686
21.95	21.94	0.039651	26.782
21.95	21.95	0.039667	26.883
21.95	21.95	0.039684	26.985
21.95	21.95	0.039701	27.083
21.95	21.95	0.039717	27.182
21.95	21.95	0.039734	27.285
21.95	21.95	0.039751	27.383
21.95	21.95	0.039767	27.483
21.95	21.95	0.039784	27.586
21.95	21.95	0.039801	27.682
21.95	21.95	0.039817	27.783
21.95	21.95	0.039834	27.885
21.95	21.95	0.039851	27.983
21.95	21.95	0.039867	28.082
21.95	21.96	0.039884	28.185
21.95	21.96	0.039901	28.283
21.95	21.96	0.039917	28.407
21.95	21.96	0.039934	28.485
21.95	21.96	0.039951	28.582
21.95	21.96	0.039967	28.706
21.95	21.96	0.039984	28.785
21.95	21.96	0.040001	28.910
21.95	21.96	0.040017	29.004
21.95	21.96	0.040034	29.110
21.95	21.96	0.040051	29.209
21.95	21.96	0.040067	29.304
21.95	21.96	0.040084	29.409
21.95	21.97	0.040101	29.508
21.95	21.97	0.040117	29.603
21.95	21.97	0.040134	29.707
21.95	21.97	0.040151	29.807
21.95	21.97	0.040167	29.901
21.95	21.97	0.040184	30.006
21.95	21.97	0.040201	30.106
21.98	21.97	0.040217	30.200
21.98	21.97	0.040234	30.305
21.98	21.97	0.040251	30.400
21.98	21.97	0.040267	30.499
21.98	21.97	0.040284	30.603
21.98	21.97	0.040301	30.698
21.98	21.98	0.040317	30.798
21.98	21.98	0.040334	30.902
21.98	21.98	0.040351	30.997
21.98	21.98	0.040367	31.096
21.98	21.98	0.040384	31.201
21.98	21.98	0.040401	31.295
21.98	21.98	0.040417	31.395
21.98	21.98	0.040434	31.500
21.98	21.98	0.040450	31.595
21.98	21.98	0.040467	31.694
21.98	21.98	0.040484	31.799
21.98	21.98	0.040500	31.893
21.98	21.98	0.040517	31.993
21.98	21.99	0.040534	32.098
21.98	21.99	0.040550	32.192
21.98	21.99	0.040567	32.292
21.98	21.99	0.040584	32.396
21.98	21.99	0.040600	32.491
22.00	21.99	0.040617	32.590
22.00	21.99	0.040634	32.695
22.00	21.99	0.040650	32.789
22.00	21.99	0.040667	32.889
22.00	21.99	0.040684	32.994
22.00	21.99	0.040700	33.088
22.00	21.99	0.040717	33.190
22.00	21.99	0.040734	33.292
22.00	22.00	0.040750	33.387
22.00	22.00	0.040767	33.489
22.00	22.00	0.040784	33.591
22.00	22.00	0.040800	33.686
22.00	22.00	0.040817	33.789
22.00	22.00	0.040834	33.890
22.00	22.00	0.040850	33.984
22.00	22.00	0.040867	34.089
22.00	22.00	0.040884	34.189
22.00	22.00	0.040900	34.283
22.00	22.00	0.040917	34.388
22.00	22.00	0.040934	34.487
22.00	22.00	0.040950	34.584
22.00	22.01	0.040967	34.686
22.00	22.01	0.040984	34.786
22.00	22.01	0.041000	34.884
22.00	22.01	0.041017	34.985
22.00	22.01	0.041034	35.085
22.00	22.01	0.041050	35.183
22.00	22.01	0.041067	35.284
22.00	22.01	0.041084	35.384
22.00	22.01	0.041100	35.484
22.00	22.01	0.041117	35.583
22.00	22.01	0.041134	35.685
22.00	22.01	0.041150	35.784
22.00	22.01	0.041167	35.884
22.00	22.02	0.041184	35.985
22.03	22.02	0.041200	36.084
22.03	22.02	0.041217	36.185
22.03	22.02	0.041234	36.285
22.03	22.02	0.041250	36.385
22.03	22.02	0.041267	36.485
22.03	22.02	0.041283	36.584
22.03	22.02	0.041300	36.685
22.03	22.02	0.041317	36.784
22.03	22.02	0.041333	36.885
22.03	22.02	0.041350	36.984
22.03	22.02	0.041367	37.085
22.03	22.02	0.041383	37.185
22.03	22.03	0.041400	37.285
22.03	22.03	0.041417	37.385
22.03	22.03	0.041433	37.484
22.03	22.03	0.041450	37.585
22.03	22.03	0.041467	37.684
22.03	22.03	0.041483	37.785
22.03	22.03	0.041500	37.885
22.03	22.03	0.041517	37.985
22.03	22.03	0.041533	38.085
22.03	22.03	0.041550	38.184
22.03	22.03	0.041567	38.285
22.03	22.03	0.041583	38.384
22.03	22.03	0.041600	38.485
22.03	22.04	0.041617	38.584
22.03	22.04	0.041633	38.685
22.03	22.04	0.041650	38.785
22.03	22.04	0.041667	38.885
22.03	22.04	0.041683	38.985
22.03	22.04	0.041700	39.084
22.03	22.04	0.041717	39.185
22.03	22.04	0.041733	39.284
22.03	22.04	0.041750	39.385
22.03	22.04	0.041767	39.484
22.03	22.04	0.041783	39.585
22.03	22.04	0.041800	39.685
22.03	22.04	0.041817	39.785
22.03	22.05	0.041833	39.885
22.03	22.05	0.041850	39.985
22.03	22.05	0.041867	40.084
22.06	22.05	0.041883	40.184
22.06	22.05	0.041900	40.284
22.06	22.05	0.041917	40.409
22.06	22.05	0.041933	40.485
22.06	22.05	0.041950	40.613
22.06	22.05	0.041967	40.708
22.06	22.05	0.041983	40.784
22.06	22.05	0.042000	40.912
22.06	22.05	0.042017	41.006
22.06	22.05	0.042033	41.109
22.06	22.06	0.042050	41.210
22.06	22.06	0.042067	41.305
22.06	22.06	0.042083	41.384
22.06	22.06	0.042100	41.509
22.06	22.06	0.042116	41.604
22.06	22.06	0.042133	41.708
22.06	22.06	0.042150	41.808
22.06	22.06	0.042166	41.902
22.06	22.06	0.042183	42.007
22.06	22.06	0.042200	42.106
22.06	22.06	0.042216	42.201
22.06	22.06	0.042233	42.306
22.06	22.06	0.042250	42.405
22.06	22.07	0.042266	42.500
22.06	22.07	0.042283	42.604
22.06	22.07	0.042300	42.699
22.06	22.07	0.042316	42.798
22.06	22.07	0.042333	42.903
22.06	22.07	0.042350	42.998
22.06	22.07	0.042366	43.097
22.06	22.07	0.042383	43.202
22.06	22.07	0.042400	43.296
22.06	22.07	0.042416	43.396
22.06	22.07	0.042433	43.501
22.06	22.07	0.042450	43.595
22.08	22.07	0.042466	43.695
22.08	22.08	0.042483	43.799
22.08	22.08	0.042500	43.894
22.08	22.08	0.042516	43.993
22.08	22.08	0.042533	44.098
22.08	22.08	0.042550	44.193
22.08	22.08	0.042566	44.292
22.08	22.08	0.042583	44.397
22.08	22.08	0.042600	44.491
22.08	22.08	0.042616	44.591
22.08	22.08	0.042633	44.695
22.08	22.08	0.042650	44.790
22.08	22.08	0.042666	44.889
22.08	22.08	0.042683	44.994
22.08	22.08	0.042700	45.089
22.08	22.09	0.042716	45.189
22.08	22.09	0.042733	45.294
22.08	22.09	0.042750	45.388
22.08	22.09	0.042766	45.489
22.08	22.09	0.042783	45.592
22.08	22.09	0.042800	45.687
22.11	22.09	0.042816	45.788
22.11	22.09	0.042833	45.891
22.11	22.09	0.042850	45.986
22.11	22.09	0.042866	46.088
22.11	22.09	0.042883	46.190
22.11	22.09	0.042900	46.284
22.11	22.09	0.042916	46.388
22.11	22.10	0.042933	46.488
22.11	22.10	0.042949	46.585
22.11	22.10	0.042966	46.688
22.11	22.10	0.042983	46.787
22.11	22.10	0.042999	46.885
22.08	22.10	0.043016	46.986
22.08	22.10	0.043033	47.086
22.08	22.10	0.043049	47.184
22.08	22.10	0.043066	47.285
22.08	22.10	0.043083	47.384
22.08	22.10	0.043099	47.485
22.08	22.10	0.043116	47.585
22.08	22.10	0.043133	47.685
22.11	22.11	0.043149	47.785
22.11	22.11	0.043166	47.884
22.11	22.11	0.043183	47.985
22.11	22.11	0.043199	48.084
22.11	22.11	0.043216	48.185
22.11	22.11	0.043233	48.284
22.11	22.11	0.043249	48.385
22.11	22.11	0.043266	48.485
22.11	22.11	0.043283	48.585
22.11	22.11	0.043299	48.685
22.11	22.11	0.043316	48.784
22.11	22.11	0.043333	48.885
22.11	22.11	0.043349	48.984
22.11	22.12	0.043366	49.085
22.11	22.12	0.043383	49.185
22.13	22.12	0.043399	49.285
22.13	22.12	0.043416	49.385
22.13	22.12	0.043433	49.484
22.13	22.12	0.043449	49.585
22.13	22.12	0.043466	49.684
22.13	22.12	0.043483	49.785
22.13	22.12	0.043499	49.884
22.13	22.12	0.043516	49.985
22.13	22.12	0.043533	50.085
22.13	22.12	0.043549	50.184
22.13	22.12	0.043566	50.285
22.13	22.13	0.043583	50.384
22.13	22.13	0.043599	50.485
22.13	22.13	0.043616	50.584
22.13	22.13	0.043633	50.685
22.13	22.13	0.043649	50.785
22.13	22.13	0.043666	50.885
22.13	22.13	0.043683	50.985
22.13	22.13	0.043699	51.084
22.13	22.13	0.043716	51.185
22.13	22.13	0.043733	51.284
22.13	22.13	0.043749	51.385
22.13	22.13	0.043766	51.485
22.13	22.13	0.043782	51.585
22.13	22.14	0.043799	51.685
22.13	22.14	0.043816	51.784
22.13	22.14	0.043832	51.885
22.13	22.14	0.043849	51.984
22.13	22.14	0.043866	52.085
22.13	22.14	0.043882	52.184
22.13	22.14	0.043899	52.285
22.13	22.14	0.043916	52.385
22.13	22.14	0.043932	52.509
22.13	22.14	0.043949	52.614
22.13	22.14	0.043966	52.708
22.13	22.14	0.043982	52.808
22.13	22.14	0.043999	52.912
22.13	22.15	0.044016	53.007
22.16	22.15	0.044032	53.108
22.16	22.15	0.044049	53.211
22.16	22.15	0.044066	53.305
22.16	22.15	0.044082	53.408
22.16	22.15	0.044099	53.510
22.16	22.15	0.044116	53.604
22.16	22.15	0.044132	53.708
22.16	22.15	0.044149	53.808
22.16	22.15	0.044166	53.903
22.16	22.15	0.044182	54.007
22.16	22.15	0.044199	54.108
22.16	22.15	0.044216	54.202
22.16	22.16	0.044232	54.306
22.16	22.16	0.044249	54.406
22.16	22.16	0.044266	54.500
22.16	22.16	0.044282	54.605
22.16	22.16	0.044299	54.704
22.16	22.16	0.044316	54.799
22.16	22.16	0.044332	54.904
22.16	22.16	0.044349	55.003
22.16	22.16	0.044366	55.098
22.16	22.16	0.044382	55.203
22.16	22.16	0.044399	55.297
22.16	22.16	0.044416	55.397
22.16	22.16	0.044432	55.501
22.16	22.17	0.044449	55.596
22.16	22.17	0.044466	55.695
22.16	22.17	0.044482	55.800
22.16	22.17	0.044499	55.895
22.16	22.17	0.044516	55.995
22.16	22.17	0.044532	56.099
22.16	22.17	0.044549	56.193
22.16	22.17	0.044566	56.293
22.16	22.17	0.044582	56.398
22.16	22.17	0.044599	56.492
22.16	22.17	0.044615	56.592
22.16	22.17	0.044632	56.696
22.16	22.17	0.044649	56.791
22.16	22.18	0.044665	56.890
22.16	22.18	0.044682	56.995
22.19	22.18	0.044699	57.091
22.19	22.18	0.044715	57.190
22.19	22.18	0.044732	57.295
22.19	22.18	0.044749	57.389
22.19	22.18	0.044765	57.489
22.19	22.18	0.044782	57.593
22.19	22.18	0.044799	57.688
22.19	22.18	0.044815	57.787
22.19	22.18	0.044832	57.892
22.19	22.18	0.044849	57.987
22.19	22.18	0.044865	58.087
22.19	22.19	0.044882	58.191
22.19	22.19	0.044899	58.285
22.19	22.19	0.044915	58.387
22.19	22.19	0.044932	58.489
22.19	22.19	0.044949	58.585
22.19	22.19	0.044965	58.688
22.19	22.19	0.044982	58.788
22.19	22.19	0.044999	58.885
22.19	22.19	0.045015	58.987
22.19	22.19	0.045032	59.087
22.19	22.19	0.045049	59.184
22.19	22.19	0.045065	59.286
22.19	22.19	0.045082	59.385
22.19	22.20	0.045099	59.484
22.19	22.20	0.045115	59.585
22.19	22.20	0.045132	59.684
22.19	22.20	0.045149	59.785
22.19	22.20	0.045165	59.885
22.19	22.20	0.045182	59.985
22.19	22.20	0.045199	00.085
22.19	22.20	0.045215	00.185
22.19	22.20	0.045232	00.285
22.19	22.20	0.045249	00.385
22.19	22.20	0.045265	00.484
22.19	22.20	0.045282	00.585
22.19	22.20	0.045299	00.684
22.19	22.21	0.045315	00.785
22.19	22.21	0.045332	00.884
22.19	22.21	0.045349	00.985
22.19	22.21	0.045365	01.085
22.19	22.21	0.045382	01.185
22.21	22.21	0.045399	01.285
22.21	22.21	0.045415	01.385
22.21	22.21	0.045432	01.485
22.21	22.21	0.045448	01.585
22.21	22.21	0.045465	01.684
22.21	22.21	0.045482	01.785
22.21	22.21	0.045498	01.884
22.21	22.21	0.045515	01.985
22.21	22.22	0.045532	02.085
22.21	22.22	0.045548	02.185
22.21	22.22	0.045565	02.285
22.21	22.22	0.045582	02.384
22.24	22.22	0.045598	02.485
22.24	22.22	0.045615	02.584
22.24	22.22	0.045632	02.685
22.24	22.22	0.045648	02.784
22.24	22.22	0.045665	02.885
22.24	22.22	0.045682	02.985
22.24	22.22	0.045698	03.085
22.24	22.22	0.045715	03.185
22.24	22.22	0.045732	03.284
22.24	22.23	0.045748	03.385
22.24	22.23	0.045765	03.484
22.24	22.23	0.045782	03.585
22.24	22.23	0.045798	03.684
22.24	22.23	0.045815	03.785
22.24	22.23	0.045832	03.885
22.21	22.23	0.045848	03.985
22.21	22.23	0.045865	04.085
22.21	22.23	0.045882	04.184
22.21	22.23	0.045898	04.285
22.21	22.23	0.045915	04.384
22.21	22.23	0.045932	04.485
22.21	22.23	0.045948	04.585
22.21	22.24	0.045965	04.709
22.21	22.24	0.045982	04.809
22.24	22.24	0.045998	04.913
22.24	22.24	0.046015	05.008
22.24	22.24	0.046032	05.107
22.24	22.24	0.046048	05.212
22.24	22.24	0.046065	05.306
22.24	22.24	0.046082	05.407
22.24	22.24	0.046098	05.510
22.24	22.24	0.046115	05.605
22.24	22.24	0.046132	05.707
22.24	22.24	0.046148	05.809
22.24	22.24	0.046165	05.904
22.26	22.25	0.046182	06.007
22.26	22.25	0.046198	06.109
22.26	22.25	0.046215	06.203
22.26	22.25	0.046232	06.307
22.26	22.25	0.046248	06.408
22.26	22.25	0.046265	06.502
22.26	22.25	0.046281	06.607
22.26	22.25	0.046298	06.706
22.26	22.25	0.046315	06.801
22.26	22.25	0.046331	06.905
22.26	22.25	0.046348	07.005
22.26	22.25	0.046365	07.100
22.26	22.25	0.046381	07.204
22.26	22.26	0.046398	07.304
22.26	22.26	0.046415	07.398
22.26	22.26	0.046431	07.502
22.26	22.26	0.046448	07.602
22.26	22.26	0.046465	07.696
22.26	22.26	0.046481	07.801
22.26	22.26	0.046498	07.896
22.26	22.26	0.046515	07.995
22.26	22.26	0.046531	08.100
22.26	22.26	0.046548	08.194
22.26	22.26	0.046565	08.294
22.26	22.26	0.046581	08.399
22.26	22.26	0.046598	08.494
22.26	22.27	0.046615	08.594
22.26	22.27	0.046631	08.698
22.26	22.27	0.046648	08.793
22.26	22.27	0.046665	08.892
22.26	22.27	0.046681	08.997
22.26	22.27	0.046698	09.091
22.26	22.27	0.046715	09.191
22.26	22.27	0.046731	09.295
22.26	22.27	0.046748	09.390
22.26	22.27	0.046765	09.490
22.26	22.27	0.046781	09.594
22.26	22.27	0.046798	09.689
22.26	22.27	0.046815	09.788
22.26	22.28	0.046831	09.893
22.26	22.28	0.046848	09.987
22.29	22.28	0.046865	10.087
22.29	22.28	0.046881	10.191
22.29	22.28	0.046898	10.286
22.29	22.28	0.046915	10.387
22.29	22.28	0.046931	10.490
22.29	22.28	0.046948	10.585
22.29	22.28	0.046965	10.686
22.29	22.28	0.046981	10.789
22.29	22.28	0.046998	10.884
22.29	22.28	0.047015	10.987
22.29	22.28	0.047031	11.088
22.29	22.29	0.047048	11.185
22.29	22.29	0.047065	11.287
22.29	22.29	0.047081	11.386
22.29	22.29	0.047098	11.485
22.29	22.29	0.047114	11.585
22.29	22.29	0.047131	11.685
22.29	22.29	0.047148	11.785
22.29	22.29	0.047164	11.885
22.29	22.29	0.047181	11.985
22.29	22.29	0.047198	12.084
22.29	22.29	0.047214	12.185
22.29	22.29	0.047231	12.284
22.29	22.29	0.047248	12.385
22.29	22.30	0.047264	12.484
22.29	22.30	0.047281	12.585
22.29	22.30	0.047298	12.685
22.29	22.30	0.047314	12.785
22.29	22.30	0.047331	12.885
22.29	22.30	0.047348	12.984
22.29	22.30	0.047364	13.085
22.29	22.30	0.047381	13.184
22.29	22.30	0.047398	13.285
22.29	22.30	0.047414	13.385
22.29	22.30	0.047431	13.485
22.29	22.30	0.047448	13.585
22.29	22.30	0.047464	13.684
22.32	22.30	0.047481	13.785
22.32	22.31	0.047498	13.884
22.32	22.31	0.047514	13.985
22.32	22.31	0.047531	14.085
22.32	22.31	0.047548	14.184
22.32	22.31	0.047564	14.285
22.32	22.31	0.047581	14.384
22.32	22.31	0.047598	14.485
22.32	22.31	0.047614	14.585
22.32	22.31	0.047631	14.685
22.32	22.31	0.047648	14.785
22.32	22.31	0.047664	14.884
22.32	22.31	0.047681	14.985
22.32	22.31	0.047698	15.084
22.32	22.32	0.047714	15.185
22.32	22.32	0.047731	15.284
22.32	22.32	0.047748	15.385
22.32	22.32	0.047764	15.485
22.32	22.32	0.047781	15.584
22.32	22.32	0.047798	15.685
22.32	22.32	0.047814	15.784
22.32	22.32	0.047831	15.885
22.32	22.32	0.047848	15.984
22.32	22.32	0.047864	16.085
22.32	22.32	0.047881	16.185
22.32	22.32	0.047898	16.285
22.32	22.32	0.047914	16.385
22.32	22.33	0.047931	16.484
22.32	22.33	0.047947	16.585
22.32	22.33	0.047964	16.684
22.32	22.33	0.047981	16.785
22.32	22.33	0.047997	16.884
22.32	22.33	0.048014	17.009
22.32	22.33	0.048031	17.108
22.32	22.33	0.048047	17.213
22.32	22.33	0.048064	17.308
22.32	22.33	0.048081	17.407
22.32	22.33	0.048097	17.512
22.32	22.33	0.048114	17.606
22.32	22.33	0.048131	17.706
22.32	22.34	0.048147	17.810
22.32	22.34	0.048164	17.905
22.32	22.34	0.048181	18.007
22.34	22.34	0.048197	18.109
22.34	22.34	0.048214	18.204
22.34	22.34	0.048231	18.306
22.34	22.34	0.048247	18.408
22.34	22.34	0.048264	18.502
22.34	22.34	0.048281	18.606
22.34	22.34	0.048297	18.706
22.34	22.34	0.048314	18.801
22.34	22.34	0.048331	18.906
22.34	22.34	0.048347	19.005
22.34	22.35	0.048364	19.100
22.34	22.35	0.048381	19.204
22.34	22.35	0.048397	19.305
22.34	22.35	0.048414	19.399
22.34	22.35	0.048431	19.503
22.34	22.35	0.048447	19.603
22.37	22.35	0.048464	19.698
22.37	22.35	0.048481	19.802
22.37	22.35	0.048497	19.902
22.37	22.35	0.048514	19.996
22.37	22.35	0.048531	20.101
22.37	22.35	0.048547	20.195
22.37	22.35	0.048564	20.296
22.37	22.36	0.048581	20.400
22.37	22.36	0.048597	20.495
22.37	22.36	0.048614	20.595
22.37	22.36	0.048631	20.699
22.37	22.36	0.048647	20.794
22.37	22.36	0.048664	20.893
22.34	22.36	0.048681	20.998
22.34	22.36	0.048697	21.092
22.34	22.36	0.048714	21.192
22.34	22.36	0.048731	21.297
22.34	22.36	0.048747	21.391
22.34	22.36	0.048764	21.491
22.34	22.36	0.048780	21.595
22.34	22.37	0.048797	21.690
22.34	22.37	0.048814	21.789
22.37	22.37	0.048830	21.894
22.37	22.37	0.048847	21.989
22.37	22.37	0.048864	22.088
22.37	22.37	0.048880	22.193
22.37	22.37	0.048897	22.287
22.37	22.37	0.048914	22.387
22.37	22.37	0.048930	22.491
22.37	22.37	0.048947	22.586
22.37	22.37	0.048964	22.685
22.37	22.37	0.048980	22.790
22.37	22.37	0.048997	22.885
22.37	22.38	0.049014	22.985
22.37	22.38	0.049030	23.089
22.39	22.38	0.049047	23.184
22.39	22.38	0.049064	23.286
22.39	22.38	0.049080	23.387
22.39	22.38	0.049097	23.485
22.39	22.38	0.049114	23.585
22.39	22.38	0.049130	23.686
22.39	22.38	0.049147	23.785
22.39	22.38	0.049164	23.885
22.39	22.38	0.049180	23.985
22.39	22.38	0.049197	24.084
22.39	22.38	0.049214	24.185
22.39	22.39	0.049230	24.284
22.39	22.39	0.049247	24.385
22.39	22.39	0.049264	24.485
22.39	22.39	0.049280	24.585
22.39	22.39	0.049297	24.685
22.39	22.39	0.049314	24.784
22.39	22.39	0.049330	24.885
22.39	22.39	0.049347	24.984
22.39	22.39	0.049364	25.085
22.39	22.39	0.049380	25.184
22.39	22.39	0.049397	25.285
22.39	22.39	0.049414	25.385
22.39	22.39	0.049430	25.484
22.39	22.40	0.049447	25.585
22.39	22.40	0.049464	25.684
22.39	22.40	0.049480	25.785
22.39	22.40	0.049497	25.884
22.39	22.40	0.049514	25.985
22.39	22.40	0.049530	26.085
22.39	22.40	0.049547	26.185
22.39	22.40	0.049564	26.285
22.39	22.40	0.049580	26.384
22.39	22.40	0.049597	26.485
22.39	22.40	0.049613	26.584
22.39	22.40	0.049630	26.685
22.42	22.40	0.049647	26.784
22.42	22.41	0.049663	26.885
22.42	22.41	0.049680	26.985
22.42	22.41	0.049697	27.085
22.42	22.41	0.049713	27.185
22.42	22.41	0.049730	27.284
22.42	22.41	0.049747	27.385
22.42	22.41	0.049763	27.484
22.42	22.41	0.049780	27.585
22.42	22.41	0.049797	27.684
22.42	22.41	0.049813	27.785
22.42	22.41	0.049830	27.885
22.42	22.41	0.049847	27.984
22.42	22.41	0.049863	28.085
22.42	22.42	0.049880	28.184
22.42	22.42	0.049897	28.285
22.42	22.42	0.049913	28.384
22.42	22.42	0.049930	28.485
22.42	22.42	0.049947	28.585
22.42	22.42	0.049963	28.685
22.42	22.42	0.049980	28.785
22.42	22.42	0.049997	28.884
22.42	22.42	0.050013	28.985
22.42	22.42	0.050030	29.084
22.42	22.42	0.050047	29.184
22.39	22.42	0.050063	29.283
22.39	22.42	0.050080	29.408
22.39	22.43	0.050097	29.512
22.39	22.43	0.050113	29.607
22.42	22.43	0.050130	29.707
22.42	22.43	0.050147	29.811
22.42	22.43	0.050163	29.906
22.42	22.43	0.050180	30.006
22.42	22.43	0.050197	30.111
22.42	22.43	0.050213	30.205
22.42	22.43	0.050230	30.305
22.42	22.43	0.050247	30.409
22.42	22.43	0.050263	30.504
22.42	22.43	0.050280	30.605
22.45	22.43	0.050297	30.708
22.45	22.44	0.050313	30.803
22.45	22.44	0.050330	30.905
22.45	22.44	0.050347	31.007
22.45	22.44	0.050363	31.101
22.45	22.44	0.050380	31.205
22.45	22.44	0.050397	31.306
22.45	22.44	0.050413	31.400
22.45	22.44	0.050430	31.505
22.45	22.44	0.050446	31.604
22.45	22.44	0.050463	31.699
22.45	22.44	0.050480	31.803
22.45	22.44	0.050496	31.903
22.45	22.44	0.050513	31.998
22.45	22.45	0.050530	32.102
22.45	22.45	0.050546	32.202
22.45	22.45	0.050563	32.297
22.45	22.45	0.050580	32.401
22.45	22.45	0.050596	32.501
22.45	22.45	0.050613	32.595
22.45	22.45	0.050630	32.700
22.45	22.45	0.050646	32.795
22.45	22.45	0.050663	32.894
22.45	22.45	0.050680	32.999
22.45	22.45	0.050696	33.093
22.45	22.45	0.050713	33.193
22.45	22.45	0.050730	33.297
22.45	22.46	0.050746	33.392
22.45	22.46	0.050763	33.491
22.45	22.46	0.050780	33.596
22.45	22.46	0.050796	33.691
22.45	22.46	0.050813	33.790
22.45	22.46	0.050830	33.895
22.45	22.46	0.050846	33.989
22.45	22.46	0.050863	34.089
22.45	22.46	0.050880	34.193
22.45	22.46	0.050896	34.288
22.45	22.46	0.050913	34.388
22.45	22.46	0.050930	34.492
22.47	22.46	0.050946	34.587
22.47	22.47	0.050963	34.686
22.47	22.47	0.050980	34.791
22.47	22.47	0.050996	34.885
22.47	22.47	0.051013	34.985
22.47	22.47	0.051030	35.089
22.47	22.47	0.051046	35.185
22.47	22.47	0.051063	35.285
22.47	22.47	0.051080	35.388
22.47	22.47	0.051096	35.485
22.47	22.47	0.051113	35.584
22.47	22.47	0.051130	35.688
22.47	22.47	0.051146	35.784
22.47	22.47	0.051163	35.885
22.47	22.48	0.051180	35.987
22.47	22.48	0.051196	36.085
22.47	22.48	0.051213	36.185
22.47	22.48	0.051230	36.285
22.47	22.48	0.051246	36.385
22.47	22.48	0.051263	36.484
22.47	22.48	0.051279	36.585
22.47	22.48	0.051296	36.684
22.47	22.48	0.051313	36.785
22.50	22.48	0.051329	36.885
22.50	22.48	0.051346	36.985
22.50	22.48	0.051363	37.085
22.50	22.48	0.051379	37.184
22.50	22.49	0.051396	37.285
22.50	22.49	0.051413	37.384
22.50	22.49	0.051429	37.485
22.50	22.49	0.051446	37.584
22.50	22.49	0.051463	37.685
22.50	22.49	0.051479	37.785
22.50	22.49	0.051496	37.884
22.50	22.49	0.051513	37.985
22.50	22.49	0.051529	38.084
22.50	22.49	0.051546	38.185
22.50	22.49	0.051563	38.284
22.50	22.49	0.051579	38.385
22.50	22.49	0.051596	38.485
22.50	22.50	0.051613	38.585
22.47	22.50	0.051629	38.685
22.47	22.50	0.051646	38.784
22.47	22.50	0.051663	38.885
22.47	22.50	0.051679	38.984
22.47	22.50	0.051696	39.085
22.47	22.50	0.051713	39.184
22.47	22.50	0.051729	39.285
