100.00	0.00	7.23	30.00	150.00	2.70	97.30	2.70	

20.01	21.50	0.000000	06.963
19.99	21.50	0.000017	07.068
19.99	21.50	0.000033	07.167
20.09	21.50	0.000050	07.262
20.19	21.50	0.000067	07.366
20.53	21.50	0.000083	07.461
20.94	21.50	0.000100	07.560
21.17	21.50	0.000117	07.665
21.56	21.50	0.000133	07.760
21.90	21.50	0.000150	07.859
22.00	21.50	0.000167	07.964
22.16	21.50	0.000183	08.058
22.16	21.50	0.000200	08.158
22.16	21.50	0.000217	08.262
22.00	21.50	0.000233	08.357
21.85	21.50	0.000250	08.456
21.74	21.50	0.000267	08.561
21.56	21.50	0.000283	08.656
21.41	21.50	0.000300	08.755
21.33	21.50	0.000317	08.860
21.28	21.50	0.000333	08.955
21.28	21.50	0.000350	09.054
21.28	21.50	0.000367	09.159
21.28	21.50	0.000383	09.253
21.38	21.50	0.000400	09.353
21.43	21.50	0.000416	09.458
21.56	21.50	0.000433	09.552
21.67	21.50	0.000450	09.652
21.72	21.50	0.000466	09.756
21.74	21.50	0.000483	09.851
21.77	21.50	0.000500	09.951
21.77	21.50	0.000516	10.055
21.77	21.50	0.000533	10.149
21.74	21.50	0.000550	10.251
21.72	21.50	0.000566	10.354
21.64	21.50	0.000583	10.450
21.56	21.50	0.000600	10.551
21.54	21.50	0.000616	10.652
21.54	21.50	0.000633	10.750
21.51	21.50	0.000650	10.850
21.51	21.50	0.000666	10.951
21.51	21.50	0.000683	11.050
21.51	21.50	0.000700	11.150
21.51	21.50	0.000716	11.251
21.51	21.50	0.000733	11.349
21.51	21.50	0.000750	11.450
21.51	21.50	0.000766	11.549
21.51	21.50	0.000783	11.650
21.51	21.50	0.000800	11.749
21.51	21.50	0.000816	11.850
21.54	21.50	0.000833	11.950
21.54	21.50	0.000850	12.050
21.54	21.50	0.000866	12.150
21.54	21.50	0.000883	12.249
21.54	21.50	0.000900	12.350
21.56	21.50	0.000916	12.450
21.56	21.50	0.000933	12.551
21.56	21.50	0.000950	12.650
21.56	21.50	0.000966	12.751
21.56	21.50	0.000983	12.850
21.56	21.50	0.001000	12.951
21.59	21.50	0.001016	13.051
21.59	21.50	0.001033	13.151
21.59	21.50	0.001050	13.250
21.59	21.50	0.001066	13.351
21.56	21.50	0.001083	13.451
21.56	21.50	0.001100	13.551
21.56	21.50	0.001116	13.651
21.56	21.50	0.001133	13.750
21.56	21.50	0.001150	13.851
21.56	21.50	0.001166	13.950
21.54	21.50	0.001183	14.051
21.54	21.50	0.001200	14.150
21.54	21.50	0.001216	14.251
21.54	21.50	0.001233	14.351
21.54	21.50	0.001250	14.451
21.51	21.50	0.001266	14.551
21.51	21.50	0.001283	14.650
21.51	21.50	0.001299	14.751
21.51	21.50	0.001316	14.850
21.51	21.50	0.001333	14.951
21.51	21.50	0.001349	15.050
21.51	21.50	0.001366	15.151
21.51	21.50	0.001383	15.251
21.51	21.50	0.001399	15.351
21.48	21.50	0.001416	15.451
21.48	21.50	0.001433	15.550
21.48	21.50	0.001449	15.651
21.48	21.50	0.001466	15.751
21.48	21.50	0.001483	15.851
21.48	21.50	0.001499	15.951
21.48	21.50	0.001516	16.050
21.51	21.50	0.001533	16.150
21.51	21.50	0.001549	16.249
21.51	21.50	0.001566	16.375
21.51	21.50	0.001583	16.479
21.51	21.50	0.001599	16.573
21.51	21.50	0.001616	16.673
21.51	21.50	0.001633	16.778
21.51	21.50	0.001649	16.872
21.51	21.50	0.001666	16.972
21.51	21.50	0.001683	17.076
21.51	21.50	0.001699	17.171
21.51	21.50	0.001716	17.270
21.51	21.50	0.001733	17.375
21.51	21.50	0.001749	17.470
21.51	21.50	0.001766	17.570
21.51	21.50	0.001783	17.674
21.51	21.50	0.001799	17.768
21.51	21.50	0.001816	17.871
21.51	21.50	0.001833	17.972
21.51	21.50	0.001849	18.068
21.51	21.50	0.001866	18.170
21.51	21.50	0.001883	18.272
21.51	21.50	0.001899	18.366
21.51	21.50	0.001916	18.471
21.51	21.50	0.001933	18.570
21.51	21.50	0.001949	18.665
21.51	21.50	0.001966	18.769
21.51	21.50	0.001983	18.869
21.51	21.50	0.001999	18.964
21.51	21.50	0.002016	19.068
21.51	21.50	0.002033	19.168
21.51	21.50	0.002049	19.262
21.51	21.50	0.002066	19.367
21.51	21.50	0.002082	19.466
21.51	21.50	0.002099	19.561
21.51	21.50	0.002116	19.665
21.51	21.50	0.002132	19.760
21.48	21.50	0.002149	19.859
21.48	21.50	0.002166	19.965
21.48	21.50	0.002182	20.059
21.48	21.50	0.002199	20.159
21.48	21.50	0.002216	20.263
21.48	21.50	0.002232	20.358
21.48	21.50	0.002249	20.457
21.48	21.50	0.002266	20.562
21.48	21.50	0.002282	20.657
21.51	21.50	0.002299	20.756
21.51	21.50	0.002316	20.861
21.51	21.50	0.002332	20.955
21.51	21.50	0.002349	21.055
21.51	21.50	0.002366	21.160
21.51	21.50	0.002382	21.254
21.51	21.50	0.002399	21.354
21.51	21.50	0.002416	21.458
21.51	21.50	0.002432	21.553
21.51	21.50	0.002449	21.652
21.51	21.50	0.002466	21.757
21.51	21.50	0.002482	21.852
21.51	21.50	0.002499	21.952
21.51	21.50	0.002516	22.056
21.51	21.50	0.002532	22.151
21.51	21.50	0.002549	22.252
21.51	21.50	0.002566	22.354
21.51	21.50	0.002582	22.452
21.51	21.50	0.002599	22.552
21.51	21.50	0.002616	22.653
21.51	21.50	0.002632	22.752
21.51	21.50	0.002649	22.851
21.51	21.50	0.002666	22.952
21.51	21.50	0.002682	23.051
21.48	21.50	0.002699	23.152
21.48	21.50	0.002716	23.251
21.48	21.50	0.002732	23.352
21.48	21.50	0.002749	23.451
21.48	21.50	0.002766	23.552
21.48	21.50	0.002782	23.652
21.48	21.50	0.002799	23.752
21.48	21.50	0.002816	23.852
21.48	21.50	0.002832	23.951
21.48	21.50	0.002849	24.052
21.48	21.50	0.002866	24.151
21.51	21.50	0.002882	24.252
21.51	21.50	0.002899	24.351
21.51	21.50	0.002915	24.452
21.51	21.50	0.002932	24.552
21.51	21.50	0.002949	24.652
21.51	21.50	0.002965	24.752
21.51	21.50	0.002982	24.851
21.51	21.50	0.002999	24.952
21.51	21.50	0.003015	25.050
21.51	21.50	0.003032	25.152
21.51	21.50	0.003049	25.251
21.51	21.50	0.003065	25.352
21.51	21.50	0.003082	25.452
21.51	21.50	0.003099	25.552
21.51	21.50	0.003115	25.652
21.51	21.50	0.003132	25.751
21.51	21.50	0.003149	25.852
21.51	21.50	0.003165	25.951
21.51	21.50	0.003182	26.051
21.51	21.50	0.003199	26.151
21.51	21.50	0.003215	26.252
21.51	21.50	0.003232	26.352
21.51	21.50	0.003249	26.452
21.51	21.50	0.003265	26.552
21.51	21.50	0.003282	26.651
21.51	21.50	0.003299	26.752
21.48	21.50	0.003315	26.851
21.48	21.50	0.003332	26.952
21.48	21.50	0.003349	27.052
21.48	21.50	0.003365	27.152
21.48	21.50	0.003382	27.252
21.48	21.50	0.003399	27.351
21.48	21.50	0.003415	27.452
21.48	21.50	0.003432	27.551
21.48	21.50	0.003449	27.652
21.51	21.50	0.003465	27.751
21.51	21.50	0.003482	27.883
21.51	21.50	0.003499	27.952
21.51	21.50	0.003515	28.077
21.51	21.50	0.003532	28.182
21.51	21.50	0.003549	28.276
21.51	21.50	0.003565	28.376
21.51	21.50	0.003582	28.480
21.51	21.50	0.003599	28.574
21.51	21.50	0.003615	28.674
21.51	21.50	0.003632	28.778
21.51	21.50	0.003649	28.873
21.51	21.50	0.003665	28.973
21.51	21.50	0.003682	29.077
21.51	21.50	0.003699	29.172
21.51	21.50	0.003715	29.272
21.51	21.50	0.003732	29.376
21.51	21.50	0.003748	29.471
21.51	21.50	0.003765	29.570
21.51	21.50	0.003782	29.675
21.48	21.50	0.003798	29.769
21.48	21.50	0.003815	29.869
21.48	21.50	0.003832	29.974
21.48	21.50	0.003848	30.068
21.48	21.50	0.003865	30.170
21.48	21.50	0.003882	30.272
21.48	21.50	0.003898	30.367
21.48	21.50	0.003915	30.469
21.48	21.50	0.003932	30.571
21.48	21.50	0.003948	30.666
21.48	21.50	0.003965	30.769
21.48	21.50	0.003982	30.870
21.51	21.50	0.003998	30.965
21.51	21.50	0.004015	31.069
21.51	21.50	0.004032	31.169
21.51	21.50	0.004048	31.263
21.51	21.50	0.004065	31.368
21.51	21.50	0.004082	31.468
21.51	21.50	0.004098	31.562
21.51	21.50	0.004115	31.667
21.51	21.50	0.004132	31.766
21.51	21.50	0.004148	31.861
21.51	21.50	0.004165	31.965
21.51	21.50	0.004182	32.065
21.51	21.50	0.004198	32.159
21.51	21.50	0.004215	32.264
21.51	21.50	0.004232	32.359
21.51	21.50	0.004248	32.458
21.51	21.50	0.004265	32.563
21.51	21.50	0.004282	32.657
21.51	21.50	0.004298	32.757
21.51	21.50	0.004315	32.861
21.51	21.50	0.004332	32.956
21.51	21.50	0.004348	33.056
21.51	21.50	0.004365	33.160
21.51	21.50	0.004382	33.255
21.51	21.50	0.004398	33.354
21.48	21.50	0.004415	33.459
21.48	21.50	0.004432	33.554
21.48	21.50	0.004448	33.655
21.48	21.50	0.004465	33.758
21.48	21.50	0.004482	33.854
21.48	21.50	0.004498	33.955
21.48	21.50	0.004515	34.056
21.48	21.50	0.004532	34.155
21.48	21.50	0.004548	34.254
21.51	21.50	0.004565	34.356
21.51	21.50	0.004581	34.455
21.51	21.50	0.004598	34.555
21.51	21.50	0.004615	34.655
21.51	21.50	0.004631	34.755
21.51	21.50	0.004648	34.855
21.51	21.50	0.004665	34.955
21.51	21.50	0.004681	35.055
21.51	21.50	0.004698	35.154
21.51	21.50	0.004715	35.255
21.51	21.50	0.004731	35.354
21.51	21.50	0.004748	35.455
21.51	21.50	0.004765	35.554
21.51	21.50	0.004781	35.655
21.51	21.50	0.004798	35.755
21.51	21.50	0.004815	35.855
21.51	21.50	0.004831	35.955
21.51	21.50	0.004848	36.055
21.51	21.50	0.004865	36.154
21.51	21.50	0.004881	36.255
21.51	21.50	0.004898	36.354
21.48	21.50	0.004915	36.455
21.48	21.50	0.004931	36.554
21.48	21.50	0.004948	36.655
21.48	21.50	0.004965	36.755
21.48	21.50	0.004981	36.855
21.48	21.50	0.004998	36.955
21.48	21.50	0.005015	37.054
21.48	21.50	0.005031	37.155
21.48	21.50	0.005048	37.254
21.48	21.50	0.005065	37.355
21.48	21.50	0.005081	37.455
21.51	21.50	0.005098	37.555
21.51	21.50	0.005115	37.655
21.51	21.50	0.005131	37.754
21.51	21.50	0.005148	37.855
21.51	21.50	0.005165	37.954
21.51	21.50	0.005181	38.055
21.51	21.50	0.005198	38.154
21.51	21.50	0.005215	38.254
21.51	21.50	0.005231	38.355
21.51	21.50	0.005248	38.455
21.51	21.50	0.005265	38.555
21.51	21.50	0.005281	38.655
21.51	21.50	0.005298	38.754
21.51	21.50	0.005315	38.855
21.51	21.50	0.005331	38.954
21.51	21.50	0.005348	39.055
21.51	21.50	0.005365	39.155
21.51	21.50	0.005381	39.255
21.51	21.50	0.005398	39.355
21.51	21.50	0.005414	39.454
21.51	21.50	0.005431	39.555
21.51	21.50	0.005448	39.654
21.48	21.50	0.005464	39.779
21.48	21.50	0.005481	39.883
21.48	21.50	0.005498	39.978
21.48	21.50	0.005514	40.077
21.48	21.50	0.005531	40.182
21.48	21.50	0.005548	40.276
21.48	21.50	0.005564	40.376
21.48	21.50	0.005581	40.480
21.48	21.50	0.005598	40.575
21.51	21.50	0.005614	40.675
21.51	21.50	0.005631	40.780
21.51	21.50	0.005648	40.874
21.51	21.50	0.005664	40.974
21.51	21.50	0.005681	41.078
21.51	21.50	0.005698	41.173
21.51	21.50	0.005714	41.272
21.51	21.50	0.005731	41.377
21.51	21.50	0.005748	41.472
21.51	21.50	0.005764	41.571
21.51	21.50	0.005781	41.676
21.51	21.50	0.005798	41.770
21.51	21.50	0.005814	41.870
21.51	21.50	0.005831	41.974
21.51	21.50	0.005848	42.069
21.51	21.50	0.005864	42.169
21.51	21.50	0.005881	42.273
21.51	21.50	0.005898	42.368
21.51	21.50	0.005914	42.468
21.51	21.50	0.005931	42.572
21.51	21.50	0.005948	42.666
21.48	21.50	0.005964	42.768
21.48	21.50	0.005981	42.871
21.48	21.50	0.005998	42.965
21.48	21.50	0.006014	43.069
21.48	21.50	0.006031	43.169
21.48	21.50	0.006048	43.264
21.48	21.50	0.006064	43.368
21.48	21.50	0.006081	43.468
21.48	21.50	0.006098	43.563
21.48	21.50	0.006114	43.668
21.51	21.50	0.006131	43.767
21.51	21.50	0.006148	43.862
21.51	21.50	0.006164	43.966
21.51	21.50	0.006181	44.066
21.51	21.50	0.006198	44.161
21.51	21.50	0.006214	44.265
21.51	21.50	0.006231	44.365
21.51	21.50	0.006247	44.459
21.51	21.50	0.006264	44.564
21.51	21.50	0.006281	44.658
21.51	21.50	0.006297	44.758
21.51	21.50	0.006314	44.863
21.51	21.50	0.006331	44.957
21.51	21.50	0.006347	45.057
21.51	21.50	0.006364	45.161
21.51	21.50	0.006381	45.256
21.51	21.50	0.006397	45.355
21.51	21.50	0.006414	45.460
21.51	21.50	0.006431	45.554
21.51	21.50	0.006447	45.655
21.51	21.50	0.006464	45.759
21.51	21.50	0.006481	45.854
21.51	21.50	0.006497	45.955
21.48	21.50	0.006514	46.057
21.48	21.50	0.006531	46.155
21.48	21.50	0.006547	46.254
21.48	21.50	0.006564	46.356
21.48	21.50	0.006581	46.455
21.48	21.50	0.006597	46.555
21.48	21.50	0.006614	46.655
21.48	21.50	0.006631	46.754
21.48	21.50	0.006647	46.855
21.48	21.50	0.006664	46.954
21.51	21.50	0.006681	47.055
21.51	21.50	0.006697	47.154
21.51	21.50	0.006714	47.255
21.51	21.50	0.006731	47.355
21.51	21.50	0.006747	47.455
21.51	21.50	0.006764	47.555
21.51	21.50	0.006781	47.654
21.51	21.50	0.006797	47.755
21.51	21.50	0.006814	47.854
21.51	21.50	0.006831	47.955
21.51	21.50	0.006847	48.054
21.51	21.50	0.006864	48.155
21.51	21.50	0.006881	48.255
21.51	21.50	0.006897	48.354
21.51	21.50	0.006914	48.455
21.51	21.50	0.006931	48.555
21.51	21.50	0.006947	48.655
21.51	21.50	0.006964	48.755
21.51	21.50	0.006981	48.854
21.51	21.50	0.006997	48.955
21.51	21.50	0.007014	49.054
21.51	21.50	0.007031	49.155
21.51	21.50	0.007047	49.255
21.48	21.50	0.007064	49.355
21.48	21.50	0.007080	49.455
21.48	21.50	0.007097	49.554
21.48	21.50	0.007114	49.655
21.48	21.50	0.007130	49.754
21.48	21.50	0.007147	49.855
21.48	21.50	0.007164	49.954
21.48	21.50	0.007180	50.055
21.48	21.50	0.007197	50.155
21.48	21.50	0.007214	50.255
21.51	21.50	0.007230	50.355
21.51	21.50	0.007247	50.454
21.51	21.50	0.007264	50.555
21.51	21.50	0.007280	50.654
21.51	21.50	0.007297	50.755
21.51	21.50	0.007314	50.855
21.51	21.50	0.007330	50.955
21.51	21.50	0.007347	51.055
21.51	21.50	0.007364	51.154
21.51	21.50	0.007380	51.255
21.51	21.50	0.007397	51.354
21.51	21.50	0.007414	51.455
21.51	21.50	0.007430	51.554
21.51	21.50	0.007447	51.655
21.51	21.50	0.007464	51.754
21.51	21.50	0.007480	51.854
21.51	21.50	0.007497	51.953
21.51	21.50	0.007514	52.078
21.51	21.50	0.007530	52.182
21.51	21.50	0.007547	52.277
21.48	21.50	0.007564	52.377
21.48	21.50	0.007580	52.482
21.48	21.50	0.007597	52.577
21.48	21.50	0.007614	52.676
21.48	21.50	0.007630	52.781
21.48	21.50	0.007647	52.875
21.48	21.50	0.007664	52.975
21.48	21.50	0.007680	53.079
21.48	21.50	0.007697	53.174
21.48	21.50	0.007714	53.273
21.48	21.50	0.007730	53.378
21.51	21.50	0.007747	53.472
21.51	21.50	0.007764	53.572
21.51	21.50	0.007780	53.677
21.51	21.50	0.007797	53.771
21.51	21.50	0.007814	53.871
21.51	21.50	0.007830	53.976
21.51	21.50	0.007847	54.071
21.51	21.50	0.007864	54.170
21.51	21.50	0.007880	54.275
21.51	21.50	0.007897	54.369
21.51	21.50	0.007913	54.469
21.51	21.50	0.007930	54.573
21.51	21.50	0.007947	54.668
21.51	21.50	0.007963	54.768
21.51	21.50	0.007980	54.872
21.51	21.50	0.007997	54.967
21.51	21.50	0.008013	55.068
21.51	21.50	0.008030	55.171
21.51	21.50	0.008047	55.265
21.51	21.50	0.008063	55.368
21.51	21.50	0.008080	55.469
21.48	21.50	0.008097	55.564
21.48	21.50	0.008113	55.668
21.48	21.50	0.008130	55.768
21.48	21.50	0.008147	55.863
21.48	21.50	0.008163	55.967
21.48	21.50	0.008180	56.067
21.48	21.50	0.008197	56.161
21.48	21.50	0.008213	56.266
21.48	21.50	0.008230	56.365
21.51	21.50	0.008247	56.460
21.51	21.50	0.008263	56.565
21.51	21.50	0.008280	56.664
21.51	21.50	0.008297	56.759
21.51	21.50	0.008313	56.863
21.51	21.50	0.008330	56.958
21.51	21.50	0.008347	57.057
21.51	21.50	0.008363	57.162
21.51	21.50	0.008380	57.257
21.51	21.50	0.008397	57.356
21.51	21.50	0.008413	57.462
21.51	21.50	0.008430	57.555
21.51	21.50	0.008447	57.656
21.51	21.50	0.008463	57.760
21.51	21.50	0.008480	57.855
21.51	21.50	0.008497	57.956
21.51	21.50	0.008513	58.058
21.51	21.50	0.008530	58.156
21.51	21.50	0.008547	58.256
21.51	21.50	0.008563	58.357
21.51	21.50	0.008580	58.456
21.51	21.50	0.008597	58.555
21.48	21.50	0.008613	58.656
21.48	21.50	0.008630	58.755
21.48	21.50	0.008647	58.856
21.48	21.50	0.008663	58.955
21.48	21.50	0.008680	59.056
21.48	21.50	0.008697	59.156
21.48	21.50	0.008713	59.256
21.48	21.50	0.008730	59.356
21.48	21.50	0.008746	59.455
21.48	21.50	0.008763	59.556
21.48	21.50	0.008780	59.656
21.51	21.50	0.008796	59.756
21.51	21.50	0.008813	59.856
21.51	21.50	0.008830	59.955
21.51	21.50	0.008846	00.056
21.51	21.50	0.008863	00.155
21.51	21.50	0.008880	00.256
21.51	21.50	0.008896	00.356
21.51	21.50	0.008913	00.456
21.51	21.50	0.008930	00.556
21.51	21.50	0.008946	00.655
21.51	21.50	0.008963	00.756
21.51	21.50	0.008980	00.855
21.51	21.50	0.008996	00.956
21.51	21.50	0.009013	01.055
21.51	21.50	0.009030	01.156
21.51	21.50	0.009046	01.256
21.51	21.50	0.009063	01.356
21.51	21.50	0.009080	01.456
21.51	21.50	0.009096	01.555
21.51	21.50	0.009113	01.656
21.51	21.50	0.009130	01.755
21.51	21.50	0.009146	01.856
21.48	21.50	0.009163	01.955
21.48	21.50	0.009180	02.056
21.48	21.50	0.009196	02.156
21.48	21.50	0.009213	02.256
21.48	21.50	0.009230	02.356
21.48	21.50	0.009246	02.455
21.48	21.50	0.009263	02.556
21.48	21.50	0.009280	02.655
21.48	21.50	0.009296	02.756
21.51	21.50	0.009313	02.855
21.51	21.50	0.009330	02.956
21.51	21.50	0.009346	03.056
21.51	21.50	0.009363	03.155
21.51	21.50	0.009380	03.256
21.51	21.50	0.009396	03.356
21.51	21.50	0.009413	03.455
21.51	21.50	0.009430	03.556
21.51	21.50	0.009446	03.655
21.51	21.50	0.009463	03.756
21.51	21.50	0.009480	03.855
21.51	21.50	0.009496	03.985
21.51	21.50	0.009513	04.079
21.51	21.50	0.009530	04.184
21.51	21.50	0.009546	04.284
21.51	21.50	0.009563	04.378
21.51	21.50	0.009579	04.483
21.51	21.50	0.009596	04.577
21.48	21.50	0.009613	04.677
21.48	21.50	0.009629	04.781
21.48	21.50	0.009646	04.876
21.48	21.50	0.009663	04.975
21.48	21.50	0.009679	05.080
21.48	21.50	0.009696	05.175
21.48	21.50	0.009713	05.274
21.48	21.50	0.009729	05.379
21.48	21.50	0.009746	05.473
21.48	21.50	0.009763	05.573
21.51	21.50	0.009779	05.677
21.51	21.50	0.009796	05.772
21.51	21.50	0.009813	05.872
21.51	21.50	0.009829	05.976
21.51	21.50	0.009846	06.071
21.51	21.50	0.009863	06.170
21.51	21.50	0.009879	06.275
21.51	21.50	0.009896	06.370
21.51	21.50	0.009913	06.469
21.51	21.50	0.009929	06.574
21.51	21.50	0.009946	06.669
21.51	21.50	0.009963	06.768
21.51	21.50	0.009979	06.873
21.51	21.50	0.009996	06.967
21.51	21.50	0.010013	07.068
21.51	21.50	0.010029	07.171
21.51	21.50	0.010046	07.266
21.51	21.50	0.010063	07.368
21.51	21.50	0.010079	07.470
21.51	21.50	0.010096	07.564
21.51	21.50	0.010113	07.668
21.51	21.50	0.010129	07.770
21.51	21.50	0.010146	07.863
21.48	21.50	0.010163	07.968
21.48	21.50	0.010179	08.067
21.48	21.50	0.010196	08.162
21.48	21.50	0.010213	08.266
21.48	21.50	0.010229	08.366
21.48	21.50	0.010246	08.461
21.48	21.50	0.010263	08.565
21.48	21.50	0.010279	08.665
21.48	21.50	0.010296	08.759
21.48	21.50	0.010313	08.864
21.51	21.50	0.010329	08.965
21.51	21.50	0.010346	09.059
21.51	21.50	0.010363	09.164
21.51	21.50	0.010379	09.258
21.51	21.50	0.010396	09.357
21.51	21.50	0.010412	09.462
21.51	21.50	0.010429	09.556
21.51	21.50	0.010446	09.656
21.51	21.50	0.010462	09.760
21.51	21.50	0.010479	09.856
21.51	21.50	0.010496	09.956
21.51	21.50	0.010512	10.060
21.51	21.50	0.010529	10.156
21.51	21.50	0.010546	10.255
21.51	21.50	0.010562	10.358
21.51	21.50	0.010579	10.457
21.51	21.50	0.010596	10.557
21.51	21.50	0.010612	10.657
21.51	21.50	0.010629	10.756
21.51	21.50	0.010646	10.857
21.51	21.50	0.010662	10.956
21.51	21.50	0.010679	11.057
21.51	21.50	0.010696	11.156
21.48	21.50	0.010712	11.257
21.48	21.50	0.010729	11.357
21.48	21.50	0.010746	11.457
21.48	21.50	0.010762	11.556
21.48	21.50	0.010779	11.657
21.48	21.50	0.010796	11.757
21.48	21.50	0.010812	11.857
21.48	21.50	0.010829	11.957
21.48	21.50	0.010846	12.056
21.48	21.50	0.010862	12.157
21.48	21.50	0.010879	12.256
21.48	21.50	0.010896	12.357
21.51	21.50	0.010912	12.457
21.51	21.50	0.010929	12.557
21.51	21.50	0.010946	12.656
21.51	21.50	0.010962	12.757
21.51	21.50	0.010979	12.856
21.51	21.50	0.010996	12.957
21.51	21.50	0.011012	13.056
21.51	21.50	0.011029	13.157
21.51	21.50	0.011046	13.257
21.51	21.50	0.011062	13.357
21.51	21.50	0.011079	13.456
21.51	21.50	0.011096	13.557
21.51	21.50	0.011112	13.656
21.51	21.50	0.011129	13.757
21.51	21.50	0.011146	13.856
21.51	21.50	0.011162	13.957
21.51	21.50	0.011179	14.057
21.51	21.50	0.011196	14.157
21.51	21.50	0.011212	14.257
21.51	21.50	0.011229	14.356
21.51	21.50	0.011245	14.457
21.48	21.50	0.011262	14.556
21.48	21.50	0.011279	14.657
21.48	21.50	0.011295	14.756
21.48	21.50	0.011312	14.857
21.48	21.50	0.011329	14.957
21.48	21.50	0.011345	15.057
21.48	21.50	0.011362	15.157
21.48	21.50	0.011379	15.256
21.48	21.50	0.011395	15.357
21.51	21.50	0.011412	15.456
21.51	21.50	0.011429	15.557
21.51	21.50	0.011445	15.657
21.51	21.50	0.011462	15.781
21.51	21.50	0.011479	15.886
21.51	21.50	0.011495	15.985
21.51	21.50	0.011512	16.080
21.51	21.50	0.011529	16.185
21.51	21.50	0.011545	16.285
21.51	21.50	0.011562	16.379
21.51	21.50	0.011579	16.484
21.51	21.50	0.011595	16.583
21.51	21.50	0.011612	16.678
21.51	21.50	0.011629	16.783
21.51	21.50	0.011645	16.877
21.51	21.50	0.011662	16.977
21.51	21.50	0.011679	17.081
21.51	21.50	0.011695	17.176
21.51	21.50	0.011712	17.275
21.51	21.50	0.011729	17.380
21.51	21.50	0.011745	17.475
21.51	21.50	0.011762	17.574
21.48	21.50	0.011779	17.679
21.48	21.50	0.011795	17.773
21.48	21.50	0.011812	17.873
21.48	21.50	0.011829	17.977
21.48	21.50	0.011845	18.072
21.48	21.50	0.011862	18.171
21.48	21.50	0.011879	18.276
21.48	21.50	0.011895	18.371
21.48	21.50	0.011912	18.470
21.51	21.50	0.011929	18.575
21.51	21.50	0.011945	18.669
21.51	21.50	0.011962	18.769
21.51	21.50	0.011979	18.873
21.51	21.50	0.011995	18.968
21.51	21.50	0.012012	19.068
21.51	21.50	0.012029	19.172
21.51	21.50	0.012045	19.267
21.51	21.50	0.012062	19.367
21.51	21.50	0.012078	19.471
21.51	21.50	0.012095	19.565
21.51	21.50	0.012112	19.668
21.51	21.50	0.012128	19.769
21.51	21.50	0.012145	19.864
21.51	21.50	0.012162	19.968
21.51	21.50	0.012178	20.068
21.51	21.50	0.012195	20.163
21.51	21.50	0.012212	20.267
21.51	21.50	0.012228	20.368
21.51	21.50	0.012245	20.462
21.51	21.50	0.012262	20.567
21.48	21.50	0.012278	20.667
21.48	21.50	0.012295	20.761
21.48	21.50	0.012312	20.866
21.48	21.50	0.012328	20.965
21.48	21.50	0.012345	21.060
21.48	21.50	0.012362	21.164
21.48	21.50	0.012378	21.264
21.48	21.50	0.012395	21.360
21.48	21.50	0.012412	21.463
21.48	21.50	0.012428	21.562
21.51	21.50	0.012445	21.661
21.51	21.50	0.012462	21.761
21.51	21.50	0.012478	21.863
21.51	21.50	0.012495	21.961
21.51	21.50	0.012512	22.061
21.51	21.50	0.012528	22.163
21.51	21.50	0.012545	22.260
21.51	21.50	0.012562	22.361
21.51	21.50	0.012578	22.463
21.51	21.50	0.012595	22.560
21.51	21.50	0.012612	22.661
21.51	21.50	0.012628	22.762
21.51	21.50	0.012645	22.861
21.51	21.50	0.012662	22.961
21.51	21.50	0.012678	23.063
21.51	21.50	0.012695	23.161
21.51	21.50	0.012712	23.261
21.51	21.50	0.012728	23.363
21.51	21.50	0.012745	23.461
21.51	21.50	0.012762	23.560
21.51	21.50	0.012778	23.662
21.48	21.50	0.012795	23.761
21.48	21.50	0.012812	23.865
21.48	21.50	0.012828	23.966
21.48	21.50	0.012845	24.066
21.48	21.50	0.012862	24.166
21.48	21.50	0.012878	24.265
21.48	21.50	0.012895	24.366
21.48	21.50	0.012911	24.465
21.51	21.50	0.012928	24.566
21.51	21.50	0.012945	24.665
21.51	21.50	0.012961	24.766
21.51	21.50	0.012978	24.866
21.51	21.50	0.012995	24.966
21.51	21.50	0.013011	25.066
21.51	21.50	0.013028	25.165
21.51	21.50	0.013045	25.265
21.51	21.50	0.013061	25.366
21.51	21.50	0.013078	25.465
21.51	21.50	0.013095	25.566
21.51	21.50	0.013111	25.665
21.51	21.50	0.013128	25.766
21.51	21.50	0.013145	25.866
21.51	21.50	0.013161	25.990
21.51	21.50	0.013178	26.090
21.51	21.50	0.013195	26.194
21.48	21.50	0.013211	26.289
21.48	21.50	0.013228	26.388
21.48	21.50	0.013245	26.493
21.48	21.50	0.013261	26.587
21.48	21.50	0.013278	26.687
21.48	21.50	0.013295	26.791
21.48	21.50	0.013311	26.886
21.48	21.50	0.013328	26.987
21.48	21.50	0.013345	27.090
21.48	21.50	0.013361	27.185
21.48	21.50	0.013378	27.287
21.51	21.50	0.013395	27.389
21.51	21.50	0.013411	27.483
21.51	21.50	0.013428	27.587
21.51	21.50	0.013445	27.688
21.51	21.50	0.013461	27.782
21.51	21.50	0.013478	27.887
21.51	21.50	0.013495	27.986
21.51	21.50	0.013511	28.081
21.51	21.50	0.013528	28.185
21.51	21.50	0.013545	28.285
21.51	21.50	0.013561	28.379
21.51	21.50	0.013578	28.485
21.51	21.50	0.013595	28.584
21.51	21.50	0.013611	28.678
21.51	21.50	0.013628	28.783
21.51	21.50	0.013645	28.883
21.51	21.50	0.013661	28.978
21.51	21.50	0.013678	29.082
21.51	21.50	0.013695	29.177
21.51	21.50	0.013711	29.276
21.51	21.50	0.013728	29.381
21.51	21.50	0.013744	29.475
21.51	21.50	0.013761	29.575
21.51	21.50	0.013778	29.680
21.48	21.50	0.013794	29.774
21.48	21.50	0.013811	29.874
21.48	21.50	0.013828	29.978
21.48	21.50	0.013844	30.073
21.48	21.50	0.013861	30.172
21.48	21.50	0.013878	30.277
21.48	21.50	0.013894	30.371
21.48	21.50	0.013911	30.471
21.48	21.50	0.013928	30.576
21.48	21.50	0.013944	30.670
21.51	21.50	0.013961	30.770
21.51	21.50	0.013978	30.874
21.51	21.50	0.013994	30.969
21.51	21.50	0.014011	31.068
21.51	21.50	0.014028	31.173
21.51	21.50	0.014044	31.268
21.51	21.50	0.014061	31.367
21.51	21.50	0.014078	31.472
21.51	21.50	0.014094	31.566
21.51	21.50	0.014111	31.667
21.51	21.50	0.014128	31.770
21.51	21.50	0.014144	31.867
21.51	21.50	0.014161	31.966
21.51	21.50	0.014178	32.069
21.51	21.50	0.014194	32.167
21.51	21.50	0.014211	32.267
21.51	21.50	0.014228	32.369
21.51	21.50	0.014244	32.466
21.51	21.50	0.014261	32.567
21.51	21.50	0.014278	32.667
21.51	21.50	0.014294	32.767
21.51	21.50	0.014311	32.868
21.51	21.50	0.014328	32.969
21.51	21.50	0.014344	33.069
21.51	21.50	0.014361	33.169
21.51	21.50	0.014378	33.269
21.48	21.50	0.014394	33.369
21.48	21.50	0.014411	33.469
21.48	21.50	0.014428	33.571
21.48	21.50	0.014444	33.671
21.48	21.50	0.014461	33.770
21.48	21.50	0.014478	33.871
21.48	21.50	0.014494	33.970
21.48	21.50	0.014511	34.071
21.48	21.50	0.014528	34.170
21.48	21.50	0.014544	34.271
21.51	21.50	0.014561	34.371
21.51	21.50	0.014577	34.471
21.51	21.50	0.014594	34.571
21.51	21.50	0.014611	34.670
21.51	21.50	0.014627	34.771
21.51	21.50	0.014644	34.870
21.51	21.50	0.014661	34.971
21.51	21.50	0.014677	35.071
21.51	21.50	0.014694	35.171
21.51	21.50	0.014711	35.271
21.51	21.50	0.014727	35.370
21.51	21.50	0.014744	35.471
21.51	21.50	0.014761	35.570
21.51	21.50	0.014777	35.671
21.51	21.50	0.014794	35.770
21.51	21.50	0.014811	35.871
21.51	21.50	0.014827	35.971
21.51	21.50	0.014844	36.071
21.51	21.50	0.014861	36.171
21.51	21.50	0.014877	36.270
21.48	21.50	0.014894	36.371
21.48	21.50	0.014911	36.470
21.48	21.50	0.014927	36.571
21.48	21.50	0.014944	36.670
21.48	21.50	0.014961	36.795
21.48	21.50	0.014977	36.894
21.48	21.50	0.014994	36.999
21.48	21.50	0.015011	37.094
21.48	21.50	0.015027	37.193
21.51	21.50	0.015044	37.299
21.51	21.50	0.015061	37.393
21.51	21.50	0.015077	37.493
21.51	21.50	0.015094	37.597
21.51	21.50	0.015111	37.692
21.51	21.50	0.015127	37.792
21.51	21.50	0.015144	37.896
21.51	21.50	0.015161	37.991
21.51	21.50	0.015177	38.090
21.51	21.50	0.015194	38.195
21.51	21.50	0.015211	38.289
21.51	21.50	0.015227	38.389
21.51	21.50	0.015244	38.493
21.51	21.50	0.015261	38.588
21.51	21.50	0.015277	38.688
21.51	21.50	0.015294	38.792
21.51	21.50	0.015311	38.887
21.51	21.50	0.015327	38.986
21.48	21.50	0.015344	39.091
21.48	21.50	0.015361	39.185
21.48	21.50	0.015377	39.286
21.48	21.50	0.015394	39.389
21.48	21.50	0.015410	39.484
21.48	21.50	0.015427	39.586
21.48	21.50	0.015444	39.688
21.48	21.50	0.015460	39.783
21.48	21.50	0.015477	39.886
21.48	21.50	0.015494	39.987
21.48	21.50	0.015510	40.081
21.51	21.50	0.015527	40.186
21.51	21.50	0.015544	40.286
21.51	21.50	0.015560	40.380
21.51	21.50	0.015577	40.485
21.51	21.50	0.015594	40.584
21.51	21.50	0.015610	40.680
21.51	21.50	0.015627	40.784
21.51	21.50	0.015644	40.884
21.51	21.50	0.015660	40.978
21.51	21.50	0.015677	41.083
21.51	21.50	0.015694	41.183
21.51	21.50	0.015710	41.277
21.51	21.50	0.015727	41.382
21.51	21.50	0.015744	41.476
21.51	21.50	0.015760	41.576
21.51	21.50	0.015777	41.680
21.51	21.50	0.015794	41.775
21.51	21.50	0.015810	41.875
21.51	21.50	0.015827	41.979
21.51	21.50	0.015844	42.073
21.51	21.50	0.015860	42.173
21.51	21.50	0.015877	42.278
21.48	21.50	0.015894	42.373
21.48	21.50	0.015910	42.472
21.48	21.50	0.015927	42.577
21.48	21.50	0.015944	42.672
21.48	21.50	0.015960	42.773
21.48	21.50	0.015977	42.875
21.48	21.50	0.015994	42.973
21.48	21.50	0.016010	43.073
21.48	21.50	0.016027	43.174
21.48	21.50	0.016044	43.273
21.51	21.50	0.016060	43.372
21.51	21.50	0.016077	43.473
21.51	21.50	0.016094	43.572
21.51	21.50	0.016110	43.673
21.51	21.50	0.016127	43.772
21.51	21.50	0.016144	43.873
21.51	21.50	0.016160	43.973
21.51	21.50	0.016177	44.073
21.51	21.50	0.016194	44.173
21.51	21.50	0.016210	44.274
21.51	21.50	0.016227	44.373
21.51	21.50	0.016244	44.474
21.51	21.50	0.016260	44.573
21.51	21.50	0.016277	44.674
21.51	21.50	0.016293	44.774
21.51	21.50	0.016310	44.874
21.51	21.50	0.016327	44.974
21.51	21.50	0.016343	45.073
21.51	21.50	0.016360	45.174
21.51	21.50	0.016377	45.273
21.51	21.50	0.016393	45.374
21.51	21.50	0.016410	45.473
21.51	21.50	0.016427	45.574
21.48	21.50	0.016443	45.674
21.48	21.50	0.016460	45.774
21.48	21.50	0.016477	45.874
21.48	21.50	0.016493	45.973
21.48	21.50	0.016510	46.073
21.48	21.50	0.016527	46.173
21.48	21.50	0.016543	46.274
21.48	21.50	0.016560	46.374
21.48	21.50	0.016577	46.474
21.48	21.50	0.016593	46.574
21.48	21.50	0.016610	46.673
21.48	21.50	0.016627	46.774
21.51	21.50	0.016643	46.873
21.51	21.50	0.016660	46.974
21.51	21.50	0.016677	47.073
21.51	21.50	0.016693	47.174
21.51	21.50	0.016710	47.274
21.51	21.50	0.016727	47.374
21.51	21.50	0.016743	47.474
21.51	21.50	0.016760	47.573
21.51	21.50	0.016777	47.674
21.51	21.50	0.016793	47.773
21.51	21.50	0.016810	47.873
21.51	21.50	0.016827	47.974
21.51	21.50	0.016843	48.073
21.51	21.50	0.016860	48.173
21.51	21.50	0.016877	48.272
21.51	21.50	0.016893	48.403
21.51	21.50	0.016910	48.502
21.51	21.50	0.016927	48.597
21.51	21.50	0.016943	48.702
21.51	21.50	0.016960	48.801
21.48	21.50	0.016977	48.896
21.48	21.50	0.016993	49.000
21.48	21.50	0.017010	49.094
21.48	21.50	0.017027	49.194
21.48	21.50	0.017043	49.298
21.48	21.50	0.017060	49.393
21.48	21.50	0.017077	49.494
21.48	21.50	0.017093	49.598
21.48	21.50	0.017110	49.693
21.48	21.50	0.017126	49.792
21.48	21.50	0.017143	49.897
21.51	21.50	0.017160	49.991
21.51	21.50	0.017176	50.091
21.51	21.50	0.017193	50.196
21.51	21.50	0.017210	50.290
21.51	21.50	0.017226	50.390
21.51	21.50	0.017243	50.495
21.51	21.50	0.017260	50.589
21.51	21.50	0.017276	50.689
21.51	21.50	0.017293	50.793
21.51	21.50	0.017310	50.888
21.51	21.50	0.017326	50.987
21.51	21.50	0.017343	51.092
21.51	21.50	0.017360	51.187
21.51	21.50	0.017376	51.286
21.51	21.50	0.017393	51.391
21.51	21.50	0.017410	51.485
21.51	21.50	0.017426	51.585
21.51	21.50	0.017443	51.689
21.51	21.50	0.017460	51.784
21.51	21.50	0.017476	51.884
21.51	21.50	0.017493	51.988
21.48	21.50	0.017510	52.083
21.48	21.50	0.017526	52.185
21.48	21.50	0.017543	52.287
21.48	21.50	0.017560	52.381
21.48	21.50	0.017576	52.485
21.48	21.50	0.017593	52.585
21.48	21.50	0.017610	52.680
21.48	21.50	0.017626	52.785
21.48	21.50	0.017643	52.884
21.51	21.50	0.017660	52.979
21.51	21.50	0.017676	53.083
21.51	21.50	0.017693	53.183
21.51	21.50	0.017710	53.277
21.51	21.50	0.017726	53.382
21.51	21.50	0.017743	53.482
21.51	21.50	0.017760	53.576
21.51	21.50	0.017776	53.681
21.51	21.50	0.017793	53.780
21.51	21.50	0.017810	53.875
21.51	21.50	0.017826	53.979
21.51	21.50	0.017843	54.075
21.51	21.50	0.017860	54.174
21.51	21.50	0.017876	54.279
21.51	21.50	0.017893	54.373
21.51	21.50	0.017910	54.475
21.51	21.50	0.017926	54.577
21.51	21.50	0.017943	54.675
21.51	21.50	0.017959	54.774
21.51	21.50	0.017976	54.876
21.51	21.50	0.017993	54.975
21.51	21.50	0.018009	55.075
21.51	21.50	0.018026	55.175
21.51	21.50	0.018043	55.274
21.51	21.50	0.018059	55.375
21.48	21.50	0.018076	55.474
21.48	21.50	0.018093	55.575
21.48	21.50	0.018109	55.675
21.48	21.50	0.018126	55.775
21.48	21.50	0.018143	55.875
21.48	21.50	0.018159	55.974
21.48	21.50	0.018176	56.075
21.48	21.50	0.018193	56.174
21.48	21.50	0.018209	56.275
21.48	21.50	0.018226	56.374
21.48	21.50	0.018243	56.475
21.51	21.50	0.018259	56.575
21.51	21.50	0.018276	56.675
21.51	21.50	0.018293	56.775
21.51	21.50	0.018309	56.874
21.51	21.50	0.018326	56.975
21.51	21.50	0.018343	57.074
21.51	21.50	0.018359	57.175
21.51	21.50	0.018376	57.274
21.51	21.50	0.018393	57.375
21.51	21.50	0.018409	57.474
21.51	21.50	0.018426	57.575
21.51	21.50	0.018443	57.674
21.51	21.50	0.018459	57.775
21.51	21.50	0.018476	57.875
21.51	21.50	0.018493	57.974
21.51	21.50	0.018509	58.075
21.51	21.50	0.018526	58.174
21.51	21.50	0.018543	58.275
21.51	21.50	0.018559	58.374
21.51	21.50	0.018576	58.475
21.48	21.50	0.018593	58.574
21.48	21.50	0.018609	58.675
21.48	21.50	0.018626	58.774
21.48	21.50	0.018643	58.875
21.48	21.50	0.018659	58.974
21.48	21.50	0.018676	59.075
21.48	21.50	0.018693	59.175
21.48	21.50	0.018709	59.275
21.48	21.50	0.018726	59.374
21.48	21.50	0.018743	59.475
21.51	21.50	0.018759	59.574
21.51	21.50	0.018776	59.675
21.51	21.50	0.018792	59.774
21.51	21.50	0.018809	59.875
21.51	21.50	0.018826	59.975
21.51	21.50	0.018842	00.079
21.51	21.50	0.018859	00.174
21.51	21.50	0.018876	00.274
21.51	21.50	0.018892	00.404
21.51	21.50	0.018909	00.503
21.51	21.50	0.018926	00.598
21.51	21.50	0.018942	00.702
21.51	21.50	0.018959	00.802
21.51	21.50	0.018976	00.897
21.51	21.50	0.018992	01.001
21.51	21.50	0.019009	01.101
21.51	21.50	0.019026	01.195
21.51	21.50	0.019042	01.300
21.51	21.50	0.019059	01.399
21.51	21.50	0.019076	01.494
21.51	21.50	0.019092	01.599
21.48	21.50	0.019109	01.693
21.48	21.50	0.019126	01.792
21.48	21.50	0.019142	01.897
21.48	21.50	0.019159	01.992
21.48	21.50	0.019176	02.091
21.48	21.50	0.019192	02.196
21.48	21.50	0.019209	02.290
21.48	21.50	0.019226	02.391
21.48	21.50	0.019242	02.495
21.51	21.50	0.019259	02.590
21.51	21.50	0.019276	02.689
21.51	21.50	0.019292	02.794
21.51	21.50	0.019309	02.889
21.51	21.50	0.019326	02.988
21.51	21.50	0.019342	03.093
21.51	21.50	0.019359	03.187
21.51	21.50	0.019376	03.287
21.51	21.50	0.019392	03.391
21.51	21.50	0.019409	03.486
21.51	21.50	0.019426	03.585
21.51	21.50	0.019442	03.690
21.51	21.50	0.019459	03.785
21.51	21.50	0.019476	03.884
21.51	21.50	0.019492	03.989
21.51	21.50	0.019509	04.083
21.51	21.50	0.019526	04.184
21.51	21.50	0.019542	04.287
21.51	21.50	0.019559	04.382
21.48	21.50	0.019576	04.484
21.48	21.50	0.019592	04.586
21.48	21.50	0.019609	04.681
21.48	21.50	0.019625	04.783
21.48	21.50	0.019642	04.885
21.48	21.50	0.019659	04.979
21.48	21.50	0.019675	05.084
21.48	21.50	0.019692	05.184
21.48	21.50	0.019709	05.278
21.48	21.50	0.019725	05.383
21.48	21.50	0.019742	05.482
21.48	21.50	0.019759	05.577
21.51	21.50	0.019775	05.682
21.51	21.50	0.019792	05.782
21.51	21.50	0.019809	05.877
21.51	21.50	0.019825	05.981
21.51	21.50	0.019842	06.081
21.51	21.50	0.019859	06.175
21.51	21.50	0.019875	06.280
21.51	21.50	0.019892	06.374
21.51	21.50	0.019909	06.475
21.51	21.50	0.019925	06.578
21.51	21.50	0.019942	06.679
21.51	21.50	0.019959	06.776
21.51	21.50	0.019975	06.877
21.51	21.50	0.019992	06.980
21.51	21.50	0.020009	07.075
21.51	21.50	0.020025	07.176
21.51	21.50	0.020042	07.279
21.51	21.50	0.020059	07.376
21.51	21.50	0.020075	07.475
21.51	21.50	0.020092	07.579
21.51	21.50	0.020109	07.676
21.51	21.50	0.020125	07.776
21.51	21.50	0.020142	07.879
21.51	21.50	0.020159	07.975
21.48	21.50	0.020175	08.076
21.48	21.50	0.020192	08.179
21.48	21.50	0.020209	08.275
21.48	21.50	0.020225	08.376
21.48	21.50	0.020242	08.479
21.48	21.50	0.020259	08.577
21.48	21.50	0.020275	08.676
21.48	21.50	0.020292	08.779
21.48	21.50	0.020309	08.877
21.48	21.50	0.020325	08.976
21.51	21.50	0.020342	09.079
21.51	21.50	0.020359	09.176
21.51	21.50	0.020375	09.277
21.51	21.50	0.020392	09.379
21.51	21.50	0.020409	09.477
21.51	21.50	0.020425	09.577
21.51	21.50	0.020442	09.679
21.51	21.50	0.020458	09.777
21.51	21.50	0.020475	09.876
21.51	21.50	0.020492	09.979
21.51	21.50	0.020508	10.076
21.51	21.50	0.020525	10.177
21.51	21.50	0.020542	10.279
21.51	21.50	0.020558	10.377
21.51	21.50	0.020575	10.476
21.51	21.50	0.020592	10.579
21.51	21.50	0.020608	10.677
21.51	21.50	0.020625	10.777
21.51	21.50	0.020642	10.879
21.51	21.50	0.020658	10.977
21.51	21.50	0.020675	11.077
21.48	21.50	0.020692	11.179
21.48	21.50	0.020708	11.276
21.48	21.50	0.020725	11.377
21.48	21.50	0.020742	11.479
21.48	21.50	0.020758	11.577
21.48	21.50	0.020775	11.677
21.48	21.50	0.020792	11.779
21.48	21.50	0.020808	11.876
21.48	21.50	0.020825	11.976
21.48	21.50	0.020842	12.079
21.51	21.50	0.020858	12.205
21.51	21.50	0.020875	12.300
21.51	21.50	0.020892	12.378
21.51	21.50	0.020908	12.504
21.51	21.50	0.020925	12.598
21.51	21.50	0.020942	12.703
21.51	21.50	0.020958	12.803
21.51	21.50	0.020975	12.897
21.51	21.50	0.020992	13.002
21.51	21.50	0.021008	13.101
21.51	21.50	0.021025	13.196
21.51	21.50	0.021042	13.300
21.51	21.50	0.021058	13.400
21.51	21.50	0.021075	13.495
21.51	21.50	0.021092	13.600
21.51	21.50	0.021108	13.700
21.51	21.50	0.021125	13.794
21.51	21.50	0.021142	13.899
21.51	21.50	0.021158	13.993
21.51	21.50	0.021175	14.093
21.51	21.50	0.021192	14.197
21.51	21.50	0.021208	14.292
21.48	21.50	0.021225	14.391
21.48	21.50	0.021242	14.496
21.48	21.50	0.021258	14.591
21.48	21.50	0.021275	14.690
21.48	21.50	0.021291	14.795
21.48	21.50	0.021308	14.889
21.48	21.50	0.021325	14.989
21.48	21.50	0.021341	15.093
21.48	21.50	0.021358	15.188
21.48	21.50	0.021375	15.288
21.48	21.50	0.021391	15.392
21.51	21.50	0.021408	15.487
21.51	21.50	0.021425	15.586
21.51	21.50	0.021441	15.691
21.51	21.50	0.021458	15.785
21.51	21.50	0.021475	15.885
21.51	21.50	0.021491	15.989
21.51	21.50	0.021508	16.084
21.51	21.50	0.021525	16.184
21.51	21.50	0.021541	16.288
21.51	21.50	0.021558	16.383
21.51	21.50	0.021575	16.483
21.51	21.50	0.021591	16.588
21.51	21.50	0.021608	16.681
21.51	21.50	0.021625	16.783
21.51	21.50	0.021641	16.886
21.51	21.50	0.021658	16.980
21.51	21.50	0.021675	17.083
21.51	21.50	0.021691	17.185
21.51	21.50	0.021708	17.280
21.51	21.50	0.021725	17.383
21.51	21.50	0.021741	17.484
21.51	21.50	0.021758	17.578
21.51	21.50	0.021775	17.683
21.51	21.50	0.021791	17.782
21.51	21.50	0.021808	17.877
21.48	21.50	0.021825	17.982
21.48	21.50	0.021841	18.081
21.48	21.50	0.021858	18.177
21.48	21.50	0.021875	18.280
21.48	21.50	0.021891	18.379
21.48	21.50	0.021908	18.477
21.48	21.50	0.021925	18.579
21.48	21.50	0.021941	18.678
21.48	21.50	0.021958	18.777
21.48	21.50	0.021975	18.877
21.48	21.50	0.021991	18.978
21.48	21.50	0.022008	19.076
21.51	21.50	0.022025	19.176
21.51	21.50	0.022041	19.278
21.51	21.50	0.022058	19.377
21.51	21.50	0.022075	19.476
21.51	21.50	0.022091	19.578
21.51	21.50	0.022108	19.676
21.51	21.50	0.022124	19.777
21.51	21.50	0.022141	19.878
21.51	21.50	0.022158	19.977
21.51	21.50	0.022174	20.077
21.51	21.50	0.022191	20.178
21.51	21.50	0.022208	20.277
21.51	21.50	0.022224	20.376
21.51	21.50	0.022241	20.478
21.51	21.50	0.022258	20.577
21.51	21.50	0.022274	20.678
21.51	21.50	0.022291	20.778
21.51	21.50	0.022308	20.878
21.51	21.50	0.022324	20.978
21.51	21.50	0.022341	21.078
21.51	21.50	0.022358	21.178
21.51	21.50	0.022374	21.277
21.48	21.50	0.022391	21.378
21.48	21.50	0.022408	21.478
21.48	21.50	0.022424	21.578
21.48	21.50	0.022441	21.678
21.48	21.50	0.022458	21.777
21.48	21.50	0.022474	21.878
21.48	21.50	0.022491	21.978
21.48	21.50	0.022508	22.078
21.48	21.50	0.022524	22.178
21.48	21.50	0.022541	22.278
21.51	21.50	0.022558	22.378
21.51	21.50	0.022574	22.477
21.51	21.50	0.022591	22.578
21.51	21.50	0.022608	22.677
21.51	21.50	0.022624	22.778
21.51	21.50	0.022641	22.878
21.51	21.50	0.022658	22.978
21.51	21.50	0.022674	23.078
21.51	21.50	0.022691	23.178
21.51	21.50	0.022708	23.278
21.51	21.50	0.022724	23.377
21.51	21.50	0.022741	23.478
21.51	21.50	0.022758	23.577
21.51	21.50	0.022774	23.678
21.51	21.50	0.022791	23.778
21.51	21.50	0.022808	23.908
21.51	21.50	0.022824	23.977
21.51	21.50	0.022841	24.078
21.51	21.50	0.022858	24.206
21.51	21.50	0.022874	24.301
21.51	21.50	0.022891	24.378
21.51	21.50	0.022908	24.505
21.51	21.50	0.022924	24.600
21.48	21.50	0.022941	24.678
21.48	21.50	0.022957	24.804
21.48	21.50	0.022974	24.898
21.48	21.50	0.022991	24.978
21.48	21.50	0.023007	25.102
21.48	21.50	0.023024	25.197
21.48	21.50	0.023041	25.301
21.48	21.50	0.023057	25.401
21.48	21.50	0.023074	25.495
21.48	21.50	0.023091	25.600
21.51	21.50	0.023107	25.700
21.51	21.50	0.023124	25.795
21.51	21.50	0.023141	25.900
21.51	21.50	0.023157	25.999
21.51	21.50	0.023174	26.094
21.51	21.50	0.023191	26.198
21.51	21.50	0.023207	26.293
21.51	21.50	0.023224	26.392
21.51	21.50	0.023241	26.497
21.51	21.50	0.023257	26.592
21.51	21.50	0.023274	26.691
21.51	21.50	0.023291	26.796
21.51	21.50	0.023307	26.890
21.51	21.50	0.023324	26.990
21.51	21.50	0.023341	27.094
21.51	21.50	0.023357	27.189
21.51	21.50	0.023374	27.288
21.51	21.50	0.023391	27.393
21.51	21.50	0.023407	27.488
21.51	21.50	0.023424	27.587
21.51	21.50	0.023441	27.692
21.48	21.50	0.023457	27.786
21.48	21.50	0.023474	27.886
21.48	21.50	0.023491	27.990
21.48	21.50	0.023507	28.085
21.48	21.50	0.023524	28.185
21.48	21.50	0.023541	28.289
21.48	21.50	0.023557	28.384
21.48	21.50	0.023574	28.483
21.48	21.50	0.023591	28.588
21.51	21.50	0.023607	28.682
21.51	21.50	0.023624	28.782
21.51	21.50	0.023641	28.886
21.51	21.50	0.023657	28.981
21.51	21.50	0.023674	29.082
21.51	21.50	0.023691	29.186
21.51	21.50	0.023707	29.280
21.51	21.50	0.023724	29.382
21.51	21.50	0.023741	29.484
21.51	21.50	0.023757	29.580
21.51	21.50	0.023774	29.682
21.51	21.50	0.023790	29.783
21.51	21.50	0.023807	29.880
21.51	21.50	0.023824	29.982
21.51	21.50	0.023840	30.082
21.51	21.50	0.023857	30.180
21.51	21.50	0.023874	30.282
21.51	21.50	0.023890	30.381
21.51	21.50	0.023907	30.480
21.51	21.50	0.023924	30.580
21.48	21.50	0.023940	30.680
21.48	21.50	0.023957	30.779
21.48	21.50	0.023974	30.880
21.48	21.50	0.023990	30.979
21.48	21.50	0.024007	31.080
21.48	21.50	0.024024	31.180
21.48	21.50	0.024040	31.280
21.48	21.50	0.024057	31.379
21.48	21.50	0.024074	31.480
21.48	21.50	0.024090	31.580
21.48	21.50	0.024107	31.680
21.48	21.50	0.024124	31.779
21.51	21.50	0.024140	31.880
21.51	21.50	0.024157	31.980
21.51	21.50	0.024174	32.081
21.51	21.50	0.024190	32.180
21.51	21.50	0.024207	32.281
21.51	21.50	0.024224	32.381
21.51	21.50	0.024240	32.481
21.51	21.50	0.024257	32.581
21.51	21.50	0.024274	32.680
21.51	21.50	0.024290	32.781
21.51	21.50	0.024307	32.880
21.51	21.50	0.024324	32.981
21.51	21.50	0.024340	33.080
21.51	21.50	0.024357	33.181
21.51	21.50	0.024374	33.281
21.51	21.50	0.024390	33.380
21.51	21.50	0.024407	33.481
21.51	21.50	0.024424	33.580
21.51	21.50	0.024440	33.681
21.51	21.50	0.024457	33.781
21.51	21.50	0.024474	33.880
21.51	21.50	0.024490	33.981
21.51	21.50	0.024507	34.080
21.51	21.50	0.024524	34.181
21.51	21.50	0.024540	34.280
21.48	21.50	0.024557	34.381
21.48	21.50	0.024574	34.481
21.48	21.50	0.024590	34.581
21.48	21.50	0.024607	34.681
21.48	21.50	0.024623	34.781
21.48	21.50	0.024640	34.881
21.48	21.50	0.024657	34.981
21.48	21.50	0.024673	35.080
21.48	21.50	0.024690	35.181
21.48	21.50	0.024707	35.280
21.48	21.50	0.024723	35.405
21.51	21.50	0.024740	35.505
21.51	21.50	0.024757	35.610
21.51	21.50	0.024773	35.705
21.51	21.50	0.024790	35.804
21.51	21.50	0.024807	35.909
21.51	21.50	0.024823	36.003
21.51	21.50	0.024840	36.103
21.51	21.50	0.024857	36.207
21.51	21.50	0.024873	36.302
21.51	21.50	0.024890	36.401
21.51	21.50	0.024907	36.506
21.51	21.50	0.024923	36.600
21.51	21.50	0.024940	36.702
21.51	21.50	0.024957	36.804
21.51	21.50	0.024973	36.899
21.51	21.50	0.024990	37.001
21.51	21.50	0.025007	37.104
21.51	21.50	0.025023	37.198
21.51	21.50	0.025040	37.302
21.51	21.50	0.025057	37.402
21.51	21.50	0.025073	37.496
21.51	21.50	0.025090	37.601
21.48	21.50	0.025107	37.701
21.48	21.50	0.025123	37.795
21.48	21.50	0.025140	37.900
21.48	21.50	0.025157	37.999
21.48	21.50	0.025173	38.094
21.48	21.50	0.025190	38.199
21.48	21.50	0.025207	38.298
21.48	21.50	0.025223	38.393
21.48	21.50	0.025240	38.498
21.48	21.50	0.025257	38.597
21.51	21.50	0.025273	38.691
21.51	21.50	0.025290	38.796
21.51	21.50	0.025307	38.891
21.51	21.50	0.025323	38.991
21.51	21.50	0.025340	39.095
21.51	21.50	0.025357	39.190
21.51	21.50	0.025373	39.289
21.51	21.50	0.025390	39.394
21.51	21.50	0.025407	39.488
21.51	21.50	0.025423	39.588
21.51	21.50	0.025440	39.693
21.51	21.50	0.025456	39.787
21.51	21.50	0.025473	39.887
21.51	21.50	0.025490	39.991
21.51	21.50	0.025506	40.086
21.51	21.50	0.025523	40.186
21.51	21.50	0.025540	40.290
21.51	21.50	0.025556	40.385
21.51	21.50	0.025573	40.484
21.51	21.50	0.025590	40.589
21.51	21.50	0.025606	40.684
21.51	21.50	0.025623	40.783
21.51	21.50	0.025640	40.888
21.48	21.50	0.025656	40.982
21.48	21.50	0.025673	41.082
21.48	21.50	0.025690	41.186
21.48	21.50	0.025706	41.281
21.48	21.50	0.025723	41.382
21.48	21.50	0.025740	41.485
21.48	21.50	0.025756	41.581
21.48	21.50	0.025773	41.681
21.48	21.50	0.025790	41.784
21.48	21.50	0.025806	41.880
21.48	21.50	0.025823	41.981
21.51	21.50	0.025840	42.082
21.51	21.50	0.025856	42.181
21.51	21.50	0.025873	42.281
21.51	21.50	0.025890	42.381
21.51	21.50	0.025906	42.481
21.51	21.50	0.025923	42.580
21.51	21.50	0.025940	42.681
21.51	21.50	0.025956	42.780
21.51	21.50	0.025973	42.880
21.51	21.50	0.025990	42.981
21.51	21.50	0.026006	43.081
21.51	21.50	0.026023	43.181
21.51	21.50	0.026040	43.281
21.51	21.50	0.026056	43.380
21.51	21.50	0.026073	43.481
21.51	21.50	0.026090	43.580
21.51	21.50	0.026106	43.681
21.51	21.50	0.026123	43.781
21.51	21.50	0.026140	43.881
21.51	21.50	0.026156	43.981
21.51	21.50	0.026173	44.080
21.51	21.50	0.026190	44.181
21.51	21.50	0.026206	44.280
21.48	21.50	0.026223	44.381
21.48	21.50	0.026240	44.480
21.48	21.50	0.026256	44.581
21.48	21.50	0.026273	44.681
21.48	21.50	0.026289	44.781
21.48	21.50	0.026306	44.881
21.48	21.50	0.026323	44.980
21.48	21.50	0.026339	45.082
21.48	21.50	0.026356	45.181
21.48	21.50	0.026373	45.282
21.51	21.50	0.026389	45.381
21.51	21.50	0.026406	45.482
21.51	21.50	0.026423	45.582
21.51	21.50	0.026439	45.682
21.51	21.50	0.026456	45.782
21.51	21.50	0.026473	45.881
21.51	21.50	0.026489	45.982
21.51	21.50	0.026506	46.081
21.51	21.50	0.026523	46.182
21.51	21.50	0.026539	46.281
21.51	21.50	0.026556	46.382
21.51	21.50	0.026573	46.482
21.51	21.50	0.026589	46.581
21.51	21.50	0.026606	46.682
21.51	21.50	0.026623	46.781
21.51	21.50	0.026639	46.882
21.51	21.50	0.026656	46.981
21.51	21.50	0.026673	47.082
21.51	21.50	0.026689	47.182
21.51	21.50	0.026706	47.282
21.51	21.50	0.026723	47.382
21.51	21.50	0.026739	47.506
21.51	21.50	0.026756	47.611
21.51	21.50	0.026773	47.705
21.48	21.50	0.026789	47.805
21.48	21.50	0.026806	47.909
21.48	21.50	0.026823	48.004
21.48	21.50	0.026839	48.103
21.48	21.50	0.026856	48.208
21.48	21.50	0.026873	48.303
21.48	21.50	0.026889	48.402
21.48	21.50	0.026906	48.507
21.48	21.50	0.026923	48.601
21.51	21.50	0.026939	48.701
21.51	21.50	0.026956	48.805
21.51	21.50	0.026973	48.900
21.51	21.50	0.026989	49.001
21.51	21.50	0.027006	49.104
21.51	21.50	0.027023	49.199
21.51	21.50	0.027039	49.300
21.51	21.50	0.027056	49.403
21.51	21.50	0.027073	49.497
21.51	21.50	0.027089	49.601
21.51	21.50	0.027106	49.702
21.51	21.50	0.027122	49.797
21.51	21.50	0.027139	49.900
21.51	21.50	0.027156	50.001
21.51	21.50	0.027172	50.095
21.51	21.50	0.027189	50.200
21.51	21.50	0.027206	50.299
21.51	21.50	0.027222	50.394
21.51	21.50	0.027239	50.499
21.51	21.50	0.027256	50.598
21.48	21.50	0.027272	50.693
21.48	21.50	0.027289	50.797
21.48	21.50	0.027306	50.896
21.48	21.50	0.027322	50.991
21.48	21.50	0.027339	51.096
21.48	21.50	0.027356	51.191
21.48	21.50	0.027372	51.290
21.48	21.50	0.027389	51.395
21.48	21.50	0.027406	51.490
21.48	21.50	0.027422	51.589
21.48	21.50	0.027439	51.693
21.51	21.50	0.027456	51.788
21.51	21.50	0.027472	51.887
21.51	21.50	0.027489	51.993
21.51	21.50	0.027506	52.086
21.51	21.50	0.027522	52.186
21.51	21.50	0.027539	52.292
21.51	21.50	0.027556	52.386
21.51	21.50	0.027572	52.486
21.51	21.50	0.027589	52.590
21.51	21.50	0.027606	52.684
21.51	21.50	0.027622	52.784
21.51	21.50	0.027639	52.889
21.51	21.50	0.027656	52.983
21.51	21.50	0.027672	53.082
21.51	21.50	0.027689	53.188
21.51	21.50	0.027706	53.282
21.51	21.50	0.027722	53.383
21.51	21.50	0.027739	53.487
21.51	21.50	0.027756	53.583
21.51	21.50	0.027772	53.683
21.51	21.50	0.027789	53.785
21.51	21.50	0.027806	53.883
21.48	21.50	0.027822	53.983
21.48	21.50	0.027839	54.084
21.48	21.50	0.027856	54.182
21.48	21.50	0.027872	54.283
21.48	21.50	0.027889	54.382
21.48	21.50	0.027906	54.483
21.48	21.50	0.027922	54.582
21.48	21.50	0.027939	54.683
21.48	21.50	0.027955	54.783
21.48	21.50	0.027972	54.882
21.48	21.50	0.027989	54.983
21.51	21.50	0.028005	55.082
21.51	21.50	0.028022	55.183
21.51	21.50	0.028039	55.282
21.51	21.50	0.028055	55.383
21.51	21.50	0.028072	55.483
21.51	21.50	0.028089	55.583
21.51	21.50	0.028105	55.683
21.51	21.50	0.028122	55.782
21.51	21.50	0.028139	55.883
21.51	21.50	0.028155	55.982
21.51	21.50	0.028172	56.083
21.51	21.50	0.028189	56.182
21.51	21.50	0.028205	56.284
21.51	21.50	0.028222	56.384
21.51	21.50	0.028239	56.484
21.51	21.50	0.028255	56.584
21.51	21.50	0.028272	56.683
21.51	21.50	0.028289	56.784
21.51	21.50	0.028305	56.883
21.51	21.50	0.028322	56.984
21.51	21.50	0.028339	57.083
21.51	21.50	0.028355	57.184
21.51	21.50	0.028372	57.284
21.51	21.50	0.028389	57.384
21.48	21.50	0.028405	57.484
21.48	21.50	0.028422	57.583
21.48	21.50	0.028439	57.684
21.48	21.50	0.028455	57.784
21.48	21.50	0.028472	57.883
21.48	21.50	0.028489	57.984
21.48	21.50	0.028505	58.084
21.48	21.50	0.028522	58.184
21.48	21.50	0.028539	58.284
21.48	21.50	0.028555	58.383
21.51	21.50	0.028572	58.484
21.51	21.50	0.028589	58.583
21.51	21.50	0.028605	58.684
21.51	21.50	0.028622	58.784
21.51	21.50	0.028639	58.884
21.51	21.50	0.028655	58.984
21.51	21.50	0.028672	59.083
21.51	21.50	0.028689	59.207
21.51	21.50	0.028705	59.313
21.51	21.50	0.028722	59.408
21.51	21.50	0.028739	59.507
21.51	21.50	0.028755	59.612
21.51	21.50	0.028772	59.706
21.51	21.50	0.028788	59.806
21.51	21.50	0.028805	59.910
21.51	21.50	0.028822	00.005
21.51	21.50	0.028838	00.104
21.51	21.50	0.028855	00.209
21.51	21.50	0.028872	00.304
21.51	21.50	0.028888	00.403
21.51	21.50	0.028905	00.508
21.51	21.50	0.028922	00.602
21.51	21.50	0.028938	00.701
21.48	21.50	0.028955	00.806
21.48	21.50	0.028972	00.900
21.48	21.50	0.028988	01.000
21.48	21.50	0.029005	01.105
21.48	21.50	0.029022	01.199
21.48	21.50	0.029038	01.300
21.48	21.50	0.029055	01.404
21.48	21.50	0.029072	01.499
21.48	21.50	0.029088	01.599
21.48	21.50	0.029105	01.703
21.48	21.50	0.029122	01.797
21.48	21.50	0.029138	01.900
21.51	21.50	0.029155	02.002
21.51	21.50	0.029172	02.096
21.51	21.50	0.029188	02.200
21.51	21.50	0.029205	02.300
21.51	21.50	0.029222	02.395
21.51	21.50	0.029238	02.499
21.51	21.50	0.029255	02.599
21.51	21.50	0.029272	02.694
21.51	21.50	0.029288	02.798
21.51	21.50	0.029305	02.898
21.51	21.50	0.029322	02.992
21.51	21.50	0.029338	03.097
21.51	21.50	0.029355	03.196
21.51	21.50	0.029372	03.291
21.51	21.50	0.029388	03.395
21.51	21.50	0.029405	03.495
21.51	21.50	0.029422	03.590
21.51	21.50	0.029438	03.694
21.51	21.50	0.029455	03.789
21.48	21.50	0.029472	03.889
21.48	21.50	0.029488	03.993
21.48	21.50	0.029505	04.088
21.48	21.50	0.029522	04.187
21.48	21.50	0.029538	04.292
21.48	21.50	0.029555	04.386
21.48	21.50	0.029572	04.487
21.48	21.50	0.029588	04.590
21.48	21.50	0.029605	04.687
21.51	21.50	0.029621	04.787
21.51	21.50	0.029638	04.889
21.51	21.50	0.029655	04.987
21.51	21.50	0.029671	05.086
21.51	21.50	0.029688	05.188
21.51	21.50	0.029705	05.286
21.51	21.50	0.029721	05.387
21.51	21.50	0.029738	05.487
21.51	21.50	0.029755	05.587
21.51	21.50	0.029771	05.687
21.51	21.50	0.029788	05.786
21.51	21.50	0.029805	05.888
21.51	21.50	0.029821	05.987
21.51	21.50	0.029838	06.088
21.51	21.50	0.029855	06.188
21.51	21.50	0.029871	06.287
21.51	21.50	0.029888	06.388
21.51	21.50	0.029905	06.487
21.51	21.50	0.029921	06.588
21.51	21.50	0.029938	06.687
21.51	21.50	0.029955	06.788
21.51	21.50	0.029971	06.888
21.51	21.50	0.029988	06.988
21.51	21.50	0.030005	07.088
21.48	21.50	0.030021	07.187
21.48	21.50	0.030038	07.288
21.48	21.50	0.030055	07.387
21.48	21.50	0.030071	07.488
21.48	21.50	0.030088	07.587
21.48	21.51	0.030105	07.688
21.48	21.51	0.030121	07.788
21.48	21.51	0.030138	07.888
21.48	21.51	0.030155	07.988
21.48	21.51	0.030171	08.087
21.51	21.51	0.030188	08.188
21.51	21.51	0.030205	08.287
21.51	21.51	0.030221	08.388
21.51	21.51	0.030238	08.488
21.51	21.51	0.030255	08.588
21.51	21.51	0.030271	08.688
21.51	21.51	0.030288	08.787
21.51	21.51	0.030305	08.888
21.51	21.52	0.030321	08.988
21.51	21.52	0.030338	09.088
21.54	21.52	0.030355	09.188
21.54	21.52	0.030371	09.287
21.54	21.52	0.030388	09.388
21.54	21.52	0.030405	09.487
21.54	21.52	0.030421	09.588
21.54	21.52	0.030438	09.687
21.54	21.52	0.030454	09.788
21.54	21.52	0.030471	09.888
21.54	21.52	0.030488	09.988
21.51	21.52	0.030504	10.088
21.51	21.52	0.030521	10.187
21.51	21.53	0.030538	10.288
21.51	21.53	0.030554	10.387
21.51	21.53	0.030571	10.517
21.51	21.53	0.030588	10.611
21.51	21.53	0.030604	10.716
21.51	21.53	0.030621	10.816
21.51	21.53	0.030638	10.910
21.51	21.53	0.030654	11.015
21.51	21.53	0.030671	11.109
21.51	21.53	0.030688	11.209
21.51	21.53	0.030704	11.313
21.54	21.53	0.030721	11.408
21.54	21.53	0.030738	11.508
21.54	21.54	0.030754	11.612
21.54	21.54	0.030771	11.707
21.54	21.54	0.030788	11.806
21.54	21.54	0.030804	11.911
21.54	21.54	0.030821	12.005
21.54	21.54	0.030838	12.105
21.54	21.54	0.030854	12.209
21.54	21.54	0.030871	12.304
21.54	21.54	0.030888	12.404
21.54	21.54	0.030904	12.508
21.54	21.54	0.030921	12.603
21.54	21.54	0.030938	12.702
21.54	21.54	0.030954	12.807
21.54	21.55	0.030971	12.902
21.54	21.55	0.030988	13.001
21.54	21.55	0.031004	13.106
21.54	21.55	0.031021	13.200
21.54	21.55	0.031038	13.300
21.54	21.55	0.031054	13.404
21.56	21.55	0.031071	13.499
21.56	21.55	0.031088	13.599
21.56	21.55	0.031104	13.703
21.56	21.55	0.031121	13.798
21.56	21.55	0.031138	13.899
21.56	21.55	0.031154	14.002
21.56	21.55	0.031171	14.097
21.56	21.56	0.031188	14.199
21.56	21.56	0.031204	14.301
21.56	21.56	0.031221	14.396
21.56	21.56	0.031238	14.499
21.56	21.56	0.031254	14.599
21.56	21.56	0.031271	14.694
21.56	21.56	0.031287	14.798
21.56	21.56	0.031304	14.899
21.56	21.56	0.031321	14.994
21.56	21.56	0.031337	15.098
21.56	21.56	0.031354	15.198
21.56	21.56	0.031371	15.292
21.56	21.56	0.031387	15.397
21.56	21.57	0.031404	15.496
21.56	21.57	0.031421	15.591
21.56	21.57	0.031437	15.695
21.56	21.57	0.031454	15.795
21.56	21.57	0.031471	15.889
21.56	21.57	0.031487	15.994
21.56	21.57	0.031504	16.088
21.56	21.57	0.031521	16.189
21.56	21.57	0.031537	16.293
21.56	21.57	0.031554	16.389
21.56	21.57	0.031571	16.489
21.56	21.57	0.031587	16.592
21.56	21.57	0.031604	16.689
21.56	21.58	0.031621	16.789
21.56	21.58	0.031637	16.890
21.59	21.58	0.031654	16.989
21.59	21.58	0.031671	17.089
21.59	21.58	0.031687	17.190
21.59	21.58	0.031704	17.294
21.59	21.58	0.031721	17.390
21.59	21.58	0.031737	17.490
21.59	21.58	0.031754	17.594
21.59	21.58	0.031771	17.690
21.59	21.58	0.031787	17.789
21.59	21.58	0.031804	17.894
21.59	21.58	0.031821	17.989
21.59	21.59	0.031837	18.090
21.59	21.59	0.031854	18.194
21.59	21.59	0.031871	18.290
21.59	21.59	0.031887	18.390
21.59	21.59	0.031904	18.494
21.59	21.59	0.031921	18.590
21.59	21.59	0.031937	18.689
21.59	21.59	0.031954	18.794
21.59	21.59	0.031971	18.889
21.59	21.59	0.031987	18.990
21.59	21.59	0.032004	19.093
21.59	21.59	0.032021	19.190
21.59	21.59	0.032037	19.290
21.59	21.60	0.032054	19.394
21.59	21.60	0.032071	19.490
21.59	21.60	0.032087	19.589
21.59	21.60	0.032104	19.694
21.59	21.60	0.032120	19.791
21.59	21.60	0.032137	19.890
21.59	21.60	0.032154	19.994
21.59	21.60	0.032170	20.090
21.59	21.60	0.032187	20.191
21.59	21.60	0.032204	20.294
21.61	21.60	0.032220	20.391
21.61	21.60	0.032237	20.491
21.61	21.60	0.032254	20.594
21.61	21.61	0.032270	20.691
21.61	21.61	0.032287	20.790
21.61	21.61	0.032304	20.894
21.61	21.61	0.032320	20.990
21.61	21.61	0.032337	21.091
21.61	21.61	0.032354	21.194
21.61	21.61	0.032370	21.290
21.61	21.61	0.032387	21.391
21.61	21.61	0.032404	21.494
21.61	21.61	0.032420	21.591
21.61	21.61	0.032437	21.690
21.61	21.61	0.032454	21.794
21.61	21.61	0.032470	21.890
21.61	21.62	0.032487	22.014
21.61	21.62	0.032504	22.094
21.61	21.62	0.032520	22.218
21.61	21.62	0.032537	22.314
21.61	21.62	0.032554	22.418
21.61	21.62	0.032570	22.518
21.61	21.62	0.032587	22.612
21.61	21.62	0.032604	22.717
21.61	21.62	0.032620	22.816
21.61	21.62	0.032637	22.911
21.61	21.62	0.032654	23.016
21.64	21.62	0.032670	23.115
21.64	21.62	0.032687	23.210
21.64	21.62	0.032704	23.314
21.64	21.63	0.032720	23.414
21.64	21.63	0.032737	23.508
21.64	21.63	0.032754	23.613
21.64	21.63	0.032770	23.708
21.64	21.63	0.032787	23.807
21.64	21.63	0.032804	23.912
21.64	21.63	0.032820	24.006
21.64	21.63	0.032837	24.106
21.64	21.63	0.032854	24.210
21.64	21.63	0.032870	24.305
21.64	21.63	0.032887	24.404
21.64	21.63	0.032904	24.509
21.64	21.63	0.032920	24.604
21.64	21.64	0.032937	24.703
21.64	21.64	0.032953	24.808
21.64	21.64	0.032970	24.902
21.61	21.64	0.032987	25.002
21.61	21.64	0.033003	25.106
21.61	21.64	0.033020	25.201
21.61	21.64	0.033037	25.301
21.61	21.64	0.033053	25.405
21.64	21.64	0.033070	25.500
21.64	21.64	0.033087	25.599
21.64	21.64	0.033103	25.705
21.64	21.64	0.033120	25.799
21.64	21.64	0.033137	25.899
21.64	21.65	0.033153	26.003
21.64	21.65	0.033170	26.098
21.64	21.65	0.033187	26.198
21.64	21.65	0.033203	26.302
21.64	21.65	0.033220	26.397
21.64	21.65	0.033237	26.497
21.64	21.65	0.033253	26.601
21.67	21.65	0.033270	26.695
21.67	21.65	0.033287	26.798
21.67	21.65	0.033303	26.900
21.67	21.65	0.033320	26.994
21.67	21.65	0.033337	27.098
21.67	21.65	0.033353	27.198
21.67	21.66	0.033370	27.293
21.67	21.66	0.033387	27.397
21.67	21.66	0.033403	27.497
21.67	21.66	0.033420	27.591
21.67	21.66	0.033437	27.696
21.67	21.66	0.033453	27.796
21.67	21.66	0.033470	27.892
21.67	21.66	0.033487	27.995
21.64	21.66	0.033503	28.094
21.64	21.66	0.033520	28.192
21.64	21.66	0.033537	28.293
21.64	21.66	0.033553	28.393
21.64	21.66	0.033570	28.492
21.64	21.67	0.033587	28.592
21.64	21.67	0.033603	28.693
21.64	21.67	0.033620	28.791
21.64	21.67	0.033637	28.893
21.64	21.67	0.033653	28.993
21.67	21.67	0.033670	29.093
21.67	21.67	0.033687	29.193
21.67	21.67	0.033703	29.293
21.67	21.67	0.033720	29.393
21.67	21.67	0.033737	29.493
21.67	21.67	0.033753	29.593
21.67	21.67	0.033770	29.693
21.67	21.67	0.033786	29.792
21.67	21.68	0.033803	29.893
21.69	21.68	0.033820	29.992
21.69	21.68	0.033836	30.092
21.69	21.68	0.033853	30.193
21.69	21.68	0.033870	30.293
21.69	21.68	0.033886	30.393
21.69	21.68	0.033903	30.493
21.69	21.68	0.033920	30.592
21.69	21.68	0.033936	30.693
21.69	21.68	0.033953	30.793
21.69	21.68	0.033970	30.893
21.69	21.68	0.033986	30.993
21.69	21.68	0.034003	31.093
21.69	21.69	0.034020	31.193
21.69	21.69	0.034036	31.292
21.69	21.69	0.034053	31.393
21.69	21.69	0.034070	31.492
21.69	21.69	0.034086	31.593
21.69	21.69	0.034103	31.693
21.69	21.69	0.034120	31.793
21.69	21.69	0.034136	31.893
21.69	21.69	0.034153	31.993
21.69	21.69	0.034170	32.092
21.69	21.69	0.034186	32.193
21.69	21.69	0.034203	32.293
21.69	21.69	0.034220	32.393
21.69	21.70	0.034236	32.493
21.69	21.70	0.034253	32.593
21.69	21.70	0.034270	32.693
21.69	21.70	0.034286	32.793
21.69	21.70	0.034303	32.893
21.69	21.70	0.034320	32.993
21.69	21.70	0.034336	33.093
21.69	21.70	0.034353	33.193
21.69	21.70	0.034370	33.293
21.69	21.70	0.034386	33.392
21.69	21.70	0.034403	33.493
21.69	21.70	0.034420	33.592
21.72	21.70	0.034436	33.717
21.72	21.71	0.034453	33.792
21.72	21.71	0.034470	33.921
21.72	21.71	0.034486	34.015
21.72	21.71	0.034503	34.093
21.72	21.71	0.034520	34.220
21.72	21.71	0.034536	34.314
21.72	21.71	0.034553	34.393
21.72	21.71	0.034570	34.518
21.72	21.71	0.034586	34.613
21.72	21.71	0.034603	34.693
21.72	21.71	0.034619	34.818
21.72	21.71	0.034636	34.911
21.72	21.71	0.034653	35.017
21.72	21.72	0.034669	35.116
21.72	21.72	0.034686	35.210
21.72	21.72	0.034703	35.315
21.72	21.72	0.034719	35.415
21.69	21.72	0.034736	35.509
21.69	21.72	0.034753	35.614
21.69	21.72	0.034769	35.714
21.69	21.72	0.034786	35.808
21.69	21.72	0.034803	35.913
21.69	21.72	0.034819	36.007
21.72	21.72	0.034836	36.107
21.72	21.72	0.034853	36.211
21.72	21.72	0.034869	36.306
21.72	21.73	0.034886	36.406
21.72	21.73	0.034903	36.510
21.72	21.73	0.034919	36.605
21.72	21.73	0.034936	36.704
21.72	21.73	0.034953	36.809
21.72	21.73	0.034969	36.903
21.72	21.73	0.034986	37.003
21.72	21.73	0.035003	37.107
21.74	21.73	0.035019	37.202
21.74	21.73	0.035036	37.302
21.74	21.73	0.035053	37.406
21.74	21.73	0.035069	37.501
21.74	21.73	0.035086	37.600
21.74	21.74	0.035103	37.705
21.74	21.74	0.035119	37.799
21.74	21.74	0.035136	37.899
21.74	21.74	0.035153	38.003
21.74	21.74	0.035169	38.098
21.74	21.74	0.035186	38.198
21.74	21.74	0.035203	38.302
21.74	21.74	0.035219	38.397
21.74	21.74	0.035236	38.497
21.74	21.74	0.035253	38.602
21.74	21.74	0.035269	38.695
21.74	21.74	0.035286	38.797
21.74	21.74	0.035303	38.900
21.74	21.75	0.035319	38.994
21.74	21.75	0.035336	39.097
21.74	21.75	0.035353	39.199
21.74	21.75	0.035369	39.293
21.74	21.75	0.035386	39.397
21.74	21.75	0.035403	39.497
21.74	21.75	0.035419	39.593
21.74	21.75	0.035436	39.696
21.74	21.75	0.035452	39.796
21.77	21.75	0.035469	39.893
21.77	21.75	0.035486	39.996
21.77	21.75	0.035502	40.096
21.77	21.75	0.035519	40.192
21.77	21.76	0.035536	40.295
21.77	21.76	0.035552	40.394
21.77	21.76	0.035569	40.493
21.77	21.76	0.035586	40.593
21.77	21.76	0.035602	40.694
21.77	21.76	0.035619	40.794
21.77	21.76	0.035636	40.894
21.77	21.76	0.035652	40.994
21.77	21.76	0.035669	41.093
21.77	21.76	0.035686	41.194
21.77	21.76	0.035702	41.293
21.74	21.76	0.035719	41.394
21.74	21.76	0.035736	41.493
21.74	21.77	0.035752	41.594
21.74	21.77	0.035769	41.693
21.74	21.77	0.035786	41.794
21.74	21.77	0.035802	41.894
21.74	21.77	0.035819	41.994
21.74	21.77	0.035836	42.094
21.77	21.77	0.035852	42.193
21.77	21.77	0.035869	42.294
21.77	21.77	0.035886	42.393
21.77	21.77	0.035902	42.494
21.77	21.77	0.035919	42.594
21.77	21.77	0.035936	42.694
21.77	21.77	0.035952	42.794
21.77	21.78	0.035969	42.893
21.77	21.78	0.035986	42.994
21.80	21.78	0.036002	43.094
21.80	21.78	0.036019	43.193
21.80	21.78	0.036036	43.294
21.80	21.78	0.036052	43.393
21.80	21.78	0.036069	43.494
21.80	21.78	0.036086	43.593
21.80	21.78	0.036102	43.694
21.80	21.78	0.036119	43.794
21.80	21.78	0.036136	43.894
21.80	21.78	0.036152	43.994
21.80	21.78	0.036169	44.093
21.77	21.79	0.036186	44.194
21.77	21.79	0.036202	44.294
21.77	21.79	0.036219	44.393
21.77	21.79	0.036236	44.494
21.77	21.79	0.036252	44.593
21.77	21.79	0.036269	44.694
21.77	21.79	0.036285	44.794
21.77	21.79	0.036302	44.894
21.77	21.79	0.036319	44.994
21.77	21.79	0.036335	45.093
21.80	21.79	0.036352	45.194
21.80	21.79	0.036369	45.293
21.80	21.79	0.036385	45.394
21.80	21.80	0.036402	45.493
21.80	21.80	0.036419	45.623
21.80	21.80	0.036435	45.717
21.80	21.80	0.036452	45.817
21.80	21.80	0.036469	45.922
21.80	21.80	0.036485	46.017
21.80	21.80	0.036502	46.116
21.80	21.80	0.036519	46.221
21.80	21.80	0.036535	46.315
21.80	21.80	0.036552	46.416
21.80	21.80	0.036569	46.519
21.80	21.80	0.036585	46.614
21.80	21.80	0.036602	46.717
21.80	21.81	0.036619	46.818
21.80	21.81	0.036635	46.913
21.80	21.81	0.036652	47.016
21.80	21.81	0.036669	47.117
21.80	21.81	0.036685	47.211
21.80	21.81	0.036702	47.316
21.82	21.81	0.036719	47.416
21.82	21.81	0.036735	47.510
21.82	21.81	0.036752	47.615
21.82	21.81	0.036769	47.714
21.82	21.81	0.036785	47.809
21.82	21.81	0.036802	47.913
21.82	21.81	0.036819	48.013
21.82	21.82	0.036835	48.107
21.82	21.82	0.036852	48.212
21.82	21.82	0.036869	48.311
21.82	21.82	0.036885	48.407
21.82	21.82	0.036902	48.511
21.82	21.82	0.036919	48.605
21.82	21.82	0.036935	48.706
21.82	21.82	0.036952	48.810
21.82	21.82	0.036969	48.905
21.82	21.82	0.036985	49.004
21.82	21.82	0.037002	49.108
21.82	21.82	0.037019	49.203
21.82	21.82	0.037035	49.302
21.82	21.83	0.037052	49.407
21.82	21.83	0.037069	49.501
21.82	21.83	0.037085	49.601
21.82	21.83	0.037102	49.706
21.82	21.83	0.037118	49.800
21.82	21.83	0.037135	49.900
21.82	21.83	0.037152	50.004
21.82	21.83	0.037168	50.099
21.82	21.83	0.037185	50.199
21.82	21.83	0.037202	50.304
21.82	21.83	0.037218	50.398
21.82	21.83	0.037235	50.498
21.82	21.83	0.037252	50.602
21.82	21.84	0.037268	50.697
21.85	21.84	0.037285	50.797
21.85	21.84	0.037302	50.901
21.85	21.84	0.037318	50.996
21.85	21.84	0.037335	51.096
21.85	21.84	0.037352	51.200
21.85	21.84	0.037368	51.294
21.85	21.84	0.037385	51.396
21.85	21.84	0.037402	51.499
21.85	21.84	0.037418	51.594
21.85	21.84	0.037435	51.696
21.85	21.84	0.037452	51.797
21.85	21.84	0.037468	51.894
21.85	21.84	0.037485	51.996
21.85	21.85	0.037502	52.096
21.85	21.85	0.037518	52.193
21.85	21.85	0.037535	52.295
21.85	21.85	0.037552	52.395
21.85	21.85	0.037568	52.494
21.85	21.85	0.037585	52.594
21.85	21.85	0.037602	52.693
21.85	21.85	0.037618	52.794
21.85	21.85	0.037635	52.893
21.85	21.85	0.037652	52.994
21.85	21.85	0.037668	53.094
21.85	21.85	0.037685	53.194
21.85	21.85	0.037702	53.294
21.85	21.86	0.037718	53.393
21.85	21.86	0.037735	53.494
21.85	21.86	0.037752	53.593
21.85	21.86	0.037768	53.694
21.85	21.86	0.037785	53.793
21.85	21.86	0.037802	53.894
21.85	21.86	0.037818	53.994
21.85	21.86	0.037835	54.093
21.85	21.86	0.037852	54.194
21.85	21.86	0.037868	54.293
21.85	21.86	0.037885	54.394
21.85	21.86	0.037902	54.493
21.85	21.86	0.037918	54.594
21.85	21.87	0.037935	54.694
21.85	21.87	0.037951	54.794
21.85	21.87	0.037968	54.894
21.85	21.87	0.037985	54.993
21.85	21.87	0.038001	55.095
21.87	21.87	0.038018	55.194
21.87	21.87	0.038035	55.295
21.87	21.87	0.038051	55.395
21.87	21.87	0.038068	55.495
21.87	21.87	0.038085	55.595
21.87	21.87	0.038101	55.694
21.87	21.87	0.038118	55.795
21.87	21.87	0.038135	55.894
21.87	21.88	0.038151	55.995
21.90	21.88	0.038168	56.094
21.90	21.88	0.038185	56.195
21.90	21.88	0.038201	56.295
21.90	21.88	0.038218	56.395
21.90	21.88	0.038235	56.495
21.90	21.88	0.038251	56.594
21.90	21.88	0.038268	56.695
21.90	21.88	0.038285	56.794
21.90	21.88	0.038301	56.895
21.90	21.88	0.038318	56.994
21.90	21.88	0.038335	57.095
21.90	21.88	0.038351	57.195
21.90	21.89	0.038368	57.295
21.87	21.89	0.038385	57.395
21.87	21.89	0.038401	57.494
21.87	21.89	0.038418	57.624
21.87	21.89	0.038435	57.718
21.87	21.89	0.038451	57.818
21.87	21.89	0.038468	57.922
21.87	21.89	0.038485	58.017
21.87	21.89	0.038501	58.117
21.87	21.89	0.038518	58.221
21.87	21.89	0.038535	58.316
21.90	21.89	0.038551	58.415
21.90	21.89	0.038568	58.520
21.90	21.90	0.038585	58.614
21.90	21.90	0.038601	58.716
21.90	21.90	0.038618	58.818
21.90	21.90	0.038635	58.913
21.90	21.90	0.038651	59.016
21.90	21.90	0.038668	59.117
21.90	21.90	0.038685	59.212
21.90	21.90	0.038701	59.315
21.90	21.90	0.038718	59.416
21.90	21.90	0.038735	59.511
21.90	21.90	0.038751	59.615
21.93	21.90	0.038768	59.716
21.93	21.90	0.038784	59.810
21.93	21.91	0.038801	59.915
21.93	21.91	0.038818	00.014
21.93	21.91	0.038834	00.109
21.93	21.91	0.038851	00.213
21.93	21.91	0.038868	00.313
21.90	21.91	0.038884	00.408
21.90	21.91	0.038901	00.512
21.90	21.91	0.038918	00.612
21.90	21.91	0.038934	00.706
21.90	21.91	0.038951	00.811
21.90	21.91	0.038968	00.905
21.90	21.91	0.038984	01.005
21.90	21.91	0.039001	01.109
21.90	21.92	0.039018	01.204
21.90	21.92	0.039034	01.304
21.90	21.92	0.039051	01.408
21.90	21.92	0.039068	01.503
21.90	21.92	0.039084	01.602
21.90	21.92	0.039101	01.707
21.90	21.92	0.039118	01.802
21.93	21.92	0.039134	01.901
21.93	21.92	0.039151	02.006
21.93	21.92	0.039168	02.100
21.93	21.92	0.039184	02.200
21.93	21.92	0.039201	02.304
21.93	21.92	0.039218	02.399
21.93	21.93	0.039234	02.498
21.93	21.93	0.039251	02.603
21.93	21.93	0.039268	02.698
21.93	21.93	0.039284	02.797
21.93	21.93	0.039301	02.902
21.93	21.93	0.039318	02.996
21.93	21.93	0.039334	03.096
21.93	21.93	0.039351	03.200
21.93	21.93	0.039368	03.296
21.93	21.93	0.039384	03.395
21.93	21.93	0.039401	03.500
21.93	21.93	0.039418	03.594
21.93	21.93	0.039434	03.695
21.93	21.94	0.039451	03.799
21.93	21.94	0.039468	03.895
21.93	21.94	0.039484	03.995
21.93	21.94	0.039501	04.097
21.93	21.94	0.039518	04.195
21.93	21.94	0.039534	04.295
21.93	21.94	0.039551	04.408
21.95	21.94	0.039568	04.510
21.95	21.94	0.039584	04.611
21.95	21.94	0.039601	04.711
21.95	21.94	0.039617	04.811
21.95	21.94	0.039634	04.911
21.95	21.94	0.039651	05.010
21.95	21.95	0.039667	05.111
21.95	21.95	0.039684	05.210
21.95	21.95	0.039701	05.311
21.95	21.95	0.039717	05.410
21.95	21.95	0.039734	05.511
21.95	21.95	0.039751	05.611
21.95	21.95	0.039767	05.711
21.95	21.95	0.039784	05.810
21.95	21.95	0.039801	05.909
21.95	21.95	0.039817	06.011
21.95	21.95	0.039834	06.138
21.95	21.95	0.039851	06.233
21.95	21.95	0.039867	06.311
21.95	21.96	0.039884	06.438
21.95	21.96	0.039901	06.533
21.95	21.96	0.039917	06.610
21.95	21.96	0.039934	06.737
21.95	21.96	0.039951	06.831
21.95	21.96	0.039967	06.911
21.95	21.96	0.039984	07.035
21.95	21.96	0.040001	07.130
21.95	21.96	0.040017	07.234
21.95	21.96	0.040034	07.334
21.95	21.96	0.040051	07.429
21.95	21.96	0.040067	07.533
21.95	21.96	0.040084	07.633
21.95	21.97	0.040101	07.727
21.95	21.97	0.040117	07.832
21.95	21.97	0.040134	07.932
21.95	21.97	0.040151	08.026
21.95	21.97	0.040167	08.131
21.95	21.97	0.040184	08.225
21.95	21.97	0.040201	08.325
21.95	21.97	0.040217	08.429
21.98	21.97	0.040234	08.524
21.98	21.97	0.040251	08.624
21.98	21.97	0.040267	08.728
21.98	21.97	0.040284	08.823
21.98	21.97	0.040301	08.922
21.98	21.98	0.040317	09.027
21.98	21.98	0.040334	09.121
21.98	21.98	0.040351	09.221
21.98	21.98	0.040367	09.325
21.98	21.98	0.040384	09.420
21.98	21.98	0.040401	09.520
21.98	21.98	0.040417	09.625
21.98	21.98	0.040434	09.719
21.98	21.98	0.040450	09.819
22.00	21.98	0.040467	09.923
22.00	21.98	0.040484	10.018
22.00	21.98	0.040500	10.117
22.00	21.98	0.040517	10.222
22.00	21.99	0.040534	10.317
22.00	21.99	0.040550	10.416
22.00	21.99	0.040567	10.521
22.00	21.99	0.040584	10.616
22.00	21.99	0.040600	10.715
22.00	21.99	0.040617	10.820
21.98	21.99	0.040634	10.914
21.98	21.99	0.040650	11.015
21.98	21.99	0.040667	11.118
21.98	21.99	0.040684	11.212
21.98	21.99	0.040700	11.315
21.98	21.99	0.040717	11.417
21.98	21.99	0.040734	11.511
21.98	22.00	0.040750	11.615
21.98	22.00	0.040767	11.715
21.98	22.00	0.040784	11.811
21.98	22.00	0.040800	11.914
22.00	22.00	0.040817	12.015
22.00	22.00	0.040834	12.111
22.00	22.00	0.040850	12.214
22.00	22.00	0.040867	12.314
22.00	22.00	0.040884	12.410
22.00	22.00	0.040900	12.513
22.00	22.00	0.040917	12.612
22.00	22.00	0.040934	12.711
22.00	22.00	0.040950	12.812
22.00	22.01	0.040967	12.911
22.00	22.01	0.040984	13.011
22.00	22.01	0.041000	13.110
22.00	22.01	0.041017	13.211
22.00	22.01	0.041034	13.309
22.00	22.01	0.041050	13.410
22.03	22.01	0.041067	13.510
22.03	22.01	0.041084	13.610
22.03	22.01	0.041100	13.710
22.03	22.01	0.041117	13.810
22.03	22.01	0.041134	13.910
22.03	22.01	0.041150	14.009
22.03	22.01	0.041167	14.111
22.03	22.02	0.041184	14.210
22.03	22.02	0.041200	14.311
22.03	22.02	0.041217	14.410
22.03	22.02	0.041234	14.511
22.03	22.02	0.041250	14.611
22.03	22.02	0.041267	14.711
22.03	22.02	0.041283	14.810
22.03	22.02	0.041300	14.911
22.03	22.02	0.041317	15.010
22.03	22.02	0.041333	15.111
22.03	22.02	0.041350	15.210
22.03	22.02	0.041367	15.311
22.00	22.02	0.041383	15.411
22.00	22.03	0.041400	15.511
22.00	22.03	0.041417	15.611
22.00	22.03	0.041433	15.710
22.00	22.03	0.041450	15.811
22.00	22.03	0.041467	15.910
22.00	22.03	0.041483	16.011
22.03	22.03	0.041500	16.111
22.03	22.03	0.041517	16.212
22.03	22.03	0.041533	16.312
22.03	22.03	0.041550	16.411
22.03	22.03	0.041567	16.512
22.03	22.03	0.041583	16.611
22.03	22.03	0.041600	16.712
22.03	22.04	0.041617	16.811
22.03	22.04	0.041633	16.912
22.03	22.04	0.041650	17.012
22.03	22.04	0.041667	17.112
22.06	22.04	0.041683	17.213
22.06	22.04	0.041700	17.312
22.06	22.04	0.041717	17.413
22.06	22.04	0.041733	17.511
22.06	22.04	0.041750	17.637
22.06	22.04	0.041767	17.736
22.06	22.04	0.041783	17.841
22.06	22.04	0.041800	17.935
22.06	22.04	0.041817	18.035
22.06	22.05	0.041833	18.140
22.06	22.05	0.041850	18.234
22.06	22.05	0.041867	18.335
22.06	22.05	0.041883	18.438
22.03	22.05	0.041900	18.533
22.03	22.05	0.041917	18.635
22.03	22.05	0.041933	18.737
22.03	22.05	0.041950	18.832
22.03	22.05	0.041967	18.935
22.03	22.05	0.041983	19.036
22.03	22.05	0.042000	19.131
22.03	22.05	0.042017	19.235
22.03	22.05	0.042033	19.335
22.03	22.06	0.042050	19.429
22.06	22.06	0.042067	19.534
22.06	22.06	0.042083	19.634
22.06	22.06	0.042100	19.728
22.06	22.06	0.042116	19.833
22.06	22.06	0.042133	19.932
22.06	22.06	0.042150	20.027
22.06	22.06	0.042166	20.131
22.06	22.06	0.042183	20.231
22.06	22.06	0.042200	20.326
22.06	22.06	0.042216	20.430
22.06	22.06	0.042233	20.525
22.06	22.06	0.042250	20.624
22.06	22.07	0.042266	20.729
22.06	22.07	0.042283	20.823
22.06	22.07	0.042300	20.923
22.06	22.07	0.042316	21.028
22.06	22.07	0.042333	21.123
22.08	22.07	0.042350	21.222
22.08	22.07	0.042366	21.327
22.08	22.07	0.042383	21.421
22.08	22.07	0.042400	21.521
22.08	22.07	0.042416	21.625
22.08	22.07	0.042433	21.720
22.08	22.07	0.042450	21.819
22.08	22.07	0.042466	21.924
22.08	22.08	0.042483	22.019
22.08	22.08	0.042500	22.118
22.08	22.08	0.042516	22.223
22.08	22.08	0.042533	22.317
22.08	22.08	0.042550	22.417
22.08	22.08	0.042566	22.521
22.08	22.08	0.042583	22.616
22.08	22.08	0.042600	22.715
22.08	22.08	0.042616	22.820
22.08	22.08	0.042633	22.915
22.08	22.08	0.042650	23.015
22.08	22.08	0.042666	23.119
22.08	22.08	0.042683	23.213
22.08	22.08	0.042700	23.315
22.08	22.09	0.042716	23.417
22.08	22.09	0.042733	23.514
22.08	22.09	0.042750	23.615
22.08	22.09	0.042766	23.716
22.08	22.09	0.042783	23.814
22.08	22.09	0.042800	23.914
22.08	22.09	0.042816	24.015
22.08	22.09	0.042833	24.114
22.08	22.09	0.042850	24.215
22.08	22.09	0.042866	24.314
22.08	22.09	0.042883	24.415
22.08	22.09	0.042900	24.515
22.11	22.09	0.042916	24.615
22.11	22.10	0.042933	24.715
22.11	22.10	0.042949	24.814
22.11	22.10	0.042966	24.915
22.11	22.10	0.042983	25.015
22.11	22.10	0.042999	25.114
22.11	22.10	0.043016	25.215
22.11	22.10	0.043033	25.314
22.11	22.10	0.043049	25.415
22.11	22.10	0.043066	25.515
22.11	22.10	0.043083	25.615
22.11	22.10	0.043099	25.715
22.11	22.10	0.043116	25.814
22.11	22.10	0.043133	25.915
22.11	22.11	0.043149	26.014
22.11	22.11	0.043166	26.115
22.11	22.11	0.043183	26.214
22.11	22.11	0.043199	26.315
22.11	22.11	0.043216	26.415
22.08	22.11	0.043233	26.515
22.08	22.11	0.043249	26.615
22.08	22.11	0.043266	26.714
22.08	22.11	0.043283	26.815
22.08	22.11	0.043299	26.914
22.11	22.11	0.043316	27.015
22.11	22.11	0.043333	27.115
22.11	22.11	0.043349	27.215
22.11	22.12	0.043366	27.315
22.11	22.12	0.043383	27.414
22.11	22.12	0.043399	27.515
22.11	22.12	0.043416	27.614
22.11	22.12	0.043433	27.715
22.11	22.12	0.043449	27.814
22.11	22.12	0.043466	27.915
22.13	22.12	0.043483	28.015
22.13	22.12	0.043499	28.115
22.13	22.12	0.043516	28.215
22.13	22.12	0.043533	28.314
22.13	22.12	0.043549	28.416
22.13	22.12	0.043566	28.515
22.13	22.13	0.043583	28.616
22.13	22.13	0.043599	28.715
22.13	22.13	0.043616	28.816
22.13	22.13	0.043633	28.916
22.13	22.13	0.043649	29.040
22.13	22.13	0.043666	29.140
22.13	22.13	0.043683	29.244
22.13	22.13	0.043699	29.339
22.13	22.13	0.043716	29.439
22.13	22.13	0.043733	29.543
22.13	22.13	0.043749	29.638
22.13	22.13	0.043766	29.737
22.13	22.13	0.043782	29.842
22.13	22.14	0.043799	29.936
22.13	22.14	0.043816	30.036
22.13	22.14	0.043832	30.140
22.13	22.14	0.043849	30.235
22.13	22.14	0.043866	30.335
22.13	22.14	0.043882	30.439
22.16	22.14	0.043899	30.534
22.16	22.14	0.043916	30.634
22.16	22.14	0.043932	30.738
22.16	22.14	0.043949	30.833
22.16	22.14	0.043966	30.934
22.16	22.14	0.043982	31.037
22.16	22.14	0.043999	31.131
22.16	22.15	0.044016	31.235
22.16	22.15	0.044032	31.335
22.13	22.15	0.044049	31.430
22.13	22.15	0.044066	31.535
22.13	22.15	0.044082	31.634
22.13	22.15	0.044099	31.729
22.13	22.15	0.044116	31.833
22.13	22.15	0.044132	31.933
22.13	22.15	0.044149	32.027
22.13	22.15	0.044166	32.132
22.13	22.15	0.044182	32.231
22.13	22.15	0.044199	32.326
22.13	22.15	0.044216	32.431
22.16	22.16	0.044232	32.530
22.16	22.16	0.044249	32.625
22.16	22.16	0.044266	32.730
22.16	22.16	0.044282	32.825
22.16	22.16	0.044299	32.924
22.16	22.16	0.044316	33.029
22.16	22.16	0.044332	33.124
22.16	22.16	0.044349	33.223
22.16	22.16	0.044366	33.328
22.16	22.16	0.044382	33.421
22.16	22.16	0.044399	33.522
22.16	22.16	0.044416	33.626
22.19	22.16	0.044432	33.721
22.19	22.17	0.044449	33.821
22.19	22.17	0.044466	33.925
22.19	22.17	0.044482	34.020
22.19	22.17	0.044499	34.119
22.19	22.17	0.044516	34.224
22.19	22.17	0.044532	34.318
22.19	22.17	0.044549	34.418
22.19	22.17	0.044566	34.523
22.19	22.17	0.044582	34.617
22.16	22.17	0.044599	34.717
22.16	22.17	0.044615	34.821
22.16	22.17	0.044632	34.915
22.16	22.17	0.044649	35.016
22.16	22.18	0.044665	35.120
22.16	22.18	0.044682	35.216
22.16	22.18	0.044699	35.316
22.16	22.18	0.044715	35.418
22.16	22.18	0.044732	35.516
22.16	22.18	0.044749	35.615
22.16	22.18	0.044765	35.717
22.16	22.18	0.044782	35.816
22.16	22.18	0.044799	35.916
22.19	22.18	0.044815	36.017
22.19	22.18	0.044832	36.115
22.19	22.18	0.044849	36.216
22.19	22.18	0.044865	36.315
22.19	22.19	0.044882	36.416
22.19	22.19	0.044899	36.516
22.19	22.19	0.044915	36.616
22.19	22.19	0.044932	36.716
22.19	22.19	0.044949	36.815
22.19	22.19	0.044965	36.916
22.19	22.19	0.044982	37.015
22.19	22.19	0.044999	37.116
22.19	22.19	0.045015	37.215
22.19	22.19	0.045032	37.315
22.19	22.19	0.045049	37.415
22.19	22.19	0.045065	37.516
22.19	22.19	0.045082	37.615
22.19	22.20	0.045099	37.717
22.19	22.20	0.045115	37.817
22.19	22.20	0.045132	37.917
22.19	22.20	0.045149	38.017
22.19	22.20	0.045165	38.116
22.21	22.20	0.045182	38.217
22.21	22.20	0.045199	38.316
22.21	22.20	0.045215	38.417
22.21	22.20	0.045232	38.516
22.21	22.20	0.045249	38.619
22.21	22.20	0.045265	38.719
22.21	22.20	0.045282	38.819
22.21	22.20	0.045299	38.919
22.21	22.21	0.045315	39.018
22.21	22.21	0.045332	39.119
22.21	22.21	0.045349	39.218
22.21	22.21	0.045365	39.319
22.21	22.21	0.045382	39.419
22.21	22.21	0.045399	39.520
22.21	22.21	0.045415	39.619
22.21	22.21	0.045432	39.718
22.21	22.21	0.045448	39.819
22.21	22.21	0.045465	39.918
22.21	22.21	0.045482	40.019
22.21	22.21	0.045498	40.118
22.21	22.21	0.045515	40.219
22.21	22.22	0.045532	40.319
22.21	22.22	0.045548	40.418
22.21	22.22	0.045565	40.518
22.21	22.22	0.045582	40.647
22.21	22.22	0.045598	40.742
22.21	22.22	0.045615	40.841
22.21	22.22	0.045632	40.946
22.21	22.22	0.045648	41.040
22.21	22.22	0.045665	41.140
22.21	22.22	0.045682	41.245
22.21	22.22	0.045698	41.339
22.21	22.22	0.045715	41.439
22.21	22.22	0.045732	41.544
22.21	22.23	0.045748	41.638
22.21	22.23	0.045765	41.738
22.21	22.23	0.045782	41.842
22.21	22.23	0.045798	41.937
22.24	22.23	0.045815	42.037
22.24	22.23	0.045832	42.141
22.24	22.23	0.045848	42.236
22.24	22.23	0.045865	42.335
22.24	22.23	0.045882	42.440
22.24	22.23	0.045898	42.534
22.24	22.23	0.045915	42.634
22.24	22.23	0.045932	42.738
22.24	22.23	0.045948	42.834
22.24	22.24	0.045965	42.934
22.24	22.24	0.045982	43.037
22.24	22.24	0.045998	43.132
22.24	22.24	0.046015	43.233
22.24	22.24	0.046032	43.336
22.24	22.24	0.046048	43.431
22.24	22.24	0.046065	43.533
22.24	22.24	0.046082	43.636
22.24	22.24	0.046098	43.730
22.24	22.24	0.046115	43.834
22.24	22.24	0.046132	43.934
22.24	22.24	0.046148	44.029
22.24	22.24	0.046165	44.133
22.24	22.25	0.046182	44.233
22.24	22.25	0.046198	44.327
22.24	22.25	0.046215	44.432
22.24	22.25	0.046232	44.531
22.24	22.25	0.046248	44.626
22.24	22.25	0.046265	44.731
22.24	22.25	0.046281	44.831
22.24	22.25	0.046298	44.925
22.24	22.25	0.046315	45.030
22.26	22.25	0.046331	45.129
22.26	22.25	0.046348	45.224
22.26	22.25	0.046365	45.328
22.26	22.25	0.046381	45.423
22.26	22.26	0.046398	45.522
22.26	22.26	0.046415	45.627
22.26	22.26	0.046431	45.721
22.26	22.26	0.046448	45.821
22.26	22.26	0.046465	45.926
22.26	22.26	0.046481	46.020
22.26	22.26	0.046498	46.120
22.26	22.26	0.046515	46.225
22.26	22.26	0.046531	46.319
22.26	22.26	0.046548	46.419
22.26	22.26	0.046565	46.523
22.26	22.26	0.046581	46.619
22.26	22.26	0.046598	46.719
22.26	22.27	0.046615	46.822
22.26	22.27	0.046631	46.919
22.26	22.27	0.046648	47.018
22.26	22.27	0.046665	47.121
22.26	22.27	0.046681	47.218
22.26	22.27	0.046698	47.319
22.26	22.27	0.046715	47.420
22.26	22.27	0.046731	47.519
22.26	22.27	0.046748	47.619
22.26	22.27	0.046765	47.719
22.26	22.27	0.046781	47.820
22.26	22.27	0.046798	47.920
22.26	22.27	0.046815	48.019
22.29	22.28	0.046831	48.120
22.29	22.28	0.046848	48.219
22.29	22.28	0.046865	48.320
22.29	22.28	0.046881	48.419
22.29	22.28	0.046898	48.520
22.29	22.28	0.046915	48.619
22.29	22.28	0.046931	48.720
22.29	22.28	0.046948	48.820
22.29	22.28	0.046965	48.920
22.29	22.28	0.046981	49.020
22.29	22.28	0.046998	49.119
22.29	22.28	0.047015	49.220
22.29	22.28	0.047031	49.320
22.29	22.29	0.047048	49.419
22.29	22.29	0.047065	49.519
22.29	22.29	0.047081	49.621
22.29	22.29	0.047098	49.721
22.29	22.29	0.047114	49.821
22.29	22.29	0.047131	49.920
22.29	22.29	0.047148	50.021
22.29	22.29	0.047164	50.120
22.29	22.29	0.047181	50.221
22.29	22.29	0.047198	50.320
22.29	22.29	0.047214	50.421
22.29	22.29	0.047231	50.521
22.29	22.29	0.047248	50.621
22.29	22.30	0.047264	50.721
22.29	22.30	0.047281	50.820
22.29	22.30	0.047298	50.921
22.29	22.30	0.047314	51.020
22.29	22.30	0.047331	51.121
22.29	22.30	0.047348	51.220
22.29	22.30	0.047364	51.320
22.29	22.30	0.047381	51.421
22.29	22.30	0.047398	51.521
22.29	22.30	0.047414	51.621
22.29	22.30	0.047431	51.721
22.29	22.30	0.047448	51.820
22.29	22.30	0.047464	51.921
22.29	22.30	0.047481	52.020
22.29	22.31	0.047498	52.121
22.29	22.31	0.047514	52.245
22.32	22.31	0.047531	52.350
22.32	22.31	0.047548	52.449
22.32	22.31	0.047564	52.544
22.32	22.31	0.047581	52.649
22.32	22.31	0.047598	52.743
22.32	22.31	0.047614	52.843
22.32	22.31	0.047631	52.947
22.32	22.31	0.047648	53.042
22.32	22.31	0.047664	53.141
22.32	22.31	0.047681	53.246
22.32	22.31	0.047698	53.341
22.32	22.32	0.047714	53.440
22.32	22.32	0.047731	53.545
22.32	22.32	0.047748	53.639
22.32	22.32	0.047764	53.739
22.32	22.32	0.047781	53.843
22.32	22.32	0.047798	53.938
22.32	22.32	0.047814	54.037
22.32	22.32	0.047831	54.142
22.32	22.32	0.047848	54.237
22.32	22.32	0.047864	54.336
22.32	22.32	0.047881	54.441
22.32	22.32	0.047898	54.535
22.32	22.32	0.047914	54.635
22.32	22.33	0.047931	54.740
22.32	22.33	0.047947	54.834
22.32	22.33	0.047964	54.934
22.32	22.33	0.047981	55.038
22.32	22.33	0.047997	55.133
22.32	22.33	0.048014	55.232
22.32	22.33	0.048031	55.337
22.32	22.33	0.048047	55.432
22.32	22.33	0.048064	55.532
22.32	22.33	0.048081	55.636
22.32	22.33	0.048097	55.730
22.34	22.33	0.048114	55.833
22.34	22.33	0.048131	55.934
22.34	22.34	0.048147	56.029
22.34	22.34	0.048164	56.133
22.34	22.34	0.048181	56.233
22.34	22.34	0.048197	56.328
22.34	22.34	0.048214	56.432
22.34	22.34	0.048231	56.532
22.34	22.34	0.048247	56.626
22.34	22.34	0.048264	56.731
22.34	22.34	0.048281	56.831
22.34	22.34	0.048297	56.925
22.34	22.34	0.048314	57.031
22.34	22.34	0.048331	57.130
22.34	22.34	0.048347	57.225
22.34	22.35	0.048364	57.329
22.34	22.35	0.048381	57.429
22.34	22.35	0.048397	57.523
22.34	22.35	0.048414	57.628
22.34	22.35	0.048431	57.723
22.34	22.35	0.048447	57.822
22.34	22.35	0.048464	57.927
22.34	22.35	0.048481	58.021
22.34	22.35	0.048497	58.121
22.34	22.35	0.048514	58.225
22.34	22.35	0.048531	58.321
22.37	22.35	0.048547	58.421
22.37	22.35	0.048564	58.524
22.37	22.36	0.048581	58.621
22.37	22.36	0.048597	58.720
22.37	22.36	0.048614	58.823
22.37	22.36	0.048631	58.920
22.37	22.36	0.048647	59.021
22.37	22.36	0.048664	59.121
22.37	22.36	0.048681	59.221
22.37	22.36	0.048697	59.320
22.37	22.36	0.048714	59.421
22.37	22.36	0.048731	59.520
22.37	22.36	0.048747	59.621
22.37	22.36	0.048764	59.720
22.37	22.36	0.048780	59.821
22.37	22.37	0.048797	59.921
22.37	22.37	0.048814	00.021
22.37	22.37	0.048830	00.121
22.37	22.37	0.048847	00.220
22.37	22.37	0.048864	00.321
22.34	22.37	0.048880	00.420
22.34	22.37	0.048897	00.521
22.34	22.37	0.048914	00.621
22.34	22.37	0.048930	00.720
22.34	22.37	0.048947	00.821
22.34	22.37	0.048964	00.920
22.37	22.37	0.048980	01.021
22.37	22.37	0.048997	01.121
22.37	22.38	0.049014	01.221
22.37	22.38	0.049030	01.321
22.37	22.38	0.049047	01.420
22.37	22.38	0.049064	01.521
22.37	22.38	0.049080	01.620
22.37	22.38	0.049097	01.721
22.37	22.38	0.049114	01.820
22.39	22.38	0.049130	01.921
22.39	22.38	0.049147	02.021
22.39	22.38	0.049164	02.121
22.39	22.38	0.049180	02.221
22.39	22.38	0.049197	02.320
22.39	22.38	0.049214	02.421
22.39	22.39	0.049230	02.520
22.39	22.39	0.049247	02.621
22.39	22.39	0.049264	02.720
22.39	22.39	0.049280	02.821
22.39	22.39	0.049297	02.921
22.39	22.39	0.049314	03.020
22.39	22.39	0.049330	03.121
22.39	22.39	0.049347	03.220
22.39	22.39	0.049364	03.321
22.39	22.39	0.049380	03.420
22.39	22.39	0.049397	03.521
22.42	22.39	0.049414	03.621
22.42	22.39	0.049430	03.721
22.42	22.40	0.049447	03.821
22.42	22.40	0.049464	03.920
22.42	22.40	0.049480	04.021
22.42	22.40	0.049497	04.121
22.42	22.40	0.049514	04.220
22.42	22.40	0.049530	04.351
22.39	22.40	0.049547	04.420
22.39	22.40	0.049564	04.545
22.39	22.40	0.049580	04.649
22.39	22.40	0.049597	04.749
22.39	22.40	0.049613	04.843
22.39	22.40	0.049630	04.948
22.39	22.40	0.049647	05.047
22.39	22.41	0.049663	05.142
22.39	22.41	0.049680	05.246
22.39	22.41	0.049697	05.341
22.39	22.41	0.049713	05.440
22.39	22.41	0.049730	05.546
22.39	22.41	0.049747	05.641
22.39	22.41	0.049763	05.740
22.39	22.41	0.049780	05.845
22.42	22.41	0.049797	05.939
22.42	22.41	0.049813	06.039
22.42	22.41	0.049830	06.143
22.42	22.41	0.049847	06.238
22.42	22.41	0.049863	06.337
22.42	22.42	0.049880	06.442
22.42	22.42	0.049897	06.537
22.42	22.42	0.049913	06.636
22.42	22.42	0.049930	06.741
22.42	22.42	0.049947	06.835
22.42	22.42	0.049963	06.935
22.42	22.42	0.049980	07.039
22.42	22.42	0.049997	07.133
22.42	22.42	0.050013	07.233
22.42	22.42	0.050030	07.339
22.42	22.42	0.050047	07.432
22.42	22.42	0.050063	07.533
22.42	22.42	0.050080	07.637
22.42	22.43	0.050097	07.732
22.42	22.43	0.050113	07.831
22.42	22.43	0.050130	07.936
22.42	22.43	0.050147	08.030
22.42	22.43	0.050163	08.132
22.42	22.43	0.050180	08.235
22.42	22.43	0.050197	08.329
22.45	22.43	0.050213	08.432
22.45	22.43	0.050230	08.533
22.45	22.43	0.050247	08.628
22.45	22.43	0.050263	08.731
22.45	22.43	0.050280	08.832
22.45	22.43	0.050297	08.927
22.45	22.44	0.050313	09.031
22.45	22.44	0.050330	09.131
22.45	22.44	0.050347	09.225
22.45	22.44	0.050363	09.330
22.45	22.44	0.050380	09.429
22.45	22.44	0.050397	09.524
22.45	22.44	0.050413	09.629
22.42	22.44	0.050430	09.728
22.42	22.44	0.050446	09.823
22.42	22.44	0.050463	09.928
22.42	22.44	0.050480	10.027
22.42	22.44	0.050496	10.122
22.42	22.44	0.050513	10.226
22.42	22.45	0.050530	10.321
22.42	22.45	0.050546	10.421
22.42	22.45	0.050563	10.525
22.42	22.45	0.050580	10.621
22.42	22.45	0.050596	10.720
22.45	22.45	0.050613	10.824
22.45	22.45	0.050630	10.920
22.45	22.45	0.050646	11.021
22.45	22.45	0.050663	11.123
22.45	22.45	0.050680	11.222
22.45	22.45	0.050696	11.322
22.45	22.45	0.050713	11.421
22.45	22.45	0.050730	11.527
22.45	22.46	0.050746	11.622
22.45	22.46	0.050763	11.721
22.45	22.46	0.050780	11.827
22.47	22.46	0.050796	11.921
22.47	22.46	0.050813	12.022
22.47	22.46	0.050830	12.122
22.47	22.46	0.050846	12.222
22.47	22.46	0.050863	12.322
22.47	22.46	0.050880	12.421
22.47	22.46	0.050896	12.522
22.47	22.46	0.050913	12.621
22.47	22.46	0.050930	12.727
22.47	22.46	0.050946	12.822
22.47	22.47	0.050963	12.921
22.47	22.47	0.050980	13.022
22.47	22.47	0.050996	13.121
22.47	22.47	0.051013	13.222
22.47	22.47	0.051030	13.327
22.47	22.47	0.051046	13.422
22.47	22.47	0.051063	13.521
22.47	22.47	0.051080	13.622
22.47	22.47	0.051096	13.721
22.47	22.47	0.051113	13.822
22.47	22.47	0.051130	13.921
22.47	22.47	0.051146	14.022
22.47	22.47	0.051163	14.122
22.47	22.48	0.051180	14.221
22.47	22.48	0.051196	14.322
22.47	22.48	0.051213	14.422
22.47	22.48	0.051230	14.527
22.47	22.48	0.051246	14.622
22.47	22.48	0.051263	14.721
22.47	22.48	0.051279	14.827
22.47	22.48	0.051296	14.922
22.47	22.48	0.051313	15.022
22.47	22.48	0.051329	15.121
22.47	22.48	0.051346	15.222
22.50	22.48	0.051363	15.321
22.50	22.48	0.051379	15.427
22.50	22.49	0.051396	15.521
22.50	22.49	0.051413	15.622
22.50	22.49	0.051429	15.727
22.50	22.49	0.051446	15.822
22.50	22.49	0.051463	15.922
22.50	22.49	0.051479	16.021
22.50	22.49	0.051496	16.122
22.50	22.49	0.051513	16.221
22.50	22.49	0.051529	16.327
22.50	22.49	0.051546	16.422
22.50	22.49	0.051563	16.546
22.50	22.49	0.051579	16.651
22.50	22.49	0.051596	16.750
22.50	22.50	0.051613	16.845
22.50	22.50	0.051629	16.949
22.50	22.50	0.051646	17.049
22.50	22.50	0.051663	17.143
22.50	22.50	0.051679	17.248
22.47	22.50	0.051696	17.347
22.47	22.50	0.051713	17.442
22.47	22.50	0.051729	17.546
