100.00	0.00	7.23	30.00	150.00	2.70	97.30	2.50	

24.99	21.50	0.000000	40.992
24.99	21.50	0.000017	41.092
24.94	21.50	0.000033	41.192
24.84	21.50	0.000050	41.292
24.15	21.50	0.000067	41.416
23.50	21.50	0.000083	41.516
23.17	21.50	0.000100	41.620
22.53	21.50	0.000117	41.715
21.96	21.50	0.000133	41.814
21.70	21.50	0.000150	41.919
21.34	21.50	0.000167	42.013
21.13	21.50	0.000183	42.113
21.08	21.50	0.000200	42.218
21.08	21.50	0.000217	42.312
21.23	21.50	0.000233	42.412
21.34	21.50	0.000250	42.516
21.57	21.50	0.000267	42.611
21.78	21.50	0.000283	42.712
21.88	21.50	0.000300	42.815
22.01	21.50	0.000317	42.909
22.01	21.50	0.000333	43.012
22.01	21.50	0.000350	43.114
21.96	21.50	0.000367	43.208
21.83	21.50	0.000383	43.313
21.75	21.50	0.000400	43.412
21.57	21.50	0.000416	43.507
21.49	21.50	0.000433	43.611
21.31	21.50	0.000450	43.711
21.18	21.50	0.000466	43.806
21.13	21.50	0.000483	43.910
21.08	21.50	0.000500	44.010
21.08	21.50	0.000516	44.104
21.08	21.50	0.000533	44.209
21.08	21.50	0.000550	44.308
21.08	21.50	0.000566	44.403
21.13	21.50	0.000583	44.507
21.21	21.50	0.000600	44.602
21.23	21.50	0.000616	44.703
21.23	21.50	0.000633	44.806
21.26	21.50	0.000650	44.901
21.26	21.50	0.000666	45.000
21.26	21.50	0.000683	45.105
21.28	21.50	0.000700	45.199
21.28	21.50	0.000716	45.299
21.28	21.50	0.000733	45.404
21.28	21.50	0.000750	45.498
21.26	21.50	0.000766	45.598
21.26	21.50	0.000783	45.702
21.23	21.50	0.000800	45.797
21.21	21.50	0.000816	45.896
21.21	21.50	0.000833	46.001
21.18	21.50	0.000850	46.095
21.18	21.50	0.000866	46.195
21.18	21.50	0.000883	46.301
21.15	21.50	0.000900	46.394
21.15	21.50	0.000916	46.495
21.15	21.50	0.000933	46.599
21.15	21.50	0.000950	46.693
21.15	21.50	0.000966	46.792
21.15	21.50	0.000983	46.897
21.15	21.50	0.001000	46.993
21.15	21.50	0.001016	47.092
21.18	21.50	0.001033	47.197
21.18	21.50	0.001050	47.292
21.23	21.50	0.001066	47.393
21.23	21.50	0.001083	47.495
21.23	21.50	0.001100	47.592
21.28	21.50	0.001116	47.692
21.28	21.50	0.001133	47.794
21.31	21.50	0.001150	47.892
21.31	21.50	0.001166	47.992
21.31	21.50	0.001183	48.093
21.34	21.50	0.001200	48.192
21.34	21.50	0.001216	48.292
21.34	21.50	0.001233	48.392
21.34	21.50	0.001250	48.492
21.34	21.50	0.001266	48.593
21.36	21.50	0.001283	48.692
21.36	21.50	0.001299	48.792
21.36	21.50	0.001316	48.892
21.36	21.50	0.001333	48.992
21.36	21.50	0.001349	49.092
21.36	21.50	0.001366	49.192
21.36	21.50	0.001383	49.292
21.36	21.50	0.001399	49.392
21.39	21.50	0.001416	49.493
21.39	21.50	0.001433	49.593
21.39	21.50	0.001449	49.693
21.39	21.50	0.001466	49.793
21.39	21.50	0.001483	49.893
21.39	21.50	0.001499	49.993
21.41	21.50	0.001516	50.093
21.41	21.50	0.001533	50.193
21.41	21.50	0.001549	50.293
21.41	21.50	0.001566	50.393
21.41	21.50	0.001583	50.493
21.44	21.50	0.001599	50.593
21.44	21.50	0.001616	50.693
21.44	21.50	0.001633	50.793
21.44	21.50	0.001649	50.893
21.44	21.50	0.001666	50.993
21.44	21.50	0.001683	51.094
21.44	21.50	0.001699	51.193
21.47	21.50	0.001716	51.293
21.47	21.50	0.001733	51.393
21.47	21.50	0.001749	51.493
21.47	21.50	0.001766	51.593
21.47	21.50	0.001783	51.693
21.47	21.50	0.001799	51.793
21.47	21.50	0.001816	51.893
21.47	21.50	0.001833	51.994
21.47	21.50	0.001849	52.093
21.47	21.50	0.001866	52.193
21.47	21.50	0.001883	52.293
21.47	21.50	0.001899	52.393
21.47	21.50	0.001916	52.493
21.47	21.50	0.001933	52.593
21.47	21.50	0.001949	52.693
21.49	21.50	0.001966	52.793
21.49	21.50	0.001983	52.893
21.49	21.50	0.001999	53.022
21.49	21.50	0.002016	53.117
21.49	21.50	0.002033	53.216
21.49	21.50	0.002049	53.321
21.49	21.50	0.002066	53.414
21.49	21.50	0.002082	53.515
21.49	21.50	0.002099	53.620
21.49	21.50	0.002116	53.713
21.49	21.50	0.002132	53.814
21.49	21.50	0.002149	53.917
21.49	21.50	0.002166	54.012
21.49	21.50	0.002182	54.113
21.49	21.50	0.002199	54.217
21.49	21.50	0.002216	54.312
21.49	21.50	0.002232	54.413
21.49	21.50	0.002249	54.516
21.49	21.50	0.002266	54.610
21.49	21.50	0.002282	54.714
21.49	21.50	0.002299	54.814
21.47	21.50	0.002316	54.909
21.47	21.50	0.002332	55.013
21.47	21.50	0.002349	55.113
21.47	21.50	0.002366	55.208
21.47	21.50	0.002382	55.312
21.47	21.50	0.002399	55.412
21.49	21.50	0.002416	55.506
21.49	21.50	0.002432	55.611
21.49	21.50	0.002449	55.710
21.49	21.50	0.002466	55.805
21.49	21.50	0.002482	55.909
21.49	21.50	0.002499	56.004
21.49	21.50	0.002516	56.103
21.49	21.50	0.002532	56.208
21.49	21.50	0.002549	56.303
21.49	21.50	0.002566	56.402
21.49	21.50	0.002582	56.507
21.49	21.50	0.002599	56.601
21.49	21.50	0.002616	56.701
21.49	21.50	0.002632	56.806
21.49	21.50	0.002649	56.900
21.49	21.50	0.002666	57.000
21.49	21.50	0.002682	57.104
21.49	21.50	0.002699	57.199
21.52	21.50	0.002716	57.298
21.52	21.50	0.002732	57.403
21.52	21.50	0.002749	57.498
21.52	21.50	0.002766	57.597
21.52	21.50	0.002782	57.702
21.52	21.50	0.002799	57.796
21.52	21.50	0.002816	57.896
21.52	21.50	0.002832	58.000
21.49	21.50	0.002849	58.095
21.49	21.50	0.002866	58.194
21.49	21.50	0.002882	58.299
21.49	21.50	0.002899	58.394
21.49	21.50	0.002915	58.494
21.49	21.50	0.002932	58.598
21.49	21.50	0.002949	58.693
21.49	21.50	0.002965	58.794
21.49	21.50	0.002982	58.896
21.49	21.50	0.002999	58.993
21.49	21.50	0.003015	59.094
21.49	21.50	0.003032	59.195
21.49	21.50	0.003049	59.293
21.49	21.50	0.003065	59.394
21.49	21.50	0.003082	59.494
21.49	21.50	0.003099	59.593
21.49	21.50	0.003115	59.693
21.49	21.50	0.003132	59.793
21.49	21.50	0.003149	59.893
21.49	21.50	0.003165	59.993
21.49	21.50	0.003182	00.093
21.49	21.50	0.003199	00.193
21.49	21.50	0.003215	00.293
21.49	21.50	0.003232	00.393
21.49	21.50	0.003249	00.493
21.49	21.50	0.003265	00.593
21.49	21.50	0.003282	00.693
21.49	21.50	0.003299	00.793
21.49	21.50	0.003315	00.893
21.49	21.50	0.003332	00.993
21.49	21.50	0.003349	01.093
21.49	21.50	0.003365	01.193
21.49	21.50	0.003382	01.293
21.49	21.50	0.003399	01.393
21.49	21.50	0.003415	01.493
21.49	21.50	0.003432	01.593
21.52	21.50	0.003449	01.693
21.52	21.50	0.003465	01.793
21.52	21.50	0.003482	01.893
21.52	21.50	0.003499	01.993
21.52	21.50	0.003515	02.093
21.52	21.50	0.003532	02.193
21.52	21.50	0.003549	02.293
21.52	21.50	0.003565	02.394
21.49	21.50	0.003582	02.493
21.49	21.50	0.003599	02.593
21.49	21.50	0.003615	02.693
21.49	21.50	0.003632	02.793
21.49	21.50	0.003649	02.893
21.49	21.50	0.003665	02.993
21.49	21.50	0.003682	03.093
21.49	21.50	0.003699	03.193
21.49	21.50	0.003715	03.293
21.49	21.50	0.003732	03.393
21.49	21.50	0.003748	03.493
21.49	21.50	0.003765	03.593
21.49	21.50	0.003782	03.693
21.49	21.50	0.003798	03.793
21.49	21.50	0.003815	03.893
21.49	21.50	0.003832	03.993
21.49	21.50	0.003848	04.093
21.49	21.50	0.003865	04.193
21.49	21.50	0.003882	04.293
21.49	21.50	0.003898	04.393
21.49	21.50	0.003915	04.492
21.49	21.50	0.003932	04.593
21.49	21.50	0.003948	04.721
21.49	21.50	0.003965	04.816
21.49	21.50	0.003982	04.916
21.49	21.50	0.003998	05.020
21.52	21.50	0.004015	05.116
21.52	21.50	0.004032	05.215
21.52	21.50	0.004048	05.320
21.52	21.50	0.004065	05.414
21.52	21.50	0.004082	05.515
21.52	21.50	0.004098	05.618
21.52	21.50	0.004115	05.713
21.49	21.50	0.004132	05.815
21.49	21.50	0.004148	05.917
21.49	21.50	0.004165	06.012
21.49	21.50	0.004182	06.115
21.49	21.50	0.004198	06.216
21.49	21.50	0.004215	06.310
21.49	21.50	0.004232	06.415
21.49	21.50	0.004248	06.514
21.49	21.50	0.004265	06.609
21.49	21.50	0.004282	06.714
21.49	21.50	0.004298	06.813
21.49	21.50	0.004315	06.908
21.49	21.50	0.004332	07.012
21.49	21.50	0.004348	07.112
21.49	21.50	0.004365	07.206
21.49	21.50	0.004382	07.311
21.49	21.50	0.004398	07.405
21.49	21.50	0.004415	07.505
21.49	21.50	0.004432	07.610
21.49	21.50	0.004448	07.704
21.49	21.50	0.004465	07.804
21.49	21.50	0.004482	07.908
21.49	21.50	0.004498	08.003
21.52	21.50	0.004515	08.102
21.52	21.50	0.004532	08.207
21.52	21.50	0.004548	08.302
21.52	21.50	0.004565	08.401
21.52	21.50	0.004581	08.506
21.52	21.50	0.004598	08.600
21.52	21.50	0.004615	08.700
21.52	21.50	0.004631	08.804
21.52	21.50	0.004648	08.899
21.49	21.50	0.004665	08.998
21.49	21.50	0.004681	09.103
21.49	21.50	0.004698	09.197
21.49	21.50	0.004715	09.297
21.49	21.50	0.004731	09.402
21.49	21.50	0.004748	09.496
21.49	21.50	0.004765	09.595
21.49	21.50	0.004781	09.701
21.49	21.50	0.004798	09.794
21.49	21.50	0.004815	09.895
21.49	21.50	0.004831	10.000
21.49	21.50	0.004848	10.094
21.49	21.50	0.004865	10.196
21.49	21.50	0.004881	10.298
21.49	21.50	0.004898	10.394
21.49	21.50	0.004915	10.495
21.49	21.50	0.004931	10.597
21.49	21.50	0.004948	10.695
21.49	21.50	0.004965	10.795
21.49	21.50	0.004981	10.896
21.49	21.50	0.004998	10.994
21.49	21.50	0.005015	11.095
21.49	21.50	0.005031	11.194
21.49	21.50	0.005048	11.294
21.49	21.50	0.005065	11.394
21.49	21.50	0.005081	11.494
21.52	21.50	0.005098	11.595
21.52	21.50	0.005115	11.694
21.52	21.50	0.005131	11.794
21.52	21.50	0.005148	11.894
21.52	21.50	0.005165	11.994
21.52	21.50	0.005181	12.094
21.52	21.50	0.005198	12.194
21.52	21.50	0.005215	12.294
21.52	21.50	0.005231	12.394
21.49	21.50	0.005248	12.494
21.49	21.50	0.005265	12.594
21.49	21.50	0.005281	12.694
21.49	21.50	0.005298	12.794
21.49	21.50	0.005315	12.894
21.49	21.50	0.005331	12.994
21.49	21.50	0.005348	13.094
21.49	21.50	0.005365	13.195
21.49	21.50	0.005381	13.294
21.49	21.50	0.005398	13.394
21.49	21.50	0.005414	13.494
21.49	21.50	0.005431	13.594
21.49	21.50	0.005448	13.694
21.49	21.50	0.005464	13.794
21.49	21.50	0.005481	13.894
21.49	21.50	0.005498	13.994
21.49	21.50	0.005514	14.094
21.49	21.50	0.005531	14.194
21.49	21.50	0.005548	14.294
21.49	21.50	0.005564	14.394
21.49	21.50	0.005581	14.494
21.49	21.50	0.005598	14.594
21.49	21.50	0.005614	14.694
21.49	21.50	0.005631	14.794
21.49	21.50	0.005648	14.894
21.52	21.50	0.005664	14.994
21.52	21.50	0.005681	15.094
21.52	21.50	0.005698	15.194
21.52	21.50	0.005714	15.294
21.52	21.50	0.005731	15.394
21.52	21.50	0.005748	15.494
21.52	21.50	0.005764	15.594
21.52	21.50	0.005781	15.695
21.52	21.50	0.005798	15.794
21.52	21.50	0.005814	15.894
21.52	21.50	0.005831	15.994
21.52	21.50	0.005848	16.094
21.49	21.50	0.005864	16.218
21.49	21.50	0.005881	16.318
21.49	21.50	0.005898	16.422
21.49	21.50	0.005914	16.517
21.49	21.50	0.005931	16.616
21.49	21.50	0.005948	16.721
21.49	21.50	0.005964	16.816
21.49	21.50	0.005981	16.916
21.49	21.50	0.005998	17.020
21.49	21.50	0.006014	17.114
21.49	21.50	0.006031	17.217
21.49	21.50	0.006048	17.318
21.49	21.50	0.006064	17.413
21.49	21.50	0.006081	17.517
21.49	21.50	0.006098	17.617
21.49	21.50	0.006114	17.712
21.49	21.50	0.006131	17.816
21.49	21.50	0.006148	17.916
21.49	21.50	0.006164	18.010
21.49	21.50	0.006181	18.115
21.49	21.50	0.006198	18.214
21.49	21.50	0.006214	18.309
21.49	21.50	0.006231	18.414
21.49	21.50	0.006247	18.513
21.52	21.50	0.006264	18.608
21.52	21.50	0.006281	18.712
21.52	21.50	0.006297	18.807
21.52	21.50	0.006314	18.906
21.52	21.50	0.006331	19.011
21.52	21.50	0.006347	19.106
21.52	21.50	0.006364	19.205
21.52	21.50	0.006381	19.310
21.49	21.50	0.006397	19.404
21.49	21.50	0.006414	19.504
21.49	21.50	0.006431	19.608
21.49	21.50	0.006447	19.703
21.49	21.50	0.006464	19.802
21.49	21.50	0.006481	19.907
21.49	21.50	0.006497	20.002
21.49	21.50	0.006514	20.101
21.49	21.50	0.006531	20.206
21.49	21.50	0.006547	20.300
21.49	21.50	0.006564	20.400
21.49	21.50	0.006581	20.504
21.49	21.50	0.006597	20.599
21.49	21.50	0.006614	20.698
21.49	21.50	0.006631	20.803
21.49	21.50	0.006647	20.898
21.49	21.50	0.006664	20.998
21.49	21.50	0.006681	21.102
21.49	21.50	0.006697	21.197
21.49	21.50	0.006714	21.297
21.49	21.50	0.006731	21.401
21.49	21.50	0.006747	21.495
21.49	21.50	0.006764	21.597
21.49	21.50	0.006781	21.700
21.52	21.50	0.006797	21.794
21.52	21.50	0.006814	21.897
21.52	21.50	0.006831	21.998
21.52	21.50	0.006847	22.094
21.52	21.50	0.006864	22.197
21.52	21.50	0.006881	22.297
21.52	21.50	0.006897	22.395
21.52	21.50	0.006914	22.496
21.52	21.50	0.006931	22.596
21.52	21.50	0.006947	22.694
21.49	21.50	0.006964	22.795
21.49	21.50	0.006981	22.894
21.49	21.50	0.006997	22.994
21.49	21.50	0.007014	23.094
21.49	21.50	0.007031	23.194
21.49	21.50	0.007047	23.294
21.49	21.50	0.007064	23.394
21.49	21.50	0.007080	23.494
21.49	21.50	0.007097	23.594
21.49	21.50	0.007114	23.694
21.49	21.50	0.007130	23.794
21.49	21.50	0.007147	23.894
21.49	21.50	0.007164	23.994
21.49	21.50	0.007180	24.094
21.49	21.50	0.007197	24.194
21.49	21.50	0.007214	24.294
21.49	21.50	0.007230	24.394
21.49	21.50	0.007247	24.494
21.49	21.50	0.007264	24.594
21.49	21.50	0.007280	24.694
21.49	21.50	0.007297	24.794
21.49	21.50	0.007314	24.895
21.49	21.50	0.007330	24.994
21.49	21.50	0.007347	25.094
21.49	21.50	0.007364	25.194
21.52	21.50	0.007380	25.294
21.52	21.50	0.007397	25.394
21.52	21.50	0.007414	25.494
21.52	21.50	0.007430	25.594
21.52	21.50	0.007447	25.694
21.52	21.50	0.007464	25.794
21.52	21.50	0.007480	25.894
21.52	21.50	0.007497	25.994
21.52	21.50	0.007514	26.094
21.52	21.50	0.007530	26.194
21.49	21.50	0.007547	26.294
21.49	21.50	0.007564	26.394
21.49	21.50	0.007580	26.495
21.49	21.50	0.007597	26.594
21.49	21.50	0.007614	26.694
21.49	21.50	0.007630	26.794
21.49	21.50	0.007647	26.894
21.49	21.50	0.007664	26.994
21.49	21.50	0.007680	27.094
21.49	21.50	0.007697	27.194
21.49	21.50	0.007714	27.294
21.49	21.50	0.007730	27.395
21.49	21.50	0.007747	27.494
21.49	21.50	0.007764	27.594
21.49	21.50	0.007780	27.694
21.49	21.50	0.007797	27.794
21.49	21.50	0.007814	27.918
21.49	21.50	0.007830	27.994
21.49	21.50	0.007847	28.122
21.49	21.50	0.007864	28.217
21.49	21.50	0.007880	28.294
21.49	21.50	0.007897	28.421
21.49	21.50	0.007913	28.516
21.52	21.50	0.007930	28.593
21.52	21.50	0.007947	28.720
21.52	21.50	0.007963	28.814
21.52	21.50	0.007980	28.894
21.52	21.50	0.007997	29.018
21.52	21.50	0.008013	29.113
21.52	21.50	0.008030	29.218
21.52	21.50	0.008047	29.317
21.52	21.50	0.008063	29.412
21.52	21.50	0.008080	29.516
21.49	21.50	0.008097	29.616
21.49	21.50	0.008113	29.710
21.49	21.50	0.008130	29.815
21.49	21.50	0.008147	29.914
21.49	21.50	0.008163	30.009
21.49	21.50	0.008180	30.114
21.49	21.50	0.008197	30.208
21.49	21.50	0.008213	30.308
21.49	21.50	0.008230	30.412
21.49	21.50	0.008247	30.507
21.49	21.50	0.008263	30.606
21.49	21.50	0.008280	30.711
21.49	21.50	0.008297	30.806
21.49	21.50	0.008313	30.905
21.49	21.50	0.008330	31.010
21.49	21.50	0.008347	31.104
21.49	21.50	0.008363	31.204
21.49	21.50	0.008380	31.308
21.49	21.50	0.008397	31.403
21.49	21.50	0.008413	31.503
21.49	21.50	0.008430	31.607
21.49	21.50	0.008447	31.702
21.52	21.50	0.008463	31.801
21.52	21.50	0.008480	31.906
21.52	21.50	0.008497	32.000
21.52	21.50	0.008513	32.100
21.52	21.50	0.008530	32.204
21.52	21.50	0.008547	32.299
21.52	21.50	0.008563	32.399
21.52	21.50	0.008580	32.503
21.52	21.50	0.008597	32.598
21.52	21.50	0.008613	32.699
21.49	21.50	0.008630	32.803
21.49	21.50	0.008647	32.896
21.49	21.50	0.008663	32.999
21.49	21.50	0.008680	33.100
21.49	21.50	0.008697	33.195
21.49	21.50	0.008713	33.299
21.49	21.50	0.008730	33.399
21.49	21.50	0.008746	33.495
21.49	21.50	0.008763	33.598
21.49	21.50	0.008780	33.698
21.49	21.50	0.008796	33.795
21.49	21.50	0.008813	33.897
21.49	21.50	0.008830	33.997
21.49	21.50	0.008846	34.095
21.49	21.50	0.008863	34.196
21.49	21.50	0.008880	34.295
21.49	21.50	0.008896	34.395
21.49	21.50	0.008913	34.495
21.49	21.50	0.008930	34.595
21.49	21.50	0.008946	34.695
21.49	21.50	0.008963	34.795
21.49	21.50	0.008980	34.896
21.52	21.50	0.008996	34.995
21.52	21.50	0.009013	35.095
21.52	21.50	0.009030	35.195
21.52	21.50	0.009046	35.295
21.52	21.50	0.009063	35.395
21.52	21.50	0.009080	35.495
21.52	21.50	0.009096	35.595
21.52	21.50	0.009113	35.695
21.52	21.50	0.009130	35.795
21.49	21.50	0.009146	35.895
21.49	21.50	0.009163	35.995
21.49	21.50	0.009180	36.095
21.49	21.50	0.009196	36.195
21.49	21.50	0.009213	36.295
21.49	21.50	0.009230	36.395
21.49	21.50	0.009246	36.495
21.49	21.50	0.009263	36.596
21.49	21.50	0.009280	36.696
21.49	21.50	0.009296	36.796
21.49	21.50	0.009313	36.896
21.49	21.50	0.009330	36.996
21.49	21.50	0.009346	37.096
21.49	21.50	0.009363	37.196
21.49	21.50	0.009380	37.296
21.49	21.50	0.009396	37.396
21.49	21.50	0.009413	37.496
21.49	21.50	0.009430	37.596
21.49	21.50	0.009446	37.696
21.49	21.50	0.009463	37.796
21.49	21.50	0.009480	37.896
21.49	21.50	0.009496	37.996
21.52	21.50	0.009513	38.097
21.52	21.50	0.009530	38.196
21.52	21.50	0.009546	38.296
21.52	21.50	0.009563	38.396
21.52	21.50	0.009579	38.496
21.52	21.50	0.009596	38.596
21.52	21.50	0.009613	38.696
21.52	21.50	0.009629	38.796
21.52	21.50	0.009646	38.896
21.52	21.50	0.009663	38.996
21.49	21.50	0.009679	39.096
21.49	21.50	0.009696	39.196
21.49	21.50	0.009713	39.319
21.49	21.50	0.009729	39.395
21.49	21.50	0.009746	39.523
21.49	21.50	0.009763	39.618
21.49	21.50	0.009779	39.719
21.49	21.50	0.009796	39.822
21.49	21.50	0.009813	39.917
21.49	21.50	0.009829	39.996
21.49	21.50	0.009846	40.121
21.49	21.50	0.009863	40.216
21.49	21.50	0.009879	40.320
21.49	21.50	0.009896	40.420
21.49	21.50	0.009913	40.514
21.49	21.50	0.009929	40.619
21.49	21.50	0.009946	40.719
21.49	21.50	0.009963	40.813
21.52	21.50	0.009979	40.918
21.52	21.50	0.009996	41.017
21.52	21.50	0.010013	41.112
21.52	21.50	0.010029	41.216
21.52	21.50	0.010046	41.316
21.52	21.50	0.010063	41.410
21.52	21.50	0.010079	41.515
21.52	21.50	0.010096	41.610
21.52	21.50	0.010113	41.709
21.52	21.50	0.010129	41.814
21.49	21.50	0.010146	41.908
21.49	21.50	0.010163	42.008
21.49	21.50	0.010179	42.112
21.49	21.50	0.010196	42.207
21.49	21.50	0.010213	42.307
21.49	21.50	0.010229	42.411
21.49	21.50	0.010246	42.506
21.49	21.50	0.010263	42.605
21.49	21.50	0.010279	42.710
21.49	21.50	0.010296	42.804
21.49	21.50	0.010313	42.904
21.49	21.50	0.010329	43.008
21.49	21.50	0.010346	43.103
21.49	21.50	0.010363	43.203
21.49	21.50	0.010379	43.307
21.49	21.50	0.010396	43.402
21.49	21.50	0.010412	43.501
21.49	21.50	0.010429	43.606
21.49	21.50	0.010446	43.700
21.49	21.50	0.010462	43.800
21.49	21.50	0.010479	43.904
21.52	21.50	0.010496	44.000
21.52	21.50	0.010512	44.101
21.52	21.50	0.010529	44.204
21.52	21.50	0.010546	44.299
21.52	21.50	0.010562	44.400
21.52	21.50	0.010579	44.503
21.52	21.50	0.010596	44.597
21.52	21.50	0.010612	44.701
21.52	21.50	0.010629	44.802
21.52	21.50	0.010646	44.896
21.52	21.50	0.010662	45.001
21.52	21.50	0.010679	45.100
21.49	21.50	0.010696	45.196
21.49	21.50	0.010712	45.299
21.49	21.50	0.010729	45.398
21.49	21.50	0.010746	45.496
21.49	21.50	0.010762	45.598
21.49	21.50	0.010779	45.697
21.49	21.50	0.010796	45.796
21.49	21.50	0.010812	45.896
21.49	21.50	0.010829	45.996
21.49	21.50	0.010846	46.096
21.49	21.50	0.010862	46.196
21.49	21.50	0.010879	46.296
21.49	21.50	0.010896	46.396
21.49	21.50	0.010912	46.496
21.49	21.50	0.010929	46.596
21.49	21.50	0.010946	46.696
21.49	21.50	0.010962	46.796
21.49	21.50	0.010979	46.896
21.49	21.50	0.010996	46.996
21.49	21.50	0.011012	47.096
21.49	21.50	0.011029	47.197
21.49	21.50	0.011046	47.296
21.49	21.50	0.011062	47.396
21.49	21.50	0.011079	47.496
21.49	21.50	0.011096	47.597
21.52	21.50	0.011112	47.697
21.52	21.50	0.011129	47.797
21.52	21.50	0.011146	47.897
21.52	21.50	0.011162	47.997
21.52	21.50	0.011179	48.098
21.52	21.50	0.011196	48.197
21.52	21.50	0.011212	48.297
21.52	21.50	0.011229	48.397
21.52	21.50	0.011245	48.497
21.52	21.50	0.011262	48.597
21.52	21.50	0.011279	48.697
21.49	21.50	0.011295	48.797
21.49	21.50	0.011312	48.897
21.49	21.50	0.011329	48.997
21.49	21.50	0.011345	49.097
21.49	21.50	0.011362	49.197
21.49	21.50	0.011379	49.297
21.49	21.50	0.011395	49.397
21.49	21.50	0.011412	49.497
21.49	21.50	0.011429	49.597
21.49	21.50	0.011445	49.697
21.49	21.50	0.011462	49.797
21.49	21.50	0.011479	49.897
21.49	21.50	0.011495	49.997
21.49	21.50	0.011512	50.097
21.49	21.50	0.011529	50.197
21.49	21.50	0.011545	50.297
21.49	21.50	0.011562	50.397
21.49	21.50	0.011579	50.497
21.49	21.50	0.011595	50.597
21.49	21.50	0.011612	50.697
21.49	21.50	0.011629	50.797
21.49	21.50	0.011645	50.926
21.52	21.50	0.011662	51.020
21.52	21.50	0.011679	51.097
21.52	21.50	0.011695	51.224
21.52	21.50	0.011712	51.319
21.52	21.50	0.011729	51.421
21.52	21.50	0.011745	51.523
21.52	21.50	0.011762	51.617
21.52	21.50	0.011779	51.722
21.52	21.50	0.011795	51.821
21.52	21.50	0.011812	51.916
21.49	21.50	0.011829	52.020
21.49	21.50	0.011845	52.120
21.49	21.50	0.011862	52.214
21.49	21.50	0.011879	52.319
21.49	21.50	0.011895	52.419
21.49	21.50	0.011912	52.513
21.49	21.50	0.011929	52.618
21.49	21.50	0.011945	52.717
21.49	21.50	0.011962	52.812
21.49	21.50	0.011979	52.916
21.49	21.50	0.011995	53.011
21.49	21.50	0.012012	53.111
21.49	21.50	0.012029	53.215
21.49	21.50	0.012045	53.310
21.49	21.50	0.012062	53.409
21.49	21.50	0.012078	53.514
21.49	21.50	0.012095	53.608
21.52	21.50	0.012112	53.708
21.52	21.50	0.012128	53.812
21.52	21.50	0.012145	53.907
21.52	21.50	0.012162	54.008
21.52	21.50	0.012178	54.111
21.52	21.50	0.012195	54.207
21.52	21.50	0.012212	54.305
21.52	21.50	0.012228	54.411
21.52	21.50	0.012245	54.505
21.49	21.50	0.012262	54.604
21.49	21.50	0.012278	54.708
21.49	21.50	0.012295	54.803
21.49	21.50	0.012312	54.903
21.49	21.50	0.012328	55.007
21.49	21.50	0.012345	55.102
21.49	21.50	0.012362	55.201
21.49	21.50	0.012378	55.306
21.49	21.50	0.012395	55.400
21.49	21.50	0.012412	55.502
21.49	21.50	0.012428	55.605
21.49	21.50	0.012445	55.699
21.49	21.50	0.012462	55.802
21.49	21.50	0.012478	55.903
21.49	21.50	0.012495	55.999
21.49	21.50	0.012512	56.101
21.49	21.50	0.012528	56.203
21.49	21.50	0.012545	56.299
21.49	21.50	0.012562	56.402
21.49	21.50	0.012578	56.501
21.49	21.50	0.012595	56.599
21.49	21.50	0.012612	56.700
21.49	21.50	0.012628	56.800
21.52	21.50	0.012645	56.899
21.52	21.50	0.012662	56.999
21.52	21.50	0.012678	57.099
21.52	21.50	0.012695	57.199
21.52	21.50	0.012712	57.299
21.52	21.50	0.012728	57.399
21.52	21.50	0.012745	57.499
21.52	21.50	0.012762	57.599
21.52	21.50	0.012778	57.699
21.52	21.50	0.012795	57.799
21.49	21.50	0.012812	57.899
21.49	21.50	0.012828	58.000
21.49	21.50	0.012845	58.099
21.49	21.50	0.012862	58.199
21.49	21.50	0.012878	58.299
21.49	21.50	0.012895	58.399
21.49	21.50	0.012911	58.499
21.49	21.50	0.012928	58.599
21.49	21.50	0.012945	58.699
21.49	21.50	0.012961	58.799
21.49	21.50	0.012978	58.900
21.49	21.50	0.012995	58.999
21.49	21.50	0.013011	59.099
21.49	21.50	0.013028	59.199
21.49	21.50	0.013045	59.299
21.49	21.50	0.013061	59.399
21.49	21.50	0.013078	59.499
21.49	21.50	0.013095	59.599
21.49	21.50	0.013111	59.699
21.49	21.50	0.013128	59.799
21.49	21.50	0.013145	59.899
21.49	21.50	0.013161	59.999
21.52	21.50	0.013178	00.099
21.52	21.50	0.013195	00.199
21.52	21.50	0.013211	00.299
21.52	21.50	0.013228	00.399
21.52	21.50	0.013245	00.499
21.52	21.50	0.013261	00.599
21.52	21.50	0.013278	00.699
21.52	21.50	0.013295	00.799
21.52	21.50	0.013311	00.899
21.49	21.50	0.013328	00.999
21.49	21.50	0.013345	01.099
21.49	21.50	0.013361	01.199
21.49	21.50	0.013378	01.299
21.49	21.50	0.013395	01.400
21.49	21.50	0.013411	01.499
21.49	21.50	0.013428	01.599
21.49	21.50	0.013445	01.699
21.49	21.50	0.013461	01.799
21.49	21.50	0.013478	01.923
21.49	21.50	0.013495	02.028
21.49	21.50	0.013511	02.122
21.49	21.50	0.013528	02.199
21.49	21.50	0.013545	02.327
21.49	21.50	0.013561	02.422
21.49	21.50	0.013578	02.523
21.49	21.50	0.013595	02.625
21.49	21.50	0.013611	02.720
21.49	21.50	0.013628	02.823
21.49	21.50	0.013645	02.924
21.49	21.50	0.013661	03.019
21.49	21.50	0.013678	03.099
21.52	21.50	0.013695	03.223
21.52	21.50	0.013711	03.317
21.52	21.50	0.013728	03.422
21.52	21.50	0.013744	03.521
21.52	21.50	0.013761	03.616
21.52	21.50	0.013778	03.720
21.52	21.50	0.013794	03.820
21.52	21.50	0.013811	03.915
21.52	21.50	0.013828	04.019
21.52	21.50	0.013844	04.119
21.49	21.50	0.013861	04.213
21.49	21.50	0.013878	04.318
21.49	21.50	0.013894	04.412
21.49	21.50	0.013911	04.512
21.49	21.50	0.013928	04.616
21.49	21.50	0.013944	04.711
21.49	21.50	0.013961	04.811
21.49	21.50	0.013978	04.915
21.49	21.50	0.013994	05.010
21.49	21.50	0.014011	05.109
21.49	21.50	0.014028	05.214
21.49	21.50	0.014044	05.308
21.49	21.50	0.014061	05.408
21.49	21.50	0.014078	05.513
21.49	21.50	0.014094	05.608
21.49	21.50	0.014111	05.707
21.49	21.50	0.014128	05.812
21.49	21.50	0.014144	05.906
21.49	21.50	0.014161	06.006
21.49	21.50	0.014178	06.110
21.49	21.50	0.014194	06.205
21.49	21.50	0.014211	06.304
21.49	21.50	0.014228	06.409
21.52	21.50	0.014244	06.504
21.52	21.50	0.014261	06.603
21.52	21.50	0.014278	06.708
21.52	21.50	0.014294	06.802
21.52	21.50	0.014311	06.904
21.52	21.50	0.014328	07.006
21.52	21.50	0.014344	07.101
21.52	21.50	0.014361	07.204
21.52	21.50	0.014378	07.305
21.52	21.50	0.014394	07.400
21.52	21.50	0.014411	07.503
21.52	21.50	0.014428	07.604
21.49	21.50	0.014444	07.699
21.49	21.50	0.014461	07.803
21.49	21.50	0.014478	07.903
21.49	21.50	0.014494	07.999
21.49	21.50	0.014511	08.102
21.49	21.50	0.014528	08.202
21.49	21.50	0.014544	08.299
21.49	21.50	0.014561	08.401
21.49	21.50	0.014577	08.500
21.49	21.50	0.014594	08.599
21.49	21.50	0.014611	08.699
21.49	21.50	0.014627	08.799
21.49	21.50	0.014644	08.899
21.49	21.50	0.014661	08.999
21.49	21.50	0.014677	09.099
21.49	21.50	0.014694	09.199
21.49	21.50	0.014711	09.299
21.49	21.50	0.014727	09.399
21.49	21.50	0.014744	09.499
21.49	21.50	0.014761	09.600
21.49	21.50	0.014777	09.699
21.49	21.50	0.014794	09.799
21.49	21.50	0.014811	09.899
21.49	21.50	0.014827	10.000
21.49	21.50	0.014844	10.099
21.49	21.50	0.014861	10.199
21.52	21.50	0.014877	10.299
21.52	21.50	0.014894	10.399
21.52	21.50	0.014911	10.500
21.52	21.50	0.014927	10.599
21.52	21.50	0.014944	10.699
21.52	21.50	0.014961	10.799
21.52	21.50	0.014977	10.900
21.52	21.50	0.014994	10.999
21.49	21.50	0.015011	11.099
21.49	21.50	0.015027	11.199
21.49	21.50	0.015044	11.299
21.49	21.50	0.015061	11.399
21.49	21.50	0.015077	11.499
21.49	21.50	0.015094	11.599
21.49	21.50	0.015111	11.699
21.49	21.50	0.015127	11.800
21.49	21.50	0.015144	11.899
21.49	21.50	0.015161	11.999
21.49	21.50	0.015177	12.100
21.49	21.50	0.015194	12.199
21.49	21.50	0.015211	12.299
21.49	21.50	0.015227	12.399
21.49	21.50	0.015244	12.499
21.49	21.50	0.015261	12.599
21.49	21.50	0.015277	12.700
21.49	21.50	0.015294	12.799
21.49	21.50	0.015311	12.899
21.52	21.50	0.015327	13.000
21.52	21.50	0.015344	13.099
21.52	21.50	0.015361	13.199
21.52	21.50	0.015377	13.300
21.52	21.50	0.015394	13.399
21.52	21.50	0.015410	13.499
21.52	21.50	0.015427	13.600
21.52	21.50	0.015444	13.728
21.52	21.50	0.015460	13.823
21.52	21.50	0.015477	13.900
21.49	21.50	0.015494	14.027
21.49	21.50	0.015510	14.122
21.49	21.50	0.015527	14.200
21.49	21.50	0.015544	14.326
21.49	21.50	0.015560	14.420
21.49	21.50	0.015577	14.500
21.49	21.50	0.015594	14.624
21.49	21.50	0.015610	14.719
21.49	21.50	0.015627	14.824
21.49	21.50	0.015644	14.923
21.49	21.50	0.015660	15.017
21.49	21.50	0.015677	15.122
21.49	21.50	0.015694	15.221
21.49	21.50	0.015710	15.316
21.49	21.50	0.015727	15.420
21.49	21.50	0.015744	15.520
21.49	21.50	0.015760	15.615
21.49	21.50	0.015777	15.719
21.49	21.50	0.015794	15.814
21.49	21.50	0.015810	15.913
21.49	21.50	0.015827	16.018
21.49	21.50	0.015844	16.112
21.49	21.50	0.015860	16.212
21.49	21.50	0.015877	16.316
21.52	21.50	0.015894	16.412
21.52	21.50	0.015910	16.512
21.52	21.50	0.015927	16.616
21.52	21.50	0.015944	16.711
21.52	21.50	0.015960	16.810
21.52	21.50	0.015977	16.915
21.52	21.50	0.015994	17.009
21.52	21.50	0.016010	17.109
21.52	21.50	0.016027	17.214
21.52	21.50	0.016044	17.308
21.49	21.50	0.016060	17.408
21.49	21.50	0.016077	17.512
21.49	21.50	0.016094	17.607
21.49	21.50	0.016110	17.706
21.49	21.50	0.016127	17.811
21.49	21.50	0.016144	17.905
21.49	21.50	0.016160	18.005
21.49	21.50	0.016177	18.110
21.49	21.50	0.016194	18.204
21.49	21.50	0.016210	18.305
21.49	21.50	0.016227	18.408
21.49	21.50	0.016244	18.503
21.49	21.50	0.016260	18.604
21.49	21.50	0.016277	18.707
21.49	21.50	0.016293	18.802
21.49	21.50	0.016310	18.905
21.49	21.50	0.016327	19.006
21.49	21.50	0.016343	19.100
21.49	21.50	0.016360	19.205
21.49	21.50	0.016377	19.304
21.49	21.50	0.016393	19.399
21.49	21.50	0.016410	19.504
21.52	21.50	0.016427	19.603
21.52	21.50	0.016443	19.699
21.52	21.50	0.016460	19.802
21.52	21.50	0.016477	19.902
21.52	21.50	0.016493	19.999
21.52	21.50	0.016510	20.101
21.52	21.50	0.016527	20.201
21.52	21.50	0.016543	20.299
21.52	21.50	0.016560	20.400
21.52	21.50	0.016577	20.501
21.49	21.50	0.016593	20.599
21.49	21.50	0.016610	20.699
21.49	21.50	0.016627	20.801
21.49	21.50	0.016643	20.899
21.49	21.50	0.016660	20.999
21.49	21.50	0.016677	21.101
21.49	21.50	0.016693	21.199
21.49	21.50	0.016710	21.299
21.49	21.50	0.016727	21.401
21.49	21.50	0.016743	21.499
21.49	21.50	0.016760	21.599
21.49	21.50	0.016777	21.701
21.49	21.50	0.016793	21.801
21.49	21.50	0.016810	21.900
21.49	21.50	0.016827	22.001
21.49	21.50	0.016843	22.100
21.49	21.50	0.016860	22.200
21.49	21.50	0.016877	22.301
21.49	21.50	0.016893	22.400
21.49	21.50	0.016910	22.500
21.49	21.50	0.016927	22.601
21.49	21.50	0.016943	22.701
21.49	21.50	0.016960	22.800
21.49	21.50	0.016977	22.901
21.52	21.50	0.016993	23.000
21.52	21.50	0.017010	23.100
21.52	21.50	0.017027	23.201
21.52	21.50	0.017043	23.300
21.52	21.50	0.017060	23.400
21.52	21.50	0.017077	23.501
21.52	21.50	0.017093	23.600
21.52	21.50	0.017110	23.700
21.52	21.50	0.017126	23.802
21.52	21.50	0.017143	23.900
21.49	21.50	0.017160	24.000
21.49	21.50	0.017176	24.101
21.49	21.50	0.017193	24.200
21.49	21.50	0.017210	24.301
21.49	21.50	0.017226	24.401
21.49	21.50	0.017243	24.500
21.49	21.50	0.017260	24.600
21.49	21.50	0.017276	24.702
21.49	21.50	0.017293	24.801
21.49	21.50	0.017310	24.901
21.49	21.50	0.017326	25.001
21.49	21.50	0.017343	25.130
21.49	21.50	0.017360	25.224
21.49	21.50	0.017376	25.301
21.49	21.50	0.017393	25.429
21.49	21.50	0.017410	25.523
21.49	21.50	0.017426	25.602
21.49	21.50	0.017443	25.727
21.49	21.50	0.017460	25.822
21.49	21.50	0.017476	25.926
21.52	21.50	0.017493	26.026
21.52	21.50	0.017510	26.120
21.52	21.50	0.017526	26.225
21.52	21.50	0.017543	26.325
21.52	21.50	0.017560	26.419
21.52	21.50	0.017576	26.524
21.52	21.50	0.017593	26.623
21.52	21.50	0.017610	26.717
21.52	21.50	0.017626	26.822
21.52	21.50	0.017643	26.921
21.52	21.50	0.017660	27.016
21.52	21.50	0.017676	27.121
21.49	21.50	0.017693	27.215
21.49	21.50	0.017710	27.315
21.49	21.50	0.017726	27.419
21.49	21.50	0.017743	27.514
21.49	21.50	0.017760	27.613
21.49	21.50	0.017776	27.718
21.49	21.50	0.017793	27.813
21.49	21.50	0.017810	27.912
21.49	21.50	0.017826	28.017
21.49	21.50	0.017843	28.111
21.49	21.50	0.017860	28.211
21.49	21.50	0.017876	28.315
21.49	21.50	0.017893	28.410
21.49	21.50	0.017910	28.509
21.49	21.50	0.017926	28.614
21.49	21.50	0.017943	28.710
21.49	21.50	0.017959	28.808
21.49	21.50	0.017976	28.913
21.49	21.50	0.017993	29.007
21.49	21.50	0.018009	29.107
21.49	21.50	0.018026	29.212
21.49	21.50	0.018043	29.306
21.49	21.50	0.018059	29.407
21.49	21.50	0.018076	29.511
21.49	21.50	0.018093	29.606
21.52	21.50	0.018109	29.707
21.52	21.50	0.018126	29.810
21.52	21.50	0.018143	29.904
21.52	21.50	0.018159	30.007
21.52	21.50	0.018176	30.108
21.52	21.50	0.018193	30.203
21.52	21.50	0.018209	30.307
21.52	21.50	0.018226	30.407
21.52	21.50	0.018243	30.502
21.52	21.50	0.018259	30.606
21.52	21.50	0.018276	30.706
21.49	21.50	0.018293	30.802
21.49	21.50	0.018309	30.905
21.49	21.50	0.018326	31.005
21.49	21.50	0.018343	31.102
21.49	21.50	0.018359	31.204
21.49	21.50	0.018376	31.303
21.49	21.50	0.018393	31.402
21.49	21.50	0.018409	31.502
21.49	21.50	0.018426	31.603
21.49	21.50	0.018443	31.702
21.49	21.50	0.018459	31.802
21.49	21.50	0.018476	31.903
21.49	21.50	0.018493	32.002
21.49	21.50	0.018509	32.102
21.49	21.50	0.018526	32.202
21.49	21.50	0.018543	32.302
21.49	21.50	0.018559	32.402
21.49	21.50	0.018576	32.503
21.49	21.50	0.018593	32.602
21.49	21.50	0.018609	32.702
21.49	21.50	0.018626	32.803
21.49	21.50	0.018643	32.902
21.49	21.50	0.018659	33.002
21.52	21.50	0.018676	33.103
21.52	21.50	0.018693	33.202
21.52	21.50	0.018709	33.302
21.52	21.50	0.018726	33.403
21.52	21.50	0.018743	33.503
21.52	21.50	0.018759	33.602
21.52	21.50	0.018776	33.703
21.52	21.50	0.018792	33.802
21.52	21.50	0.018809	33.902
21.52	21.50	0.018826	34.003
21.52	21.50	0.018842	34.102
21.52	21.50	0.018859	34.202
21.49	21.50	0.018876	34.304
21.49	21.50	0.018892	34.402
21.49	21.50	0.018909	34.502
21.49	21.50	0.018926	34.603
21.49	21.50	0.018942	34.702
21.49	21.50	0.018959	34.802
21.49	21.50	0.018976	34.903
21.49	21.50	0.018992	35.002
21.49	21.50	0.019009	35.102
21.49	21.50	0.019026	35.204
21.49	21.50	0.019042	35.302
21.49	21.50	0.019059	35.402
21.49	21.50	0.019076	35.503
21.49	21.50	0.019092	35.602
21.49	21.50	0.019109	35.702
21.49	21.50	0.019126	35.804
21.49	21.50	0.019142	35.903
21.49	21.50	0.019159	36.002
21.49	21.50	0.019176	36.104
21.49	21.50	0.019192	36.202
21.49	21.50	0.019209	36.302
21.49	21.50	0.019226	36.403
21.49	21.50	0.019242	36.501
21.49	21.50	0.019259	36.625
21.52	21.50	0.019276	36.703
21.52	21.50	0.019292	36.829
21.52	21.50	0.019309	36.924
21.52	21.50	0.019326	37.004
21.52	21.50	0.019342	37.128
21.52	21.50	0.019359	37.223
21.52	21.50	0.019376	37.327
21.52	21.50	0.019392	37.427
21.52	21.50	0.019409	37.521
21.49	21.50	0.019426	37.626
21.49	21.50	0.019442	37.726
21.49	21.50	0.019459	37.820
21.49	21.50	0.019476	37.925
21.49	21.50	0.019492	38.024
21.49	21.50	0.019509	38.119
21.49	21.50	0.019526	38.223
21.49	21.50	0.019542	38.318
21.49	21.50	0.019559	38.417
21.49	21.50	0.019576	38.522
21.49	21.50	0.019592	38.617
21.49	21.50	0.019609	38.716
21.49	21.50	0.019625	38.821
21.49	21.50	0.019642	38.915
21.49	21.50	0.019659	39.015
21.49	21.50	0.019675	39.119
21.49	21.50	0.019692	39.214
21.49	21.50	0.019709	39.315
21.49	21.50	0.019725	39.418
21.49	21.50	0.019742	39.513
21.52	21.50	0.019759	39.613
21.52	21.50	0.019775	39.718
21.52	21.50	0.019792	39.812
21.52	21.50	0.019809	39.912
21.52	21.50	0.019825	40.016
21.52	21.50	0.019842	40.111
21.52	21.50	0.019859	40.211
21.52	21.50	0.019875	40.315
21.52	21.50	0.019892	40.410
21.52	21.50	0.019909	40.509
21.52	21.50	0.019925	40.614
21.49	21.50	0.019942	40.708
21.49	21.50	0.019959	40.809
21.49	21.50	0.019975	40.912
21.49	21.50	0.019992	41.007
21.49	21.50	0.020009	41.109
21.49	21.50	0.020025	41.211
21.49	21.50	0.020042	41.306
21.49	21.50	0.020059	41.408
21.49	21.50	0.020075	41.510
21.49	21.50	0.020092	41.604
21.49	21.50	0.020109	41.709
21.49	21.50	0.020125	41.809
21.49	21.50	0.020142	41.903
21.49	21.50	0.020159	42.008
21.49	21.50	0.020175	42.107
21.49	21.50	0.020192	42.202
21.49	21.50	0.020209	42.306
21.49	21.50	0.020225	42.406
21.49	21.50	0.020242	42.504
21.49	21.50	0.020259	42.605
21.49	21.50	0.020275	42.705
21.49	21.50	0.020292	42.803
21.49	21.50	0.020309	42.904
21.49	21.50	0.020325	43.004
21.49	21.50	0.020342	43.103
21.52	21.50	0.020359	43.203
21.52	21.50	0.020375	43.304
21.52	21.50	0.020392	43.404
21.52	21.50	0.020409	43.503
21.52	21.50	0.020425	43.605
21.52	21.50	0.020442	43.703
21.52	21.50	0.020458	43.803
21.52	21.50	0.020475	43.905
21.52	21.50	0.020492	44.003
21.52	21.50	0.020508	44.103
21.52	21.50	0.020525	44.205
21.52	21.50	0.020542	44.303
21.49	21.50	0.020558	44.403
21.49	21.50	0.020575	44.504
21.49	21.50	0.020592	44.603
21.49	21.50	0.020608	44.703
21.49	21.50	0.020625	44.804
21.49	21.50	0.020642	44.903
21.49	21.50	0.020658	45.004
21.49	21.50	0.020675	45.105
21.49	21.50	0.020692	45.203
21.49	21.50	0.020708	45.303
21.49	21.50	0.020725	45.405
21.49	21.50	0.020742	45.503
21.49	21.50	0.020758	45.603
21.49	21.50	0.020775	45.704
21.49	21.50	0.020792	45.803
21.49	21.50	0.020808	45.903
21.49	21.50	0.020825	46.005
21.49	21.50	0.020842	46.103
21.49	21.50	0.020858	46.203
21.49	21.50	0.020875	46.305
21.49	21.50	0.020892	46.403
21.49	21.50	0.020908	46.503
21.49	21.50	0.020925	46.606
21.49	21.50	0.020942	46.703
21.52	21.50	0.020958	46.803
21.52	21.50	0.020975	46.905
21.52	21.50	0.020992	47.003
21.52	21.50	0.021008	47.103
21.52	21.50	0.021025	47.205
21.52	21.50	0.021042	47.303
21.52	21.50	0.021058	47.403
21.52	21.50	0.021075	47.506
21.52	21.50	0.021092	47.603
21.52	21.50	0.021108	47.703
21.49	21.50	0.021125	47.805
21.49	21.50	0.021142	47.903
21.49	21.50	0.021158	48.027
21.49	21.50	0.021175	48.105
21.49	21.50	0.021192	48.231
21.49	21.50	0.021208	48.326
21.49	21.50	0.021225	48.406
21.49	21.50	0.021242	48.530
21.49	21.50	0.021258	48.625
21.49	21.50	0.021275	48.729
21.49	21.50	0.021291	48.829
21.49	21.50	0.021308	48.923
21.49	21.50	0.021325	49.028
21.49	21.50	0.021341	49.127
21.49	21.50	0.021358	49.222
21.49	21.50	0.021375	49.327
21.49	21.50	0.021391	49.426
21.49	21.50	0.021408	49.521
21.52	21.50	0.021425	49.625
21.52	21.50	0.021441	49.720
21.52	21.50	0.021458	49.819
21.52	21.50	0.021475	49.924
21.52	21.50	0.021491	50.018
21.52	21.50	0.021508	50.118
21.52	21.50	0.021525	50.223
21.52	21.50	0.021541	50.317
21.52	21.50	0.021558	50.417
21.52	21.50	0.021575	50.521
21.49	21.50	0.021591	50.616
21.49	21.50	0.021608	50.715
21.49	21.50	0.021625	50.820
21.49	21.50	0.021641	50.915
21.49	21.50	0.021658	51.014
21.49	21.50	0.021675	51.119
21.49	21.50	0.021691	51.213
21.49	21.50	0.021708	51.313
21.49	21.50	0.021725	51.417
21.49	21.50	0.021741	51.512
21.49	21.50	0.021758	51.611
21.49	21.50	0.021775	51.716
21.49	21.50	0.021791	51.811
21.49	21.50	0.021808	51.910
21.49	21.50	0.021825	52.015
21.49	21.50	0.021841	52.109
21.49	21.50	0.021858	52.210
21.49	21.50	0.021875	52.313
21.49	21.50	0.021891	52.408
21.49	21.50	0.021908	52.511
21.49	21.50	0.021925	52.612
21.49	21.50	0.021941	52.707
21.49	21.50	0.021958	52.810
21.49	21.50	0.021975	52.911
21.49	21.50	0.021991	53.005
21.49	21.50	0.022008	53.110
21.52	21.50	0.022025	53.209
21.52	21.50	0.022041	53.304
21.52	21.50	0.022058	53.409
21.52	21.50	0.022075	53.508
21.52	21.50	0.022091	53.603
21.52	21.50	0.022108	53.707
21.52	21.50	0.022124	53.807
21.52	21.50	0.022141	53.903
21.52	21.50	0.022158	54.006
21.49	21.50	0.022174	54.106
21.49	21.50	0.022191	54.203
21.49	21.50	0.022208	54.305
21.49	21.50	0.022224	54.406
21.49	21.50	0.022241	54.503
21.49	21.50	0.022258	54.603
21.49	21.50	0.022274	54.706
21.49	21.50	0.022291	54.803
21.49	21.50	0.022308	54.903
21.49	21.50	0.022324	55.006
21.49	21.50	0.022341	55.103
21.49	21.50	0.022358	55.203
21.49	21.50	0.022374	55.306
21.49	21.50	0.022391	55.403
21.49	21.50	0.022408	55.503
21.49	21.50	0.022424	55.606
21.49	21.50	0.022441	55.703
21.49	21.50	0.022458	55.803
21.49	21.50	0.022474	55.907
21.49	21.50	0.022491	56.003
21.49	21.50	0.022508	56.103
21.49	21.50	0.022524	56.206
21.52	21.50	0.022541	56.303
21.52	21.50	0.022558	56.403
21.52	21.50	0.022574	56.506
21.52	21.50	0.022591	56.604
21.52	21.50	0.022608	56.703
21.52	21.50	0.022624	56.807
21.52	21.50	0.022641	56.903
21.52	21.50	0.022658	57.003
21.52	21.50	0.022674	57.106
21.52	21.50	0.022691	57.203
21.52	21.50	0.022708	57.303
21.49	21.50	0.022724	57.406
21.49	21.50	0.022741	57.503
21.49	21.50	0.022758	57.603
21.49	21.50	0.022774	57.707
21.49	21.50	0.022791	57.803
21.49	21.50	0.022808	57.903
21.49	21.50	0.022824	58.006
21.49	21.50	0.022841	58.103
21.49	21.50	0.022858	58.204
21.49	21.50	0.022874	58.307
21.49	21.50	0.022891	58.403
21.49	21.50	0.022908	58.503
21.49	21.50	0.022924	58.606
21.49	21.50	0.022941	58.703
21.49	21.50	0.022957	58.803
21.49	21.50	0.022974	58.906
21.49	21.50	0.022991	59.003
21.49	21.50	0.023007	59.103
21.49	21.50	0.023024	59.207
21.49	21.50	0.023041	59.303
21.49	21.50	0.023057	59.403
21.49	21.50	0.023074	59.507
21.52	21.50	0.023091	59.632
21.52	21.50	0.023107	59.703
21.52	21.50	0.023124	59.806
21.52	21.50	0.023141	59.932
21.52	21.50	0.023157	00.026
21.52	21.50	0.023174	00.131
21.52	21.50	0.023191	00.230
21.52	21.50	0.023207	00.325
21.52	21.50	0.023224	00.430
21.52	21.50	0.023241	00.529
21.49	21.50	0.023257	00.624
21.49	21.50	0.023274	00.728
21.49	21.50	0.023291	00.828
21.49	21.50	0.023307	00.922
21.49	21.50	0.023324	01.027
21.49	21.50	0.023341	01.121
21.49	21.50	0.023357	01.220
21.49	21.50	0.023374	01.325
21.49	21.50	0.023391	01.420
21.49	21.50	0.023407	01.519
21.49	21.50	0.023424	01.624
21.49	21.50	0.023441	01.718
21.49	21.50	0.023457	01.818
21.49	21.50	0.023474	01.922
21.49	21.50	0.023491	02.017
21.49	21.50	0.023507	02.117
21.49	21.50	0.023524	02.222
21.49	21.50	0.023541	02.316
21.49	21.50	0.023557	02.416
21.49	21.50	0.023574	02.520
21.52	21.50	0.023591	02.615
21.52	21.50	0.023607	02.714
21.52	21.50	0.023624	02.819
21.52	21.50	0.023641	02.913
21.52	21.50	0.023657	03.013
21.52	21.50	0.023674	03.118
21.52	21.50	0.023691	03.212
21.52	21.50	0.023707	03.312
21.52	21.50	0.023724	03.416
21.49	21.50	0.023741	03.511
21.49	21.50	0.023757	03.611
21.49	21.50	0.023774	03.715
21.49	21.50	0.023790	03.810
21.49	21.50	0.023807	03.912
21.49	21.50	0.023824	04.014
21.49	21.50	0.023840	04.108
21.49	21.50	0.023857	04.212
21.49	21.50	0.023874	04.312
21.49	21.50	0.023890	04.407
21.49	21.50	0.023907	04.511
21.49	21.50	0.023924	04.611
21.49	21.50	0.023940	04.706
21.49	21.50	0.023957	04.810
21.49	21.50	0.023974	04.910
21.49	21.50	0.023990	05.004
21.49	21.50	0.024007	05.109
21.49	21.50	0.024024	05.208
21.49	21.50	0.024040	05.303
21.49	21.50	0.024057	05.407
21.49	21.50	0.024074	05.507
21.52	21.50	0.024090	05.603
21.52	21.50	0.024107	05.706
21.52	21.50	0.024124	05.808
21.52	21.50	0.024140	05.904
21.52	21.50	0.024157	06.005
21.52	21.50	0.024174	06.107
21.52	21.50	0.024190	06.204
21.52	21.50	0.024207	06.304
21.52	21.50	0.024224	06.408
21.52	21.50	0.024240	06.504
21.52	21.50	0.024257	06.604
21.49	21.50	0.024274	06.708
21.49	21.50	0.024290	06.804
21.49	21.50	0.024307	06.904
21.49	21.50	0.024324	07.007
21.49	21.50	0.024340	07.104
21.49	21.50	0.024357	07.204
21.49	21.50	0.024374	07.308
21.49	21.50	0.024390	07.404
21.49	21.50	0.024407	07.504
21.49	21.50	0.024424	07.608
21.49	21.50	0.024440	07.704
21.49	21.50	0.024457	07.804
21.49	21.50	0.024474	07.907
21.49	21.50	0.024490	08.004
21.49	21.50	0.024507	08.104
21.49	21.50	0.024524	08.208
21.49	21.50	0.024540	08.305
21.49	21.50	0.024557	08.405
21.49	21.50	0.024574	08.508
21.49	21.50	0.024590	08.605
21.49	21.50	0.024607	08.705
21.49	21.50	0.024623	08.808
21.49	21.50	0.024640	08.905
21.49	21.50	0.024657	09.005
21.52	21.50	0.024673	09.108
21.52	21.50	0.024690	09.205
21.52	21.50	0.024707	09.305
21.52	21.50	0.024723	09.408
21.52	21.50	0.024740	09.505
21.52	21.50	0.024757	09.605
21.52	21.50	0.024773	09.709
21.52	21.50	0.024790	09.805
21.52	21.50	0.024807	09.905
21.52	21.50	0.024823	10.008
21.52	21.50	0.024840	10.105
21.49	21.50	0.024857	10.205
21.49	21.50	0.024873	10.308
21.49	21.50	0.024890	10.406
21.49	21.50	0.024907	10.505
21.49	21.50	0.024923	10.609
21.49	21.50	0.024940	10.705
21.49	21.50	0.024957	10.805
21.49	21.50	0.024973	10.908
21.49	21.50	0.024990	11.034
21.49	21.50	0.025007	11.128
21.49	21.50	0.025023	11.208
21.49	21.50	0.025040	11.332
21.49	21.50	0.025057	11.427
21.49	21.50	0.025073	11.532
21.49	21.50	0.025090	11.631
21.49	21.50	0.025107	11.726
21.49	21.50	0.025123	11.830
21.49	21.50	0.025140	11.930
21.49	21.50	0.025157	12.024
21.49	21.50	0.025173	12.129
21.52	21.50	0.025190	12.228
21.52	21.50	0.025207	12.323
21.52	21.50	0.025223	12.428
21.52	21.50	0.025240	12.523
21.52	21.50	0.025257	12.622
21.52	21.50	0.025273	12.726
21.52	21.50	0.025290	12.821
21.52	21.50	0.025307	12.920
21.52	21.50	0.025323	13.026
21.52	21.50	0.025340	13.121
21.52	21.50	0.025357	13.220
21.49	21.50	0.025373	13.324
21.49	21.50	0.025390	13.418
21.49	21.50	0.025407	13.518
21.49	21.50	0.025423	13.622
21.49	21.50	0.025440	13.717
21.49	21.50	0.025456	13.817
21.49	21.50	0.025473	13.922
21.49	21.50	0.025490	14.016
21.49	21.50	0.025506	14.116
21.49	21.50	0.025523	14.220
21.49	21.50	0.025540	14.315
21.49	21.50	0.025556	14.414
21.49	21.50	0.025573	14.519
21.49	21.50	0.025590	14.613
21.49	21.50	0.025606	14.713
21.49	21.50	0.025623	14.818
21.49	21.50	0.025640	14.912
21.49	21.50	0.025656	15.013
21.49	21.50	0.025673	15.116
21.49	21.50	0.025690	15.211
21.49	21.50	0.025706	15.313
21.49	21.50	0.025723	15.415
21.49	21.50	0.025740	15.510
21.52	21.50	0.025756	15.613
21.52	21.50	0.025773	15.714
21.52	21.50	0.025790	15.808
21.52	21.50	0.025806	15.913
21.52	21.50	0.025823	16.012
21.52	21.50	0.025840	16.107
21.52	21.50	0.025856	16.211
21.52	21.50	0.025873	16.311
21.52	21.50	0.025890	16.406
21.52	21.50	0.025906	16.510
21.49	21.50	0.025923	16.610
21.49	21.50	0.025940	16.706
21.49	21.50	0.025956	16.809
21.49	21.50	0.025973	16.909
21.49	21.50	0.025990	17.006
21.49	21.50	0.026006	17.108
21.49	21.50	0.026023	17.209
21.49	21.50	0.026040	17.306
21.49	21.50	0.026056	17.406
21.49	21.50	0.026073	17.509
21.49	21.50	0.026090	17.606
21.49	21.50	0.026106	17.706
21.49	21.50	0.026123	17.809
21.49	21.50	0.026140	17.906
21.49	21.50	0.026156	18.007
21.49	21.50	0.026173	18.109
21.49	21.50	0.026190	18.206
21.49	21.50	0.026206	18.306
21.49	21.50	0.026223	18.409
21.52	21.50	0.026240	18.506
21.52	21.50	0.026256	18.606
21.52	21.50	0.026273	18.709
21.52	21.50	0.026289	18.806
21.52	21.50	0.026306	18.906
21.52	21.50	0.026323	19.009
21.52	21.50	0.026339	19.106
21.52	21.50	0.026356	19.206
21.52	21.50	0.026373	19.310
21.52	21.50	0.026389	19.406
21.49	21.50	0.026406	19.506
21.49	21.50	0.026423	19.609
21.49	21.50	0.026439	19.706
21.49	21.50	0.026456	19.806
21.49	21.50	0.026473	19.910
21.49	21.50	0.026489	20.006
21.49	21.50	0.026506	20.106
21.49	21.50	0.026523	20.209
21.49	21.50	0.026539	20.306
21.49	21.50	0.026556	20.406
21.49	21.50	0.026573	20.510
21.49	21.50	0.026589	20.606
21.49	21.50	0.026606	20.706
21.49	21.50	0.026623	20.810
21.49	21.50	0.026639	20.906
21.49	21.50	0.026656	21.006
21.49	21.50	0.026673	21.109
21.49	21.50	0.026689	21.206
21.49	21.50	0.026706	21.306
21.49	21.50	0.026723	21.409
21.49	21.50	0.026739	21.506
21.49	21.50	0.026756	21.607
21.49	21.50	0.026773	21.710
21.49	21.50	0.026789	21.806
21.49	21.50	0.026806	21.906
21.52	21.50	0.026823	22.010
21.52	21.50	0.026839	22.106
21.52	21.50	0.026856	22.206
21.52	21.50	0.026873	22.309
21.52	21.50	0.026889	22.406
21.52	21.50	0.026906	22.506
21.52	21.50	0.026923	22.610
21.52	21.50	0.026939	22.735
21.52	21.50	0.026956	22.829
21.52	21.50	0.026973	22.934
21.49	21.50	0.026989	23.033
21.49	21.50	0.027006	23.127
21.49	21.50	0.027023	23.232
21.49	21.50	0.027039	23.332
21.49	21.50	0.027056	23.426
21.49	21.50	0.027073	23.531
21.49	21.50	0.027089	23.630
21.49	21.50	0.027106	23.725
21.49	21.50	0.027122	23.830
21.49	21.50	0.027139	23.924
21.49	21.50	0.027156	24.024
21.49	21.50	0.027172	24.128
21.49	21.50	0.027189	24.223
21.49	21.50	0.027206	24.322
21.49	21.50	0.027222	24.427
21.49	21.50	0.027239	24.522
21.49	21.50	0.027256	24.621
21.49	21.50	0.027272	24.725
21.49	21.50	0.027289	24.820
21.49	21.50	0.027306	24.919
21.49	21.50	0.027322	25.024
21.49	21.50	0.027339	25.118
21.52	21.50	0.027356	25.219
21.52	21.50	0.027372	25.324
21.52	21.50	0.027389	25.418
21.52	21.50	0.027406	25.518
21.52	21.50	0.027422	25.622
21.52	21.50	0.027439	25.717
21.52	21.50	0.027456	25.816
21.52	21.50	0.027472	25.921
21.52	21.50	0.027489	26.015
21.52	21.50	0.027506	26.115
21.52	21.50	0.027522	26.220
21.49	21.50	0.027539	26.314
21.49	21.50	0.027556	26.415
21.49	21.50	0.027572	26.518
21.49	21.50	0.027589	26.613
21.49	21.50	0.027606	26.714
21.49	21.50	0.027622	26.817
21.49	21.50	0.027639	26.912
21.49	21.50	0.027656	27.015
21.49	21.50	0.027672	27.116
21.49	21.50	0.027689	27.210
21.49	21.50	0.027706	27.315
21.49	21.50	0.027722	27.414
21.49	21.50	0.027739	27.509
21.49	21.50	0.027756	27.613
21.49	21.50	0.027772	27.713
21.49	21.50	0.027789	27.808
21.49	21.50	0.027806	27.912
21.49	21.50	0.027822	28.012
21.49	21.50	0.027839	28.107
21.49	21.50	0.027856	28.211
21.52	21.50	0.027872	28.310
21.52	21.50	0.027889	28.407
21.52	21.50	0.027906	28.509
21.52	21.50	0.027922	28.611
21.52	21.50	0.027939	28.707
21.52	21.50	0.027955	28.808
21.52	21.50	0.027972	28.911
21.52	21.50	0.027989	29.007
21.52	21.50	0.028005	29.107
21.52	21.50	0.028022	29.210
21.49	21.50	0.028039	29.307
21.49	21.50	0.028055	29.408
21.49	21.50	0.028072	29.511
21.49	21.50	0.028089	29.607
21.49	21.50	0.028105	29.707
21.49	21.50	0.028122	29.811
21.49	21.50	0.028139	29.907
21.49	21.50	0.028155	30.007
21.49	21.50	0.028172	30.110
21.49	21.50	0.028189	30.207
21.49	21.50	0.028205	30.307
21.49	21.50	0.028222	30.411
21.49	21.50	0.028239	30.507
21.49	21.50	0.028255	30.607
21.49	21.50	0.028272	30.711
21.49	21.50	0.028289	30.807
21.49	21.50	0.028305	30.907
21.49	21.50	0.028322	31.010
21.49	21.50	0.028339	31.107
21.49	21.50	0.028355	31.207
21.49	21.50	0.028372	31.311
21.49	21.50	0.028389	31.408
21.52	21.50	0.028405	31.508
21.52	21.50	0.028422	31.611
21.52	21.50	0.028439	31.708
21.52	21.50	0.028455	31.808
21.52	21.50	0.028472	31.912
21.52	21.50	0.028489	32.008
21.52	21.50	0.028505	32.108
21.52	21.50	0.028522	32.211
21.52	21.50	0.028539	32.308
21.52	21.50	0.028555	32.408
21.49	21.50	0.028572	32.511
21.49	21.50	0.028589	32.608
21.49	21.50	0.028605	32.708
21.49	21.50	0.028622	32.812
21.49	21.50	0.028639	32.908
21.49	21.50	0.028655	33.008
21.49	21.50	0.028672	33.111
21.49	21.50	0.028689	33.208
21.49	21.50	0.028705	33.308
21.49	21.50	0.028722	33.411
21.49	21.50	0.028739	33.508
21.49	21.50	0.028755	33.608
21.49	21.50	0.028772	33.712
21.49	21.50	0.028788	33.837
21.49	21.50	0.028805	33.932
21.49	21.50	0.028822	34.011
21.49	21.50	0.028838	34.136
21.49	21.50	0.028855	34.230
21.49	21.50	0.028872	34.335
21.49	21.50	0.028888	34.434
21.49	21.50	0.028905	34.529
21.49	21.50	0.028922	34.634
21.49	21.50	0.028938	34.733
21.49	21.50	0.028955	34.828
21.49	21.50	0.028972	34.932
21.49	21.50	0.028988	35.032
21.49	21.50	0.029005	35.126
21.49	21.50	0.029022	35.231
21.52	21.50	0.029038	35.325
21.52	21.50	0.029055	35.425
21.52	21.50	0.029072	35.530
21.52	21.50	0.029088	35.624
21.52	21.50	0.029105	35.724
21.52	21.50	0.029122	35.828
21.52	21.50	0.029138	35.923
21.52	21.50	0.029155	36.022
21.52	21.50	0.029172	36.127
21.52	21.50	0.029188	36.222
21.52	21.50	0.029205	36.321
21.52	21.50	0.029222	36.426
21.52	21.50	0.029238	36.521
21.49	21.50	0.029255	36.620
21.49	21.50	0.029272	36.725
21.49	21.50	0.029288	36.819
21.49	21.50	0.029305	36.919
21.49	21.50	0.029322	37.023
21.49	21.50	0.029338	37.118
21.49	21.50	0.029355	37.218
21.49	21.50	0.029372	37.322
21.49	21.50	0.029388	37.417
21.49	21.50	0.029405	37.516
21.49	21.50	0.029422	37.621
21.49	21.50	0.029438	37.715
21.49	21.50	0.029455	37.816
21.49	21.50	0.029472	37.919
21.49	21.50	0.029488	38.014
21.49	21.50	0.029505	38.117
21.49	21.50	0.029522	38.218
21.49	21.50	0.029538	38.313
21.52	21.50	0.029555	38.416
21.52	21.50	0.029572	38.517
21.52	21.50	0.029588	38.611
21.52	21.50	0.029605	38.716
21.52	21.50	0.029621	38.816
21.52	21.50	0.029638	38.910
21.52	21.50	0.029655	39.015
21.52	21.50	0.029671	39.114
21.52	21.50	0.029688	39.209
21.52	21.50	0.029705	39.313
21.52	21.50	0.029721	39.413
21.49	21.50	0.029738	39.509
21.49	21.50	0.029755	39.612
21.49	21.50	0.029771	39.712
21.49	21.50	0.029788	39.808
21.49	21.50	0.029805	39.911
21.49	21.50	0.029821	40.012
21.49	21.50	0.029838	40.108
21.49	21.50	0.029855	40.209
21.49	21.50	0.029871	40.312
21.49	21.50	0.029888	40.409
21.49	21.50	0.029905	40.508
21.49	21.50	0.029921	40.613
21.49	21.50	0.029938	40.708
21.49	21.50	0.029955	40.808
21.49	21.50	0.029971	40.912
21.49	21.50	0.029988	41.008
21.49	21.50	0.030005	41.108
21.49	21.50	0.030021	41.208
21.49	21.50	0.030038	41.308
21.49	21.50	0.030055	41.408
21.49	21.50	0.030071	41.512
21.49	21.50	0.030088	41.608
21.49	21.51	0.030105	41.708
21.49	21.51	0.030121	41.812
21.52	21.51	0.030138	41.908
21.52	21.51	0.030155	42.008
21.52	21.51	0.030171	42.108
21.52	21.51	0.030188	42.208
21.52	21.51	0.030205	42.308
21.52	21.51	0.030221	42.412
21.52	21.51	0.030238	42.508
21.52	21.51	0.030255	42.608
21.52	21.51	0.030271	42.713
21.52	21.51	0.030288	42.809
21.52	21.51	0.030305	42.908
21.52	21.52	0.030321	43.008
21.52	21.52	0.030338	43.108
21.52	21.52	0.030355	43.208
21.52	21.52	0.030371	43.312
21.52	21.52	0.030388	43.408
21.52	21.52	0.030405	43.508
21.52	21.52	0.030421	43.613
21.52	21.52	0.030438	43.708
21.52	21.52	0.030454	43.808
21.52	21.52	0.030471	43.908
21.52	21.52	0.030488	44.008
21.52	21.52	0.030504	44.108
21.52	21.52	0.030521	44.212
21.52	21.53	0.030538	44.308
21.52	21.53	0.030554	44.408
21.52	21.53	0.030571	44.508
21.52	21.53	0.030588	44.608
21.52	21.53	0.030604	44.708
21.52	21.53	0.030621	44.808
21.52	21.53	0.030638	44.908
21.52	21.53	0.030654	45.008
21.52	21.53	0.030671	45.112
21.52	21.53	0.030688	45.208
21.52	21.53	0.030704	45.309
21.52	21.53	0.030721	45.408
21.52	21.53	0.030738	45.508
21.52	21.54	0.030754	45.632
21.52	21.54	0.030771	45.736
21.52	21.54	0.030788	45.836
21.52	21.54	0.030804	45.931
21.52	21.54	0.030821	46.035
21.52	21.54	0.030838	46.135
21.54	21.54	0.030854	46.229
21.54	21.54	0.030871	46.334
21.54	21.54	0.030888	46.434
21.54	21.54	0.030904	46.528
21.54	21.54	0.030921	46.633
21.54	21.54	0.030938	46.727
21.54	21.54	0.030954	46.827
21.54	21.55	0.030971	46.931
21.54	21.55	0.030988	47.026
21.54	21.55	0.031004	47.126
21.54	21.55	0.031021	47.230
21.54	21.55	0.031038	47.325
21.54	21.55	0.031054	47.424
21.57	21.55	0.031071	47.529
21.57	21.55	0.031088	47.623
21.57	21.55	0.031104	47.723
21.57	21.55	0.031121	47.827
21.57	21.55	0.031138	47.922
21.57	21.55	0.031154	48.022
21.57	21.55	0.031171	48.126
21.57	21.56	0.031188	48.221
21.57	21.56	0.031204	48.320
21.57	21.56	0.031221	48.425
21.57	21.56	0.031238	48.519
21.57	21.56	0.031254	48.619
21.54	21.56	0.031271	48.723
21.54	21.56	0.031287	48.818
21.54	21.56	0.031304	48.918
21.54	21.56	0.031321	49.022
21.54	21.56	0.031337	49.117
21.54	21.56	0.031354	49.218
21.54	21.56	0.031371	49.321
21.54	21.56	0.031387	49.415
21.54	21.57	0.031404	49.518
21.54	21.57	0.031421	49.620
21.57	21.57	0.031437	49.714
21.57	21.57	0.031454	49.818
21.57	21.57	0.031471	49.918
21.57	21.57	0.031487	50.013
21.57	21.57	0.031504	50.117
21.57	21.57	0.031521	50.217
21.57	21.57	0.031537	50.311
21.57	21.57	0.031554	50.416
21.57	21.57	0.031571	50.516
21.57	21.57	0.031587	50.610
21.57	21.57	0.031604	50.715
21.60	21.58	0.031621	50.814
21.60	21.58	0.031637	50.909
21.60	21.58	0.031654	51.013
21.60	21.58	0.031671	51.114
21.60	21.58	0.031687	51.209
21.60	21.58	0.031704	51.312
21.60	21.58	0.031721	51.409
21.60	21.58	0.031737	51.509
21.60	21.58	0.031754	51.611
21.60	21.58	0.031771	51.713
21.60	21.58	0.031787	51.809
21.60	21.58	0.031804	51.910
21.57	21.58	0.031821	52.009
21.57	21.59	0.031837	52.109
21.57	21.59	0.031854	52.209
21.57	21.59	0.031871	52.309
21.57	21.59	0.031887	52.409
21.57	21.59	0.031904	52.509
21.57	21.59	0.031921	52.613
21.57	21.59	0.031937	52.709
21.57	21.59	0.031954	52.810
21.57	21.59	0.031971	52.909
21.57	21.59	0.031987	53.009
21.57	21.59	0.032004	53.109
21.60	21.59	0.032021	53.209
21.60	21.59	0.032037	53.309
21.60	21.60	0.032054	53.409
21.60	21.60	0.032071	53.514
21.60	21.60	0.032087	53.609
21.60	21.60	0.032104	53.709
21.60	21.60	0.032120	53.809
21.60	21.60	0.032137	53.909
21.60	21.60	0.032154	54.009
21.60	21.60	0.032170	54.109
21.60	21.60	0.032187	54.209
21.60	21.60	0.032204	54.309
21.60	21.60	0.032220	54.414
21.60	21.60	0.032237	54.509
21.60	21.60	0.032254	54.609
21.60	21.61	0.032270	54.709
21.60	21.61	0.032287	54.809
21.62	21.61	0.032304	54.909
21.62	21.61	0.032320	55.009
21.62	21.61	0.032337	55.109
21.62	21.61	0.032354	55.209
21.62	21.61	0.032370	55.309
21.62	21.61	0.032387	55.409
21.62	21.61	0.032404	55.509
21.62	21.61	0.032420	55.609
21.62	21.61	0.032437	55.709
21.62	21.61	0.032454	55.809
21.62	21.61	0.032470	55.909
21.62	21.62	0.032487	56.009
21.62	21.62	0.032504	56.109
21.62	21.62	0.032520	56.209
21.62	21.62	0.032537	56.309
21.62	21.62	0.032554	56.409
21.62	21.62	0.032570	56.510
21.62	21.62	0.032587	56.609
21.62	21.62	0.032604	56.709
21.62	21.62	0.032620	56.809
21.62	21.62	0.032637	56.909
21.62	21.62	0.032654	57.033
21.62	21.62	0.032670	57.138
21.62	21.62	0.032687	57.237
21.62	21.62	0.032704	57.332
21.62	21.63	0.032720	57.436
21.62	21.63	0.032737	57.536
21.62	21.63	0.032754	57.631
21.62	21.63	0.032770	57.735
21.62	21.63	0.032787	57.835
21.62	21.63	0.032804	57.929
21.62	21.63	0.032820	58.034
21.62	21.63	0.032837	58.128
21.62	21.63	0.032854	58.228
21.62	21.63	0.032870	58.332
21.62	21.63	0.032887	58.427
21.62	21.63	0.032904	58.527
21.62	21.63	0.032920	58.631
21.62	21.64	0.032937	58.726
21.62	21.64	0.032953	58.825
21.62	21.64	0.032970	58.930
21.62	21.64	0.032987	59.024
21.62	21.64	0.033003	59.124
21.62	21.64	0.033020	59.229
21.65	21.64	0.033037	59.323
21.65	21.64	0.033053	59.423
21.65	21.64	0.033070	59.527
21.65	21.64	0.033087	59.622
21.65	21.64	0.033103	59.721
21.65	21.64	0.033120	59.826
21.65	21.64	0.033137	59.921
21.65	21.65	0.033153	00.020
21.65	21.65	0.033170	00.125
21.65	21.65	0.033187	00.219
21.65	21.65	0.033203	00.320
21.65	21.65	0.033220	00.423
21.65	21.65	0.033237	00.518
21.65	21.65	0.033253	00.619
21.65	21.65	0.033270	00.722
21.65	21.65	0.033287	00.817
21.65	21.65	0.033303	00.920
21.65	21.65	0.033320	01.021
21.65	21.65	0.033337	01.116
21.65	21.65	0.033353	01.219
21.65	21.66	0.033370	01.320
21.65	21.66	0.033387	01.415
21.65	21.66	0.033403	01.519
21.65	21.66	0.033420	01.619
21.65	21.66	0.033437	01.713
21.65	21.66	0.033453	01.818
21.65	21.66	0.033470	01.917
21.67	21.66	0.033487	02.012
21.67	21.66	0.033503	02.116
21.67	21.66	0.033520	02.216
21.67	21.66	0.033537	02.311
21.67	21.66	0.033553	02.415
21.67	21.66	0.033570	02.510
21.67	21.67	0.033587	02.610
21.67	21.67	0.033603	02.714
21.67	21.67	0.033620	02.810
21.67	21.67	0.033637	02.910
21.67	21.67	0.033653	03.012
21.67	21.67	0.033670	03.110
21.67	21.67	0.033687	03.210
21.67	21.67	0.033703	03.311
21.67	21.67	0.033720	03.410
21.67	21.67	0.033737	03.510
21.67	21.67	0.033753	03.610
21.67	21.67	0.033770	03.710
21.67	21.67	0.033786	03.810
21.67	21.68	0.033803	03.910
21.67	21.68	0.033820	04.010
21.67	21.68	0.033836	04.110
21.67	21.68	0.033853	04.214
21.67	21.68	0.033870	04.316
21.67	21.68	0.033886	04.415
21.67	21.68	0.033903	04.515
21.67	21.68	0.033920	04.615
21.67	21.68	0.033936	04.715
21.67	21.68	0.033953	04.815
21.67	21.68	0.033970	04.916
21.67	21.68	0.033986	05.015
21.67	21.68	0.034003	05.115
21.70	21.69	0.034020	05.216
21.70	21.69	0.034036	05.315
21.70	21.69	0.034053	05.415
21.70	21.69	0.034070	05.515
21.70	21.69	0.034086	05.615
21.70	21.69	0.034103	05.715
21.70	21.69	0.034120	05.816
21.70	21.69	0.034136	05.916
21.70	21.69	0.034153	06.015
21.70	21.69	0.034170	06.116
21.70	21.69	0.034186	06.215
21.70	21.69	0.034203	06.315
21.70	21.69	0.034220	06.416
21.70	21.70	0.034236	06.515
21.70	21.70	0.034253	06.615
21.70	21.70	0.034270	06.716
21.70	21.70	0.034286	06.815
21.70	21.70	0.034303	06.915
21.70	21.70	0.034320	07.016
21.70	21.70	0.034336	07.115
21.70	21.70	0.034353	07.215
21.70	21.70	0.034370	07.316
21.70	21.70	0.034386	07.444
21.70	21.70	0.034403	07.538
21.70	21.70	0.034420	07.616
21.70	21.70	0.034436	07.743
21.70	21.71	0.034453	07.837
21.70	21.71	0.034470	07.916
21.70	21.71	0.034486	08.041
21.70	21.71	0.034503	08.136
21.70	21.71	0.034520	08.240
21.70	21.71	0.034536	08.340
21.70	21.71	0.034553	08.434
21.70	21.71	0.034570	08.539
21.70	21.71	0.034586	08.639
21.70	21.71	0.034603	08.733
21.70	21.71	0.034619	08.838
21.70	21.71	0.034636	08.937
21.70	21.71	0.034653	09.032
21.70	21.72	0.034669	09.136
21.70	21.72	0.034686	09.236
21.70	21.72	0.034703	09.331
21.70	21.72	0.034719	09.435
21.73	21.72	0.034736	09.530
21.73	21.72	0.034753	09.629
21.73	21.72	0.034769	09.734
21.73	21.72	0.034786	09.828
21.73	21.72	0.034803	09.928
21.73	21.72	0.034819	10.032
21.73	21.72	0.034836	10.127
21.73	21.72	0.034853	10.227
21.73	21.72	0.034869	10.331
21.73	21.73	0.034886	10.426
21.73	21.73	0.034903	10.525
21.73	21.73	0.034919	10.630
21.73	21.73	0.034936	10.724
21.73	21.73	0.034953	10.824
21.73	21.73	0.034969	10.928
21.73	21.73	0.034986	11.023
21.73	21.73	0.035003	11.123
21.73	21.73	0.035019	11.227
21.73	21.73	0.035036	11.323
21.73	21.73	0.035053	11.421
21.73	21.73	0.035069	11.526
21.73	21.73	0.035086	11.621
21.73	21.74	0.035103	11.721
21.73	21.74	0.035119	11.825
21.73	21.74	0.035136	11.920
21.73	21.74	0.035153	12.021
21.73	21.74	0.035169	12.123
21.73	21.74	0.035186	12.218
21.73	21.74	0.035203	12.321
21.73	21.74	0.035219	12.422
21.75	21.74	0.035236	12.517
21.75	21.74	0.035253	12.622
21.75	21.74	0.035269	12.721
21.75	21.74	0.035286	12.816
21.75	21.74	0.035303	12.920
21.75	21.75	0.035319	13.020
21.75	21.75	0.035336	13.116
21.75	21.75	0.035353	13.219
21.75	21.75	0.035369	13.319
21.75	21.75	0.035386	13.416
21.75	21.75	0.035403	13.518
21.75	21.75	0.035419	13.617
21.75	21.75	0.035436	13.716
21.75	21.75	0.035452	13.816
21.75	21.75	0.035469	13.917
21.75	21.75	0.035486	14.016
21.75	21.75	0.035502	14.116
21.75	21.75	0.035519	14.217
21.75	21.76	0.035536	14.316
21.75	21.76	0.035552	14.416
21.75	21.76	0.035569	14.517
21.75	21.76	0.035586	14.616
21.75	21.76	0.035602	14.716
21.75	21.76	0.035619	14.817
21.75	21.76	0.035636	14.916
21.75	21.76	0.035652	15.016
21.75	21.76	0.035669	15.117
21.75	21.76	0.035686	15.216
21.75	21.76	0.035702	15.316
21.75	21.76	0.035719	15.417
21.75	21.76	0.035736	15.516
21.75	21.77	0.035752	15.616
21.75	21.77	0.035769	15.717
21.78	21.77	0.035786	15.817
21.78	21.77	0.035802	15.916
21.78	21.77	0.035819	16.017
21.78	21.77	0.035836	16.116
21.78	21.77	0.035852	16.216
21.78	21.77	0.035869	16.317
21.78	21.77	0.035886	16.416
21.78	21.77	0.035902	16.516
21.78	21.77	0.035919	16.617
21.78	21.77	0.035936	16.716
21.78	21.77	0.035952	16.816
21.78	21.78	0.035969	16.918
21.78	21.78	0.035986	17.016
21.78	21.78	0.036002	17.116
21.78	21.78	0.036019	17.217
21.78	21.78	0.036036	17.316
21.78	21.78	0.036052	17.416
21.78	21.78	0.036069	17.517
21.78	21.78	0.036086	17.617
21.78	21.78	0.036102	17.716
21.78	21.78	0.036119	17.818
21.78	21.78	0.036136	17.916
21.78	21.78	0.036152	18.016
21.78	21.78	0.036169	18.117
21.78	21.79	0.036186	18.216
21.78	21.79	0.036202	18.316
21.78	21.79	0.036219	18.417
21.78	21.79	0.036236	18.516
21.78	21.79	0.036252	18.616
21.78	21.79	0.036269	18.718
21.78	21.79	0.036285	18.815
21.78	21.79	0.036302	18.915
21.78	21.79	0.036319	19.017
21.78	21.79	0.036335	19.144
21.78	21.79	0.036352	19.238
21.78	21.79	0.036369	19.317
21.80	21.79	0.036385	19.442
21.80	21.80	0.036402	19.537
21.80	21.80	0.036419	19.642
21.80	21.80	0.036435	19.741
21.80	21.80	0.036452	19.836
21.80	21.80	0.036469	19.940
21.80	21.80	0.036485	20.040
21.80	21.80	0.036502	20.134
21.80	21.80	0.036519	20.239
21.80	21.80	0.036535	20.339
21.80	21.80	0.036552	20.433
21.80	21.80	0.036569	20.538
21.80	21.80	0.036585	20.637
21.80	21.80	0.036602	20.732
21.80	21.81	0.036619	20.836
21.80	21.81	0.036635	20.931
21.80	21.81	0.036652	21.031
21.80	21.81	0.036669	21.136
21.80	21.81	0.036685	21.230
21.83	21.81	0.036702	21.330
21.83	21.81	0.036719	21.434
21.83	21.81	0.036735	21.529
21.83	21.81	0.036752	21.628
21.83	21.81	0.036769	21.733
21.83	21.81	0.036785	21.828
21.83	21.81	0.036802	21.927
21.83	21.81	0.036819	22.032
21.83	21.82	0.036835	22.126
21.83	21.82	0.036852	22.226
21.83	21.82	0.036869	22.330
21.83	21.82	0.036885	22.425
21.83	21.82	0.036902	22.524
21.83	21.82	0.036919	22.629
21.83	21.82	0.036935	22.724
21.80	21.82	0.036952	22.823
21.80	21.82	0.036969	22.928
21.80	21.82	0.036985	23.022
21.80	21.82	0.037002	23.123
21.80	21.82	0.037019	23.226
21.80	21.82	0.037035	23.321
21.80	21.83	0.037052	23.422
21.80	21.83	0.037069	23.525
21.83	21.83	0.037085	23.620
21.83	21.83	0.037102	23.722
21.83	21.83	0.037118	23.824
21.83	21.83	0.037135	23.918
21.83	21.83	0.037152	24.023
21.83	21.83	0.037168	24.122
21.83	21.83	0.037185	24.218
21.83	21.83	0.037202	24.322
21.83	21.83	0.037218	24.421
21.83	21.83	0.037235	24.518
21.83	21.83	0.037252	24.620
21.83	21.84	0.037268	24.721
21.86	21.84	0.037285	24.818
21.86	21.84	0.037302	24.920
21.86	21.84	0.037318	25.019
21.86	21.84	0.037335	25.118
21.86	21.84	0.037352	25.218
21.86	21.84	0.037368	25.318
21.86	21.84	0.037385	25.418
21.86	21.84	0.037402	25.518
21.86	21.84	0.037418	25.619
21.86	21.84	0.037435	25.718
21.86	21.84	0.037452	25.818
21.83	21.84	0.037468	25.918
21.83	21.84	0.037485	26.018
21.83	21.85	0.037502	26.118
21.83	21.85	0.037518	26.219
21.83	21.85	0.037535	26.318
21.83	21.85	0.037552	26.418
21.83	21.85	0.037568	26.519
21.83	21.85	0.037585	26.618
21.83	21.85	0.037602	26.718
21.83	21.85	0.037618	26.818
21.83	21.85	0.037635	26.918
21.83	21.85	0.037652	27.018
21.83	21.85	0.037668	27.119
21.86	21.85	0.037685	27.218
21.86	21.85	0.037702	27.318
21.86	21.86	0.037718	27.419
21.86	21.86	0.037735	27.518
21.86	21.86	0.037752	27.618
21.86	21.86	0.037768	27.718
21.86	21.86	0.037785	27.818
21.86	21.86	0.037802	27.918
21.86	21.86	0.037818	28.019
21.86	21.86	0.037835	28.118
21.86	21.86	0.037852	28.218
21.86	21.86	0.037868	28.319
21.86	21.86	0.037885	28.418
21.86	21.86	0.037902	28.518
21.86	21.86	0.037918	28.618
21.86	21.87	0.037935	28.718
21.86	21.87	0.037951	28.819
21.86	21.87	0.037968	28.919
21.86	21.87	0.037985	29.018
21.86	21.87	0.038001	29.118
21.86	21.87	0.038018	29.219
21.88	21.87	0.038035	29.318
21.88	21.87	0.038051	29.418
21.88	21.87	0.038068	29.518
21.88	21.87	0.038085	29.618
21.88	21.87	0.038101	29.718
21.88	21.87	0.038118	29.819
21.88	21.87	0.038135	29.918
21.88	21.88	0.038151	30.018
21.88	21.88	0.038168	30.119
21.88	21.88	0.038185	30.246
21.88	21.88	0.038201	30.341
21.88	21.88	0.038218	30.419
21.88	21.88	0.038235	30.545
21.88	21.88	0.038251	30.640
21.88	21.88	0.038268	30.719
21.88	21.88	0.038285	30.845
21.88	21.88	0.038301	30.939
21.88	21.88	0.038318	31.043
21.88	21.88	0.038335	31.143
21.88	21.88	0.038351	31.237
21.88	21.89	0.038368	31.343
21.88	21.89	0.038385	31.441
21.88	21.89	0.038401	31.536
21.88	21.89	0.038418	31.640
21.88	21.89	0.038435	31.740
21.88	21.89	0.038451	31.834
21.88	21.89	0.038468	31.939
21.88	21.89	0.038485	32.034
21.88	21.89	0.038501	32.133
21.88	21.89	0.038518	32.239
21.88	21.89	0.038535	32.333
21.88	21.89	0.038551	32.433
21.88	21.89	0.038568	32.537
21.88	21.90	0.038585	32.632
21.88	21.90	0.038601	32.731
21.88	21.90	0.038618	32.836
21.88	21.90	0.038635	32.931
21.88	21.90	0.038651	33.030
21.88	21.90	0.038668	33.135
21.91	21.90	0.038685	33.229
21.91	21.90	0.038701	33.329
21.91	21.90	0.038718	33.433
21.91	21.90	0.038735	33.528
21.91	21.90	0.038751	33.628
21.91	21.90	0.038768	33.732
21.91	21.90	0.038784	33.827
21.91	21.91	0.038801	33.926
21.91	21.91	0.038818	34.031
21.91	21.91	0.038834	34.125
21.91	21.91	0.038851	34.225
21.91	21.91	0.038868	34.329
21.91	21.91	0.038884	34.424
21.91	21.91	0.038901	34.524
21.91	21.91	0.038918	34.628
21.91	21.91	0.038934	34.723
21.91	21.91	0.038951	34.824
21.91	21.91	0.038968	34.927
21.91	21.91	0.038984	35.021
21.91	21.91	0.039001	35.124
21.91	21.92	0.039018	35.225
21.91	21.92	0.039034	35.320
21.93	21.92	0.039051	35.425
21.93	21.92	0.039068	35.524
21.93	21.92	0.039084	35.619
21.93	21.92	0.039101	35.723
21.93	21.92	0.039118	35.823
21.93	21.92	0.039134	35.918
21.93	21.92	0.039151	36.022
21.93	21.92	0.039168	36.122
21.93	21.92	0.039184	36.218
21.93	21.92	0.039201	36.320
21.93	21.92	0.039218	36.421
21.93	21.93	0.039234	36.518
21.93	21.93	0.039251	36.619
21.93	21.93	0.039268	36.720
21.93	21.93	0.039284	36.818
21.93	21.93	0.039301	36.919
21.93	21.93	0.039318	37.020
21.93	21.93	0.039334	37.118
21.93	21.93	0.039351	37.218
21.93	21.93	0.039368	37.320
21.93	21.93	0.039384	37.418
21.93	21.93	0.039401	37.518
21.93	21.93	0.039418	37.619
21.93	21.93	0.039434	37.718
21.93	21.94	0.039451	37.818
21.93	21.94	0.039468	37.920
21.93	21.94	0.039484	38.018
21.93	21.94	0.039501	38.118
21.93	21.94	0.039518	38.220
21.93	21.94	0.039534	38.318
21.93	21.94	0.039551	38.418
21.93	21.94	0.039568	38.520
21.93	21.94	0.039584	38.618
21.93	21.94	0.039601	38.718
21.93	21.94	0.039617	38.820
21.93	21.94	0.039634	38.918
21.93	21.94	0.039651	39.018
21.93	21.95	0.039667	39.120
21.93	21.95	0.039684	39.218
21.93	21.95	0.039701	39.318
21.96	21.95	0.039717	39.421
21.96	21.95	0.039734	39.518
21.96	21.95	0.039751	39.618
21.96	21.95	0.039767	39.720
21.96	21.95	0.039784	39.818
21.96	21.95	0.039801	39.918
21.96	21.95	0.039817	40.020
21.96	21.95	0.039834	40.118
21.96	21.95	0.039851	40.218
21.96	21.95	0.039867	40.321
21.96	21.96	0.039884	40.418
21.96	21.96	0.039901	40.518
21.96	21.96	0.039917	40.620
21.96	21.96	0.039934	40.718
21.96	21.96	0.039951	40.818
21.96	21.96	0.039967	40.921
21.96	21.96	0.039984	41.019
21.96	21.96	0.040001	41.118
21.96	21.96	0.040017	41.221
21.96	21.96	0.040034	41.318
21.96	21.96	0.040051	41.418
21.96	21.96	0.040067	41.520
21.96	21.96	0.040084	41.618
21.96	21.97	0.040101	41.718
21.96	21.97	0.040117	41.821
21.96	21.97	0.040134	41.918
21.96	21.97	0.040151	42.041
21.96	21.97	0.040167	42.121
21.96	21.97	0.040184	42.245
21.99	21.97	0.040201	42.340
21.99	21.97	0.040217	42.444
21.99	21.97	0.040234	42.544
21.99	21.97	0.040251	42.639
21.99	21.97	0.040267	42.743
21.99	21.97	0.040284	42.844
21.99	21.97	0.040301	42.937
21.99	21.98	0.040317	43.043
21.99	21.98	0.040334	43.141
21.96	21.98	0.040351	43.236
21.96	21.98	0.040367	43.341
21.96	21.98	0.040384	43.435
21.96	21.98	0.040401	43.535
21.96	21.98	0.040417	43.639
21.96	21.98	0.040434	43.734
21.96	21.98	0.040450	43.834
21.96	21.98	0.040467	43.938
21.96	21.98	0.040484	44.033
21.96	21.98	0.040500	44.132
21.96	21.98	0.040517	44.237
21.96	21.99	0.040534	44.331
21.99	21.99	0.040550	44.431
21.99	21.99	0.040567	44.535
21.99	21.99	0.040584	44.630
21.99	21.99	0.040600	44.730
21.99	21.99	0.040617	44.834
21.99	21.99	0.040634	44.929
21.99	21.99	0.040650	45.028
21.99	21.99	0.040667	45.134
21.99	21.99	0.040684	45.227
21.99	21.99	0.040700	45.327
21.99	21.99	0.040717	45.432
22.01	21.99	0.040734	45.527
22.01	22.00	0.040750	45.627
22.01	22.00	0.040767	45.731
22.01	22.00	0.040784	45.826
22.01	22.00	0.040800	45.925
22.01	22.00	0.040817	46.030
22.01	22.00	0.040834	46.124
22.01	22.00	0.040850	46.226
22.01	22.00	0.040867	46.329
22.01	22.00	0.040884	46.423
22.01	22.00	0.040900	46.526
22.01	22.00	0.040917	46.627
22.01	22.00	0.040934	46.722
22.01	22.00	0.040950	46.825
22.01	22.01	0.040967	46.926
22.01	22.01	0.040984	47.021
22.01	22.01	0.041000	47.125
22.01	22.01	0.041017	47.225
22.01	22.01	0.041034	47.319
22.01	22.01	0.041050	47.424
22.01	22.01	0.041067	47.523
22.01	22.01	0.041084	47.618
22.01	22.01	0.041100	47.722
22.01	22.01	0.041117	47.822
22.01	22.01	0.041134	47.918
22.01	22.01	0.041150	48.021
22.01	22.01	0.041167	48.122
22.01	22.02	0.041184	48.218
22.01	22.02	0.041200	48.320
22.01	22.02	0.041217	48.421
22.01	22.02	0.041234	48.518
22.01	22.02	0.041250	48.618
22.01	22.02	0.041267	48.721
22.01	22.02	0.041283	48.818
22.01	22.02	0.041300	48.918
22.01	22.02	0.041317	49.021
22.01	22.02	0.041333	49.118
22.01	22.02	0.041350	49.218
22.01	22.02	0.041367	49.322
22.01	22.02	0.041383	49.418
22.01	22.03	0.041400	49.518
22.01	22.03	0.041417	49.621
22.01	22.03	0.041433	49.718
22.01	22.03	0.041450	49.818
22.01	22.03	0.041467	49.922
22.01	22.03	0.041483	50.018
22.04	22.03	0.041500	50.118
22.04	22.03	0.041517	50.221
22.04	22.03	0.041533	50.318
22.04	22.03	0.041550	50.418
22.04	22.03	0.041567	50.521
22.04	22.03	0.041583	50.618
22.04	22.03	0.041600	50.718
22.04	22.04	0.041617	50.822
22.04	22.04	0.041633	50.918
22.04	22.04	0.041650	51.018
22.04	22.04	0.041667	51.122
22.04	22.04	0.041683	51.218
22.04	22.04	0.041700	51.318
22.04	22.04	0.041717	51.422
22.04	22.04	0.041733	51.518
22.04	22.04	0.041750	51.618
22.04	22.04	0.041767	51.721
22.04	22.04	0.041783	51.818
22.04	22.04	0.041800	51.919
22.04	22.04	0.041817	52.022
22.04	22.05	0.041833	52.118
22.04	22.05	0.041850	52.218
22.04	22.05	0.041867	52.322
22.04	22.05	0.041883	52.418
22.06	22.05	0.041900	52.518
22.06	22.05	0.041917	52.622
22.06	22.05	0.041933	52.718
22.06	22.05	0.041950	52.818
22.06	22.05	0.041967	52.922
22.06	22.05	0.041983	53.018
22.06	22.05	0.042000	53.118
22.06	22.05	0.042017	53.222
22.06	22.05	0.042033	53.318
22.06	22.06	0.042050	53.418
22.06	22.06	0.042067	53.522
22.06	22.06	0.042083	53.617
22.06	22.06	0.042100	53.717
22.06	22.06	0.042116	53.846
22.06	22.06	0.042133	53.946
22.06	22.06	0.042150	54.040
22.06	22.06	0.042166	54.145
22.06	22.06	0.042183	54.244
22.06	22.06	0.042200	54.339
22.06	22.06	0.042216	54.443
22.06	22.06	0.042233	54.543
22.06	22.06	0.042250	54.638
22.06	22.07	0.042266	54.742
22.06	22.07	0.042283	54.837
22.06	22.07	0.042300	54.937
22.06	22.07	0.042316	55.041
22.06	22.07	0.042333	55.136
22.06	22.07	0.042350	55.235
22.06	22.07	0.042366	55.340
22.06	22.07	0.042383	55.435
22.06	22.07	0.042400	55.534
22.06	22.07	0.042416	55.639
22.06	22.07	0.042433	55.733
22.06	22.07	0.042450	55.833
22.06	22.07	0.042466	55.937
22.09	22.08	0.042483	56.032
22.09	22.08	0.042500	56.132
22.09	22.08	0.042516	56.236
22.09	22.08	0.042533	56.331
22.09	22.08	0.042550	56.430
22.09	22.08	0.042566	56.535
22.09	22.08	0.042583	56.629
22.09	22.08	0.042600	56.729
22.09	22.08	0.042616	56.834
22.09	22.08	0.042633	56.928
22.09	22.08	0.042650	57.028
22.09	22.08	0.042666	57.132
22.09	22.08	0.042683	57.227
22.09	22.08	0.042700	57.327
22.09	22.09	0.042716	57.431
22.09	22.09	0.042733	57.525
22.09	22.09	0.042750	57.627
22.09	22.09	0.042766	57.730
22.09	22.09	0.042783	57.824
22.09	22.09	0.042800	57.927
22.09	22.09	0.042816	58.028
22.09	22.09	0.042833	58.123
22.09	22.09	0.042850	58.227
22.09	22.09	0.042866	58.327
22.09	22.09	0.042883	58.422
22.09	22.09	0.042900	58.526
22.09	22.09	0.042916	58.626
22.09	22.10	0.042933	58.720
22.09	22.10	0.042949	58.825
22.09	22.10	0.042966	58.924
22.09	22.10	0.042983	59.020
22.09	22.10	0.042999	59.123
22.09	22.10	0.043016	59.223
22.09	22.10	0.043033	59.320
22.09	22.10	0.043049	59.422
22.09	22.10	0.043066	59.523
22.09	22.10	0.043083	59.620
22.09	22.10	0.043099	59.721
22.09	22.10	0.043116	59.823
22.09	22.10	0.043133	59.920
22.09	22.11	0.043149	00.020
22.09	22.11	0.043166	00.123
22.09	22.11	0.043183	00.220
22.12	22.11	0.043199	00.320
22.12	22.11	0.043216	00.423
22.12	22.11	0.043233	00.520
22.12	22.11	0.043249	00.620
22.12	22.11	0.043266	00.723
22.12	22.11	0.043283	00.820
22.12	22.11	0.043299	00.921
22.12	22.11	0.043316	01.023
22.12	22.11	0.043333	01.120
22.12	22.11	0.043349	01.220
22.12	22.12	0.043366	01.323
22.12	22.12	0.043383	01.420
22.12	22.12	0.043399	01.520
22.12	22.12	0.043416	01.623
22.12	22.12	0.043433	01.721
22.12	22.12	0.043449	01.820
22.12	22.12	0.043466	01.924
22.12	22.12	0.043483	02.020
22.12	22.12	0.043499	02.120
22.12	22.12	0.043516	02.223
22.12	22.12	0.043533	02.320
22.12	22.12	0.043549	02.420
22.12	22.12	0.043566	02.523
22.12	22.13	0.043583	02.620
22.12	22.13	0.043599	02.720
22.12	22.13	0.043616	02.824
22.12	22.13	0.043633	02.920
22.12	22.13	0.043649	03.020
22.12	22.13	0.043666	03.123
22.12	22.13	0.043683	03.220
22.12	22.13	0.043699	03.321
22.12	22.13	0.043716	03.424
22.12	22.13	0.043733	03.520
22.12	22.13	0.043749	03.620
22.12	22.13	0.043766	03.724
22.12	22.13	0.043782	03.821
22.12	22.14	0.043799	03.921
22.12	22.14	0.043816	04.023
22.12	22.14	0.043832	04.121
22.14	22.14	0.043849	04.221
22.14	22.14	0.043866	04.324
22.14	22.14	0.043882	04.421
22.14	22.14	0.043899	04.521
22.14	22.14	0.043916	04.624
22.14	22.14	0.043932	04.750
22.14	22.14	0.043949	04.844
22.14	22.14	0.043966	04.923
22.14	22.14	0.043982	05.049
22.14	22.14	0.043999	05.143
22.14	22.15	0.044016	05.248
22.14	22.15	0.044032	05.348
22.14	22.15	0.044049	05.442
22.14	22.15	0.044066	05.547
22.14	22.15	0.044082	05.646
22.17	22.15	0.044099	05.741
22.17	22.15	0.044116	05.845
22.17	22.15	0.044132	05.945
22.17	22.15	0.044149	06.040
22.17	22.15	0.044166	06.144
22.17	22.15	0.044182	06.239
22.17	22.15	0.044199	06.338
22.17	22.15	0.044216	06.443
22.17	22.16	0.044232	06.537
22.17	22.16	0.044249	06.637
22.17	22.16	0.044266	06.741
22.17	22.16	0.044282	06.836
22.17	22.16	0.044299	06.936
22.17	22.16	0.044316	07.040
22.17	22.16	0.044332	07.135
22.17	22.16	0.044349	07.234
22.17	22.16	0.044366	07.339
22.14	22.16	0.044382	07.433
22.14	22.16	0.044399	07.533
22.14	22.16	0.044416	07.638
22.14	22.16	0.044432	07.732
22.14	22.17	0.044449	07.832
22.14	22.17	0.044466	07.936
22.14	22.17	0.044482	08.031
22.14	22.17	0.044499	08.130
22.14	22.17	0.044516	08.235
22.17	22.17	0.044532	08.329
22.17	22.17	0.044549	08.429
22.17	22.17	0.044566	08.534
22.17	22.17	0.044582	08.628
22.17	22.17	0.044599	08.729
22.17	22.17	0.044615	08.832
22.17	22.17	0.044632	08.927
22.17	22.17	0.044649	09.028
22.17	22.18	0.044665	09.131
22.17	22.18	0.044682	09.226
22.17	22.18	0.044699	09.328
22.19	22.18	0.044715	09.430
22.19	22.18	0.044732	09.524
22.19	22.18	0.044749	09.629
22.19	22.18	0.044765	09.728
22.19	22.18	0.044782	09.823
22.19	22.18	0.044799	09.927
22.19	22.18	0.044815	10.027
22.19	22.18	0.044832	10.122
22.19	22.18	0.044849	10.226
22.19	22.18	0.044865	10.326
22.19	22.19	0.044882	10.422
22.19	22.19	0.044899	10.525
22.19	22.19	0.044915	10.624
22.19	22.19	0.044932	10.722
22.19	22.19	0.044949	10.824
22.19	22.19	0.044965	10.924
22.19	22.19	0.044982	11.022
22.19	22.19	0.044999	11.122
22.19	22.19	0.045015	11.225
22.19	22.19	0.045032	11.322
22.19	22.19	0.045049	11.422
22.19	22.19	0.045065	11.525
22.19	22.19	0.045082	11.623
22.19	22.20	0.045099	11.722
22.19	22.20	0.045115	11.825
22.19	22.20	0.045132	11.922
22.19	22.20	0.045149	12.022
22.19	22.20	0.045165	12.125
22.19	22.20	0.045182	12.222
22.19	22.20	0.045199	12.322
22.19	22.20	0.045215	12.425
22.19	22.20	0.045232	12.522
22.19	22.20	0.045249	12.622
22.19	22.20	0.045265	12.724
22.19	22.20	0.045282	12.822
22.19	22.20	0.045299	12.922
22.19	22.21	0.045315	13.025
22.19	22.21	0.045332	13.122
22.19	22.21	0.045349	13.222
22.22	22.21	0.045365	13.325
22.22	22.21	0.045382	13.422
22.22	22.21	0.045399	13.522
22.22	22.21	0.045415	13.624
22.22	22.21	0.045432	13.722
22.22	22.21	0.045448	13.822
22.22	22.21	0.045465	13.925
22.22	22.21	0.045482	14.023
22.22	22.21	0.045498	14.122
22.22	22.21	0.045515	14.225
22.22	22.22	0.045532	14.322
22.22	22.22	0.045548	14.422
22.22	22.22	0.045565	14.525
22.22	22.22	0.045582	14.622
22.22	22.22	0.045598	14.723
22.22	22.22	0.045615	14.825
22.22	22.22	0.045632	14.922
22.22	22.22	0.045648	15.022
22.22	22.22	0.045665	15.125
22.22	22.22	0.045682	15.222
22.22	22.22	0.045698	15.322
22.22	22.22	0.045715	15.425
22.22	22.22	0.045732	15.523
22.22	22.23	0.045748	15.622
22.22	22.23	0.045765	15.725
22.22	22.23	0.045782	15.822
22.22	22.23	0.045798	15.922
22.22	22.23	0.045815	16.025
22.22	22.23	0.045832	16.151
22.25	22.23	0.045848	16.246
22.25	22.23	0.045865	16.325
22.25	22.23	0.045882	16.450
22.25	22.23	0.045898	16.545
22.25	22.23	0.045915	16.649
22.25	22.23	0.045932	16.749
22.25	22.23	0.045948	16.843
22.25	22.24	0.045965	16.948
22.25	22.24	0.045982	17.047
22.25	22.24	0.045998	17.142
22.25	22.24	0.046015	17.247
22.22	22.24	0.046032	17.346
22.22	22.24	0.046048	17.441
22.22	22.24	0.046065	17.545
22.22	22.24	0.046082	17.640
22.22	22.24	0.046098	17.739
22.22	22.24	0.046115	17.844
22.22	22.24	0.046132	17.938
22.22	22.24	0.046148	18.038
22.22	22.24	0.046165	18.143
22.25	22.25	0.046182	18.237
22.25	22.25	0.046198	18.337
22.25	22.25	0.046215	18.441
22.25	22.25	0.046232	18.536
22.25	22.25	0.046248	18.635
22.25	22.25	0.046265	18.740
22.25	22.25	0.046281	18.835
22.25	22.25	0.046298	18.934
22.25	22.25	0.046315	19.039
22.25	22.25	0.046331	19.133
22.25	22.25	0.046348	19.233
22.25	22.25	0.046365	19.337
22.25	22.25	0.046381	19.432
22.25	22.26	0.046398	19.531
22.25	22.26	0.046415	19.636
22.27	22.26	0.046431	19.731
22.27	22.26	0.046448	19.830
22.27	22.26	0.046465	19.935
22.27	22.26	0.046481	20.029
22.27	22.26	0.046498	20.130
22.27	22.26	0.046515	20.233
22.27	22.26	0.046531	20.328
22.27	22.26	0.046548	20.430
22.27	22.26	0.046565	20.533
22.27	22.26	0.046581	20.627
22.27	22.26	0.046598	20.730
22.27	22.27	0.046615	20.831
22.27	22.27	0.046631	20.925
22.27	22.27	0.046648	21.030
22.27	22.27	0.046665	21.129
22.27	22.27	0.046681	21.224
22.27	22.27	0.046698	21.329
22.27	22.27	0.046715	21.429
22.27	22.27	0.046731	21.523
22.27	22.27	0.046748	21.627
22.27	22.27	0.046765	21.727
22.27	22.27	0.046781	21.822
22.27	22.27	0.046798	21.926
22.27	22.27	0.046815	22.026
22.27	22.28	0.046831	22.122
22.27	22.28	0.046848	22.225
22.27	22.28	0.046865	22.326
22.27	22.28	0.046881	22.422
22.27	22.28	0.046898	22.523
22.27	22.28	0.046915	22.626
22.27	22.28	0.046931	22.723
22.27	22.28	0.046948	22.822
22.27	22.28	0.046965	22.926
22.27	22.28	0.046981	23.022
22.27	22.28	0.046998	23.122
22.27	22.28	0.047015	23.226
22.27	22.28	0.047031	23.322
22.27	22.29	0.047048	23.423
22.27	22.29	0.047065	23.526
22.27	22.29	0.047081	23.622
22.27	22.29	0.047098	23.722
22.27	22.29	0.047114	23.826
22.30	22.29	0.047131	23.922
22.30	22.29	0.047148	24.022
22.30	22.29	0.047164	24.126
22.30	22.29	0.047181	24.223
22.30	22.29	0.047198	24.322
22.30	22.29	0.047214	24.427
22.30	22.29	0.047231	24.522
22.30	22.29	0.047248	24.622
22.30	22.30	0.047264	24.726
22.30	22.30	0.047281	24.822
22.30	22.30	0.047298	24.922
22.30	22.30	0.047314	25.026
22.30	22.30	0.047331	25.123
22.30	22.30	0.047348	25.222
22.30	22.30	0.047364	25.326
22.30	22.30	0.047381	25.422
22.30	22.30	0.047398	25.522
22.30	22.30	0.047414	25.626
22.30	22.30	0.047431	25.722
22.30	22.30	0.047448	25.822
22.30	22.30	0.047464	25.926
22.30	22.30	0.047481	26.022
22.30	22.31	0.047498	26.122
22.30	22.31	0.047514	26.227
22.30	22.31	0.047531	26.322
22.30	22.31	0.047548	26.422
22.30	22.31	0.047564	26.526
22.30	22.31	0.047581	26.622
22.30	22.31	0.047598	26.722
22.32	22.31	0.047614	26.826
22.32	22.31	0.047631	26.922
22.32	22.31	0.047648	27.022
22.32	22.31	0.047664	27.127
22.32	22.31	0.047681	27.224
22.32	22.31	0.047698	27.323
22.32	22.32	0.047714	27.427
22.32	22.32	0.047731	27.523
22.32	22.32	0.047748	27.623
22.32	22.32	0.047764	27.726
22.32	22.32	0.047781	27.852
22.32	22.32	0.047798	27.946
22.32	22.32	0.047814	28.051
22.32	22.32	0.047831	28.150
22.32	22.32	0.047848	28.245
22.32	22.32	0.047864	28.350
22.32	22.32	0.047881	28.449
22.32	22.32	0.047898	28.544
22.32	22.32	0.047914	28.648
22.32	22.33	0.047931	28.748
22.32	22.33	0.047947	28.842
22.32	22.33	0.047964	28.947
22.32	22.33	0.047981	29.042
22.32	22.33	0.047997	29.141
22.32	22.33	0.048014	29.246
22.32	22.33	0.048031	29.340
22.32	22.33	0.048047	29.440
22.32	22.33	0.048064	29.544
22.32	22.33	0.048081	29.638
22.35	22.33	0.048097	29.738
22.35	22.33	0.048114	29.843
22.35	22.33	0.048131	29.938
22.35	22.34	0.048147	30.037
22.35	22.34	0.048164	30.142
22.35	22.34	0.048181	30.236
22.35	22.34	0.048197	30.336
22.35	22.34	0.048214	30.440
22.35	22.34	0.048231	30.535
22.35	22.34	0.048247	30.635
22.35	22.34	0.048264	30.739
22.35	22.34	0.048281	30.834
22.35	22.34	0.048297	30.933
22.35	22.34	0.048314	31.038
22.35	22.34	0.048331	31.132
22.35	22.34	0.048347	31.232
22.32	22.35	0.048364	31.336
22.32	22.35	0.048381	31.431
22.32	22.35	0.048397	31.532
22.32	22.35	0.048414	31.635
22.32	22.35	0.048431	31.730
22.32	22.35	0.048447	31.831
22.35	22.35	0.048464	31.934
22.35	22.35	0.048481	32.028
22.35	22.35	0.048497	32.132
22.35	22.35	0.048514	32.233
22.35	22.35	0.048531	32.327
22.35	22.35	0.048547	32.432
22.35	22.35	0.048564	32.531
22.35	22.36	0.048581	32.626
22.35	22.36	0.048597	32.730
22.35	22.36	0.048614	32.830
22.35	22.36	0.048631	32.925
22.35	22.36	0.048647	33.029
22.38	22.36	0.048664	33.129
22.38	22.36	0.048681	33.223
22.38	22.36	0.048697	33.328
22.38	22.36	0.048714	33.427
22.38	22.36	0.048731	33.523
22.38	22.36	0.048747	33.626
22.38	22.36	0.048764	33.727
22.38	22.36	0.048780	33.824
22.38	22.37	0.048797	33.925
22.38	22.37	0.048814	34.023
22.38	22.37	0.048830	34.123
22.38	22.37	0.048847	34.224
22.35	22.37	0.048864	34.327
22.35	22.37	0.048880	34.423
22.35	22.37	0.048897	34.523
22.35	22.37	0.048914	34.628
22.35	22.37	0.048930	34.723
22.35	22.37	0.048947	34.823
22.35	22.37	0.048964	34.923
22.35	22.37	0.048980	35.023
22.35	22.37	0.048997	35.123
22.35	22.38	0.049014	35.228
22.38	22.38	0.049030	35.324
22.38	22.38	0.049047	35.423
22.38	22.38	0.049064	35.523
22.38	22.38	0.049080	35.623
22.38	22.38	0.049097	35.723
22.38	22.38	0.049114	35.827
22.38	22.38	0.049130	35.923
22.38	22.38	0.049147	36.024
22.38	22.38	0.049164	36.128
22.38	22.38	0.049180	36.223
22.38	22.38	0.049197	36.323
22.38	22.38	0.049214	36.423
22.38	22.39	0.049230	36.523
22.38	22.39	0.049247	36.623
22.40	22.39	0.049264	36.723
22.40	22.39	0.049280	36.823
22.40	22.39	0.049297	36.923
22.40	22.39	0.049314	37.028
22.40	22.39	0.049330	37.123
22.40	22.39	0.049347	37.223
22.40	22.39	0.049364	37.323
22.40	22.39	0.049380	37.423
22.40	22.39	0.049397	37.523
22.40	22.39	0.049414	37.623
22.40	22.39	0.049430	37.723
22.40	22.40	0.049447	37.823
22.40	22.40	0.049464	37.928
22.40	22.40	0.049480	38.023
22.40	22.40	0.049497	38.123
22.40	22.40	0.049514	38.223
22.40	22.40	0.049530	38.324
22.40	22.40	0.049547	38.423
22.40	22.40	0.049564	38.523
22.40	22.40	0.049580	38.623
22.40	22.40	0.049597	38.723
22.40	22.40	0.049613	38.823
22.40	22.40	0.049630	38.923
22.40	22.40	0.049647	39.023
22.40	22.41	0.049663	39.123
22.40	22.41	0.049680	39.223
22.40	22.41	0.049697	39.323
22.40	22.41	0.049713	39.452
22.40	22.41	0.049730	39.552
22.40	22.41	0.049747	39.646
22.40	22.41	0.049763	39.751
22.40	22.41	0.049780	39.850
22.40	22.41	0.049797	39.945
22.40	22.41	0.049813	40.049
22.40	22.41	0.049830	40.149
22.40	22.41	0.049847	40.244
22.40	22.41	0.049863	40.348
22.40	22.42	0.049880	40.443
22.43	22.42	0.049897	40.542
22.43	22.42	0.049913	40.647
22.43	22.42	0.049930	40.741
22.43	22.42	0.049947	40.841
22.43	22.42	0.049963	40.946
22.43	22.42	0.049980	41.040
22.43	22.42	0.049997	41.140
22.43	22.42	0.050013	41.244
22.43	22.42	0.050030	41.339
22.43	22.42	0.050047	41.438
22.43	22.42	0.050063	41.543
22.43	22.42	0.050080	41.638
22.43	22.43	0.050097	41.738
22.43	22.43	0.050113	41.842
22.43	22.43	0.050130	41.936
22.43	22.43	0.050147	42.036
22.43	22.43	0.050163	42.140
22.43	22.43	0.050180	42.235
22.43	22.43	0.050197	42.334
22.43	22.43	0.050213	42.439
22.43	22.43	0.050230	42.534
22.43	22.43	0.050247	42.633
22.43	22.43	0.050263	42.738
22.43	22.43	0.050280	42.832
22.43	22.43	0.050297	42.933
22.43	22.44	0.050313	43.036
22.43	22.44	0.050330	43.131
22.43	22.44	0.050347	43.234
22.43	22.44	0.050363	43.335
22.43	22.44	0.050380	43.430
22.43	22.44	0.050397	43.533
22.43	22.44	0.050413	43.634
22.43	22.44	0.050430	43.728
22.43	22.44	0.050446	43.833
22.43	22.44	0.050463	43.932
22.43	22.44	0.050480	44.027
22.43	22.44	0.050496	44.132
22.43	22.44	0.050513	44.231
22.45	22.45	0.050530	44.326
22.45	22.45	0.050546	44.430
22.45	22.45	0.050563	44.530
22.45	22.45	0.050580	44.624
22.45	22.45	0.050596	44.729
22.45	22.45	0.050613	44.829
22.45	22.45	0.050630	44.924
22.45	22.45	0.050646	45.029
22.45	22.45	0.050663	45.124
22.45	22.45	0.050680	45.224
22.45	22.45	0.050696	45.326
22.45	22.45	0.050713	45.424
22.45	22.45	0.050730	45.524
22.45	22.46	0.050746	45.626
22.45	22.46	0.050763	45.730
22.45	22.46	0.050780	45.824
22.45	22.46	0.050796	45.924
22.45	22.46	0.050813	46.024
22.45	22.46	0.050830	46.124
22.48	22.46	0.050846	46.224
22.48	22.46	0.050863	46.324
22.48	22.46	0.050880	46.424
22.48	22.46	0.050896	46.524
22.48	22.46	0.050913	46.624
22.48	22.46	0.050930	46.724
22.48	22.46	0.050946	46.824
22.48	22.47	0.050963	46.924
22.48	22.47	0.050980	47.024
22.48	22.47	0.050996	47.124
22.48	22.47	0.051013	47.224
22.48	22.47	0.051030	47.324
22.48	22.47	0.051046	47.424
22.48	22.47	0.051063	47.524
22.45	22.47	0.051080	47.624
22.45	22.47	0.051096	47.724
22.45	22.47	0.051113	47.824
22.45	22.47	0.051130	47.924
22.45	22.47	0.051146	48.024
22.45	22.47	0.051163	48.124
22.45	22.48	0.051180	48.225
22.45	22.48	0.051196	48.324
22.45	22.48	0.051213	48.424
22.48	22.48	0.051230	48.524
22.48	22.48	0.051246	48.624
22.48	22.48	0.051263	48.724
22.48	22.48	0.051279	48.824
22.48	22.48	0.051296	48.924
22.48	22.48	0.051313	49.024
22.48	22.48	0.051329	49.125
22.48	22.48	0.051346	49.224
22.48	22.48	0.051363	49.324
22.48	22.48	0.051379	49.424
22.48	22.49	0.051396	49.524
22.50	22.49	0.051413	49.624
22.50	22.49	0.051429	49.724
22.50	22.49	0.051446	49.824
22.50	22.49	0.051463	49.924
22.50	22.49	0.051479	50.024
22.50	22.49	0.051496	50.124
22.50	22.49	0.051513	50.224
22.50	22.49	0.051529	50.324
22.50	22.49	0.051546	50.424
22.50	22.49	0.051563	50.524
22.50	22.49	0.051579	50.624
22.50	22.49	0.051596	50.724
22.50	22.50	0.051613	50.824
22.50	22.50	0.051629	50.924
22.50	22.50	0.051646	51.048
22.50	22.50	0.051663	51.153
22.50	22.50	0.051679	51.252
22.50	22.50	0.051696	51.347
22.50	22.50	0.051713	51.451
22.50	22.50	0.051729	51.551
