100.00	0.00	7.23	30.00	150.00	2.70	97.30	2.60	

19.99	21.50	0.000000	06.079
19.99	21.50	0.000017	06.178
19.94	21.50	0.000033	06.278
19.94	21.50	0.000050	06.378
19.94	21.50	0.000067	06.478
20.07	21.50	0.000083	06.578
20.17	21.50	0.000100	06.678
20.40	21.50	0.000117	06.778
20.55	21.50	0.000133	06.878
20.84	21.50	0.000150	06.978
21.10	21.50	0.000167	07.078
21.23	21.50	0.000183	07.178
21.44	21.50	0.000200	07.278
21.57	21.50	0.000217	07.378
21.59	21.50	0.000233	07.478
21.59	21.50	0.000250	07.578
21.59	21.50	0.000267	07.677
21.54	21.50	0.000283	07.778
21.46	21.50	0.000300	07.878
21.38	21.50	0.000317	07.978
21.33	21.50	0.000333	08.078
21.33	21.50	0.000350	08.178
21.33	21.50	0.000367	08.278
21.33	21.50	0.000383	08.378
21.33	21.50	0.000400	08.478
21.38	21.50	0.000416	08.579
21.41	21.50	0.000433	08.678
21.51	21.50	0.000450	08.778
21.62	21.50	0.000466	08.878
21.67	21.50	0.000483	08.978
21.75	21.50	0.000500	09.078
21.75	21.50	0.000516	09.177
21.75	21.50	0.000533	09.278
21.77	21.50	0.000550	09.378
21.77	21.50	0.000566	09.478
21.77	21.50	0.000583	09.578
21.77	21.50	0.000600	09.678
21.77	21.50	0.000616	09.778
21.77	21.50	0.000633	09.878
21.75	21.50	0.000650	09.978
21.75	21.50	0.000666	10.078
21.75	21.50	0.000683	10.178
21.75	21.50	0.000700	10.278
21.72	21.50	0.000716	10.378
21.72	21.50	0.000733	10.478
21.72	21.50	0.000750	10.579
21.72	21.50	0.000766	10.678
21.72	21.50	0.000783	10.777
21.70	21.50	0.000800	10.878
21.70	21.50	0.000816	10.978
21.70	21.50	0.000833	11.102
21.70	21.50	0.000850	11.202
21.70	21.50	0.000866	11.306
21.70	21.50	0.000883	11.401
21.70	21.50	0.000900	11.500
21.70	21.50	0.000916	11.605
21.70	21.50	0.000933	11.700
21.70	21.50	0.000950	11.799
21.70	21.50	0.000966	11.904
21.70	21.50	0.000983	11.997
21.70	21.50	0.001000	12.098
21.67	21.50	0.001016	12.202
21.67	21.50	0.001033	12.297
21.67	21.50	0.001050	12.397
21.67	21.50	0.001066	12.501
21.67	21.50	0.001083	12.596
21.67	21.50	0.001100	12.696
21.67	21.50	0.001116	12.800
21.64	21.50	0.001133	12.894
21.64	21.50	0.001150	12.997
21.64	21.50	0.001166	13.098
21.64	21.50	0.001183	13.193
21.62	21.50	0.001200	13.297
21.62	21.50	0.001216	13.397
21.62	21.50	0.001233	13.492
21.62	21.50	0.001250	13.596
21.62	21.50	0.001266	13.696
21.59	21.50	0.001283	13.790
21.59	21.50	0.001299	13.895
21.59	21.50	0.001316	13.994
21.59	21.50	0.001333	14.089
21.59	21.50	0.001349	14.194
21.59	21.50	0.001366	14.293
21.57	21.50	0.001383	14.388
21.57	21.50	0.001399	14.492
21.57	21.50	0.001416	14.587
21.57	21.50	0.001433	14.686
21.57	21.50	0.001449	14.791
21.57	21.50	0.001466	14.886
21.57	21.50	0.001483	14.985
21.57	21.50	0.001499	15.090
21.54	21.50	0.001516	15.184
21.54	21.50	0.001533	15.284
21.54	21.50	0.001549	15.388
21.54	21.50	0.001566	15.483
21.54	21.50	0.001583	15.582
21.54	21.50	0.001599	15.687
21.54	21.50	0.001616	15.782
21.54	21.50	0.001633	15.881
21.54	21.50	0.001649	15.986
21.51	21.50	0.001666	16.080
21.51	21.50	0.001683	16.180
21.51	21.50	0.001699	16.284
21.51	21.50	0.001716	16.379
21.51	21.50	0.001733	16.480
21.51	21.50	0.001749	16.583
21.51	21.50	0.001766	16.679
21.51	21.50	0.001783	16.779
21.51	21.50	0.001799	16.881
21.51	21.50	0.001816	16.979
21.51	21.50	0.001833	17.079
21.51	21.50	0.001849	17.180
21.51	21.50	0.001866	17.280
21.51	21.50	0.001883	17.379
21.51	21.50	0.001899	17.479
21.51	21.50	0.001916	17.579
21.51	21.50	0.001933	17.679
21.51	21.50	0.001949	17.781
21.51	21.50	0.001966	17.881
21.51	21.50	0.001983	17.981
21.54	21.50	0.001999	18.081
21.54	21.50	0.002016	18.182
21.54	21.50	0.002033	18.281
21.54	21.50	0.002049	18.381
21.54	21.50	0.002066	18.481
21.54	21.50	0.002082	18.581
21.51	21.50	0.002099	18.681
21.51	21.50	0.002116	18.781
21.51	21.50	0.002132	18.881
21.51	21.50	0.002149	18.981
21.51	21.50	0.002166	19.081
21.51	21.50	0.002182	19.181
21.51	21.50	0.002199	19.281
21.51	21.50	0.002216	19.381
21.51	21.50	0.002232	19.481
21.51	21.50	0.002249	19.581
21.51	21.50	0.002266	19.681
21.51	21.50	0.002282	19.781
21.51	21.50	0.002299	19.882
21.49	21.50	0.002316	19.982
21.49	21.50	0.002332	20.082
21.49	21.50	0.002349	20.182
21.49	21.50	0.002366	20.282
21.49	21.50	0.002382	20.382
21.49	21.50	0.002399	20.482
21.49	21.50	0.002416	20.582
21.49	21.50	0.002432	20.683
21.49	21.50	0.002449	20.782
21.49	21.50	0.002466	20.882
21.49	21.50	0.002482	20.982
21.49	21.50	0.002499	21.082
21.49	21.50	0.002516	21.182
21.51	21.50	0.002532	21.282
21.51	21.50	0.002549	21.382
21.51	21.50	0.002566	21.511
21.51	21.50	0.002582	21.606
21.51	21.50	0.002599	21.706
21.51	21.50	0.002616	21.810
21.51	21.50	0.002632	21.905
21.51	21.50	0.002649	22.004
21.51	21.50	0.002666	22.109
21.51	21.50	0.002682	22.204
21.51	21.50	0.002699	22.303
21.51	21.50	0.002716	22.408
21.51	21.50	0.002732	22.502
21.51	21.50	0.002749	22.602
21.51	21.50	0.002766	22.706
21.51	21.50	0.002782	22.801
21.51	21.50	0.002799	22.900
21.51	21.50	0.002816	23.005
21.51	21.50	0.002832	23.100
21.49	21.50	0.002849	23.199
21.49	21.50	0.002866	23.304
21.49	21.50	0.002882	23.398
21.49	21.50	0.002899	23.498
21.49	21.50	0.002915	23.602
21.49	21.50	0.002932	23.697
21.49	21.50	0.002949	23.798
21.49	21.50	0.002965	23.901
21.49	21.50	0.002982	23.996
21.49	21.50	0.002999	24.098
21.49	21.50	0.003015	24.200
21.49	21.50	0.003032	24.294
21.49	21.50	0.003049	24.398
21.49	21.50	0.003065	24.498
21.49	21.50	0.003082	24.593
21.49	21.50	0.003099	24.698
21.51	21.50	0.003115	24.797
21.51	21.50	0.003132	24.892
21.51	21.50	0.003149	24.996
21.51	21.50	0.003165	25.096
21.51	21.50	0.003182	25.190
21.51	21.50	0.003199	25.295
21.51	21.50	0.003215	25.394
21.51	21.50	0.003232	25.489
21.51	21.50	0.003249	25.594
21.51	21.50	0.003265	25.688
21.51	21.50	0.003282	25.788
21.51	21.50	0.003299	25.892
21.51	21.50	0.003315	25.987
21.51	21.50	0.003332	26.086
21.51	21.50	0.003349	26.191
21.51	21.50	0.003365	26.286
21.51	21.50	0.003382	26.385
21.51	21.50	0.003399	26.490
21.51	21.50	0.003415	26.584
21.51	21.50	0.003432	26.684
21.51	21.50	0.003449	26.788
21.51	21.50	0.003465	26.883
21.49	21.50	0.003482	26.983
21.49	21.50	0.003499	27.087
21.49	21.50	0.003515	27.182
21.49	21.50	0.003532	27.283
21.49	21.50	0.003549	27.386
21.49	21.50	0.003565	27.482
21.49	21.50	0.003582	27.582
21.49	21.50	0.003599	27.685
21.49	21.50	0.003615	27.782
21.49	21.50	0.003632	27.882
21.49	21.50	0.003649	27.983
21.51	21.50	0.003665	28.082
21.51	21.50	0.003682	28.182
21.51	21.50	0.003699	28.282
21.51	21.50	0.003715	28.382
21.51	21.50	0.003732	28.482
21.51	21.50	0.003748	28.582
21.51	21.50	0.003765	28.682
21.51	21.50	0.003782	28.782
21.51	21.50	0.003798	28.882
21.51	21.50	0.003815	28.982
21.51	21.50	0.003832	29.082
21.51	21.50	0.003848	29.182
21.51	21.50	0.003865	29.282
21.51	21.50	0.003882	29.382
21.49	21.50	0.003898	29.482
21.49	21.50	0.003915	29.582
21.49	21.50	0.003932	29.682
21.49	21.50	0.003948	29.783
21.49	21.50	0.003965	29.882
21.49	21.50	0.003982	29.982
21.49	21.50	0.003998	30.082
21.49	21.50	0.004015	30.182
21.49	21.50	0.004032	30.282
21.49	21.50	0.004048	30.382
21.49	21.50	0.004065	30.482
21.49	21.50	0.004082	30.582
21.49	21.50	0.004098	30.682
21.49	21.50	0.004115	30.783
21.49	21.50	0.004132	30.882
21.51	21.50	0.004148	30.982
21.51	21.50	0.004165	31.082
21.51	21.50	0.004182	31.183
21.51	21.50	0.004198	31.283
21.51	21.50	0.004215	31.383
21.51	21.50	0.004232	31.483
21.51	21.50	0.004248	31.583
21.51	21.50	0.004265	31.683
21.51	21.50	0.004282	31.783
21.51	21.50	0.004298	31.883
21.51	21.50	0.004315	31.983
21.51	21.50	0.004332	32.083
21.51	21.50	0.004348	32.184
21.51	21.50	0.004365	32.283
21.51	21.50	0.004382	32.383
21.51	21.50	0.004398	32.483
21.51	21.50	0.004415	32.583
21.51	21.50	0.004432	32.683
21.51	21.50	0.004448	32.783
21.49	21.50	0.004465	32.912
21.49	21.50	0.004482	33.007
21.49	21.50	0.004498	33.107
21.49	21.50	0.004515	33.211
21.49	21.50	0.004532	33.306
21.49	21.50	0.004548	33.405
21.49	21.50	0.004565	33.510
21.49	21.50	0.004581	33.604
21.49	21.50	0.004598	33.704
21.49	21.50	0.004615	33.808
21.49	21.50	0.004631	33.903
21.49	21.50	0.004648	34.003
21.49	21.50	0.004665	34.107
21.49	21.50	0.004681	34.202
21.49	21.50	0.004698	34.301
21.49	21.50	0.004715	34.406
21.51	21.50	0.004731	34.500
21.51	21.50	0.004748	34.600
21.51	21.50	0.004765	34.704
21.51	21.50	0.004781	34.799
21.51	21.50	0.004798	34.900
21.51	21.50	0.004815	35.003
21.51	21.50	0.004831	35.098
21.51	21.50	0.004848	35.199
21.51	21.50	0.004865	35.302
21.51	21.50	0.004881	35.396
21.51	21.50	0.004898	35.500
21.51	21.50	0.004915	35.601
21.51	21.50	0.004931	35.695
21.51	21.50	0.004948	35.800
21.51	21.50	0.004965	35.899
21.51	21.50	0.004981	35.994
21.51	21.50	0.004998	36.098
21.51	21.50	0.005015	36.198
21.51	21.50	0.005031	36.292
21.49	21.50	0.005048	36.397
21.49	21.50	0.005065	36.497
21.49	21.50	0.005081	36.591
21.49	21.50	0.005098	36.696
21.49	21.50	0.005115	36.790
21.49	21.50	0.005131	36.890
21.49	21.50	0.005148	36.994
21.49	21.50	0.005165	37.089
21.49	21.50	0.005181	37.189
21.49	21.50	0.005198	37.293
21.49	21.50	0.005215	37.388
21.49	21.50	0.005231	37.487
21.51	21.50	0.005248	37.592
21.51	21.50	0.005265	37.686
21.51	21.50	0.005281	37.786
21.51	21.50	0.005298	37.890
21.51	21.50	0.005315	37.985
21.51	21.50	0.005331	38.085
21.51	21.50	0.005348	38.189
21.51	21.50	0.005365	38.284
21.51	21.50	0.005381	38.383
21.51	21.50	0.005398	38.488
21.51	21.50	0.005414	38.583
21.51	21.50	0.005431	38.683
21.51	21.50	0.005448	38.786
21.51	21.50	0.005464	38.883
21.51	21.50	0.005481	38.983
21.51	21.50	0.005498	39.085
21.51	21.50	0.005514	39.183
21.51	21.50	0.005531	39.283
21.51	21.50	0.005548	39.384
21.51	21.50	0.005564	39.484
21.49	21.50	0.005581	39.583
21.49	21.50	0.005598	39.683
21.49	21.50	0.005614	39.783
21.49	21.50	0.005631	39.883
21.49	21.50	0.005648	39.983
21.49	21.50	0.005664	40.083
21.49	21.50	0.005681	40.183
21.49	21.50	0.005698	40.283
21.49	21.50	0.005714	40.383
21.49	21.50	0.005731	40.483
21.49	21.50	0.005748	40.583
21.49	21.50	0.005764	40.683
21.49	21.50	0.005781	40.783
21.49	21.50	0.005798	40.883
21.51	21.50	0.005814	40.983
21.51	21.50	0.005831	41.083
21.51	21.50	0.005848	41.183
21.51	21.50	0.005864	41.283
21.51	21.50	0.005881	41.383
21.51	21.50	0.005898	41.483
21.51	21.50	0.005914	41.583
21.51	21.50	0.005931	41.683
21.51	21.50	0.005948	41.783
21.51	21.50	0.005964	41.884
21.51	21.50	0.005981	41.983
21.51	21.50	0.005998	42.083
21.51	21.50	0.006014	42.183
21.51	21.50	0.006031	42.283
21.49	21.50	0.006048	42.383
21.49	21.50	0.006064	42.483
21.49	21.50	0.006081	42.583
21.49	21.50	0.006098	42.683
21.49	21.50	0.006114	42.783
21.49	21.50	0.006131	42.883
21.49	21.50	0.006148	42.983
21.49	21.50	0.006164	43.083
21.49	21.50	0.006181	43.183
21.49	21.50	0.006198	43.283
21.49	21.50	0.006214	43.383
21.49	21.50	0.006231	43.483
21.49	21.50	0.006247	43.583
21.49	21.50	0.006264	43.683
21.51	21.50	0.006281	43.783
21.51	21.50	0.006297	43.883
21.51	21.50	0.006314	43.983
21.51	21.50	0.006331	44.083
21.51	21.50	0.006347	44.183
21.51	21.50	0.006364	44.283
21.51	21.50	0.006381	44.383
21.51	21.50	0.006397	44.507
21.51	21.50	0.006414	44.612
21.51	21.50	0.006431	44.706
21.51	21.50	0.006447	44.806
21.51	21.50	0.006464	44.910
21.51	21.50	0.006481	45.005
21.49	21.50	0.006497	45.104
21.49	21.50	0.006514	45.209
21.49	21.50	0.006531	45.304
21.49	21.50	0.006547	45.403
21.49	21.50	0.006564	45.507
21.49	21.50	0.006581	45.602
21.49	21.50	0.006597	45.701
21.49	21.50	0.006614	45.806
21.49	21.50	0.006631	45.900
21.49	21.50	0.006647	46.001
21.49	21.50	0.006664	46.105
21.49	21.50	0.006681	46.199
21.51	21.50	0.006697	46.301
21.51	21.50	0.006714	46.403
21.51	21.50	0.006731	46.498
21.51	21.50	0.006747	46.601
21.51	21.50	0.006764	46.703
21.51	21.50	0.006781	46.797
21.51	21.50	0.006797	46.902
21.51	21.50	0.006814	47.001
21.51	21.50	0.006831	47.096
21.51	21.50	0.006847	47.200
21.51	21.50	0.006864	47.300
21.51	21.50	0.006881	47.395
21.51	21.50	0.006897	47.499
21.51	21.50	0.006914	47.599
21.51	21.50	0.006931	47.693
21.51	21.50	0.006947	47.798
21.51	21.50	0.006964	47.897
21.51	21.50	0.006981	47.992
21.51	21.50	0.006997	48.097
21.51	21.50	0.007014	48.191
21.49	21.50	0.007031	48.291
21.49	21.50	0.007047	48.395
21.49	21.50	0.007064	48.490
21.49	21.50	0.007080	48.589
21.49	21.50	0.007097	48.694
21.49	21.50	0.007114	48.788
21.49	21.50	0.007130	48.888
21.49	21.50	0.007147	48.993
21.49	21.50	0.007164	49.087
21.49	21.50	0.007180	49.187
21.49	21.50	0.007197	49.291
21.49	21.50	0.007214	49.386
21.49	21.50	0.007230	49.485
21.49	21.50	0.007247	49.590
21.49	21.50	0.007264	49.685
21.49	21.50	0.007280	49.784
21.51	21.50	0.007297	49.889
21.51	21.50	0.007314	49.984
21.51	21.50	0.007330	50.084
21.51	21.50	0.007347	50.187
21.51	21.50	0.007364	50.284
21.51	21.50	0.007380	50.384
21.51	21.50	0.007397	50.486
21.51	21.50	0.007414	50.584
21.51	21.50	0.007430	50.684
21.51	21.50	0.007447	50.785
21.51	21.50	0.007464	50.884
21.51	21.50	0.007480	50.984
21.51	21.50	0.007497	51.084
21.49	21.50	0.007514	51.184
21.49	21.50	0.007530	51.284
21.49	21.50	0.007547	51.384
21.49	21.50	0.007564	51.484
21.49	21.50	0.007580	51.584
21.49	21.50	0.007597	51.684
21.49	21.50	0.007614	51.784
21.49	21.50	0.007630	51.884
21.49	21.50	0.007647	51.984
21.49	21.50	0.007664	52.084
21.49	21.50	0.007680	52.185
21.49	21.50	0.007697	52.284
21.49	21.50	0.007714	52.384
21.51	21.50	0.007730	52.484
21.51	21.50	0.007747	52.584
21.51	21.50	0.007764	52.684
21.51	21.50	0.007780	52.784
21.51	21.50	0.007797	52.884
21.51	21.50	0.007814	52.984
21.51	21.50	0.007830	53.084
21.51	21.50	0.007847	53.184
21.51	21.50	0.007864	53.284
21.51	21.50	0.007880	53.385
21.51	21.50	0.007897	53.484
21.51	21.50	0.007913	53.584
21.51	21.50	0.007930	53.684
21.51	21.50	0.007947	53.784
21.49	21.50	0.007963	53.884
21.49	21.50	0.007980	53.984
21.49	21.50	0.007997	54.084
21.49	21.50	0.008013	54.185
21.49	21.50	0.008030	54.284
21.49	21.50	0.008047	54.384
21.49	21.50	0.008063	54.484
21.49	21.50	0.008080	54.584
21.49	21.50	0.008097	54.684
21.49	21.50	0.008113	54.784
21.49	21.50	0.008130	54.884
21.49	21.50	0.008147	54.984
21.51	21.50	0.008163	55.084
21.51	21.50	0.008180	55.184
21.51	21.50	0.008197	55.284
21.51	21.50	0.008213	55.384
21.51	21.50	0.008230	55.484
21.51	21.50	0.008247	55.584
21.51	21.50	0.008263	55.684
21.51	21.50	0.008280	55.808
21.51	21.50	0.008297	55.908
21.51	21.50	0.008313	56.012
21.51	21.50	0.008330	56.107
21.51	21.50	0.008347	56.207
21.51	21.50	0.008363	56.311
21.51	21.50	0.008380	56.406
21.51	21.50	0.008397	56.505
21.49	21.50	0.008413	56.610
21.49	21.50	0.008430	56.703
21.49	21.50	0.008447	56.804
21.49	21.50	0.008463	56.909
21.49	21.50	0.008480	57.002
21.49	21.50	0.008497	57.102
21.49	21.50	0.008513	57.207
21.49	21.50	0.008530	57.301
21.49	21.50	0.008547	57.402
21.49	21.50	0.008563	57.505
21.49	21.50	0.008580	57.600
21.49	21.50	0.008597	57.703
21.49	21.50	0.008613	57.804
21.49	21.50	0.008630	57.899
21.51	21.50	0.008647	58.002
21.51	21.50	0.008663	58.103
21.51	21.50	0.008680	58.197
21.51	21.50	0.008697	58.302
21.51	21.50	0.008713	58.401
21.51	21.50	0.008730	58.496
21.51	21.50	0.008746	58.601
21.51	21.50	0.008763	58.700
21.51	21.50	0.008780	58.795
21.51	21.50	0.008796	58.899
21.51	21.50	0.008813	58.999
21.51	21.50	0.008830	59.093
21.51	21.50	0.008846	59.198
21.51	21.50	0.008863	59.293
21.51	21.50	0.008880	59.392
21.51	21.50	0.008896	59.497
21.49	21.50	0.008913	59.591
21.49	21.50	0.008930	59.691
21.49	21.50	0.008946	59.795
21.49	21.50	0.008963	59.890
21.49	21.50	0.008980	59.989
21.49	21.50	0.008996	00.094
21.49	21.50	0.009013	00.189
21.49	21.50	0.009030	00.288
21.49	21.50	0.009046	00.393
21.49	21.50	0.009063	00.487
21.49	21.50	0.009080	00.587
21.49	21.50	0.009096	00.691
21.49	21.50	0.009113	00.786
21.49	21.50	0.009130	00.886
21.49	21.50	0.009146	00.990
21.51	21.50	0.009163	01.085
21.51	21.50	0.009180	01.185
21.51	21.50	0.009196	01.289
21.51	21.50	0.009213	01.385
21.51	21.50	0.009230	01.485
21.51	21.50	0.009246	01.587
21.51	21.50	0.009263	01.685
21.51	21.50	0.009280	01.786
21.51	21.50	0.009296	01.886
21.51	21.50	0.009313	01.985
21.51	21.50	0.009330	02.085
21.51	21.50	0.009346	02.185
21.51	21.50	0.009363	02.285
21.51	21.50	0.009380	02.385
21.49	21.50	0.009396	02.486
21.49	21.50	0.009413	02.585
21.49	21.50	0.009430	02.685
21.49	21.50	0.009446	02.785
21.49	21.50	0.009463	02.885
21.49	21.50	0.009480	02.985
21.49	21.50	0.009496	03.085
21.49	21.50	0.009513	03.185
21.49	21.50	0.009530	03.285
21.49	21.50	0.009546	03.385
21.49	21.50	0.009563	03.485
21.49	21.50	0.009579	03.585
21.49	21.50	0.009596	03.685
21.49	21.50	0.009613	03.785
21.51	21.50	0.009629	03.886
21.51	21.50	0.009646	03.986
21.51	21.50	0.009663	04.086
21.51	21.50	0.009679	04.186
21.51	21.50	0.009696	04.286
21.51	21.50	0.009713	04.386
21.51	21.50	0.009729	04.486
21.51	21.50	0.009746	04.586
21.51	21.50	0.009763	04.686
21.51	21.50	0.009779	04.786
21.51	21.50	0.009796	04.887
21.51	21.50	0.009813	04.986
21.51	21.50	0.009829	05.086
21.51	21.50	0.009846	05.186
21.51	21.50	0.009863	05.286
21.51	21.50	0.009879	05.386
21.49	21.50	0.009896	05.486
21.49	21.50	0.009913	05.586
21.49	21.50	0.009929	05.686
21.49	21.50	0.009946	05.786
21.49	21.50	0.009963	05.886
21.49	21.50	0.009979	05.986
21.49	21.50	0.009996	06.086
21.49	21.50	0.010013	06.186
21.49	21.50	0.010029	06.286
21.49	21.50	0.010046	06.386
21.49	21.50	0.010063	06.487
21.49	21.50	0.010079	06.586
21.51	21.50	0.010096	06.686
21.51	21.50	0.010113	06.815
21.51	21.50	0.010129	06.910
21.51	21.50	0.010146	07.009
21.51	21.50	0.010163	07.114
21.51	21.50	0.010179	07.209
21.51	21.50	0.010196	07.308
21.51	21.50	0.010213	07.413
21.51	21.50	0.010229	07.507
21.49	21.50	0.010246	07.607
21.49	21.50	0.010263	07.711
21.49	21.50	0.010279	07.806
21.49	21.50	0.010296	07.906
21.49	21.50	0.010313	08.010
21.49	21.50	0.010329	08.105
21.49	21.50	0.010346	08.204
21.49	21.50	0.010363	08.309
21.49	21.50	0.010379	08.403
21.49	21.50	0.010396	08.504
21.49	21.50	0.010412	08.607
21.49	21.50	0.010429	08.702
21.49	21.50	0.010446	08.804
21.49	21.50	0.010462	08.906
21.51	21.50	0.010479	09.001
21.51	21.50	0.010496	09.103
21.51	21.50	0.010512	09.205
21.51	21.50	0.010529	09.299
21.51	21.50	0.010546	09.404
21.51	21.50	0.010562	09.503
21.51	21.50	0.010579	09.598
21.51	21.50	0.010596	09.703
21.51	21.50	0.010612	09.802
21.51	21.50	0.010629	09.897
21.51	21.50	0.010646	10.001
21.51	21.50	0.010662	10.101
21.51	21.50	0.010679	10.195
21.51	21.50	0.010696	10.300
21.51	21.50	0.010712	10.400
21.51	21.50	0.010729	10.494
21.51	21.50	0.010746	10.599
21.49	21.50	0.010762	10.693
21.49	21.50	0.010779	10.793
21.49	21.50	0.010796	10.897
21.49	21.50	0.010812	10.992
21.49	21.50	0.010829	11.091
21.49	21.50	0.010846	11.196
21.49	21.50	0.010862	11.291
21.49	21.50	0.010879	11.390
21.49	21.50	0.010896	11.495
21.49	21.50	0.010912	11.589
21.49	21.50	0.010929	11.689
21.49	21.50	0.010946	11.793
21.49	21.50	0.010962	11.888
21.51	21.50	0.010979	11.988
21.51	21.50	0.010996	12.092
21.51	21.50	0.011012	12.187
21.51	21.50	0.011029	12.286
21.51	21.50	0.011046	12.391
21.51	21.50	0.011062	12.486
21.51	21.50	0.011079	12.586
21.51	21.50	0.011096	12.689
21.51	21.50	0.011112	12.786
21.51	21.50	0.011129	12.886
21.51	21.50	0.011146	12.988
21.51	21.50	0.011162	13.086
21.51	21.50	0.011179	13.186
21.51	21.50	0.011196	13.287
21.51	21.50	0.011212	13.386
21.49	21.50	0.011229	13.486
21.49	21.50	0.011245	13.586
21.49	21.50	0.011262	13.686
21.49	21.50	0.011279	13.786
21.49	21.50	0.011295	13.886
21.49	21.50	0.011312	13.986
21.49	21.50	0.011329	14.086
21.49	21.50	0.011345	14.186
21.49	21.50	0.011362	14.286
21.49	21.50	0.011379	14.386
21.49	21.50	0.011395	14.487
21.49	21.50	0.011412	14.586
21.49	21.50	0.011429	14.686
21.49	21.50	0.011445	14.786
21.49	21.50	0.011462	14.886
21.51	21.50	0.011479	14.986
21.51	21.50	0.011495	15.086
21.51	21.50	0.011512	15.186
21.51	21.50	0.011529	15.286
21.51	21.50	0.011545	15.386
21.51	21.50	0.011562	15.486
21.51	21.50	0.011579	15.586
21.51	21.50	0.011595	15.686
21.51	21.50	0.011612	15.786
21.51	21.50	0.011629	15.886
21.51	21.50	0.011645	15.986
21.51	21.50	0.011662	16.086
21.51	21.50	0.011679	16.186
21.51	21.50	0.011695	16.286
21.51	21.50	0.011712	16.386
21.51	21.50	0.011729	16.486
21.51	21.50	0.011745	16.586
21.51	21.50	0.011762	16.686
21.49	21.50	0.011779	16.786
21.49	21.50	0.011795	16.886
21.49	21.50	0.011812	16.987
21.49	21.50	0.011829	17.086
21.49	21.50	0.011845	17.186
21.49	21.50	0.011862	17.286
21.49	21.50	0.011879	17.386
21.49	21.50	0.011895	17.486
21.49	21.50	0.011912	17.586
21.49	21.50	0.011929	17.686
21.49	21.50	0.011945	17.786
21.49	21.50	0.011962	17.887
21.49	21.50	0.011979	17.986
21.49	21.50	0.011995	18.086
21.51	21.50	0.012012	18.186
21.51	21.50	0.012029	18.286
21.51	21.50	0.012045	18.410
21.51	21.50	0.012062	18.515
21.51	21.50	0.012078	18.609
21.51	21.50	0.012095	18.709
21.51	21.50	0.012112	18.813
21.51	21.50	0.012128	18.908
21.51	21.50	0.012145	19.008
21.51	21.50	0.012162	19.112
21.51	21.50	0.012178	19.207
21.51	21.50	0.012195	19.306
21.51	21.50	0.012212	19.411
21.51	21.50	0.012228	19.505
21.51	21.50	0.012245	19.605
21.51	21.50	0.012262	19.710
21.51	21.50	0.012278	19.804
21.49	21.50	0.012295	19.905
21.49	21.50	0.012312	20.008
21.49	21.50	0.012328	20.103
21.49	21.50	0.012345	20.205
21.49	21.50	0.012362	20.307
21.49	21.50	0.012378	20.401
21.49	21.50	0.012395	20.505
21.49	21.50	0.012412	20.606
21.49	21.50	0.012428	20.700
21.49	21.50	0.012445	20.805
21.49	21.50	0.012462	20.904
21.49	21.50	0.012478	20.999
21.49	21.50	0.012495	21.103
21.49	21.50	0.012512	21.203
21.49	21.50	0.012528	21.298
21.49	21.50	0.012545	21.402
21.49	21.50	0.012562	21.502
21.51	21.50	0.012578	21.596
21.51	21.50	0.012595	21.701
21.51	21.50	0.012612	21.795
21.51	21.50	0.012628	21.895
21.51	21.50	0.012645	21.999
21.51	21.50	0.012662	22.094
21.51	21.50	0.012678	22.194
21.51	21.50	0.012695	22.298
21.51	21.50	0.012712	22.393
21.51	21.50	0.012728	22.492
21.51	21.50	0.012745	22.597
21.51	21.50	0.012762	22.691
21.51	21.50	0.012778	22.791
21.51	21.50	0.012795	22.895
21.51	21.50	0.012812	22.990
21.49	21.50	0.012828	23.090
21.49	21.50	0.012845	23.194
21.49	21.50	0.012862	23.289
21.49	21.50	0.012878	23.388
21.49	21.50	0.012895	23.493
21.49	21.50	0.012911	23.587
21.49	21.50	0.012928	23.687
21.49	21.50	0.012945	23.792
21.49	21.50	0.012961	23.886
21.49	21.50	0.012978	23.986
21.49	21.50	0.012995	24.090
21.49	21.50	0.013011	24.186
21.49	21.50	0.013028	24.286
21.49	21.50	0.013045	24.389
21.49	21.50	0.013061	24.486
21.51	21.50	0.013078	24.586
21.51	21.50	0.013095	24.688
21.51	21.50	0.013111	24.786
21.51	21.50	0.013128	24.886
21.51	21.50	0.013145	24.986
21.51	21.50	0.013161	25.086
21.51	21.50	0.013178	25.186
21.51	21.50	0.013195	25.286
21.51	21.50	0.013211	25.386
21.51	21.50	0.013228	25.486
21.51	21.50	0.013245	25.586
21.51	21.50	0.013261	25.686
21.51	21.50	0.013278	25.786
21.51	21.50	0.013295	25.886
21.51	21.50	0.013311	25.986
21.51	21.50	0.013328	26.086
21.49	21.50	0.013345	26.186
21.49	21.50	0.013361	26.287
21.49	21.50	0.013378	26.386
21.49	21.50	0.013395	26.486
21.49	21.50	0.013411	26.586
21.49	21.50	0.013428	26.686
21.49	21.50	0.013445	26.786
21.49	21.50	0.013461	26.887
21.49	21.50	0.013478	26.986
21.49	21.50	0.013495	27.087
21.49	21.50	0.013511	27.187
21.49	21.50	0.013528	27.287
21.49	21.50	0.013545	27.387
21.49	21.50	0.013561	27.487
21.51	21.50	0.013578	27.587
21.51	21.50	0.013595	27.687
21.51	21.50	0.013611	27.787
21.51	21.50	0.013628	27.887
21.51	21.50	0.013645	27.987
21.51	21.50	0.013661	28.087
21.51	21.50	0.013678	28.187
21.51	21.50	0.013695	28.288
21.51	21.50	0.013711	28.388
21.51	21.50	0.013728	28.488
21.51	21.50	0.013744	28.588
21.51	21.50	0.013761	28.688
21.51	21.50	0.013778	28.788
21.51	21.50	0.013794	28.888
21.51	21.50	0.013811	28.988
21.51	21.50	0.013828	29.088
21.51	21.50	0.013844	29.188
21.51	21.50	0.013861	29.288
21.51	21.50	0.013878	29.388
21.49	21.50	0.013894	29.512
21.49	21.50	0.013911	29.617
21.49	21.50	0.013928	29.711
21.49	21.50	0.013944	29.811
21.49	21.50	0.013961	29.915
21.49	21.50	0.013978	30.010
21.49	21.50	0.013994	30.110
21.49	21.50	0.014011	30.214
21.49	21.50	0.014028	30.309
21.49	21.50	0.014044	30.408
21.49	21.50	0.014061	30.513
21.49	21.50	0.014078	30.607
21.49	21.50	0.014094	30.707
21.49	21.50	0.014111	30.811
21.49	21.50	0.014128	30.906
21.49	21.50	0.014144	31.007
21.49	21.50	0.014161	31.110
21.51	21.50	0.014178	31.205
21.51	21.50	0.014194	31.306
21.51	21.50	0.014211	31.409
21.51	21.50	0.014228	31.503
21.51	21.50	0.014244	31.607
21.51	21.50	0.014261	31.707
21.51	21.50	0.014278	31.802
21.51	21.50	0.014294	31.907
21.51	21.50	0.014311	32.006
21.51	21.50	0.014328	32.101
21.51	21.50	0.014344	32.205
21.51	21.50	0.014361	32.305
21.51	21.50	0.014378	32.399
21.51	21.50	0.014394	32.504
21.51	21.50	0.014411	32.603
21.51	21.50	0.014428	32.698
21.49	21.50	0.014444	32.803
21.49	21.50	0.014461	32.902
21.49	21.50	0.014478	32.997
21.49	21.50	0.014494	33.101
21.49	21.50	0.014511	33.196
21.49	21.50	0.014528	33.295
21.49	21.50	0.014544	33.400
21.49	21.50	0.014561	33.494
21.49	21.50	0.014577	33.594
21.49	21.50	0.014594	33.699
21.49	21.50	0.014611	33.793
21.49	21.50	0.014627	33.893
21.49	21.50	0.014644	33.997
21.49	21.50	0.014661	34.092
21.51	21.50	0.014677	34.191
21.51	21.50	0.014694	34.296
21.51	21.50	0.014711	34.390
21.51	21.50	0.014727	34.490
21.51	21.50	0.014744	34.595
21.51	21.50	0.014761	34.689
21.51	21.50	0.014777	34.789
21.51	21.50	0.014794	34.893
21.51	21.50	0.014811	34.988
21.51	21.50	0.014827	35.088
21.51	21.50	0.014844	35.192
21.51	21.50	0.014861	35.289
21.51	21.50	0.014877	35.388
21.51	21.50	0.014894	35.491
21.49	21.50	0.014911	35.588
21.49	21.50	0.014927	35.688
21.49	21.50	0.014944	35.789
21.49	21.50	0.014961	35.888
21.49	21.50	0.014977	35.988
21.49	21.50	0.014994	36.088
21.49	21.50	0.015011	36.188
21.49	21.50	0.015027	36.288
21.49	21.50	0.015044	36.388
21.49	21.50	0.015061	36.488
21.49	21.50	0.015077	36.588
21.49	21.50	0.015094	36.688
21.51	21.50	0.015111	36.788
21.51	21.50	0.015127	36.888
21.51	21.50	0.015144	36.988
21.51	21.50	0.015161	37.088
21.51	21.50	0.015177	37.188
21.51	21.50	0.015194	37.288
21.51	21.50	0.015211	37.388
21.51	21.50	0.015227	37.488
21.51	21.50	0.015244	37.588
21.51	21.50	0.015261	37.688
21.51	21.50	0.015277	37.789
21.51	21.50	0.015294	37.888
21.51	21.50	0.015311	37.988
21.51	21.50	0.015327	38.088
21.51	21.50	0.015344	38.188
21.49	21.50	0.015361	38.288
21.49	21.50	0.015377	38.388
21.49	21.50	0.015394	38.488
21.49	21.50	0.015410	38.588
21.49	21.50	0.015427	38.688
21.49	21.50	0.015444	38.788
21.49	21.50	0.015460	38.888
21.49	21.50	0.015477	38.988
21.49	21.50	0.015494	39.088
21.49	21.50	0.015510	39.188
21.49	21.50	0.015527	39.288
21.49	21.50	0.015544	39.388
21.49	21.50	0.015560	39.488
21.49	21.50	0.015577	39.588
21.51	21.50	0.015594	39.688
21.51	21.50	0.015610	39.788
21.51	21.50	0.015627	39.888
21.51	21.50	0.015644	39.988
21.51	21.50	0.015660	40.088
21.51	21.50	0.015677	40.188
21.51	21.50	0.015694	40.289
21.51	21.50	0.015710	40.388
21.51	21.50	0.015727	40.488
21.51	21.50	0.015744	40.588
21.51	21.50	0.015760	40.688
21.51	21.50	0.015777	40.813
21.51	21.50	0.015794	40.888
21.51	21.50	0.015810	41.017
21.51	21.50	0.015827	41.112
21.49	21.50	0.015844	41.211
21.49	21.50	0.015860	41.316
21.49	21.50	0.015877	41.411
21.49	21.50	0.015894	41.510
21.49	21.50	0.015910	41.615
21.49	21.50	0.015927	41.709
21.49	21.50	0.015944	41.808
21.49	21.50	0.015960	41.913
21.49	21.50	0.015977	42.007
21.49	21.50	0.015994	42.108
21.49	21.50	0.016010	42.211
21.49	21.50	0.016027	42.306
21.51	21.50	0.016044	42.408
21.51	21.50	0.016060	42.510
21.51	21.50	0.016077	42.605
21.51	21.50	0.016094	42.708
21.51	21.50	0.016110	42.809
21.51	21.50	0.016127	42.903
21.51	21.50	0.016144	43.008
21.51	21.50	0.016160	43.108
21.51	21.50	0.016177	43.202
21.51	21.50	0.016194	43.308
21.51	21.50	0.016210	43.407
21.51	21.50	0.016227	43.501
21.51	21.50	0.016244	43.606
21.49	21.50	0.016260	43.705
21.49	21.50	0.016277	43.800
21.49	21.50	0.016293	43.905
21.49	21.50	0.016310	44.004
21.49	21.50	0.016327	44.099
21.49	21.50	0.016343	44.203
21.49	21.50	0.016360	44.298
21.49	21.50	0.016377	44.397
21.49	21.50	0.016393	44.502
21.49	21.50	0.016410	44.596
21.49	21.50	0.016427	44.696
21.49	21.50	0.016443	44.801
21.49	21.50	0.016460	44.895
21.51	21.50	0.016477	44.995
21.51	21.50	0.016493	45.099
21.51	21.50	0.016510	45.194
21.51	21.50	0.016527	45.293
21.51	21.50	0.016543	45.398
21.51	21.50	0.016560	45.493
21.51	21.50	0.016577	45.592
21.51	21.50	0.016593	45.697
21.51	21.50	0.016610	45.791
21.51	21.50	0.016627	45.891
21.51	21.50	0.016643	45.995
21.51	21.50	0.016660	46.090
21.51	21.50	0.016677	46.190
21.49	21.50	0.016693	46.294
21.49	21.50	0.016710	46.389
21.49	21.50	0.016727	46.488
21.49	21.50	0.016743	46.593
21.49	21.50	0.016760	46.688
21.49	21.50	0.016777	46.788
21.49	21.50	0.016793	46.891
21.49	21.50	0.016810	46.988
21.49	21.50	0.016827	47.089
21.49	21.50	0.016843	47.190
21.49	21.50	0.016860	47.288
21.49	21.50	0.016877	47.388
21.49	21.50	0.016893	47.489
21.49	21.50	0.016910	47.588
21.49	21.50	0.016927	47.688
21.49	21.50	0.016943	47.788
21.51	21.50	0.016960	47.888
21.51	21.50	0.016977	47.988
21.51	21.50	0.016993	48.088
21.51	21.50	0.017010	48.188
21.51	21.50	0.017027	48.288
21.51	21.50	0.017043	48.388
21.51	21.50	0.017060	48.488
21.51	21.50	0.017077	48.588
21.51	21.50	0.017093	48.689
21.51	21.50	0.017110	48.788
21.51	21.50	0.017126	48.888
21.51	21.50	0.017143	48.988
21.51	21.50	0.017160	49.088
21.51	21.50	0.017176	49.188
21.51	21.50	0.017193	49.288
21.51	21.50	0.017210	49.388
21.51	21.50	0.017226	49.488
21.51	21.50	0.017243	49.589
21.51	21.50	0.017260	49.688
21.49	21.50	0.017276	49.788
21.49	21.50	0.017293	49.888
21.49	21.50	0.017310	49.988
21.49	21.50	0.017326	50.088
21.49	21.50	0.017343	50.188
21.49	21.50	0.017360	50.288
21.49	21.50	0.017376	50.388
21.49	21.50	0.017393	50.488
21.49	21.50	0.017410	50.588
21.49	21.50	0.017426	50.688
21.51	21.50	0.017443	50.788
21.51	21.50	0.017460	50.888
21.51	21.50	0.017476	50.989
21.51	21.50	0.017493	51.089
21.51	21.50	0.017510	51.189
21.51	21.50	0.017526	51.289
21.51	21.50	0.017543	51.389
21.51	21.50	0.017560	51.489
21.51	21.50	0.017576	51.589
21.51	21.50	0.017593	51.689
21.51	21.50	0.017610	51.789
21.51	21.50	0.017626	51.889
21.49	21.50	0.017643	51.989
21.49	21.50	0.017660	52.089
21.49	21.50	0.017676	52.189
21.49	21.50	0.017693	52.313
21.49	21.50	0.017710	52.418
21.49	21.50	0.017726	52.512
21.49	21.50	0.017743	52.612
21.49	21.50	0.017760	52.716
21.49	21.50	0.017776	52.811
21.49	21.50	0.017793	52.911
21.49	21.50	0.017810	53.015
21.49	21.50	0.017826	53.110
21.49	21.50	0.017843	53.209
21.49	21.50	0.017860	53.314
21.51	21.50	0.017876	53.408
21.51	21.50	0.017893	53.510
21.51	21.50	0.017910	53.612
21.51	21.50	0.017926	53.707
21.51	21.50	0.017943	53.810
21.51	21.50	0.017959	53.911
21.51	21.50	0.017976	54.006
21.51	21.50	0.017993	54.109
21.51	21.50	0.018009	54.210
21.51	21.50	0.018026	54.304
21.49	21.50	0.018043	54.409
21.49	21.50	0.018059	54.508
21.49	21.50	0.018076	54.603
21.49	21.50	0.018093	54.708
21.49	21.50	0.018109	54.807
21.49	21.50	0.018126	54.902
21.49	21.50	0.018143	55.006
21.49	21.50	0.018159	55.106
21.49	21.50	0.018176	55.200
21.49	21.50	0.018193	55.305
21.49	21.50	0.018209	55.400
21.49	21.50	0.018226	55.499
21.49	21.50	0.018243	55.604
21.49	21.50	0.018259	55.698
21.49	21.50	0.018276	55.798
21.49	21.50	0.018293	55.903
21.51	21.50	0.018309	55.997
21.51	21.50	0.018326	56.097
21.51	21.50	0.018343	56.201
21.51	21.50	0.018359	56.296
21.51	21.50	0.018376	56.396
21.51	21.50	0.018393	56.500
21.51	21.50	0.018409	56.595
21.51	21.50	0.018426	56.694
21.51	21.50	0.018443	56.799
21.51	21.50	0.018459	56.893
21.51	21.50	0.018476	56.993
21.51	21.50	0.018493	57.097
21.51	21.50	0.018509	57.192
21.51	21.50	0.018526	57.292
21.51	21.50	0.018543	57.396
21.51	21.50	0.018559	57.492
21.51	21.50	0.018576	57.592
21.51	21.50	0.018593	57.694
21.49	21.50	0.018609	57.792
21.49	21.50	0.018626	57.892
21.49	21.50	0.018643	57.993
21.49	21.50	0.018659	58.092
21.49	21.50	0.018676	58.192
21.49	21.50	0.018693	58.292
21.49	21.50	0.018709	58.392
21.49	21.50	0.018726	58.492
21.49	21.50	0.018743	58.592
21.49	21.50	0.018759	58.692
21.49	21.50	0.018776	58.792
21.49	21.50	0.018792	58.892
21.49	21.50	0.018809	58.993
21.49	21.50	0.018826	59.092
21.51	21.50	0.018842	59.192
21.51	21.50	0.018859	59.292
21.51	21.50	0.018876	59.392
21.51	21.50	0.018892	59.492
21.51	21.50	0.018909	59.592
21.51	21.50	0.018926	59.692
21.51	21.50	0.018942	59.792
21.51	21.50	0.018959	59.892
21.51	21.50	0.018976	59.992
21.51	21.50	0.018992	00.092
21.51	21.50	0.019009	00.192
21.51	21.50	0.019026	00.292
21.51	21.50	0.019042	00.392
21.51	21.50	0.019059	00.492
21.51	21.50	0.019076	00.593
21.51	21.50	0.019092	00.692
21.49	21.50	0.019109	00.792
21.49	21.50	0.019126	00.892
21.49	21.50	0.019142	00.992
21.49	21.50	0.019159	01.092
21.49	21.50	0.019176	01.192
21.49	21.50	0.019192	01.292
21.49	21.50	0.019209	01.392
21.49	21.50	0.019226	01.493
21.49	21.50	0.019242	01.592
21.49	21.50	0.019259	01.692
21.49	21.50	0.019276	01.792
21.49	21.50	0.019292	01.892
21.49	21.50	0.019309	01.992
21.49	21.50	0.019326	02.092
21.49	21.50	0.019342	02.192
21.51	21.50	0.019359	02.292
21.51	21.50	0.019376	02.392
21.51	21.50	0.019392	02.492
21.51	21.50	0.019409	02.592
21.51	21.50	0.019426	02.692
21.51	21.50	0.019442	02.792
21.51	21.50	0.019459	02.892
21.51	21.50	0.019476	02.992
21.51	21.50	0.019492	03.116
21.51	21.50	0.019509	03.221
21.51	21.50	0.019526	03.316
21.51	21.50	0.019542	03.415
21.51	21.50	0.019559	03.520
21.51	21.50	0.019576	03.614
21.51	21.50	0.019592	03.714
21.51	21.50	0.019609	03.818
21.51	21.50	0.019625	03.913
21.49	21.50	0.019642	04.012
21.49	21.50	0.019659	04.117
21.49	21.50	0.019675	04.212
21.49	21.50	0.019692	04.311
21.49	21.50	0.019709	04.416
21.49	21.50	0.019725	04.510
21.49	21.50	0.019742	04.611
21.49	21.50	0.019759	04.714
21.49	21.50	0.019775	04.809
21.49	21.50	0.019792	04.910
21.49	21.50	0.019809	05.013
21.49	21.50	0.019825	05.108
21.49	21.50	0.019842	05.211
21.49	21.50	0.019859	05.311
21.49	21.50	0.019875	05.406
21.49	21.50	0.019892	05.510
21.51	21.50	0.019909	05.611
21.51	21.50	0.019925	05.704
21.51	21.50	0.019942	05.810
21.51	21.50	0.019959	05.910
21.51	21.50	0.019975	06.004
21.51	21.50	0.019992	06.109
21.51	21.50	0.020009	06.208
21.51	21.50	0.020025	06.303
21.51	21.50	0.020042	06.407
21.51	21.50	0.020059	06.502
21.51	21.50	0.020075	06.601
21.51	21.50	0.020092	06.706
21.51	21.50	0.020109	06.800
21.51	21.50	0.020125	06.900
21.51	21.50	0.020142	07.004
21.51	21.50	0.020159	07.099
21.51	21.50	0.020175	07.198
21.51	21.50	0.020192	07.303
21.51	21.50	0.020209	07.397
21.49	21.50	0.020225	07.497
21.49	21.50	0.020242	07.601
21.49	21.50	0.020259	07.696
21.49	21.50	0.020275	07.795
21.49	21.50	0.020292	07.900
21.49	21.50	0.020309	07.996
21.49	21.50	0.020325	08.095
21.49	21.50	0.020342	08.199
21.49	21.50	0.020359	08.295
21.49	21.50	0.020375	08.395
21.49	21.50	0.020392	08.498
21.49	21.50	0.020409	08.595
21.51	21.50	0.020425	08.695
21.51	21.50	0.020442	08.797
21.51	21.50	0.020458	08.895
21.51	21.50	0.020475	08.995
21.51	21.50	0.020492	09.095
21.51	21.50	0.020508	09.195
21.51	21.50	0.020525	09.295
21.51	21.50	0.020542	09.395
21.51	21.50	0.020558	09.495
21.51	21.50	0.020575	09.595
21.49	21.50	0.020592	09.695
21.49	21.50	0.020608	09.795
21.49	21.50	0.020625	09.895
21.49	21.50	0.020642	09.995
21.49	21.50	0.020658	10.095
21.49	21.50	0.020675	10.195
21.49	21.50	0.020692	10.295
21.49	21.50	0.020708	10.395
21.49	21.50	0.020725	10.495
21.49	21.50	0.020742	10.595
21.51	21.50	0.020758	10.695
21.51	21.50	0.020775	10.795
21.51	21.50	0.020792	10.895
21.51	21.50	0.020808	10.995
21.51	21.50	0.020825	11.095
21.51	21.50	0.020842	11.195
21.51	21.50	0.020858	11.296
21.51	21.50	0.020875	11.395
21.51	21.50	0.020892	11.495
21.51	21.50	0.020908	11.595
21.51	21.50	0.020925	11.695
21.51	21.50	0.020942	11.795
21.51	21.50	0.020958	11.895
21.51	21.50	0.020975	11.995
21.49	21.50	0.020992	12.095
21.49	21.50	0.021008	12.195
21.49	21.50	0.021025	12.295
21.49	21.50	0.021042	12.395
21.49	21.50	0.021058	12.495
21.49	21.50	0.021075	12.595
21.49	21.50	0.021092	12.695
21.49	21.50	0.021108	12.795
21.49	21.50	0.021125	12.895
21.49	21.50	0.021142	12.995
21.49	21.50	0.021158	13.095
21.49	21.50	0.021175	13.195
21.51	21.50	0.021192	13.295
21.51	21.50	0.021208	13.395
21.51	21.50	0.021225	13.495
21.51	21.50	0.021242	13.596
21.51	21.50	0.021258	13.695
21.51	21.50	0.021275	13.795
21.51	21.50	0.021291	13.894
21.51	21.50	0.021308	14.024
21.51	21.50	0.021325	14.118
21.51	21.50	0.021341	14.218
21.51	21.50	0.021358	14.322
21.51	21.50	0.021375	14.417
21.49	21.50	0.021391	14.516
21.49	21.50	0.021408	14.621
21.49	21.50	0.021425	14.716
21.49	21.50	0.021441	14.815
21.49	21.50	0.021458	14.920
21.49	21.50	0.021475	15.014
21.49	21.50	0.021491	15.114
21.49	21.50	0.021508	15.218
21.49	21.50	0.021525	15.313
21.49	21.50	0.021541	15.413
21.49	21.50	0.021558	15.517
21.49	21.50	0.021575	15.612
21.51	21.50	0.021591	15.712
21.51	21.50	0.021608	15.816
21.51	21.50	0.021625	15.910
21.51	21.50	0.021641	16.012
21.51	21.50	0.021658	16.115
21.51	21.50	0.021675	16.209
21.51	21.50	0.021691	16.313
21.51	21.50	0.021708	16.414
21.51	21.50	0.021725	16.508
21.51	21.50	0.021741	16.613
21.51	21.50	0.021758	16.712
21.51	21.50	0.021775	16.807
21.51	21.50	0.021791	16.911
21.49	21.50	0.021808	17.011
21.49	21.50	0.021825	17.105
21.49	21.50	0.021841	17.210
21.49	21.50	0.021858	17.310
21.49	21.50	0.021875	17.404
21.49	21.50	0.021891	17.509
21.49	21.50	0.021908	17.608
21.49	21.50	0.021925	17.703
21.49	21.50	0.021941	17.807
21.49	21.50	0.021958	17.902
21.49	21.50	0.021975	18.002
21.49	21.50	0.021991	18.106
21.49	21.50	0.022008	18.201
21.49	21.50	0.022025	18.300
21.49	21.50	0.022041	18.405
21.49	21.50	0.022058	18.499
21.49	21.50	0.022075	18.599
21.49	21.50	0.022091	18.703
21.51	21.50	0.022108	18.798
21.51	21.50	0.022124	18.898
21.51	21.50	0.022141	19.002
21.51	21.50	0.022158	19.097
21.51	21.50	0.022174	19.197
21.51	21.50	0.022191	19.301
21.51	21.50	0.022208	19.397
21.51	21.50	0.022224	19.497
21.51	21.50	0.022241	19.600
21.51	21.50	0.022258	19.697
21.51	21.50	0.022274	19.797
21.51	21.50	0.022291	19.898
21.51	21.50	0.022308	19.997
21.51	21.50	0.022324	20.097
21.51	21.50	0.022341	20.197
21.51	21.50	0.022358	20.297
21.51	21.50	0.022374	20.397
21.49	21.50	0.022391	20.498
21.49	21.50	0.022408	20.597
21.49	21.50	0.022424	20.697
21.49	21.50	0.022441	20.797
21.49	21.50	0.022458	20.897
21.49	21.50	0.022474	20.997
21.49	21.50	0.022491	21.097
21.49	21.50	0.022508	21.197
21.49	21.50	0.022524	21.297
21.49	21.50	0.022541	21.397
21.49	21.50	0.022558	21.497
21.49	21.50	0.022574	21.597
21.49	21.50	0.022591	21.697
21.51	21.50	0.022608	21.797
21.51	21.50	0.022624	21.897
21.51	21.50	0.022641	21.997
21.51	21.50	0.022658	22.097
21.51	21.50	0.022674	22.197
21.51	21.50	0.022691	22.297
21.51	21.50	0.022708	22.397
21.51	21.50	0.022724	22.497
21.51	21.50	0.022741	22.597
21.51	21.50	0.022758	22.697
21.51	21.50	0.022774	22.797
21.51	21.50	0.022791	22.897
21.51	21.50	0.022808	22.997
21.51	21.50	0.022824	23.097
21.51	21.50	0.022841	23.197
21.51	21.50	0.022858	23.297
21.51	21.50	0.022874	23.397
21.51	21.50	0.022891	23.497
21.51	21.50	0.022908	23.597
21.51	21.50	0.022924	23.698
21.51	21.50	0.022941	23.797
21.49	21.50	0.022957	23.897
21.49	21.50	0.022974	23.997
21.49	21.50	0.022991	24.097
21.49	21.50	0.023007	24.197
21.49	21.50	0.023024	24.297
21.49	21.50	0.023041	24.397
21.49	21.50	0.023057	24.497
21.49	21.50	0.023074	24.597
21.49	21.50	0.023091	24.697
21.49	21.50	0.023107	24.797
21.49	21.50	0.023124	24.921
21.49	21.50	0.023141	25.021
21.49	21.50	0.023157	25.126
21.49	21.50	0.023174	25.220
21.49	21.50	0.023191	25.320
21.51	21.50	0.023207	25.424
21.51	21.50	0.023224	25.519
21.51	21.50	0.023241	25.618
21.51	21.50	0.023257	25.723
21.51	21.50	0.023274	25.818
21.51	21.50	0.023291	25.918
21.51	21.50	0.023307	26.022
21.51	21.50	0.023324	26.117
21.51	21.50	0.023341	26.217
21.51	21.50	0.023357	26.321
21.51	21.50	0.023374	26.416
21.51	21.50	0.023391	26.515
21.51	21.50	0.023407	26.620
21.51	21.50	0.023424	26.714
21.49	21.50	0.023441	26.814
21.49	21.50	0.023457	26.918
21.49	21.50	0.023474	27.013
21.49	21.50	0.023491	27.114
21.49	21.50	0.023507	27.217
21.49	21.50	0.023524	27.312
21.49	21.50	0.023541	27.413
21.49	21.50	0.023557	27.516
21.49	21.50	0.023574	27.610
21.49	21.50	0.023591	27.714
21.49	21.50	0.023607	27.815
21.49	21.50	0.023624	27.909
21.49	21.50	0.023641	28.014
21.49	21.50	0.023657	28.113
21.49	21.50	0.023674	28.208
21.49	21.50	0.023691	28.312
21.51	21.50	0.023707	28.412
21.51	21.50	0.023724	28.506
21.51	21.50	0.023741	28.611
21.51	21.50	0.023757	28.711
21.51	21.50	0.023774	28.805
21.51	21.50	0.023790	28.910
21.51	21.50	0.023807	29.004
21.51	21.50	0.023824	29.104
21.51	21.50	0.023840	29.208
21.51	21.50	0.023857	29.303
21.51	21.50	0.023874	29.403
21.51	21.50	0.023890	29.507
21.51	21.50	0.023907	29.602
21.49	21.50	0.023924	29.701
21.49	21.50	0.023940	29.806
21.49	21.50	0.023957	29.900
21.49	21.50	0.023974	30.000
21.49	21.50	0.023990	30.104
21.49	21.50	0.024007	30.199
21.49	21.50	0.024024	30.299
21.49	21.50	0.024040	30.403
21.49	21.50	0.024057	30.498
21.49	21.50	0.024074	30.597
21.49	21.50	0.024090	30.702
21.49	21.50	0.024107	30.797
21.51	21.50	0.024124	30.897
21.51	21.50	0.024140	31.000
21.51	21.50	0.024157	31.097
21.51	21.50	0.024174	31.197
21.51	21.50	0.024190	31.299
21.51	21.50	0.024207	31.397
21.51	21.50	0.024224	31.497
21.51	21.50	0.024240	31.598
21.51	21.50	0.024257	31.697
21.51	21.50	0.024274	31.797
21.51	21.50	0.024290	31.898
21.51	21.50	0.024307	31.997
21.49	21.50	0.024324	32.097
21.49	21.50	0.024340	32.197
21.49	21.50	0.024357	32.297
21.49	21.50	0.024374	32.397
21.49	21.50	0.024390	32.497
21.49	21.50	0.024407	32.597
21.49	21.50	0.024424	32.697
21.49	21.50	0.024440	32.797
21.49	21.50	0.024457	32.897
21.49	21.50	0.024474	32.998
21.49	21.50	0.024490	33.097
21.49	21.50	0.024507	33.197
21.49	21.50	0.024524	33.297
21.49	21.50	0.024540	33.397
21.49	21.50	0.024557	33.497
21.49	21.50	0.024574	33.597
21.51	21.50	0.024590	33.697
21.51	21.50	0.024607	33.797
21.51	21.50	0.024623	33.898
21.51	21.50	0.024640	33.997
21.51	21.50	0.024657	34.097
21.51	21.50	0.024673	34.197
21.51	21.50	0.024690	34.297
21.51	21.50	0.024707	34.397
21.51	21.50	0.024723	34.497
21.51	21.50	0.024740	34.597
21.51	21.50	0.024757	34.697
21.51	21.50	0.024773	34.797
21.51	21.50	0.024790	34.897
21.51	21.50	0.024807	34.997
21.51	21.50	0.024823	35.097
21.51	21.50	0.024840	35.197
21.51	21.50	0.024857	35.297
21.51	21.50	0.024873	35.397
21.51	21.50	0.024890	35.497
21.51	21.50	0.024907	35.597
21.49	21.50	0.024923	35.697
21.49	21.50	0.024940	35.797
21.49	21.50	0.024957	35.897
21.49	21.50	0.024973	35.998
21.49	21.50	0.024990	36.097
21.49	21.50	0.025007	36.197
21.49	21.50	0.025023	36.297
21.49	21.50	0.025040	36.397
21.49	21.50	0.025057	36.526
21.49	21.50	0.025073	36.621
21.49	21.50	0.025090	36.720
21.49	21.50	0.025107	36.825
21.49	21.50	0.025123	36.919
21.49	21.50	0.025140	37.019
21.49	21.50	0.025157	37.124
21.49	21.50	0.025173	37.218
21.51	21.50	0.025190	37.318
21.51	21.50	0.025207	37.422
21.51	21.50	0.025223	37.517
21.51	21.50	0.025240	37.617
21.51	21.50	0.025257	37.721
21.51	21.50	0.025273	37.816
21.51	21.50	0.025290	37.916
21.51	21.50	0.025307	38.020
21.51	21.50	0.025323	38.115
21.51	21.50	0.025340	38.215
21.51	21.50	0.025357	38.319
21.51	21.50	0.025373	38.414
21.51	21.50	0.025390	38.515
21.51	21.50	0.025407	38.618
21.49	21.50	0.025423	38.712
21.49	21.50	0.025440	38.815
21.49	21.50	0.025456	38.916
21.49	21.50	0.025473	39.011
21.49	21.50	0.025490	39.116
21.49	21.50	0.025506	39.215
21.49	21.50	0.025523	39.310
21.49	21.50	0.025540	39.414
21.49	21.50	0.025556	39.514
21.49	21.50	0.025573	39.608
21.49	21.50	0.025590	39.713
21.49	21.50	0.025606	39.812
21.49	21.50	0.025623	39.907
21.49	21.50	0.025640	40.012
21.51	21.50	0.025656	40.111
21.51	21.50	0.025673	40.206
21.51	21.50	0.025690	40.310
21.51	21.50	0.025706	40.405
21.51	21.50	0.025723	40.504
21.51	21.50	0.025740	40.609
21.51	21.50	0.025756	40.704
21.51	21.50	0.025773	40.803
21.51	21.50	0.025790	40.908
21.51	21.50	0.025806	41.002
21.51	21.50	0.025823	41.102
21.51	21.50	0.025840	41.206
21.51	21.50	0.025856	41.301
21.51	21.50	0.025873	41.400
21.51	21.50	0.025890	41.505
21.49	21.50	0.025906	41.600
21.49	21.50	0.025923	41.699
21.49	21.50	0.025940	41.804
21.49	21.50	0.025956	41.898
21.49	21.50	0.025973	41.998
21.49	21.50	0.025990	42.102
21.49	21.50	0.026006	42.198
21.49	21.50	0.026023	42.298
21.49	21.50	0.026040	42.401
21.49	21.50	0.026056	42.498
21.49	21.50	0.026073	42.598
21.49	21.50	0.026090	42.700
21.49	21.50	0.026106	42.798
21.49	21.50	0.026123	42.898
21.49	21.50	0.026140	42.998
21.49	21.50	0.026156	43.098
21.49	21.50	0.026173	43.199
21.51	21.50	0.026190	43.298
21.51	21.50	0.026206	43.398
21.51	21.50	0.026223	43.498
21.51	21.50	0.026240	43.598
21.51	21.50	0.026256	43.698
21.51	21.50	0.026273	43.798
21.51	21.50	0.026289	43.898
21.51	21.50	0.026306	43.998
21.51	21.50	0.026323	44.098
21.51	21.50	0.026339	44.198
21.51	21.50	0.026356	44.298
21.51	21.50	0.026373	44.398
21.51	21.50	0.026389	44.498
21.51	21.50	0.026406	44.598
21.51	21.50	0.026423	44.698
21.51	21.50	0.026439	44.798
21.51	21.50	0.026456	44.898
21.51	21.50	0.026473	44.998
21.51	21.50	0.026489	45.098
21.51	21.50	0.026506	45.198
21.49	21.50	0.026523	45.298
21.49	21.50	0.026539	45.398
21.49	21.50	0.026556	45.498
21.49	21.50	0.026573	45.598
21.49	21.50	0.026589	45.698
21.49	21.50	0.026606	45.798
21.49	21.50	0.026623	45.898
21.49	21.50	0.026639	45.999
21.49	21.50	0.026656	46.098
21.49	21.50	0.026673	46.198
21.49	21.50	0.026689	46.298
21.49	21.50	0.026706	46.398
21.49	21.50	0.026723	46.498
21.51	21.50	0.026739	46.598
21.51	21.50	0.026756	46.698
21.51	21.50	0.026773	46.798
21.51	21.50	0.026789	46.898
21.51	21.50	0.026806	46.998
21.51	21.50	0.026823	47.098
21.51	21.50	0.026839	47.199
21.51	21.50	0.026856	47.298
21.51	21.50	0.026873	47.398
21.51	21.50	0.026889	47.498
21.51	21.50	0.026906	47.598
21.49	21.50	0.026923	47.698
21.49	21.50	0.026939	47.822
21.49	21.50	0.026956	47.898
21.49	21.50	0.026973	48.021
21.49	21.50	0.026989	48.121
21.49	21.50	0.027006	48.225
21.49	21.50	0.027023	48.320
21.49	21.50	0.027039	48.420
21.49	21.50	0.027056	48.524
21.49	21.50	0.027073	48.619
21.49	21.50	0.027089	48.718
21.49	21.50	0.027106	48.823
21.49	21.50	0.027122	48.917
21.51	21.50	0.027139	49.018
21.51	21.50	0.027156	49.122
21.51	21.50	0.027172	49.217
21.51	21.50	0.027189	49.317
21.51	21.50	0.027206	49.421
21.51	21.50	0.027222	49.516
21.51	21.50	0.027239	49.617
21.51	21.50	0.027256	49.720
21.51	21.50	0.027272	49.814
21.51	21.50	0.027289	49.917
21.51	21.50	0.027306	50.018
21.51	21.50	0.027322	50.113
21.51	21.50	0.027339	50.217
21.51	21.50	0.027356	50.317
21.51	21.50	0.027372	50.411
21.51	21.50	0.027389	50.516
21.49	21.50	0.027406	50.616
21.49	21.50	0.027422	50.709
21.49	21.50	0.027439	50.815
21.49	21.50	0.027456	50.914
21.49	21.50	0.027472	51.009
21.49	21.50	0.027489	51.113
21.49	21.50	0.027506	51.212
21.49	21.50	0.027522	51.308
21.49	21.50	0.027539	51.412
21.49	21.50	0.027556	51.507
21.49	21.50	0.027572	51.606
21.49	21.50	0.027589	51.710
21.49	21.50	0.027606	51.805
21.49	21.50	0.027622	51.905
21.51	21.50	0.027639	52.009
21.51	21.50	0.027656	52.104
21.51	21.50	0.027672	52.203
21.51	21.50	0.027689	52.308
21.51	21.50	0.027706	52.402
21.51	21.50	0.027722	52.502
21.51	21.50	0.027739	52.607
21.51	21.50	0.027756	52.701
21.51	21.50	0.027772	52.801
21.51	21.50	0.027789	52.905
21.51	21.50	0.027806	53.000
21.51	21.50	0.027822	53.100
21.51	21.50	0.027839	53.204
21.51	21.50	0.027856	53.299
21.51	21.50	0.027872	53.399
21.51	21.50	0.027889	53.503
21.49	21.50	0.027906	53.599
21.49	21.50	0.027922	53.699
21.49	21.50	0.027939	53.802
21.49	21.50	0.027955	53.900
21.49	21.50	0.027972	53.999
21.49	21.50	0.027989	54.100
21.49	21.50	0.028005	54.199
21.49	21.50	0.028022	54.299
21.49	21.50	0.028039	54.398
21.49	21.50	0.028055	54.498
21.49	21.50	0.028072	54.600
21.49	21.50	0.028089	54.699
21.49	21.50	0.028105	54.799
21.49	21.50	0.028122	54.899
21.49	21.50	0.028139	54.999
21.51	21.50	0.028155	55.100
21.51	21.50	0.028172	55.199
21.51	21.50	0.028189	55.299
21.51	21.50	0.028205	55.399
21.51	21.50	0.028222	55.499
21.51	21.50	0.028239	55.599
21.51	21.50	0.028255	55.699
21.51	21.50	0.028272	55.799
21.51	21.50	0.028289	55.899
21.51	21.50	0.028305	55.999
21.51	21.50	0.028322	56.099
21.51	21.50	0.028339	56.199
21.51	21.50	0.028355	56.299
21.51	21.50	0.028372	56.399
21.51	21.50	0.028389	56.499
21.51	21.50	0.028405	56.599
21.51	21.50	0.028422	56.699
21.49	21.50	0.028439	56.799
21.49	21.50	0.028455	56.899
21.49	21.50	0.028472	56.999
21.49	21.50	0.028489	57.099
21.49	21.50	0.028505	57.199
21.49	21.50	0.028522	57.299
21.49	21.50	0.028539	57.399
21.49	21.50	0.028555	57.500
21.49	21.50	0.028572	57.599
21.49	21.50	0.028589	57.699
21.49	21.50	0.028605	57.799
21.49	21.50	0.028622	57.899
21.49	21.50	0.028639	57.999
21.49	21.50	0.028655	58.099
21.51	21.50	0.028672	58.199
21.51	21.50	0.028689	58.299
21.51	21.50	0.028705	58.400
21.51	21.50	0.028722	58.499
21.51	21.50	0.028739	58.599
21.51	21.50	0.028755	58.699
21.51	21.50	0.028772	58.799
21.51	21.50	0.028788	58.899
21.51	21.50	0.028805	58.999
21.51	21.50	0.028822	59.123
21.51	21.50	0.028838	59.223
21.51	21.50	0.028855	59.327
21.51	21.50	0.028872	59.422
21.51	21.50	0.028888	59.522
21.51	21.50	0.028905	59.626
21.51	21.50	0.028922	59.721
21.49	21.50	0.028938	59.820
21.49	21.50	0.028955	59.925
21.49	21.50	0.028972	00.019
21.49	21.50	0.028988	00.119
21.49	21.50	0.029005	00.223
21.49	21.50	0.029022	00.318
21.49	21.50	0.029038	00.418
21.49	21.50	0.029055	00.522
21.49	21.50	0.029072	00.617
21.49	21.50	0.029088	00.718
21.49	21.50	0.029105	00.821
21.49	21.50	0.029122	00.915
21.51	21.50	0.029138	01.018
21.51	21.50	0.029155	01.120
21.51	21.50	0.029172	01.214
21.51	21.50	0.029188	01.319
21.51	21.50	0.029205	01.418
21.51	21.50	0.029222	01.513
21.51	21.50	0.029238	01.618
21.51	21.50	0.029255	01.717
21.51	21.50	0.029272	01.812
21.51	21.50	0.029288	01.916
21.51	21.50	0.029305	02.016
21.51	21.50	0.029322	02.110
21.51	21.50	0.029338	02.215
21.49	21.50	0.029355	02.314
21.49	21.50	0.029372	02.409
21.49	21.50	0.029388	02.514
21.49	21.50	0.029405	02.608
21.49	21.50	0.029422	02.708
21.49	21.50	0.029438	02.813
21.49	21.50	0.029455	02.907
21.49	21.50	0.029472	03.007
21.49	21.50	0.029488	03.111
21.49	21.50	0.029505	03.206
21.49	21.50	0.029522	03.305
21.49	21.50	0.029538	03.410
21.49	21.50	0.029555	03.504
21.49	21.50	0.029572	03.604
21.49	21.50	0.029588	03.709
21.49	21.50	0.029605	03.803
21.49	21.50	0.029621	03.903
21.49	21.50	0.029638	04.007
21.49	21.50	0.029655	04.102
21.51	21.50	0.029671	04.202
21.51	21.50	0.029688	04.306
21.51	21.50	0.029705	04.403
21.51	21.50	0.029721	04.502
21.51	21.50	0.029738	04.605
21.51	21.50	0.029755	04.702
21.51	21.50	0.029771	04.802
21.51	21.50	0.029788	04.903
21.51	21.50	0.029805	05.002
21.51	21.50	0.029821	05.102
21.51	21.50	0.029838	05.202
21.51	21.50	0.029855	05.302
21.51	21.50	0.029871	05.402
21.51	21.50	0.029888	05.502
21.51	21.50	0.029905	05.602
21.51	21.50	0.029921	05.703
21.51	21.50	0.029938	05.803
21.51	21.50	0.029955	05.903
21.49	21.50	0.029971	06.003
21.49	21.50	0.029988	06.103
21.49	21.50	0.030005	06.203
21.49	21.50	0.030021	06.303
21.49	21.50	0.030038	06.403
21.49	21.50	0.030055	06.503
21.49	21.50	0.030071	06.603
21.49	21.50	0.030088	06.703
21.49	21.51	0.030105	06.803
21.49	21.51	0.030121	06.902
21.49	21.51	0.030138	07.003
21.51	21.51	0.030155	07.103
21.51	21.51	0.030171	07.203
21.51	21.51	0.030188	07.304
21.51	21.51	0.030205	07.403
21.51	21.51	0.030221	07.504
21.51	21.51	0.030238	07.603
21.51	21.51	0.030255	07.703
21.51	21.51	0.030271	07.803
21.51	21.51	0.030288	07.903
21.51	21.51	0.030305	08.003
21.51	21.52	0.030321	08.103
21.51	21.52	0.030338	08.203
21.51	21.52	0.030355	08.303
21.51	21.52	0.030371	08.403
21.51	21.52	0.030388	08.503
21.51	21.52	0.030405	08.603
21.51	21.52	0.030421	08.703
21.51	21.52	0.030438	08.803
21.51	21.52	0.030454	08.903
21.51	21.52	0.030471	09.003
21.54	21.52	0.030488	09.103
21.54	21.52	0.030504	09.203
21.54	21.52	0.030521	09.303
21.54	21.53	0.030538	09.403
21.54	21.53	0.030554	09.503
21.54	21.53	0.030571	09.603
21.54	21.53	0.030588	09.703
21.54	21.53	0.030604	09.832
21.54	21.53	0.030621	09.927
21.54	21.53	0.030638	10.027
21.54	21.53	0.030654	10.131
21.54	21.53	0.030671	10.226
21.51	21.53	0.030688	10.325
21.51	21.53	0.030704	10.430
21.51	21.53	0.030721	10.524
21.51	21.53	0.030738	10.624
21.51	21.54	0.030754	10.729
21.51	21.54	0.030771	10.823
21.51	21.54	0.030788	10.923
21.54	21.54	0.030804	11.027
21.54	21.54	0.030821	11.122
21.54	21.54	0.030838	11.221
21.54	21.54	0.030854	11.326
21.54	21.54	0.030871	11.420
21.54	21.54	0.030888	11.520
21.54	21.54	0.030904	11.625
21.54	21.54	0.030921	11.719
21.54	21.54	0.030938	11.820
21.54	21.54	0.030954	11.923
21.54	21.55	0.030971	12.018
21.54	21.55	0.030988	12.120
21.54	21.55	0.031004	12.222
21.57	21.55	0.031021	12.317
21.57	21.55	0.031038	12.419
21.57	21.55	0.031054	12.520
21.57	21.55	0.031071	12.615
21.57	21.55	0.031088	12.719
21.57	21.55	0.031104	12.819
21.57	21.55	0.031121	12.914
21.57	21.55	0.031138	13.018
21.57	21.55	0.031154	13.118
21.57	21.55	0.031171	13.212
21.57	21.56	0.031188	13.317
21.57	21.56	0.031204	13.416
21.57	21.56	0.031221	13.511
21.54	21.56	0.031238	13.616
21.54	21.56	0.031254	13.715
21.54	21.56	0.031271	13.810
21.54	21.56	0.031287	13.914
21.54	21.56	0.031304	14.009
21.54	21.56	0.031321	14.108
21.54	21.56	0.031337	14.213
21.54	21.56	0.031354	14.307
21.57	21.56	0.031371	14.407
21.57	21.56	0.031387	14.512
21.57	21.57	0.031404	14.606
21.57	21.57	0.031421	14.706
21.57	21.57	0.031437	14.810
21.57	21.57	0.031454	14.905
21.57	21.57	0.031471	15.004
21.57	21.57	0.031487	15.109
21.57	21.57	0.031504	15.205
21.57	21.57	0.031521	15.304
21.57	21.57	0.031537	15.408
21.57	21.57	0.031554	15.504
21.57	21.57	0.031571	15.604
21.57	21.57	0.031587	15.707
21.57	21.57	0.031604	15.804
21.57	21.58	0.031621	15.904
21.57	21.58	0.031637	16.006
21.57	21.58	0.031654	16.104
21.57	21.58	0.031671	16.204
21.57	21.58	0.031687	16.304
21.57	21.58	0.031704	16.404
21.57	21.58	0.031721	16.504
21.57	21.58	0.031737	16.604
21.57	21.58	0.031754	16.704
21.59	21.58	0.031771	16.804
21.59	21.58	0.031787	16.904
21.59	21.58	0.031804	17.004
21.59	21.58	0.031821	17.104
21.59	21.59	0.031837	17.204
21.59	21.59	0.031854	17.304
21.59	21.59	0.031871	17.404
21.59	21.59	0.031887	17.504
21.59	21.59	0.031904	17.604
21.59	21.59	0.031921	17.704
21.59	21.59	0.031937	17.804
21.59	21.59	0.031954	17.904
21.59	21.59	0.031971	18.004
21.59	21.59	0.031987	18.104
21.59	21.59	0.032004	18.204
21.59	21.59	0.032021	18.304
21.59	21.59	0.032037	18.404
21.59	21.60	0.032054	18.504
21.59	21.60	0.032071	18.604
21.59	21.60	0.032087	18.704
21.59	21.60	0.032104	18.804
21.59	21.60	0.032120	18.904
21.59	21.60	0.032137	19.004
21.59	21.60	0.032154	19.104
21.59	21.60	0.032170	19.204
21.59	21.60	0.032187	19.304
21.59	21.60	0.032204	19.404
21.59	21.60	0.032220	19.504
21.62	21.60	0.032237	19.604
21.62	21.60	0.032254	19.704
21.62	21.61	0.032270	19.804
21.62	21.61	0.032287	19.905
21.62	21.61	0.032304	20.004
21.62	21.61	0.032320	20.104
21.62	21.61	0.032337	20.204
21.62	21.61	0.032354	20.304
21.62	21.61	0.032370	20.404
21.62	21.61	0.032387	20.504
21.62	21.61	0.032404	20.604
21.62	21.61	0.032420	20.704
21.62	21.61	0.032437	20.804
21.62	21.61	0.032454	20.904
21.62	21.61	0.032470	21.004
21.62	21.62	0.032487	21.103
21.62	21.62	0.032504	21.233
21.59	21.62	0.032520	21.327
21.59	21.62	0.032537	21.427
21.59	21.62	0.032554	21.531
21.59	21.62	0.032570	21.626
21.59	21.62	0.032587	21.726
21.59	21.62	0.032604	21.830
21.59	21.62	0.032620	21.925
21.62	21.62	0.032637	22.024
21.62	21.62	0.032654	22.129
21.62	21.62	0.032670	22.223
21.62	21.62	0.032687	22.323
21.62	21.62	0.032704	22.427
21.62	21.63	0.032720	22.522
21.62	21.63	0.032737	22.622
21.62	21.63	0.032754	22.726
21.62	21.63	0.032770	22.821
21.62	21.63	0.032787	22.921
21.62	21.63	0.032804	23.025
21.62	21.63	0.032820	23.120
21.64	21.63	0.032837	23.221
21.64	21.63	0.032854	23.324
21.64	21.63	0.032870	23.418
21.64	21.63	0.032887	23.522
21.64	21.63	0.032904	23.622
21.64	21.63	0.032920	23.717
21.64	21.64	0.032937	23.821
21.64	21.64	0.032953	23.921
21.64	21.64	0.032970	24.015
21.64	21.64	0.032987	24.120
21.64	21.64	0.033003	24.220
21.64	21.64	0.033020	24.314
21.64	21.64	0.033037	24.419
21.64	21.64	0.033053	24.518
21.64	21.64	0.033070	24.613
21.64	21.64	0.033087	24.717
21.64	21.64	0.033103	24.817
21.64	21.64	0.033120	24.911
21.64	21.64	0.033137	25.016
21.64	21.65	0.033153	25.111
21.64	21.65	0.033170	25.210
21.64	21.65	0.033187	25.315
21.64	21.65	0.033203	25.409
21.64	21.65	0.033220	25.509
21.64	21.65	0.033237	25.613
21.67	21.65	0.033253	25.709
21.67	21.65	0.033270	25.808
21.67	21.65	0.033287	25.913
21.67	21.65	0.033303	26.008
21.67	21.65	0.033320	26.106
21.67	21.65	0.033337	26.212
21.67	21.65	0.033353	26.305
21.67	21.66	0.033370	26.405
21.67	21.66	0.033387	26.509
21.67	21.66	0.033403	26.605
21.64	21.66	0.033420	26.705
21.64	21.66	0.033437	26.808
21.64	21.66	0.033453	26.904
21.64	21.66	0.033470	27.004
21.64	21.66	0.033487	27.107
21.64	21.66	0.033503	27.204
21.64	21.66	0.033520	27.304
21.64	21.66	0.033537	27.405
21.64	21.66	0.033553	27.504
21.67	21.66	0.033570	27.604
21.67	21.67	0.033587	27.704
21.67	21.67	0.033603	27.804
21.67	21.67	0.033620	27.904
21.67	21.67	0.033637	28.004
21.67	21.67	0.033653	28.104
21.67	21.67	0.033670	28.204
21.67	21.67	0.033687	28.304
21.67	21.67	0.033703	28.404
21.67	21.67	0.033720	28.504
21.67	21.67	0.033737	28.604
21.67	21.67	0.033753	28.704
21.67	21.67	0.033770	28.804
21.67	21.67	0.033786	28.904
21.67	21.68	0.033803	29.004
21.67	21.68	0.033820	29.104
21.70	21.68	0.033836	29.204
21.70	21.68	0.033853	29.304
21.70	21.68	0.033870	29.404
21.70	21.68	0.033886	29.504
21.70	21.68	0.033903	29.604
21.70	21.68	0.033920	29.704
21.70	21.68	0.033936	29.804
21.70	21.68	0.033953	29.904
21.70	21.68	0.033970	30.004
21.67	21.68	0.033986	30.104
21.67	21.68	0.034003	30.204
21.67	21.69	0.034020	30.304
21.67	21.69	0.034036	30.404
21.67	21.69	0.034053	30.504
21.67	21.69	0.034070	30.604
21.67	21.69	0.034086	30.704
21.67	21.69	0.034103	30.804
21.67	21.69	0.034120	30.904
21.67	21.69	0.034136	31.004
21.67	21.69	0.034153	31.108
21.67	21.69	0.034170	31.208
21.70	21.69	0.034186	31.309
21.70	21.69	0.034203	31.409
21.70	21.69	0.034220	31.538
21.70	21.70	0.034236	31.633
21.70	21.70	0.034253	31.737
21.70	21.70	0.034270	31.832
21.70	21.70	0.034286	31.932
21.70	21.70	0.034303	32.036
21.70	21.70	0.034320	32.130
21.70	21.70	0.034336	32.230
21.70	21.70	0.034353	32.334
21.70	21.70	0.034370	32.429
21.70	21.70	0.034386	32.528
21.70	21.70	0.034403	32.634
21.70	21.70	0.034420	32.728
21.70	21.70	0.034436	32.828
21.70	21.71	0.034453	32.932
21.70	21.71	0.034470	33.027
21.70	21.71	0.034486	33.126
21.70	21.71	0.034503	33.231
21.72	21.71	0.034520	33.325
21.72	21.71	0.034536	33.425
21.72	21.71	0.034553	33.530
21.72	21.71	0.034570	33.624
21.72	21.71	0.034586	33.724
21.72	21.71	0.034603	33.828
21.72	21.71	0.034619	33.923
21.72	21.71	0.034636	34.022
21.72	21.71	0.034653	34.127
21.72	21.72	0.034669	34.222
21.72	21.72	0.034686	34.322
21.72	21.72	0.034703	34.426
21.72	21.72	0.034719	34.520
21.72	21.72	0.034736	34.623
21.72	21.72	0.034753	34.724
21.72	21.72	0.034769	34.819
21.72	21.72	0.034786	34.922
21.72	21.72	0.034803	35.023
21.72	21.72	0.034819	35.118
21.72	21.72	0.034836	35.222
21.72	21.72	0.034853	35.322
21.72	21.72	0.034869	35.416
21.72	21.73	0.034886	35.521
21.72	21.73	0.034903	35.620
21.72	21.73	0.034919	35.715
21.72	21.73	0.034936	35.819
21.72	21.73	0.034953	35.919
21.72	21.73	0.034969	36.014
21.72	21.73	0.034986	36.118
21.72	21.73	0.035003	36.213
21.72	21.73	0.035019	36.312
21.72	21.73	0.035036	36.417
21.72	21.73	0.035053	36.511
21.72	21.73	0.035069	36.611
21.72	21.73	0.035086	36.716
21.72	21.74	0.035103	36.810
21.75	21.74	0.035119	36.910
21.75	21.74	0.035136	37.014
21.75	21.74	0.035153	37.109
21.75	21.74	0.035169	37.209
21.75	21.74	0.035186	37.313
21.75	21.74	0.035203	37.409
21.75	21.74	0.035219	37.509
21.75	21.74	0.035236	37.612
21.75	21.74	0.035253	37.709
21.75	21.74	0.035269	37.809
21.75	21.74	0.035286	37.910
21.75	21.74	0.035303	38.009
21.75	21.75	0.035319	38.109
21.75	21.75	0.035336	38.209
21.75	21.75	0.035353	38.310
21.75	21.75	0.035369	38.409
21.75	21.75	0.035386	38.509
21.75	21.75	0.035403	38.609
21.75	21.75	0.035419	38.709
21.75	21.75	0.035436	38.810
21.75	21.75	0.035452	38.910
21.75	21.75	0.035469	39.010
21.75	21.75	0.035486	39.110
21.75	21.75	0.035502	39.211
21.75	21.75	0.035519	39.310
21.75	21.76	0.035536	39.410
21.75	21.76	0.035552	39.510
21.75	21.76	0.035569	39.610
21.75	21.76	0.035586	39.710
21.75	21.76	0.035602	39.810
21.75	21.76	0.035619	39.910
21.75	21.76	0.035636	40.010
21.75	21.76	0.035652	40.110
21.75	21.76	0.035669	40.210
21.75	21.76	0.035686	40.311
21.75	21.76	0.035702	40.411
21.75	21.76	0.035719	40.511
21.75	21.76	0.035736	40.611
21.75	21.77	0.035752	40.711
21.77	21.77	0.035769	40.811
21.77	21.77	0.035786	40.911
21.77	21.77	0.035802	41.011
21.77	21.77	0.035819	41.111
21.77	21.77	0.035836	41.211
21.77	21.77	0.035852	41.311
21.77	21.77	0.035869	41.411
21.77	21.77	0.035886	41.511
21.77	21.77	0.035902	41.611
21.77	21.77	0.035919	41.712
21.77	21.77	0.035936	41.811
21.77	21.77	0.035952	41.911
21.77	21.78	0.035969	42.011
21.77	21.78	0.035986	42.111
21.77	21.78	0.036002	42.211
21.77	21.78	0.036019	42.311
21.77	21.78	0.036036	42.411
21.77	21.78	0.036052	42.511
21.77	21.78	0.036069	42.610
21.77	21.78	0.036086	42.735
21.77	21.78	0.036102	42.840
21.77	21.78	0.036119	42.934
21.80	21.78	0.036136	43.034
21.80	21.78	0.036152	43.138
21.80	21.78	0.036169	43.233
21.80	21.79	0.036186	43.332
21.80	21.79	0.036202	43.437
21.80	21.79	0.036219	43.532
21.80	21.79	0.036236	43.631
21.80	21.79	0.036252	43.736
21.80	21.79	0.036269	43.830
21.80	21.79	0.036285	43.930
21.80	21.79	0.036302	44.034
21.80	21.79	0.036319	44.129
21.80	21.79	0.036335	44.228
21.80	21.79	0.036352	44.333
21.80	21.79	0.036369	44.428
21.80	21.79	0.036385	44.527
21.77	21.80	0.036402	44.632
21.77	21.80	0.036419	44.726
21.77	21.80	0.036435	44.826
21.77	21.80	0.036452	44.930
21.77	21.80	0.036469	45.025
21.77	21.80	0.036485	45.125
21.80	21.80	0.036502	45.229
21.80	21.80	0.036519	45.324
21.80	21.80	0.036535	45.424
21.80	21.80	0.036552	45.528
21.80	21.80	0.036569	45.622
21.80	21.80	0.036585	45.724
21.80	21.80	0.036602	45.826
21.80	21.81	0.036619	45.920
21.80	21.81	0.036635	46.024
21.80	21.81	0.036652	46.125
21.80	21.81	0.036669	46.219
21.80	21.81	0.036685	46.324
21.83	21.81	0.036702	46.424
21.83	21.81	0.036719	46.519
21.83	21.81	0.036735	46.623
21.83	21.81	0.036752	46.723
21.83	21.81	0.036769	46.816
21.83	21.81	0.036785	46.922
21.83	21.81	0.036802	47.022
21.83	21.81	0.036819	47.115
21.83	21.82	0.036835	47.221
21.83	21.82	0.036852	47.319
21.83	21.82	0.036869	47.414
21.83	21.82	0.036885	47.518
21.83	21.82	0.036902	47.613
21.80	21.82	0.036919	47.714
21.80	21.82	0.036935	47.817
21.80	21.82	0.036952	47.913
21.80	21.82	0.036969	48.013
21.80	21.82	0.036985	48.116
21.80	21.82	0.037002	48.213
21.80	21.82	0.037019	48.313
21.80	21.82	0.037035	48.414
21.80	21.83	0.037052	48.513
21.83	21.83	0.037069	48.613
21.83	21.83	0.037085	48.713
21.83	21.83	0.037102	48.813
21.83	21.83	0.037118	48.913
21.83	21.83	0.037135	49.013
21.83	21.83	0.037152	49.113
21.83	21.83	0.037168	49.213
21.83	21.83	0.037185	49.313
21.83	21.83	0.037202	49.413
21.83	21.83	0.037218	49.513
21.83	21.83	0.037235	49.613
21.83	21.83	0.037252	49.713
21.83	21.84	0.037268	49.813
21.85	21.84	0.037285	49.913
21.85	21.84	0.037302	50.013
21.85	21.84	0.037318	50.114
21.85	21.84	0.037335	50.215
21.85	21.84	0.037352	50.314
21.85	21.84	0.037368	50.414
21.85	21.84	0.037385	50.514
21.85	21.84	0.037402	50.614
21.85	21.84	0.037418	50.714
21.85	21.84	0.037435	50.814
21.85	21.84	0.037452	50.914
21.85	21.84	0.037468	51.014
21.85	21.84	0.037485	51.115
21.85	21.85	0.037502	51.214
21.85	21.85	0.037518	51.314
21.85	21.85	0.037535	51.414
21.85	21.85	0.037552	51.514
21.85	21.85	0.037568	51.614
21.85	21.85	0.037585	51.714
21.85	21.85	0.037602	51.814
21.85	21.85	0.037618	51.914
21.85	21.85	0.037635	52.014
21.85	21.85	0.037652	52.114
21.85	21.85	0.037668	52.214
21.85	21.85	0.037685	52.314
21.85	21.85	0.037702	52.414
21.85	21.86	0.037718	52.514
21.85	21.86	0.037735	52.614
21.85	21.86	0.037752	52.714
21.85	21.86	0.037768	52.814
21.85	21.86	0.037785	52.914
21.85	21.86	0.037802	53.014
21.85	21.86	0.037818	53.114
21.85	21.86	0.037835	53.214
21.85	21.86	0.037852	53.314
21.85	21.86	0.037868	53.443
21.85	21.86	0.037885	53.513
21.85	21.86	0.037902	53.642
21.85	21.86	0.037918	53.742
21.85	21.87	0.037935	53.837
21.85	21.87	0.037951	53.941
21.88	21.87	0.037968	54.041
21.88	21.87	0.037985	54.135
21.88	21.87	0.038001	54.240
21.88	21.87	0.038018	54.334
21.88	21.87	0.038035	54.434
21.88	21.87	0.038051	54.538
21.88	21.87	0.038068	54.633
21.88	21.87	0.038085	54.733
21.88	21.87	0.038101	54.837
21.88	21.87	0.038118	54.932
21.88	21.87	0.038135	55.031
21.88	21.88	0.038151	55.136
21.88	21.88	0.038168	55.230
21.88	21.88	0.038185	55.330
21.88	21.88	0.038201	55.435
21.88	21.88	0.038218	55.529
21.88	21.88	0.038235	55.629
21.88	21.88	0.038251	55.733
21.88	21.88	0.038268	55.828
21.88	21.88	0.038285	55.927
21.88	21.88	0.038301	56.032
21.88	21.88	0.038318	56.126
21.88	21.88	0.038335	56.226
21.88	21.88	0.038351	56.331
21.88	21.89	0.038368	56.425
21.88	21.89	0.038385	56.526
21.88	21.89	0.038401	56.629
21.88	21.89	0.038418	56.724
21.88	21.89	0.038435	56.825
21.88	21.89	0.038451	56.928
21.88	21.89	0.038468	57.023
21.88	21.89	0.038485	57.125
21.88	21.89	0.038501	57.227
21.88	21.89	0.038518	57.321
21.88	21.89	0.038535	57.426
21.90	21.89	0.038551	57.525
21.90	21.89	0.038568	57.620
21.90	21.90	0.038585	57.724
21.90	21.90	0.038601	57.824
21.90	21.90	0.038618	57.918
21.90	21.90	0.038635	58.023
21.90	21.90	0.038651	58.123
21.90	21.90	0.038668	58.217
21.90	21.90	0.038685	58.322
21.90	21.90	0.038701	58.421
21.90	21.90	0.038718	58.516
21.90	21.90	0.038735	58.620
21.90	21.90	0.038751	58.715
21.90	21.90	0.038768	58.814
21.90	21.90	0.038784	58.919
21.90	21.91	0.038801	59.014
21.90	21.91	0.038818	59.114
21.90	21.91	0.038834	59.218
21.90	21.91	0.038851	59.314
21.90	21.91	0.038868	59.414
21.90	21.91	0.038884	59.516
21.90	21.91	0.038901	59.614
21.90	21.91	0.038918	59.714
21.90	21.91	0.038934	59.815
21.90	21.91	0.038951	59.914
21.90	21.91	0.038968	00.014
21.90	21.91	0.038984	00.114
21.93	21.91	0.039001	00.214
21.93	21.92	0.039018	00.314
21.93	21.92	0.039034	00.414
21.93	21.92	0.039051	00.514
21.93	21.92	0.039068	00.615
21.93	21.92	0.039084	00.714
21.93	21.92	0.039101	00.814
21.93	21.92	0.039118	00.914
21.93	21.92	0.039134	01.014
21.93	21.92	0.039151	01.114
21.93	21.92	0.039168	01.214
21.93	21.92	0.039184	01.314
21.93	21.92	0.039201	01.414
21.93	21.92	0.039218	01.514
21.93	21.93	0.039234	01.614
21.93	21.93	0.039251	01.714
21.93	21.93	0.039268	01.814
21.93	21.93	0.039284	01.914
21.93	21.93	0.039301	02.014
21.93	21.93	0.039318	02.114
21.93	21.93	0.039334	02.214
21.93	21.93	0.039351	02.314
21.93	21.93	0.039368	02.414
21.93	21.93	0.039384	02.514
21.93	21.93	0.039401	02.614
21.93	21.93	0.039418	02.714
21.93	21.93	0.039434	02.814
21.93	21.94	0.039451	02.914
21.93	21.94	0.039468	03.015
21.93	21.94	0.039484	03.114
21.93	21.94	0.039501	03.214
21.93	21.94	0.039518	03.314
21.93	21.94	0.039534	03.414
21.93	21.94	0.039551	03.514
21.93	21.94	0.039568	03.614
21.93	21.94	0.039584	03.714
21.93	21.94	0.039601	03.814
21.93	21.94	0.039617	03.914
21.93	21.94	0.039634	04.014
21.93	21.94	0.039651	04.114
21.93	21.95	0.039667	04.214
21.93	21.95	0.039684	04.314
21.96	21.95	0.039701	04.414
21.96	21.95	0.039717	04.514
21.96	21.95	0.039734	04.614
21.96	21.95	0.039751	04.714
21.96	21.95	0.039767	04.814
21.96	21.95	0.039784	04.914
21.96	21.95	0.039801	05.014
21.96	21.95	0.039817	05.143
21.96	21.95	0.039834	05.238
21.96	21.95	0.039851	05.342
21.96	21.95	0.039867	05.437
21.96	21.96	0.039884	05.535
21.96	21.96	0.039901	05.640
21.96	21.96	0.039917	05.735
21.96	21.96	0.039934	05.834
21.96	21.96	0.039951	05.940
21.96	21.96	0.039967	06.033
21.96	21.96	0.039984	06.133
21.96	21.96	0.040001	06.237
21.96	21.96	0.040017	06.332
21.96	21.96	0.040034	06.431
21.96	21.96	0.040051	06.536
21.96	21.96	0.040067	06.631
21.96	21.96	0.040084	06.730
21.96	21.97	0.040101	06.835
21.96	21.97	0.040117	06.930
21.96	21.97	0.040134	07.030
21.96	21.97	0.040151	07.133
21.96	21.97	0.040167	07.228
21.96	21.97	0.040184	07.329
21.96	21.97	0.040201	07.432
21.96	21.97	0.040217	07.527
21.96	21.97	0.040234	07.627
21.96	21.97	0.040251	07.732
21.96	21.97	0.040267	07.825
21.98	21.97	0.040284	07.927
21.98	21.97	0.040301	08.030
21.98	21.98	0.040317	08.125
21.98	21.98	0.040334	08.227
21.98	21.98	0.040351	08.329
21.98	21.98	0.040367	08.424
21.98	21.98	0.040384	08.527
21.98	21.98	0.040401	08.628
21.98	21.98	0.040417	08.722
21.98	21.98	0.040434	08.827
21.98	21.98	0.040450	08.926
21.98	21.98	0.040467	09.021
21.98	21.98	0.040484	09.125
21.98	21.98	0.040500	09.225
21.98	21.98	0.040517	09.319
21.98	21.99	0.040534	09.424
21.98	21.99	0.040550	09.523
21.98	21.99	0.040567	09.618
21.98	21.99	0.040584	09.723
21.98	21.99	0.040600	09.817
21.98	21.99	0.040617	09.917
21.98	21.99	0.040634	10.021
21.98	21.99	0.040650	10.116
21.98	21.99	0.040667	10.215
21.98	21.99	0.040684	10.320
21.98	21.99	0.040700	10.414
21.98	21.99	0.040717	10.514
21.98	21.99	0.040734	10.619
21.98	22.00	0.040750	10.714
22.01	22.00	0.040767	10.814
22.01	22.00	0.040784	10.917
22.01	22.00	0.040800	11.014
22.01	22.00	0.040817	11.114
22.01	22.00	0.040834	11.216
22.01	22.00	0.040850	11.314
22.01	22.00	0.040867	11.414
22.01	22.00	0.040884	11.515
22.01	22.00	0.040900	11.615
22.01	22.00	0.040917	11.714
22.01	22.00	0.040934	11.814
22.01	22.00	0.040950	11.914
22.01	22.01	0.040967	12.015
22.01	22.01	0.040984	12.114
22.01	22.01	0.041000	12.214
22.01	22.01	0.041017	12.314
22.01	22.01	0.041034	12.414
22.01	22.01	0.041050	12.514
22.01	22.01	0.041067	12.614
22.01	22.01	0.041084	12.714
22.01	22.01	0.041100	12.814
22.01	22.01	0.041117	12.914
22.01	22.01	0.041134	13.014
22.01	22.01	0.041150	13.114
22.01	22.01	0.041167	13.214
22.01	22.02	0.041184	13.314
22.01	22.02	0.041200	13.414
22.01	22.02	0.041217	13.514
22.01	22.02	0.041234	13.614
22.01	22.02	0.041250	13.714
22.01	22.02	0.041267	13.814
22.01	22.02	0.041283	13.915
22.01	22.02	0.041300	14.015
22.01	22.02	0.041317	14.115
22.01	22.02	0.041333	14.215
22.03	22.02	0.041350	14.315
22.03	22.02	0.041367	14.415
22.03	22.02	0.041383	14.516
22.03	22.03	0.041400	14.615
22.03	22.03	0.041417	14.715
22.03	22.03	0.041433	14.815
22.03	22.03	0.041450	14.914
22.03	22.03	0.041467	15.014
22.03	22.03	0.041483	15.114
22.03	22.03	0.041500	15.214
22.03	22.03	0.041517	15.315
22.03	22.03	0.041533	15.416
22.03	22.03	0.041550	15.515
22.03	22.03	0.041567	15.615
22.03	22.03	0.041583	15.715
22.03	22.03	0.041600	15.815
22.03	22.04	0.041617	15.915
22.03	22.04	0.041633	16.015
22.03	22.04	0.041650	16.115
22.03	22.04	0.041667	16.215
22.03	22.04	0.041683	16.315
22.03	22.04	0.041700	16.444
22.03	22.04	0.041717	16.539
22.03	22.04	0.041733	16.638
22.03	22.04	0.041750	16.743
22.03	22.04	0.041767	16.837
22.03	22.04	0.041783	16.937
22.03	22.04	0.041800	17.041
22.06	22.04	0.041817	17.136
22.06	22.05	0.041833	17.236
22.06	22.05	0.041850	17.340
22.06	22.05	0.041867	17.435
22.06	22.05	0.041883	17.534
22.06	22.05	0.041900	17.639
22.06	22.05	0.041917	17.733
22.06	22.05	0.041933	17.833
22.06	22.05	0.041950	17.937
22.06	22.05	0.041967	18.032
22.06	22.05	0.041983	18.131
22.06	22.05	0.042000	18.236
22.06	22.05	0.042017	18.331
22.06	22.05	0.042033	18.430
22.06	22.06	0.042050	18.535
22.06	22.06	0.042067	18.629
22.06	22.06	0.042083	18.729
22.06	22.06	0.042100	18.833
22.06	22.06	0.042116	18.928
22.06	22.06	0.042133	19.029
22.06	22.06	0.042150	19.132
22.06	22.06	0.042166	19.227
22.06	22.06	0.042183	19.328
22.06	22.06	0.042200	19.431
22.06	22.06	0.042216	19.525
22.06	22.06	0.042233	19.629
22.06	22.06	0.042250	19.729
22.06	22.07	0.042266	19.824
22.06	22.07	0.042283	19.928
22.06	22.07	0.042300	20.027
22.06	22.07	0.042316	20.122
22.06	22.07	0.042333	20.228
22.06	22.07	0.042350	20.327
22.06	22.07	0.042366	20.422
22.06	22.07	0.042383	20.526
22.06	22.07	0.042400	20.626
22.06	22.07	0.042416	20.719
22.06	22.07	0.042433	20.825
22.06	22.07	0.042450	20.920
22.06	22.07	0.042466	21.018
22.06	22.08	0.042483	21.123
22.09	22.08	0.042500	21.218
22.09	22.08	0.042516	21.318
22.09	22.08	0.042533	21.422
22.09	22.08	0.042550	21.517
22.09	22.08	0.042566	21.617
22.09	22.08	0.042583	21.721
22.09	22.08	0.042600	21.816
22.09	22.08	0.042616	21.915
22.09	22.08	0.042633	22.020
22.09	22.08	0.042650	22.115
22.09	22.08	0.042666	22.215
22.09	22.08	0.042683	22.318
22.09	22.08	0.042700	22.415
22.09	22.09	0.042716	22.515
22.09	22.09	0.042733	22.616
22.09	22.09	0.042750	22.715
22.09	22.09	0.042766	22.815
22.09	22.09	0.042783	22.915
22.09	22.09	0.042800	23.016
22.09	22.09	0.042816	23.115
22.09	22.09	0.042833	23.215
22.09	22.09	0.042850	23.315
22.09	22.09	0.042866	23.415
22.09	22.09	0.042883	23.515
22.09	22.09	0.042900	23.615
22.09	22.09	0.042916	23.715
22.09	22.10	0.042933	23.815
22.09	22.10	0.042949	23.915
22.09	22.10	0.042966	24.015
22.09	22.10	0.042983	24.115
22.09	22.10	0.042999	24.215
22.09	22.10	0.043016	24.315
22.09	22.10	0.043033	24.415
22.09	22.10	0.043049	24.515
22.09	22.10	0.043066	24.615
22.09	22.10	0.043083	24.716
22.09	22.10	0.043099	24.815
22.09	22.10	0.043116	24.915
22.09	22.10	0.043133	25.015
22.09	22.11	0.043149	25.115
22.09	22.11	0.043166	25.215
22.11	22.11	0.043183	25.315
22.11	22.11	0.043199	25.415
22.11	22.11	0.043216	25.515
22.11	22.11	0.043233	25.615
22.11	22.11	0.043249	25.715
22.11	22.11	0.043266	25.815
22.11	22.11	0.043283	25.915
22.11	22.11	0.043299	26.015
22.11	22.11	0.043316	26.115
22.11	22.11	0.043333	26.215
22.11	22.11	0.043349	26.315
22.11	22.12	0.043366	26.415
22.11	22.12	0.043383	26.515
22.11	22.12	0.043399	26.615
22.11	22.12	0.043416	26.715
22.11	22.12	0.043433	26.815
22.11	22.12	0.043449	26.915
22.11	22.12	0.043466	27.015
22.11	22.12	0.043483	27.115
22.14	22.12	0.043499	27.216
22.14	22.12	0.043516	27.315
22.14	22.12	0.043533	27.415
22.14	22.12	0.043549	27.515
22.14	22.12	0.043566	27.615
22.14	22.13	0.043583	27.740
22.14	22.13	0.043599	27.815
22.14	22.13	0.043616	27.939
22.14	22.13	0.043633	28.039
22.14	22.13	0.043649	28.143
22.14	22.13	0.043666	28.238
22.14	22.13	0.043683	28.338
22.14	22.13	0.043699	28.442
22.14	22.13	0.043716	28.536
22.11	22.13	0.043733	28.636
22.11	22.13	0.043749	28.740
22.11	22.13	0.043766	28.835
22.11	22.13	0.043782	28.934
22.11	22.14	0.043799	29.039
22.11	22.14	0.043816	29.133
22.11	22.14	0.043832	29.233
22.11	22.14	0.043849	29.338
22.14	22.14	0.043866	29.432
22.14	22.14	0.043882	29.532
22.14	22.14	0.043899	29.636
22.14	22.14	0.043916	29.731
22.14	22.14	0.043932	29.830
22.14	22.14	0.043949	29.935
22.14	22.14	0.043966	30.030
22.14	22.14	0.043982	30.131
22.14	22.14	0.043999	30.234
22.14	22.15	0.044016	30.328
22.16	22.15	0.044032	30.431
22.16	22.15	0.044049	30.532
22.16	22.15	0.044066	30.627
22.16	22.15	0.044082	30.730
22.16	22.15	0.044099	30.831
22.16	22.15	0.044116	30.926
22.16	22.15	0.044132	31.030
22.16	22.15	0.044149	31.130
22.16	22.15	0.044166	31.224
22.16	22.15	0.044182	31.329
22.16	22.15	0.044199	31.428
22.16	22.15	0.044216	31.523
22.16	22.16	0.044232	31.628
22.16	22.16	0.044249	31.727
22.16	22.16	0.044266	31.822
22.16	22.16	0.044282	31.926
22.16	22.16	0.044299	32.021
22.16	22.16	0.044316	32.120
22.16	22.16	0.044332	32.225
22.16	22.16	0.044349	32.319
22.16	22.16	0.044366	32.419
22.16	22.16	0.044382	32.524
22.16	22.16	0.044399	32.618
22.16	22.16	0.044416	32.718
22.16	22.16	0.044432	32.822
22.16	22.17	0.044449	32.917
22.16	22.17	0.044466	33.017
22.16	22.17	0.044482	33.121
22.16	22.17	0.044499	33.216
22.16	22.17	0.044516	33.316
22.16	22.17	0.044532	33.420
22.16	22.17	0.044549	33.515
22.16	22.17	0.044566	33.615
22.16	22.17	0.044582	33.718
22.16	22.17	0.044599	33.815
22.16	22.17	0.044615	33.915
22.16	22.17	0.044632	34.018
22.16	22.17	0.044649	34.115
22.16	22.18	0.044665	34.215
22.16	22.18	0.044682	34.316
22.19	22.18	0.044699	34.415
22.19	22.18	0.044715	34.515
22.19	22.18	0.044732	34.615
22.19	22.18	0.044749	34.715
22.19	22.18	0.044765	34.815
22.19	22.18	0.044782	34.915
22.19	22.18	0.044799	35.015
22.19	22.18	0.044815	35.115
22.19	22.18	0.044832	35.215
22.19	22.18	0.044849	35.315
22.19	22.18	0.044865	35.415
22.19	22.19	0.044882	35.515
22.19	22.19	0.044899	35.615
22.19	22.19	0.044915	35.715
22.19	22.19	0.044932	35.815
22.19	22.19	0.044949	35.915
22.19	22.19	0.044965	36.015
22.19	22.19	0.044982	36.115
22.19	22.19	0.044999	36.215
22.19	22.19	0.045015	36.315
22.19	22.19	0.045032	36.415
22.19	22.19	0.045049	36.516
22.19	22.19	0.045065	36.615
22.19	22.19	0.045082	36.715
22.19	22.20	0.045099	36.815
22.19	22.20	0.045115	36.915
22.19	22.20	0.045132	37.015
22.19	22.20	0.045149	37.115
22.19	22.20	0.045165	37.215
22.19	22.20	0.045182	37.315
22.19	22.20	0.045199	37.415
22.19	22.20	0.045215	37.515
22.19	22.20	0.045232	37.615
22.19	22.20	0.045249	37.715
22.19	22.20	0.045265	37.815
22.19	22.20	0.045282	37.915
22.19	22.20	0.045299	38.015
22.19	22.21	0.045315	38.115
22.22	22.21	0.045332	38.216
22.22	22.21	0.045349	38.316
22.22	22.21	0.045365	38.416
22.22	22.21	0.045382	38.516
22.22	22.21	0.045399	38.616
22.22	22.21	0.045415	38.716
22.22	22.21	0.045432	38.816
22.22	22.21	0.045448	38.916
22.22	22.21	0.045465	39.016
22.22	22.21	0.045482	39.116
22.22	22.21	0.045498	39.245
22.22	22.21	0.045515	39.340
22.22	22.22	0.045532	39.439
22.22	22.22	0.045548	39.544
22.22	22.22	0.045565	39.639
22.22	22.22	0.045582	39.738
22.22	22.22	0.045598	39.843
22.22	22.22	0.045615	39.937
22.22	22.22	0.045632	40.037
22.22	22.22	0.045648	40.141
22.22	22.22	0.045665	40.236
22.22	22.22	0.045682	40.335
22.22	22.22	0.045698	40.440
22.22	22.22	0.045715	40.535
22.22	22.22	0.045732	40.634
22.22	22.23	0.045748	40.739
22.22	22.23	0.045765	40.833
22.22	22.23	0.045782	40.933
22.22	22.23	0.045798	41.037
22.22	22.23	0.045815	41.132
22.22	22.23	0.045832	41.232
22.22	22.23	0.045848	41.336
22.22	22.23	0.045865	41.431
22.22	22.23	0.045882	41.532
22.22	22.23	0.045898	41.635
22.22	22.23	0.045915	41.729
22.22	22.23	0.045932	41.833
22.22	22.23	0.045948	41.933
22.22	22.24	0.045965	42.027
22.22	22.24	0.045982	42.132
22.24	22.24	0.045998	42.232
22.24	22.24	0.046015	42.326
22.24	22.24	0.046032	42.431
22.24	22.24	0.046048	42.530
22.24	22.24	0.046065	42.625
22.24	22.24	0.046082	42.729
22.24	22.24	0.046098	42.829
22.24	22.24	0.046115	42.923
22.24	22.24	0.046132	43.028
22.24	22.24	0.046148	43.123
22.24	22.24	0.046165	43.222
22.24	22.25	0.046182	43.327
22.24	22.25	0.046198	43.421
22.24	22.25	0.046215	43.521
22.24	22.25	0.046232	43.626
22.24	22.25	0.046248	43.721
22.24	22.25	0.046265	43.820
22.24	22.25	0.046281	43.925
22.27	22.25	0.046298	44.019
22.27	22.25	0.046315	44.119
22.27	22.25	0.046331	44.223
22.27	22.25	0.046348	44.318
22.27	22.25	0.046365	44.418
22.27	22.25	0.046381	44.522
22.27	22.26	0.046398	44.618
22.27	22.26	0.046415	44.718
22.27	22.26	0.046431	44.821
22.27	22.26	0.046448	44.918
22.27	22.26	0.046465	45.018
22.27	22.26	0.046481	45.120
22.27	22.26	0.046498	45.219
22.27	22.26	0.046515	45.318
22.27	22.26	0.046531	45.418
22.27	22.26	0.046548	45.518
22.27	22.26	0.046565	45.618
22.27	22.26	0.046581	45.718
22.27	22.26	0.046598	45.818
22.24	22.27	0.046615	45.918
22.24	22.27	0.046631	46.018
22.24	22.27	0.046648	46.119
22.24	22.27	0.046665	46.218
22.24	22.27	0.046681	46.318
22.24	22.27	0.046698	46.418
22.24	22.27	0.046715	46.518
22.24	22.27	0.046731	46.618
22.27	22.27	0.046748	46.718
22.27	22.27	0.046765	46.818
22.27	22.27	0.046781	46.918
22.27	22.27	0.046798	47.018
22.27	22.27	0.046815	47.118
22.27	22.28	0.046831	47.218
22.27	22.28	0.046848	47.318
22.27	22.28	0.046865	47.418
22.27	22.28	0.046881	47.518
22.27	22.28	0.046898	47.618
22.29	22.28	0.046915	47.718
22.29	22.28	0.046931	47.818
22.29	22.28	0.046948	47.918
22.29	22.28	0.046965	48.019
22.29	22.28	0.046981	48.118
22.29	22.28	0.046998	48.218
22.29	22.28	0.047015	48.318
22.29	22.28	0.047031	48.418
22.29	22.29	0.047048	48.518
22.29	22.29	0.047065	48.618
22.29	22.29	0.047081	48.718
22.29	22.29	0.047098	48.818
22.29	22.29	0.047114	48.918
22.29	22.29	0.047131	49.018
22.29	22.29	0.047148	49.118
22.29	22.29	0.047164	49.218
22.29	22.29	0.047181	49.318
22.29	22.29	0.047198	49.418
22.29	22.29	0.047214	49.519
22.29	22.29	0.047231	49.618
22.29	22.29	0.047248	49.718
22.29	22.30	0.047264	49.818
22.29	22.30	0.047281	49.918
22.29	22.30	0.047298	50.018
22.29	22.30	0.047314	50.118
22.29	22.30	0.047331	50.242
22.29	22.30	0.047348	50.346
22.29	22.30	0.047364	50.441
22.29	22.30	0.047381	50.541
22.32	22.30	0.047398	50.646
22.32	22.30	0.047414	50.741
22.32	22.30	0.047431	50.840
22.32	22.30	0.047448	50.945
22.32	22.30	0.047464	51.039
22.32	22.30	0.047481	51.139
22.32	22.31	0.047498	51.243
22.32	22.31	0.047514	51.337
22.32	22.31	0.047531	51.437
22.32	22.31	0.047548	51.542
22.29	22.31	0.047564	51.637
22.29	22.31	0.047581	51.735
22.29	22.31	0.047598	51.841
22.29	22.31	0.047614	51.934
22.29	22.31	0.047631	52.034
22.29	22.31	0.047648	52.139
22.29	22.31	0.047664	52.233
22.29	22.31	0.047681	52.335
22.29	22.31	0.047698	52.438
22.32	22.32	0.047714	52.533
22.32	22.32	0.047731	52.634
22.32	22.32	0.047748	52.737
22.32	22.32	0.047764	52.831
22.32	22.32	0.047781	52.935
22.32	22.32	0.047798	53.036
22.32	22.32	0.047814	53.130
22.32	22.32	0.047831	53.235
22.32	22.32	0.047848	53.334
22.32	22.32	0.047864	53.429
22.32	22.32	0.047881	53.533
22.32	22.32	0.047898	53.633
22.32	22.32	0.047914	53.728
22.32	22.33	0.047931	53.832
22.32	22.33	0.047947	53.932
22.32	22.33	0.047964	54.026
22.32	22.33	0.047981	54.131
22.35	22.33	0.047997	54.225
22.35	22.33	0.048014	54.325
22.35	22.33	0.048031	54.429
22.35	22.33	0.048047	54.524
22.35	22.33	0.048064	54.624
22.35	22.33	0.048081	54.728
22.35	22.33	0.048097	54.823
22.35	22.33	0.048114	54.922
22.35	22.33	0.048131	55.027
22.35	22.34	0.048147	55.121
22.35	22.34	0.048164	55.221
22.32	22.34	0.048181	55.325
22.32	22.34	0.048197	55.420
22.32	22.34	0.048214	55.520
22.32	22.34	0.048231	55.624
22.32	22.34	0.048247	55.719
22.32	22.34	0.048264	55.818
22.32	22.34	0.048281	55.923
22.32	22.34	0.048297	56.018
22.32	22.34	0.048314	56.118
22.32	22.34	0.048331	56.221
22.35	22.34	0.048347	56.318
22.35	22.35	0.048364	56.418
22.35	22.35	0.048381	56.520
22.35	22.35	0.048397	56.618
22.35	22.35	0.048414	56.718
22.35	22.35	0.048431	56.818
22.35	22.35	0.048447	56.918
22.35	22.35	0.048464	57.018
22.35	22.35	0.048481	57.118
22.35	22.35	0.048497	57.218
22.35	22.35	0.048514	57.318
22.35	22.35	0.048531	57.418
22.35	22.35	0.048547	57.518
22.35	22.35	0.048564	57.618
22.35	22.36	0.048581	57.718
22.35	22.36	0.048597	57.818
22.35	22.36	0.048614	57.918
22.37	22.36	0.048631	58.018
22.37	22.36	0.048647	58.119
22.37	22.36	0.048664	58.218
22.37	22.36	0.048681	58.318
22.37	22.36	0.048697	58.418
22.37	22.36	0.048714	58.518
22.37	22.36	0.048731	58.618
22.37	22.36	0.048747	58.718
22.37	22.36	0.048764	58.818
22.37	22.36	0.048780	58.918
22.37	22.37	0.048797	59.018
22.37	22.37	0.048814	59.118
22.37	22.37	0.048830	59.218
22.37	22.37	0.048847	59.318
22.37	22.37	0.048864	59.418
22.37	22.37	0.048880	59.518
22.37	22.37	0.048897	59.618
22.37	22.37	0.048914	59.718
22.37	22.37	0.048930	59.818
22.37	22.37	0.048947	59.918
22.37	22.37	0.048964	00.018
22.37	22.37	0.048980	00.118
22.37	22.37	0.048997	00.218
22.37	22.38	0.049014	00.319
22.37	22.38	0.049030	00.418
22.37	22.38	0.049047	00.518
22.37	22.38	0.049064	00.618
22.37	22.38	0.049080	00.718
22.37	22.38	0.049097	00.818
22.37	22.38	0.049114	00.918
22.37	22.38	0.049130	01.018
22.37	22.38	0.049147	01.118
22.37	22.38	0.049164	01.218
22.37	22.38	0.049180	01.318
22.37	22.38	0.049197	01.418
22.37	22.38	0.049214	01.518
22.37	22.39	0.049230	01.618
22.37	22.39	0.049247	01.718
22.37	22.39	0.049264	01.842
22.37	22.39	0.049280	01.941
22.37	22.39	0.049297	02.047
22.40	22.39	0.049314	02.141
22.40	22.39	0.049330	02.241
22.40	22.39	0.049347	02.345
22.40	22.39	0.049364	02.439
22.40	22.39	0.049380	02.539
22.40	22.39	0.049397	02.643
22.40	22.39	0.049414	02.738
22.40	22.39	0.049430	02.837
22.40	22.40	0.049447	02.942
22.40	22.40	0.049464	03.037
22.40	22.40	0.049480	03.136
22.40	22.40	0.049497	03.241
22.40	22.40	0.049514	03.335
22.40	22.40	0.049530	03.436
22.40	22.40	0.049547	03.540
22.40	22.40	0.049564	03.634
22.40	22.40	0.049580	03.736
22.40	22.40	0.049597	03.838
22.40	22.40	0.049613	03.933
22.40	22.40	0.049630	04.037
22.40	22.40	0.049647	04.137
22.40	22.41	0.049663	04.232
22.40	22.41	0.049680	04.336
22.42	22.41	0.049697	04.436
22.42	22.41	0.049713	04.530
22.42	22.41	0.049730	04.635
22.42	22.41	0.049747	04.734
22.42	22.41	0.049763	04.829
22.42	22.41	0.049780	04.934
22.42	22.41	0.049797	05.033
22.42	22.41	0.049813	05.128
22.42	22.41	0.049830	05.232
22.42	22.41	0.049847	05.332
22.42	22.41	0.049863	05.427
22.42	22.42	0.049880	05.531
22.42	22.42	0.049897	05.626
22.42	22.42	0.049913	05.725
22.42	22.42	0.049930	05.830
22.42	22.42	0.049947	05.924
22.42	22.42	0.049963	06.024
22.42	22.42	0.049980	06.128
22.42	22.42	0.049997	06.223
22.42	22.42	0.050013	06.323
22.42	22.42	0.050030	06.427
22.42	22.42	0.050047	06.522
22.42	22.42	0.050063	06.621
22.42	22.42	0.050080	06.726
22.42	22.43	0.050097	06.821
22.42	22.43	0.050113	06.921
22.42	22.43	0.050130	07.025
22.42	22.43	0.050147	07.121
22.42	22.43	0.050163	07.221
22.42	22.43	0.050180	07.323
22.42	22.43	0.050197	07.421
22.42	22.43	0.050213	07.521
22.42	22.43	0.050230	07.622
22.42	22.43	0.050247	07.722
22.42	22.43	0.050263	07.821
22.42	22.43	0.050280	07.921
22.42	22.43	0.050297	08.021
22.42	22.44	0.050313	08.121
22.42	22.44	0.050330	08.221
22.42	22.44	0.050347	08.321
22.42	22.44	0.050363	08.421
22.42	22.44	0.050380	08.521
22.42	22.44	0.050397	08.622
22.45	22.44	0.050413	08.721
22.45	22.44	0.050430	08.821
22.45	22.44	0.050446	08.921
22.45	22.44	0.050463	09.021
22.45	22.44	0.050480	09.121
22.45	22.44	0.050496	09.221
22.45	22.44	0.050513	09.321
22.45	22.45	0.050530	09.422
22.45	22.45	0.050546	09.521
22.45	22.45	0.050563	09.621
22.45	22.45	0.050580	09.721
22.45	22.45	0.050596	09.821
22.45	22.45	0.050613	09.921
22.45	22.45	0.050630	10.021
22.45	22.45	0.050646	10.121
22.45	22.45	0.050663	10.221
22.45	22.45	0.050680	10.322
22.45	22.45	0.050696	10.421
22.45	22.45	0.050713	10.521
22.45	22.45	0.050730	10.621
22.45	22.46	0.050746	10.721
22.45	22.46	0.050763	10.821
22.48	22.46	0.050780	10.921
22.48	22.46	0.050796	11.021
22.48	22.46	0.050813	11.121
22.48	22.46	0.050830	11.221
22.48	22.46	0.050846	11.321
22.48	22.46	0.050863	11.421
22.48	22.46	0.050880	11.521
22.48	22.46	0.050896	11.621
22.48	22.46	0.050913	11.721
22.45	22.46	0.050930	11.821
22.45	22.46	0.050946	11.922
22.45	22.47	0.050963	12.021
22.45	22.47	0.050980	12.121
22.45	22.47	0.050996	12.221
22.45	22.47	0.051013	12.321
22.45	22.47	0.051030	12.421
22.45	22.47	0.051046	12.521
22.45	22.47	0.051063	12.621
22.45	22.47	0.051080	12.744
22.45	22.47	0.051096	12.849
22.48	22.47	0.051113	12.945
22.48	22.47	0.051130	13.044
22.48	22.47	0.051146	13.149
22.48	22.47	0.051163	13.243
22.48	22.48	0.051180	13.343
22.48	22.48	0.051196	13.446
22.48	22.48	0.051213	13.541
22.48	22.48	0.051230	13.641
22.48	22.48	0.051246	13.745
22.48	22.48	0.051263	13.840
22.48	22.48	0.051279	13.939
22.48	22.48	0.051296	14.044
22.48	22.48	0.051313	14.138
22.48	22.48	0.051329	14.238
22.48	22.48	0.051346	14.342
22.48	22.48	0.051363	14.437
22.48	22.48	0.051379	14.538
22.48	22.49	0.051396	14.641
22.48	22.49	0.051413	14.736
22.50	22.49	0.051429	14.838
22.50	22.49	0.051446	14.940
22.50	22.49	0.051463	15.034
22.50	22.49	0.051479	15.138
22.50	22.49	0.051496	15.240
22.50	22.49	0.051513	15.334
22.50	22.49	0.051529	15.438
22.50	22.49	0.051546	15.538
22.50	22.49	0.051563	15.633
22.50	22.49	0.051579	15.737
22.50	22.49	0.051596	15.836
22.50	22.50	0.051613	15.930
22.50	22.50	0.051629	16.035
22.50	22.50	0.051646	16.135
22.50	22.50	0.051663	16.229
22.50	22.50	0.051679	16.335
22.50	22.50	0.051696	16.433
22.50	22.50	0.051713	16.528
22.50	22.50	0.051729	16.633
