100.00	0.00	7.23	30.00	150.00	2.70	97.30	2.50	

24.99	21.50	0.000000	21.430
24.99	21.50	0.000017	21.535
24.86	21.50	0.000033	21.629
24.50	21.50	0.000050	21.729
24.25	21.50	0.000067	21.833
23.63	21.50	0.000083	21.928
22.97	21.50	0.000100	22.028
22.63	21.50	0.000117	22.132
22.06	21.50	0.000133	22.227
21.57	21.50	0.000150	22.326
21.39	21.50	0.000167	22.431
21.15	21.50	0.000183	22.525
21.08	21.50	0.000200	22.625
21.08	21.50	0.000217	22.730
21.21	21.50	0.000233	22.824
21.41	21.50	0.000250	22.924
21.52	21.50	0.000267	23.028
21.75	21.50	0.000283	23.123
21.91	21.50	0.000300	23.223
21.99	21.50	0.000317	23.327
22.04	21.50	0.000333	23.421
22.01	21.50	0.000350	23.523
21.99	21.50	0.000367	23.626
21.86	21.50	0.000383	23.720
21.70	21.50	0.000400	23.824
21.60	21.50	0.000416	23.924
21.41	21.50	0.000433	24.019
21.26	21.50	0.000450	24.123
21.18	21.50	0.000466	24.223
21.08	21.50	0.000483	24.319
21.08	21.50	0.000500	24.422
21.08	21.50	0.000516	24.522
21.08	21.50	0.000533	24.618
21.08	21.50	0.000550	24.721
21.08	21.50	0.000566	24.820
21.15	21.50	0.000583	24.918
21.18	21.50	0.000600	25.019
21.23	21.50	0.000616	25.119
21.26	21.50	0.000633	25.218
21.26	21.50	0.000650	25.318
21.26	21.50	0.000666	25.419
21.26	21.50	0.000683	25.518
21.28	21.50	0.000700	25.618
21.28	21.50	0.000716	25.719
21.28	21.50	0.000733	25.818
21.26	21.50	0.000750	25.919
21.26	21.50	0.000766	26.019
21.26	21.50	0.000783	26.118
21.26	21.50	0.000800	26.218
21.23	21.50	0.000816	26.319
21.23	21.50	0.000833	26.418
21.21	21.50	0.000850	26.518
21.21	21.50	0.000866	26.619
21.18	21.50	0.000883	26.718
21.18	21.50	0.000900	26.819
21.18	21.50	0.000916	26.919
21.18	21.50	0.000933	27.018
21.15	21.50	0.000950	27.118
21.15	21.50	0.000966	27.220
21.15	21.50	0.000983	27.318
21.15	21.50	0.001000	27.418
21.15	21.50	0.001016	27.519
21.18	21.50	0.001033	27.618
21.18	21.50	0.001050	27.718
21.18	21.50	0.001066	27.819
21.21	21.50	0.001083	27.918
21.23	21.50	0.001100	28.018
21.26	21.50	0.001116	28.120
21.28	21.50	0.001133	28.218
21.31	21.50	0.001150	28.318
21.31	21.50	0.001166	28.420
21.31	21.50	0.001183	28.518
21.34	21.50	0.001200	28.618
21.34	21.50	0.001216	28.719
21.34	21.50	0.001233	28.818
21.34	21.50	0.001250	28.918
21.36	21.50	0.001266	29.020
21.36	21.50	0.001283	29.119
21.36	21.50	0.001299	29.219
21.36	21.50	0.001316	29.320
21.36	21.50	0.001333	29.419
21.36	21.50	0.001349	29.519
21.36	21.50	0.001366	29.619
21.36	21.50	0.001383	29.719
21.39	21.50	0.001399	29.819
21.39	21.50	0.001416	29.920
21.39	21.50	0.001433	30.048
21.39	21.50	0.001449	30.143
21.39	21.50	0.001466	30.245
21.39	21.50	0.001483	30.347
21.39	21.50	0.001499	30.442
21.41	21.50	0.001516	30.544
21.41	21.50	0.001533	30.646
21.41	21.50	0.001549	30.740
21.41	21.50	0.001566	30.844
21.41	21.50	0.001583	30.944
21.44	21.50	0.001599	31.039
21.44	21.50	0.001616	31.144
21.44	21.50	0.001633	31.243
21.44	21.50	0.001649	31.338
21.44	21.50	0.001666	31.442
21.44	21.50	0.001683	31.542
21.47	21.50	0.001699	31.636
21.47	21.50	0.001716	31.741
21.47	21.50	0.001733	31.840
21.47	21.50	0.001749	31.935
21.47	21.50	0.001766	32.040
21.47	21.50	0.001783	32.134
21.47	21.50	0.001799	32.234
21.47	21.50	0.001816	32.338
21.47	21.50	0.001833	32.433
21.47	21.50	0.001849	32.532
21.47	21.50	0.001866	32.637
21.47	21.50	0.001883	32.732
21.47	21.50	0.001899	32.831
21.47	21.50	0.001916	32.936
21.47	21.50	0.001933	33.030
21.47	21.50	0.001949	33.130
21.49	21.50	0.001966	33.234
21.49	21.50	0.001983	33.329
21.49	21.50	0.001999	33.428
21.49	21.50	0.002016	33.533
21.49	21.50	0.002033	33.628
21.49	21.50	0.002049	33.727
21.49	21.50	0.002066	33.832
21.49	21.50	0.002082	33.926
21.49	21.50	0.002099	34.026
21.49	21.50	0.002116	34.130
21.49	21.50	0.002132	34.225
21.49	21.50	0.002149	34.325
21.49	21.50	0.002166	34.429
21.49	21.50	0.002182	34.524
21.49	21.50	0.002199	34.624
21.49	21.50	0.002216	34.728
21.49	21.50	0.002232	34.822
21.49	21.50	0.002249	34.925
21.49	21.50	0.002266	35.026
21.49	21.50	0.002282	35.122
21.49	21.50	0.002299	35.225
21.49	21.50	0.002316	35.325
21.49	21.50	0.002332	35.422
21.49	21.50	0.002349	35.524
21.49	21.50	0.002366	35.624
21.49	21.50	0.002382	35.722
21.49	21.50	0.002399	35.823
21.49	21.50	0.002416	35.923
21.49	21.50	0.002432	36.022
21.49	21.50	0.002449	36.122
21.49	21.50	0.002466	36.222
21.49	21.50	0.002482	36.322
21.49	21.50	0.002499	36.422
21.49	21.50	0.002516	36.522
21.49	21.50	0.002532	36.622
21.49	21.50	0.002549	36.722
21.49	21.50	0.002566	36.823
21.49	21.50	0.002582	36.922
21.49	21.50	0.002599	37.022
21.49	21.50	0.002616	37.122
21.49	21.50	0.002632	37.222
21.49	21.50	0.002649	37.322
21.49	21.50	0.002666	37.422
21.49	21.50	0.002682	37.522
21.49	21.50	0.002699	37.623
21.49	21.50	0.002716	37.722
21.49	21.50	0.002732	37.822
21.49	21.50	0.002749	37.922
21.49	21.50	0.002766	38.022
21.49	21.50	0.002782	38.122
21.49	21.50	0.002799	38.222
21.49	21.50	0.002816	38.322
21.49	21.50	0.002832	38.422
21.49	21.50	0.002849	38.522
21.49	21.50	0.002866	38.622
21.49	21.50	0.002882	38.722
21.49	21.50	0.002899	38.822
21.49	21.50	0.002915	38.922
21.49	21.50	0.002932	39.022
21.49	21.50	0.002949	39.122
21.49	21.50	0.002965	39.223
21.49	21.50	0.002982	39.322
21.52	21.50	0.002999	39.422
21.52	21.50	0.003015	39.522
21.52	21.50	0.003032	39.623
21.52	21.50	0.003049	39.723
21.52	21.50	0.003065	39.823
21.52	21.50	0.003082	39.923
21.52	21.50	0.003099	40.023
21.52	21.50	0.003115	40.123
21.52	21.50	0.003132	40.223
21.49	21.50	0.003149	40.323
21.49	21.50	0.003165	40.423
21.49	21.50	0.003182	40.523
21.49	21.50	0.003199	40.647
21.49	21.50	0.003215	40.747
21.49	21.50	0.003232	40.851
21.49	21.50	0.003249	40.946
21.49	21.50	0.003265	41.046
21.49	21.50	0.003282	41.150
21.49	21.50	0.003299	41.245
21.49	21.50	0.003315	41.345
21.49	21.50	0.003332	41.449
21.49	21.50	0.003349	41.543
21.49	21.50	0.003365	41.646
21.49	21.50	0.003382	41.747
21.49	21.50	0.003399	41.842
21.49	21.50	0.003415	41.946
21.49	21.50	0.003432	42.046
21.49	21.50	0.003449	42.141
21.49	21.50	0.003465	42.245
21.49	21.50	0.003482	42.345
21.49	21.50	0.003499	42.439
21.49	21.50	0.003515	42.544
21.49	21.50	0.003532	42.643
21.49	21.50	0.003549	42.739
21.49	21.50	0.003565	42.844
21.49	21.50	0.003582	42.943
21.49	21.50	0.003599	43.037
21.49	21.50	0.003615	43.142
21.49	21.50	0.003632	43.242
21.49	21.50	0.003649	43.336
21.52	21.50	0.003665	43.441
21.52	21.50	0.003682	43.536
21.52	21.50	0.003699	43.635
21.52	21.50	0.003715	43.740
21.52	21.50	0.003732	43.834
21.52	21.50	0.003748	43.934
21.52	21.50	0.003765	44.038
21.52	21.50	0.003782	44.133
21.49	21.50	0.003798	44.233
21.49	21.50	0.003815	44.337
21.49	21.50	0.003832	44.432
21.49	21.50	0.003848	44.531
21.49	21.50	0.003865	44.636
21.49	21.50	0.003882	44.730
21.49	21.50	0.003898	44.830
21.49	21.50	0.003915	44.934
21.49	21.50	0.003932	45.029
21.49	21.50	0.003948	45.129
21.49	21.50	0.003965	45.233
21.49	21.50	0.003982	45.328
21.49	21.50	0.003998	45.427
21.49	21.50	0.004015	45.532
21.49	21.50	0.004032	45.626
21.49	21.50	0.004048	45.726
21.49	21.50	0.004065	45.830
21.49	21.50	0.004082	45.925
21.49	21.50	0.004098	46.026
21.49	21.50	0.004115	46.129
21.49	21.50	0.004132	46.225
21.49	21.50	0.004148	46.326
21.49	21.50	0.004165	46.428
21.49	21.50	0.004182	46.525
21.49	21.50	0.004198	46.626
21.52	21.50	0.004215	46.727
21.52	21.50	0.004232	46.826
21.52	21.50	0.004248	46.926
21.52	21.50	0.004265	47.026
21.52	21.50	0.004282	47.126
21.52	21.50	0.004298	47.226
21.52	21.50	0.004315	47.326
21.49	21.50	0.004332	47.426
21.49	21.50	0.004348	47.526
21.49	21.50	0.004365	47.627
21.49	21.50	0.004382	47.726
21.49	21.50	0.004398	47.826
21.49	21.50	0.004415	47.926
21.49	21.50	0.004432	48.026
21.49	21.50	0.004448	48.126
21.49	21.50	0.004465	48.226
21.49	21.50	0.004482	48.326
21.49	21.50	0.004498	48.426
21.49	21.50	0.004515	48.526
21.49	21.50	0.004532	48.626
21.49	21.50	0.004548	48.726
21.49	21.50	0.004565	48.826
21.49	21.50	0.004581	48.926
21.49	21.50	0.004598	49.026
21.49	21.50	0.004615	49.126
21.49	21.50	0.004631	49.227
21.49	21.50	0.004648	49.326
21.49	21.50	0.004665	49.426
21.49	21.50	0.004681	49.526
21.49	21.50	0.004698	49.626
21.52	21.50	0.004715	49.726
21.52	21.50	0.004731	49.826
21.52	21.50	0.004748	49.926
21.52	21.50	0.004765	50.026
21.52	21.50	0.004781	50.127
21.52	21.50	0.004798	50.226
21.52	21.50	0.004815	50.326
21.52	21.50	0.004831	50.426
21.52	21.50	0.004848	50.526
21.52	21.50	0.004865	50.626
21.52	21.50	0.004881	50.726
21.49	21.50	0.004898	50.826
21.49	21.50	0.004915	50.926
21.49	21.50	0.004931	51.026
21.49	21.50	0.004948	51.126
21.49	21.50	0.004965	51.226
21.49	21.50	0.004981	51.326
21.49	21.50	0.004998	51.426
21.49	21.50	0.005015	51.526
21.49	21.50	0.005031	51.626
21.49	21.50	0.005048	51.750
21.49	21.50	0.005065	51.850
21.49	21.50	0.005081	51.954
21.49	21.50	0.005098	52.049
21.49	21.50	0.005115	52.149
21.49	21.50	0.005131	52.253
21.49	21.50	0.005148	52.348
21.49	21.50	0.005165	52.447
21.49	21.50	0.005181	52.552
21.49	21.50	0.005198	52.646
21.49	21.50	0.005215	52.747
21.49	21.50	0.005231	52.851
21.52	21.50	0.005248	52.945
21.52	21.50	0.005265	53.047
21.52	21.50	0.005281	53.149
21.52	21.50	0.005298	53.244
21.52	21.50	0.005315	53.347
21.52	21.50	0.005331	53.448
21.52	21.50	0.005348	53.543
21.52	21.50	0.005365	53.647
21.52	21.50	0.005381	53.747
21.49	21.50	0.005398	53.841
21.49	21.50	0.005414	53.946
21.49	21.50	0.005431	54.045
21.49	21.50	0.005448	54.140
21.49	21.50	0.005464	54.244
21.49	21.50	0.005481	54.344
21.49	21.50	0.005498	54.439
21.49	21.50	0.005514	54.543
21.49	21.50	0.005531	54.637
21.49	21.50	0.005548	54.737
21.49	21.50	0.005564	54.841
21.49	21.50	0.005581	54.936
21.49	21.50	0.005598	55.035
21.49	21.50	0.005614	55.140
21.49	21.50	0.005631	55.235
21.49	21.50	0.005648	55.334
21.49	21.50	0.005664	55.439
21.49	21.50	0.005681	55.533
21.49	21.50	0.005698	55.633
21.49	21.50	0.005714	55.737
21.49	21.50	0.005731	55.832
21.52	21.50	0.005748	55.933
21.52	21.50	0.005764	56.037
21.52	21.50	0.005781	56.132
21.52	21.50	0.005798	56.231
21.52	21.50	0.005814	56.336
21.52	21.50	0.005831	56.430
21.52	21.50	0.005848	56.530
21.52	21.50	0.005864	56.634
21.52	21.50	0.005881	56.729
21.49	21.50	0.005898	56.829
21.49	21.50	0.005914	56.932
21.49	21.50	0.005931	57.027
21.49	21.50	0.005948	57.127
21.49	21.50	0.005964	57.231
21.49	21.50	0.005981	57.326
21.49	21.50	0.005998	57.427
21.49	21.50	0.006014	57.530
21.49	21.50	0.006031	57.626
21.49	21.50	0.006048	57.728
21.49	21.50	0.006064	57.828
21.49	21.50	0.006081	57.926
21.49	21.50	0.006098	58.027
21.49	21.50	0.006114	58.127
21.49	21.50	0.006131	58.226
21.49	21.50	0.006148	58.326
21.49	21.50	0.006164	58.427
21.49	21.50	0.006181	58.526
21.49	21.50	0.006198	58.626
21.49	21.50	0.006214	58.726
21.49	21.50	0.006231	58.826
21.49	21.50	0.006247	58.926
21.49	21.50	0.006264	59.026
21.49	21.50	0.006281	59.126
21.52	21.50	0.006297	59.226
21.52	21.50	0.006314	59.326
21.52	21.50	0.006331	59.426
21.52	21.50	0.006347	59.526
21.52	21.50	0.006364	59.626
21.52	21.50	0.006381	59.726
21.52	21.50	0.006397	59.826
21.52	21.50	0.006414	59.926
21.52	21.50	0.006431	00.026
21.52	21.50	0.006447	00.126
21.49	21.50	0.006464	00.226
21.49	21.50	0.006481	00.326
21.49	21.50	0.006497	00.426
21.49	21.50	0.006514	00.526
21.49	21.50	0.006531	00.626
21.49	21.50	0.006547	00.726
21.49	21.50	0.006564	00.827
21.49	21.50	0.006581	00.926
21.49	21.50	0.006597	01.026
21.49	21.50	0.006614	01.126
21.49	21.50	0.006631	01.226
21.49	21.50	0.006647	01.326
21.49	21.50	0.006664	01.426
21.49	21.50	0.006681	01.526
21.49	21.50	0.006697	01.626
21.49	21.50	0.006714	01.726
21.49	21.50	0.006731	01.826
21.49	21.50	0.006747	01.926
21.49	21.50	0.006764	02.026
21.49	21.50	0.006781	02.126
21.49	21.50	0.006797	02.226
21.49	21.50	0.006814	02.326
21.52	21.50	0.006831	02.427
21.52	21.50	0.006847	02.526
21.52	21.50	0.006864	02.626
21.52	21.50	0.006881	02.726
21.52	21.50	0.006897	02.826
21.52	21.50	0.006914	02.926
21.52	21.50	0.006931	03.026
21.52	21.50	0.006947	03.126
21.52	21.50	0.006964	03.226
21.49	21.50	0.006981	03.326
21.49	21.50	0.006997	03.450
21.49	21.50	0.007014	03.550
21.49	21.50	0.007031	03.654
21.49	21.50	0.007047	03.749
21.49	21.50	0.007064	03.848
21.49	21.50	0.007080	03.953
21.49	21.50	0.007097	04.047
21.49	21.50	0.007114	04.148
21.49	21.50	0.007130	04.252
21.49	21.50	0.007147	04.346
21.49	21.50	0.007164	04.449
21.49	21.50	0.007180	04.550
21.49	21.50	0.007197	04.645
21.49	21.50	0.007214	04.748
21.49	21.50	0.007230	04.849
21.49	21.50	0.007247	04.944
21.49	21.50	0.007264	05.048
21.49	21.50	0.007280	05.148
21.49	21.50	0.007297	05.242
21.52	21.50	0.007314	05.347
21.52	21.50	0.007330	05.446
21.52	21.50	0.007347	05.541
21.52	21.50	0.007364	05.645
21.52	21.50	0.007380	05.745
21.52	21.50	0.007397	05.840
21.52	21.50	0.007414	05.944
21.52	21.50	0.007430	06.038
21.49	21.50	0.007447	06.139
21.49	21.50	0.007464	06.242
21.49	21.50	0.007480	06.337
21.49	21.50	0.007497	06.436
21.49	21.50	0.007514	06.541
21.49	21.50	0.007530	06.636
21.49	21.50	0.007547	06.735
21.49	21.50	0.007564	06.840
21.49	21.50	0.007580	06.934
21.49	21.50	0.007597	07.034
21.49	21.50	0.007614	07.138
21.49	21.50	0.007630	07.233
21.49	21.50	0.007647	07.333
21.49	21.50	0.007664	07.437
21.49	21.50	0.007680	07.532
21.49	21.50	0.007697	07.631
21.49	21.50	0.007714	07.736
21.49	21.50	0.007730	07.830
21.49	21.50	0.007747	07.930
21.49	21.50	0.007764	08.035
21.52	21.50	0.007780	08.130
21.52	21.50	0.007797	08.230
21.52	21.50	0.007814	08.334
21.52	21.50	0.007830	08.429
21.52	21.50	0.007847	08.529
21.52	21.50	0.007864	08.633
21.52	21.50	0.007880	08.727
21.52	21.50	0.007897	08.829
21.52	21.50	0.007913	08.932
21.49	21.50	0.007930	09.026
21.49	21.50	0.007947	09.129
21.49	21.50	0.007963	09.230
21.49	21.50	0.007980	09.326
21.49	21.50	0.007997	09.429
21.49	21.50	0.008013	09.528
21.49	21.50	0.008030	09.627
21.49	21.50	0.008047	09.728
21.49	21.50	0.008063	09.827
21.49	21.50	0.008080	09.926
21.49	21.50	0.008097	10.026
21.49	21.50	0.008113	10.126
21.49	21.50	0.008130	10.226
21.49	21.50	0.008147	10.326
21.49	21.50	0.008163	10.426
21.49	21.50	0.008180	10.526
21.49	21.50	0.008197	10.626
21.49	21.50	0.008213	10.726
21.52	21.50	0.008230	10.827
21.52	21.50	0.008247	10.926
21.52	21.50	0.008263	11.026
21.52	21.50	0.008280	11.126
21.52	21.50	0.008297	11.226
21.52	21.50	0.008313	11.326
21.52	21.50	0.008330	11.426
21.52	21.50	0.008347	11.526
21.52	21.50	0.008363	11.626
21.52	21.50	0.008380	11.726
21.49	21.50	0.008397	11.826
21.49	21.50	0.008413	11.926
21.49	21.50	0.008430	12.026
21.49	21.50	0.008447	12.126
21.49	21.50	0.008463	12.227
21.49	21.50	0.008480	12.326
21.49	21.50	0.008497	12.426
21.49	21.50	0.008513	12.526
21.49	21.50	0.008530	12.627
21.49	21.50	0.008547	12.727
21.49	21.50	0.008563	12.827
21.49	21.50	0.008580	12.927
21.49	21.50	0.008597	13.027
21.49	21.50	0.008613	13.128
21.49	21.50	0.008630	13.227
21.49	21.50	0.008647	13.327
21.49	21.50	0.008663	13.427
21.49	21.50	0.008680	13.527
21.49	21.50	0.008697	13.627
21.49	21.50	0.008713	13.727
21.49	21.50	0.008730	13.827
21.49	21.50	0.008746	13.927
21.52	21.50	0.008763	14.027
21.52	21.50	0.008780	14.127
21.52	21.50	0.008796	14.227
21.52	21.50	0.008813	14.327
21.52	21.50	0.008830	14.427
21.52	21.50	0.008846	14.527
21.52	21.50	0.008863	14.627
21.52	21.50	0.008880	14.756
21.52	21.50	0.008896	14.851
21.52	21.50	0.008913	14.951
21.49	21.50	0.008930	15.055
21.49	21.50	0.008946	15.150
21.49	21.50	0.008963	15.250
21.49	21.50	0.008980	15.354
21.49	21.50	0.008996	15.448
21.49	21.50	0.009013	15.550
21.49	21.50	0.009030	15.652
21.49	21.50	0.009046	15.747
21.49	21.50	0.009063	15.851
21.49	21.50	0.009080	15.951
21.49	21.50	0.009096	16.046
21.49	21.50	0.009113	16.150
21.49	21.50	0.009130	16.250
21.49	21.50	0.009146	16.344
21.49	21.50	0.009163	16.449
21.49	21.50	0.009180	16.549
21.49	21.50	0.009196	16.643
21.49	21.50	0.009213	16.748
21.49	21.50	0.009230	16.847
21.49	21.50	0.009246	16.942
21.49	21.50	0.009263	17.046
21.49	21.50	0.009280	17.146
21.49	21.50	0.009296	17.240
21.49	21.50	0.009313	17.345
21.52	21.50	0.009330	17.440
21.52	21.50	0.009346	17.539
21.52	21.50	0.009363	17.644
21.52	21.50	0.009380	17.738
21.52	21.50	0.009396	17.838
21.52	21.50	0.009413	17.942
21.52	21.50	0.009430	18.037
21.52	21.50	0.009446	18.137
21.52	21.50	0.009463	18.241
21.52	21.50	0.009480	18.336
21.52	21.50	0.009496	18.435
21.52	21.50	0.009513	18.540
21.52	21.50	0.009530	18.634
21.49	21.50	0.009546	18.734
21.49	21.50	0.009563	18.838
21.49	21.50	0.009579	18.933
21.49	21.50	0.009596	19.033
21.49	21.50	0.009613	19.137
21.49	21.50	0.009629	19.232
21.49	21.50	0.009646	19.331
21.49	21.50	0.009663	19.436
21.49	21.50	0.009679	19.530
21.49	21.50	0.009696	19.631
21.49	21.50	0.009713	19.735
21.49	21.50	0.009729	19.829
21.49	21.50	0.009746	19.931
21.49	21.50	0.009763	20.033
21.49	21.50	0.009779	20.128
21.49	21.50	0.009796	20.230
21.49	21.50	0.009813	20.332
21.49	21.50	0.009829	20.427
21.49	21.50	0.009846	20.531
21.52	21.50	0.009863	20.631
21.52	21.50	0.009879	20.727
21.52	21.50	0.009896	20.830
21.52	21.50	0.009913	20.929
21.52	21.50	0.009929	21.027
21.52	21.50	0.009946	21.128
21.52	21.50	0.009963	21.228
21.52	21.50	0.009979	21.328
21.49	21.50	0.009996	21.427
21.49	21.50	0.010013	21.527
21.49	21.50	0.010029	21.627
21.49	21.50	0.010046	21.727
21.49	21.50	0.010063	21.827
21.49	21.50	0.010079	21.927
21.49	21.50	0.010096	22.027
21.49	21.50	0.010113	22.127
21.49	21.50	0.010129	22.228
21.49	21.50	0.010146	22.327
21.49	21.50	0.010163	22.427
21.49	21.50	0.010179	22.527
21.49	21.50	0.010196	22.627
21.49	21.50	0.010213	22.727
21.49	21.50	0.010229	22.827
21.49	21.50	0.010246	22.927
21.49	21.50	0.010263	23.027
21.49	21.50	0.010279	23.127
21.49	21.50	0.010296	23.227
21.49	21.50	0.010313	23.327
21.52	21.50	0.010329	23.427
21.52	21.50	0.010346	23.527
21.52	21.50	0.010363	23.627
21.52	21.50	0.010379	23.727
21.52	21.50	0.010396	23.827
21.52	21.50	0.010412	23.927
21.52	21.50	0.010429	24.027
21.52	21.50	0.010446	24.127
21.49	21.50	0.010462	24.227
21.49	21.50	0.010479	24.327
21.49	21.50	0.010496	24.427
21.49	21.50	0.010512	24.527
21.49	21.50	0.010529	24.627
21.49	21.50	0.010546	24.728
21.49	21.50	0.010562	24.827
21.49	21.50	0.010579	24.927
21.49	21.50	0.010596	25.027
21.49	21.50	0.010612	25.127
21.49	21.50	0.010629	25.227
21.49	21.50	0.010646	25.327
21.49	21.50	0.010662	25.427
21.49	21.50	0.010679	25.527
21.49	21.50	0.010696	25.627
21.49	21.50	0.010712	25.727
21.49	21.50	0.010729	25.827
21.49	21.50	0.010746	25.927
21.52	21.50	0.010762	26.028
21.52	21.50	0.010779	26.127
21.52	21.50	0.010796	26.227
21.52	21.50	0.010812	26.327
21.52	21.50	0.010829	26.456
21.52	21.50	0.010846	26.551
21.52	21.50	0.010862	26.627
21.52	21.50	0.010879	26.755
21.52	21.50	0.010896	26.849
21.49	21.50	0.010912	26.928
21.49	21.50	0.010929	27.053
21.49	21.50	0.010946	27.148
21.49	21.50	0.010962	27.228
21.49	21.50	0.010979	27.352
21.49	21.50	0.010996	27.447
21.49	21.50	0.011012	27.551
21.49	21.50	0.011029	27.651
21.49	21.50	0.011046	27.745
21.49	21.50	0.011062	27.850
21.49	21.50	0.011079	27.949
21.49	21.50	0.011096	28.044
21.49	21.50	0.011112	28.148
21.49	21.50	0.011129	28.248
21.49	21.50	0.011146	28.343
21.49	21.50	0.011162	28.447
21.49	21.50	0.011179	28.542
21.49	21.50	0.011196	28.641
21.52	21.50	0.011212	28.746
21.52	21.50	0.011229	28.840
21.52	21.50	0.011245	28.940
21.52	21.50	0.011262	29.045
21.52	21.50	0.011279	29.139
21.52	21.50	0.011295	29.239
21.52	21.50	0.011312	29.343
21.52	21.50	0.011329	29.438
21.52	21.50	0.011345	29.537
21.49	21.50	0.011362	29.642
21.49	21.50	0.011379	29.737
21.49	21.50	0.011395	29.836
21.49	21.50	0.011412	29.941
21.49	21.50	0.011429	30.035
21.49	21.50	0.011445	30.135
21.49	21.50	0.011462	30.239
21.49	21.50	0.011479	30.334
21.49	21.50	0.011495	30.433
21.49	21.50	0.011512	30.538
21.49	21.50	0.011529	30.633
21.49	21.50	0.011545	30.732
21.49	21.50	0.011562	30.837
21.49	21.50	0.011579	30.931
21.49	21.50	0.011595	31.032
21.49	21.50	0.011612	31.136
21.49	21.50	0.011629	31.230
21.49	21.50	0.011645	31.333
21.52	21.50	0.011662	31.434
21.52	21.50	0.011679	31.529
21.52	21.50	0.011695	31.632
21.52	21.50	0.011712	31.733
21.52	21.50	0.011729	31.828
21.52	21.50	0.011745	31.932
21.52	21.50	0.011762	32.032
21.52	21.50	0.011779	32.127
21.52	21.50	0.011795	32.231
21.52	21.50	0.011812	32.330
21.52	21.50	0.011829	32.427
21.52	21.50	0.011845	32.529
21.49	21.50	0.011862	32.629
21.49	21.50	0.011879	32.727
21.49	21.50	0.011895	32.828
21.49	21.50	0.011912	32.929
21.49	21.50	0.011929	33.027
21.49	21.50	0.011945	33.127
21.49	21.50	0.011962	33.228
21.49	21.50	0.011979	33.327
21.49	21.50	0.011995	33.428
21.49	21.50	0.012012	33.528
21.49	21.50	0.012029	33.627
21.49	21.50	0.012045	33.727
21.49	21.50	0.012062	33.829
21.49	21.50	0.012078	33.927
21.49	21.50	0.012095	34.027
21.49	21.50	0.012112	34.128
21.49	21.50	0.012128	34.227
21.49	21.50	0.012145	34.327
21.49	21.50	0.012162	34.429
21.49	21.50	0.012178	34.527
21.49	21.50	0.012195	34.627
21.49	21.50	0.012212	34.729
21.49	21.50	0.012228	34.827
21.49	21.50	0.012245	34.928
21.49	21.50	0.012262	35.029
21.49	21.50	0.012278	35.128
21.52	21.50	0.012295	35.228
21.52	21.50	0.012312	35.329
21.52	21.50	0.012328	35.428
21.52	21.50	0.012345	35.528
21.52	21.50	0.012362	35.629
21.52	21.50	0.012378	35.728
21.52	21.50	0.012395	35.828
21.52	21.50	0.012412	35.929
21.52	21.50	0.012428	36.028
21.52	21.50	0.012445	36.128
21.52	21.50	0.012462	36.229
21.49	21.50	0.012478	36.328
21.49	21.50	0.012495	36.428
21.49	21.50	0.012512	36.529
21.49	21.50	0.012528	36.629
21.49	21.50	0.012545	36.728
21.49	21.50	0.012562	36.830
21.49	21.50	0.012578	36.928
21.49	21.50	0.012595	37.028
21.49	21.50	0.012612	37.129
21.49	21.50	0.012628	37.228
21.49	21.50	0.012645	37.328
21.49	21.50	0.012662	37.429
21.49	21.50	0.012678	37.528
21.49	21.50	0.012695	37.628
21.49	21.50	0.012712	37.729
21.49	21.50	0.012728	37.828
21.49	21.50	0.012745	37.951
21.49	21.50	0.012762	38.029
21.49	21.50	0.012778	38.156
21.49	21.50	0.012795	38.251
21.49	21.50	0.012812	38.330
21.49	21.50	0.012828	38.455
21.49	21.50	0.012845	38.550
21.49	21.50	0.012862	38.654
21.49	21.50	0.012878	38.754
21.52	21.50	0.012895	38.848
21.52	21.50	0.012911	38.953
21.52	21.50	0.012928	39.052
21.52	21.50	0.012945	39.147
21.52	21.50	0.012961	39.251
21.52	21.50	0.012978	39.351
21.52	21.50	0.012995	39.446
21.52	21.50	0.013011	39.550
21.52	21.50	0.013028	39.650
21.52	21.50	0.013045	39.744
21.49	21.50	0.013061	39.849
21.49	21.50	0.013078	39.943
21.49	21.50	0.013095	40.043
21.49	21.50	0.013111	40.147
21.49	21.50	0.013128	40.242
21.49	21.50	0.013145	40.341
21.49	21.50	0.013161	40.446
21.49	21.50	0.013178	40.540
21.49	21.50	0.013195	40.640
21.49	21.50	0.013211	40.744
21.49	21.50	0.013228	40.839
21.49	21.50	0.013245	40.939
21.49	21.50	0.013261	41.043
21.49	21.50	0.013278	41.138
21.49	21.50	0.013295	41.238
21.49	21.50	0.013311	41.342
21.49	21.50	0.013328	41.437
21.49	21.50	0.013345	41.536
21.49	21.50	0.013361	41.641
21.49	21.50	0.013378	41.736
21.49	21.50	0.013395	41.835
21.52	21.50	0.013411	41.940
21.52	21.50	0.013428	42.034
21.52	21.50	0.013445	42.135
21.52	21.50	0.013461	42.238
21.52	21.50	0.013478	42.333
21.52	21.50	0.013495	42.434
21.52	21.50	0.013511	42.537
21.52	21.50	0.013528	42.632
21.52	21.50	0.013545	42.734
21.52	21.50	0.013561	42.836
21.49	21.50	0.013578	42.930
21.49	21.50	0.013595	43.034
21.49	21.50	0.013611	43.134
21.49	21.50	0.013628	43.229
21.49	21.50	0.013645	43.334
21.49	21.50	0.013661	43.433
21.49	21.50	0.013678	43.528
21.49	21.50	0.013695	43.632
21.49	21.50	0.013711	43.732
21.49	21.50	0.013728	43.828
21.49	21.50	0.013744	43.931
21.49	21.50	0.013761	44.030
21.49	21.50	0.013778	44.128
21.49	21.50	0.013794	44.230
21.49	21.50	0.013811	44.330
21.49	21.50	0.013828	44.428
21.49	21.50	0.013844	44.528
21.49	21.50	0.013861	44.630
21.49	21.50	0.013878	44.728
21.49	21.50	0.013894	44.828
21.52	21.50	0.013911	44.931
21.52	21.50	0.013928	45.028
21.52	21.50	0.013944	45.128
21.52	21.50	0.013961	45.230
21.52	21.50	0.013978	45.328
21.52	21.50	0.013994	45.428
21.52	21.50	0.014011	45.530
21.52	21.50	0.014028	45.628
21.52	21.50	0.014044	45.728
21.49	21.50	0.014061	45.831
21.49	21.50	0.014078	45.928
21.49	21.50	0.014094	46.028
21.49	21.50	0.014111	46.130
21.49	21.50	0.014128	46.228
21.49	21.50	0.014144	46.328
21.49	21.50	0.014161	46.431
21.49	21.50	0.014178	46.529
21.49	21.50	0.014194	46.628
21.49	21.50	0.014211	46.731
21.49	21.50	0.014228	46.828
21.49	21.50	0.014244	46.928
21.49	21.50	0.014261	47.030
21.49	21.50	0.014278	47.128
21.49	21.50	0.014294	47.228
21.49	21.50	0.014311	47.331
21.49	21.50	0.014328	47.428
21.49	21.50	0.014344	47.528
21.49	21.50	0.014361	47.631
21.49	21.50	0.014378	47.728
21.49	21.50	0.014394	47.828
21.49	21.50	0.014411	47.931
21.49	21.50	0.014428	48.028
21.52	21.50	0.014444	48.128
21.52	21.50	0.014461	48.231
21.52	21.50	0.014478	48.329
21.52	21.50	0.014494	48.428
21.52	21.50	0.014511	48.531
21.52	21.50	0.014528	48.628
21.52	21.50	0.014544	48.728
21.52	21.50	0.014561	48.831
21.52	21.50	0.014577	48.928
21.52	21.50	0.014594	49.028
21.52	21.50	0.014611	49.131
21.52	21.50	0.014627	49.228
21.49	21.50	0.014644	49.328
21.49	21.50	0.014661	49.431
21.49	21.50	0.014677	49.557
21.49	21.50	0.014694	49.652
21.49	21.50	0.014711	49.731
21.49	21.50	0.014727	49.856
21.49	21.50	0.014744	49.950
21.49	21.50	0.014761	50.055
21.49	21.50	0.014777	50.154
21.49	21.50	0.014794	50.249
21.49	21.50	0.014811	50.354
21.49	21.50	0.014827	50.453
21.49	21.50	0.014844	50.548
21.49	21.50	0.014861	50.652
21.49	21.50	0.014877	50.752
21.49	21.50	0.014894	50.846
21.49	21.50	0.014911	50.951
21.49	21.50	0.014927	51.046
21.49	21.50	0.014944	51.145
21.49	21.50	0.014961	51.250
21.49	21.50	0.014977	51.344
21.49	21.50	0.014994	51.444
21.49	21.50	0.015011	51.548
21.49	21.50	0.015027	51.643
21.52	21.50	0.015044	51.742
21.52	21.50	0.015061	51.847
21.52	21.50	0.015077	51.942
21.52	21.50	0.015094	52.041
21.52	21.50	0.015111	52.145
21.52	21.50	0.015127	52.241
21.52	21.50	0.015144	52.340
21.52	21.50	0.015161	52.445
21.52	21.50	0.015177	52.540
21.52	21.50	0.015194	52.639
21.52	21.50	0.015211	52.744
21.49	21.50	0.015227	52.837
21.49	21.50	0.015244	52.937
21.49	21.50	0.015261	53.041
21.49	21.50	0.015277	53.137
21.49	21.50	0.015294	53.235
21.49	21.50	0.015311	53.341
21.49	21.50	0.015327	53.436
21.49	21.50	0.015344	53.536
21.49	21.50	0.015361	53.640
21.49	21.50	0.015377	53.734
21.49	21.50	0.015394	53.836
21.49	21.50	0.015410	53.938
21.49	21.50	0.015427	54.033
21.49	21.50	0.015444	54.136
21.49	21.50	0.015460	54.237
21.49	21.50	0.015477	54.332
21.49	21.50	0.015494	54.436
21.49	21.50	0.015510	54.536
21.49	21.50	0.015527	54.630
21.49	21.50	0.015544	54.735
21.49	21.50	0.015560	54.834
21.52	21.50	0.015577	54.929
21.52	21.50	0.015594	55.034
21.52	21.50	0.015610	55.133
21.52	21.50	0.015627	55.228
21.52	21.50	0.015644	55.332
21.52	21.50	0.015660	55.432
21.52	21.50	0.015677	55.528
21.52	21.50	0.015694	55.631
21.52	21.50	0.015710	55.732
21.52	21.50	0.015727	55.828
21.52	21.50	0.015744	55.930
21.49	21.50	0.015760	56.032
21.49	21.50	0.015777	56.128
21.49	21.50	0.015794	56.228
21.49	21.50	0.015810	56.332
21.49	21.50	0.015827	56.428
21.49	21.50	0.015844	56.528
21.49	21.50	0.015860	56.633
21.49	21.50	0.015877	56.728
21.49	21.50	0.015894	56.828
21.49	21.50	0.015910	56.932
21.49	21.50	0.015927	57.028
21.49	21.50	0.015944	57.128
21.49	21.50	0.015960	57.233
21.49	21.50	0.015977	57.328
21.49	21.50	0.015994	57.429
21.49	21.50	0.016010	57.532
21.49	21.50	0.016027	57.629
21.49	21.50	0.016044	57.729
21.49	21.50	0.016060	57.832
21.49	21.50	0.016077	57.930
21.49	21.50	0.016094	58.029
21.49	21.50	0.016110	58.133
21.49	21.50	0.016127	58.229
21.49	21.50	0.016144	58.329
21.49	21.50	0.016160	58.432
21.49	21.50	0.016177	58.529
21.49	21.50	0.016194	58.629
21.52	21.50	0.016210	58.732
21.52	21.50	0.016227	58.829
21.52	21.50	0.016244	58.929
21.52	21.50	0.016260	59.033
21.52	21.50	0.016277	59.129
21.52	21.50	0.016293	59.229
21.52	21.50	0.016310	59.333
21.52	21.50	0.016327	59.429
21.52	21.50	0.016343	59.530
21.52	21.50	0.016360	59.633
21.49	21.50	0.016377	59.730
21.49	21.50	0.016393	59.830
21.49	21.50	0.016410	59.933
21.49	21.50	0.016427	00.062
21.49	21.50	0.016443	00.157
21.49	21.50	0.016460	00.257
21.49	21.50	0.016477	00.361
21.49	21.50	0.016493	00.455
21.49	21.50	0.016510	00.532
21.49	21.50	0.016527	00.660
21.49	21.50	0.016543	00.754
21.49	21.50	0.016560	00.858
21.49	21.50	0.016577	00.958
21.49	21.50	0.016593	01.053
21.49	21.50	0.016610	01.157
21.49	21.50	0.016627	01.257
21.49	21.50	0.016643	01.351
21.49	21.50	0.016660	01.456
21.49	21.50	0.016677	01.556
21.49	21.50	0.016693	01.650
21.49	21.50	0.016710	01.755
21.52	21.50	0.016727	01.854
21.52	21.50	0.016743	01.949
21.52	21.50	0.016760	02.053
21.52	21.50	0.016777	02.153
21.52	21.50	0.016793	02.248
21.52	21.50	0.016810	02.352
21.52	21.50	0.016827	02.447
21.52	21.50	0.016843	02.546
21.52	21.50	0.016860	02.651
21.52	21.50	0.016877	02.745
21.49	21.50	0.016893	02.845
21.49	21.50	0.016910	02.949
21.49	21.50	0.016927	03.044
21.49	21.50	0.016943	03.144
21.49	21.50	0.016960	03.248
21.49	21.50	0.016977	03.343
21.49	21.50	0.016993	03.442
21.49	21.50	0.017010	03.547
21.49	21.50	0.017027	03.641
21.49	21.50	0.017043	03.741
21.49	21.50	0.017060	03.846
21.49	21.50	0.017077	03.940
21.49	21.50	0.017093	04.040
21.49	21.50	0.017110	04.144
21.49	21.50	0.017126	04.239
21.49	21.50	0.017143	04.338
21.49	21.50	0.017160	04.443
21.49	21.50	0.017176	04.537
21.49	21.50	0.017193	04.638
21.49	21.50	0.017210	04.742
21.49	21.50	0.017226	04.836
21.49	21.50	0.017243	04.937
21.49	21.50	0.017260	05.040
21.52	21.50	0.017276	05.135
21.52	21.50	0.017293	05.238
21.52	21.50	0.017310	05.339
21.52	21.50	0.017326	05.434
21.52	21.50	0.017343	05.538
21.52	21.50	0.017360	05.638
21.52	21.50	0.017376	05.734
21.52	21.50	0.017393	05.837
21.52	21.50	0.017410	05.937
21.52	21.50	0.017426	06.034
21.52	21.50	0.017443	06.136
21.52	21.50	0.017460	06.236
21.49	21.50	0.017476	06.334
21.49	21.50	0.017493	06.435
21.49	21.50	0.017510	06.534
21.49	21.50	0.017526	06.634
21.49	21.50	0.017543	06.734
21.49	21.50	0.017560	06.834
21.49	21.50	0.017576	06.934
21.49	21.50	0.017593	07.034
21.49	21.50	0.017610	07.135
21.49	21.50	0.017626	07.234
21.49	21.50	0.017643	07.334
21.49	21.50	0.017660	07.434
21.49	21.50	0.017676	07.534
21.49	21.50	0.017693	07.634
21.49	21.50	0.017710	07.734
21.49	21.50	0.017726	07.834
21.49	21.50	0.017743	07.934
21.49	21.50	0.017760	08.034
21.49	21.50	0.017776	08.134
21.49	21.50	0.017793	08.234
21.49	21.50	0.017810	08.334
21.52	21.50	0.017826	08.434
21.52	21.50	0.017843	08.534
21.52	21.50	0.017860	08.634
21.52	21.50	0.017876	08.735
21.52	21.50	0.017893	08.834
21.52	21.50	0.017910	08.934
21.52	21.50	0.017926	09.034
21.52	21.50	0.017943	09.134
21.52	21.50	0.017959	09.234
21.49	21.50	0.017976	09.334
21.49	21.50	0.017993	09.434
21.49	21.50	0.018009	09.534
21.49	21.50	0.018026	09.635
21.49	21.50	0.018043	09.734
21.49	21.50	0.018059	09.834
21.49	21.50	0.018076	09.934
21.49	21.50	0.018093	10.034
21.49	21.50	0.018109	10.134
21.49	21.50	0.018126	10.234
21.49	21.50	0.018143	10.334
21.49	21.50	0.018159	10.434
21.49	21.50	0.018176	10.534
21.49	21.50	0.018193	10.634
21.49	21.50	0.018209	10.735
21.49	21.50	0.018226	10.834
21.49	21.50	0.018243	10.934
21.49	21.50	0.018259	11.034
21.49	21.50	0.018276	11.136
21.49	21.50	0.018293	11.235
21.49	21.50	0.018309	11.334
21.49	21.50	0.018326	11.463
21.49	21.50	0.018343	11.557
21.49	21.50	0.018359	11.634
21.52	21.50	0.018376	11.762
21.52	21.50	0.018393	11.856
21.52	21.50	0.018409	11.934
21.52	21.50	0.018426	12.060
21.52	21.50	0.018443	12.155
21.52	21.50	0.018459	12.234
21.52	21.50	0.018476	12.360
21.52	21.50	0.018493	12.454
21.52	21.50	0.018509	12.559
21.52	21.50	0.018526	12.658
21.49	21.50	0.018543	12.753
21.49	21.50	0.018559	12.856
21.49	21.50	0.018576	12.956
21.49	21.50	0.018593	13.051
21.49	21.50	0.018609	13.155
21.49	21.50	0.018626	13.256
21.49	21.50	0.018643	13.349
21.49	21.50	0.018659	13.454
21.49	21.50	0.018676	13.548
21.49	21.50	0.018693	13.648
21.49	21.50	0.018709	13.752
21.49	21.50	0.018726	13.847
21.49	21.50	0.018743	13.947
21.49	21.50	0.018759	14.052
21.49	21.50	0.018776	14.146
21.49	21.50	0.018792	14.246
21.49	21.50	0.018809	14.351
21.49	21.50	0.018826	14.444
21.49	21.50	0.018842	14.545
21.49	21.50	0.018859	14.650
21.49	21.50	0.018876	14.744
21.49	21.50	0.018892	14.844
21.52	21.50	0.018909	14.948
21.52	21.50	0.018926	15.043
21.52	21.50	0.018942	15.142
21.52	21.50	0.018959	15.247
21.52	21.50	0.018976	15.341
21.52	21.50	0.018992	15.441
21.52	21.50	0.019009	15.546
21.52	21.50	0.019026	15.640
21.52	21.50	0.019042	15.740
21.52	21.50	0.019059	15.844
21.52	21.50	0.019076	15.939
21.49	21.50	0.019092	16.039
21.49	21.50	0.019109	16.143
21.49	21.50	0.019126	16.238
21.49	21.50	0.019142	16.339
21.49	21.50	0.019159	16.442
21.49	21.50	0.019176	16.536
21.49	21.50	0.019192	16.640
21.49	21.50	0.019209	16.740
21.49	21.50	0.019226	16.836
21.49	21.50	0.019242	16.939
21.49	21.50	0.019259	17.039
21.49	21.50	0.019276	17.136
21.49	21.50	0.019292	17.238
21.49	21.50	0.019309	17.338
21.49	21.50	0.019326	17.436
21.49	21.50	0.019342	17.537
21.49	21.50	0.019359	17.636
21.49	21.50	0.019376	17.736
21.49	21.50	0.019392	17.836
21.49	21.50	0.019409	17.936
21.52	21.50	0.019426	18.036
21.52	21.50	0.019442	18.136
21.52	21.50	0.019459	18.236
21.52	21.50	0.019476	18.336
21.52	21.50	0.019492	18.436
21.52	21.50	0.019509	18.536
21.52	21.50	0.019526	18.636
21.52	21.50	0.019542	18.736
21.52	21.50	0.019559	18.836
21.52	21.50	0.019576	18.936
21.52	21.50	0.019592	19.036
21.49	21.50	0.019609	19.136
21.49	21.50	0.019625	19.236
21.49	21.50	0.019642	19.336
21.49	21.50	0.019659	19.437
21.49	21.50	0.019675	19.536
21.49	21.50	0.019692	19.636
21.49	21.50	0.019709	19.736
21.49	21.50	0.019725	19.836
21.49	21.50	0.019742	19.936
21.49	21.50	0.019759	20.036
21.49	21.50	0.019775	20.136
21.49	21.50	0.019792	20.236
21.49	21.50	0.019809	20.337
21.49	21.50	0.019825	20.436
21.49	21.50	0.019842	20.536
21.49	21.50	0.019859	20.636
21.49	21.50	0.019875	20.736
21.49	21.50	0.019892	20.836
21.49	21.50	0.019909	20.936
21.49	21.50	0.019925	21.036
21.49	21.50	0.019942	21.136
21.49	21.50	0.019959	21.236
21.49	21.50	0.019975	21.336
21.49	21.50	0.019992	21.436
21.52	21.50	0.020009	21.536
21.52	21.50	0.020025	21.636
21.52	21.50	0.020042	21.736
21.52	21.50	0.020059	21.836
21.52	21.50	0.020075	21.936
21.52	21.50	0.020092	22.036
21.52	21.50	0.020109	22.136
21.52	21.50	0.020125	22.236
21.52	21.50	0.020142	22.337
21.52	21.50	0.020159	22.436
21.49	21.50	0.020175	22.536
21.49	21.50	0.020192	22.660
21.49	21.50	0.020209	22.736
21.49	21.50	0.020225	22.864
21.49	21.50	0.020242	22.959
21.49	21.50	0.020259	23.036
21.49	21.50	0.020275	23.163
21.49	21.50	0.020292	23.257
21.49	21.50	0.020309	23.336
21.49	21.50	0.020325	23.462
21.49	21.50	0.020342	23.556
21.49	21.50	0.020359	23.661
21.49	21.50	0.020375	23.760
21.49	21.50	0.020392	23.855
21.49	21.50	0.020409	23.959
21.49	21.50	0.020425	24.059
21.49	21.50	0.020442	24.154
21.49	21.50	0.020458	24.258
21.49	21.50	0.020475	24.358
21.49	21.50	0.020492	24.452
21.49	21.50	0.020508	24.557
21.52	21.50	0.020525	24.656
21.52	21.50	0.020542	24.751
21.52	21.50	0.020558	24.855
21.52	21.50	0.020575	24.950
21.52	21.50	0.020592	25.050
21.52	21.50	0.020608	25.154
21.52	21.50	0.020625	25.249
21.52	21.50	0.020642	25.348
21.52	21.50	0.020658	25.453
21.52	21.50	0.020675	25.547
21.52	21.50	0.020692	25.647
21.49	21.50	0.020708	25.752
21.49	21.50	0.020725	25.846
21.49	21.50	0.020742	25.946
21.49	21.50	0.020758	26.050
21.49	21.50	0.020775	26.145
21.49	21.50	0.020792	26.244
21.49	21.50	0.020808	26.349
21.49	21.50	0.020825	26.443
21.49	21.50	0.020842	26.543
21.49	21.50	0.020858	26.648
21.49	21.50	0.020875	26.742
21.49	21.50	0.020892	26.842
21.49	21.50	0.020908	26.946
21.49	21.50	0.020925	27.041
21.49	21.50	0.020942	27.141
21.49	21.50	0.020958	27.245
21.49	21.50	0.020975	27.340
21.52	21.50	0.020992	27.441
21.52	21.50	0.021008	27.544
21.52	21.50	0.021025	27.638
21.52	21.50	0.021042	27.742
21.52	21.50	0.021058	27.842
21.52	21.50	0.021075	27.937
21.52	21.50	0.021092	28.041
21.52	21.50	0.021108	28.141
21.52	21.50	0.021125	28.237
21.52	21.50	0.021142	28.340
21.49	21.50	0.021158	28.440
21.49	21.50	0.021175	28.537
21.49	21.50	0.021192	28.639
21.49	21.50	0.021208	28.738
21.49	21.50	0.021225	28.838
21.49	21.50	0.021242	28.939
21.49	21.50	0.021258	29.038
21.49	21.50	0.021275	29.138
21.49	21.50	0.021291	29.238
21.49	21.50	0.021308	29.338
21.49	21.50	0.021325	29.438
21.49	21.50	0.021341	29.538
21.49	21.50	0.021358	29.638
21.49	21.50	0.021375	29.738
21.49	21.50	0.021391	29.839
21.49	21.50	0.021408	29.938
21.49	21.50	0.021425	30.038
21.49	21.50	0.021441	30.138
21.49	21.50	0.021458	30.238
21.49	21.50	0.021475	30.338
21.49	21.50	0.021491	30.438
21.49	21.50	0.021508	30.538
21.52	21.50	0.021525	30.638
21.52	21.50	0.021541	30.738
21.52	21.50	0.021558	30.838
21.52	21.50	0.021575	30.938
21.52	21.50	0.021591	31.038
21.52	21.50	0.021608	31.138
21.52	21.50	0.021625	31.238
21.52	21.50	0.021641	31.338
21.52	21.50	0.021658	31.439
21.49	21.50	0.021675	31.538
21.49	21.50	0.021691	31.638
21.49	21.50	0.021708	31.738
21.49	21.50	0.021725	31.839
21.49	21.50	0.021741	31.939
21.49	21.50	0.021758	32.039
21.49	21.50	0.021775	32.139
21.49	21.50	0.021791	32.239
21.49	21.50	0.021808	32.340
21.49	21.50	0.021825	32.439
21.49	21.50	0.021841	32.539
21.49	21.50	0.021858	32.639
21.49	21.50	0.021875	32.739
21.49	21.50	0.021891	32.839
21.49	21.50	0.021908	32.939
21.49	21.50	0.021925	33.039
21.49	21.50	0.021941	33.139
21.49	21.50	0.021958	33.239
21.49	21.50	0.021975	33.339
21.49	21.50	0.021991	33.439
21.49	21.50	0.022008	33.539
21.52	21.50	0.022025	33.668
21.52	21.50	0.022041	33.762
21.52	21.50	0.022058	33.863
21.52	21.50	0.022075	33.967
21.52	21.50	0.022091	34.062
21.52	21.50	0.022108	34.163
21.52	21.50	0.022124	34.266
21.52	21.50	0.022141	34.359
21.52	21.50	0.022158	34.463
21.49	21.50	0.022174	34.564
21.49	21.50	0.022191	34.658
21.49	21.50	0.022208	34.738
21.49	21.50	0.022224	34.863
21.49	21.50	0.022241	34.957
21.49	21.50	0.022258	35.061
21.49	21.50	0.022274	35.161
21.49	21.50	0.022291	35.255
21.49	21.50	0.022308	35.360
21.49	21.50	0.022324	35.459
21.49	21.50	0.022341	35.554
21.49	21.50	0.022358	35.659
21.49	21.50	0.022374	35.758
21.49	21.50	0.022391	35.853
21.49	21.50	0.022408	35.957
21.49	21.50	0.022424	36.052
21.49	21.50	0.022441	36.152
21.49	21.50	0.022458	36.257
21.49	21.50	0.022474	36.350
21.49	21.50	0.022491	36.451
21.52	21.50	0.022508	36.556
21.52	21.50	0.022524	36.650
21.52	21.50	0.022541	36.750
21.52	21.50	0.022558	36.854
21.52	21.50	0.022574	36.949
21.52	21.50	0.022591	37.048
21.52	21.50	0.022608	37.153
21.52	21.50	0.022624	37.248
21.52	21.50	0.022641	37.346
21.49	21.50	0.022658	37.452
21.49	21.50	0.022674	37.546
21.49	21.50	0.022691	37.645
21.49	21.50	0.022708	37.750
21.49	21.50	0.022724	37.844
21.49	21.50	0.022741	37.944
21.49	21.50	0.022758	38.048
21.49	21.50	0.022774	38.143
21.49	21.50	0.022791	38.243
21.49	21.50	0.022808	38.348
21.49	21.50	0.022824	38.441
21.49	21.50	0.022841	38.543
21.49	21.50	0.022858	38.646
21.49	21.50	0.022874	38.740
21.49	21.50	0.022891	38.843
21.49	21.50	0.022908	38.944
21.49	21.50	0.022924	39.041
21.49	21.50	0.022941	39.143
21.49	21.50	0.022957	39.243
21.49	21.50	0.022974	39.342
21.49	21.50	0.022991	39.443
21.49	21.50	0.023007	39.542
21.49	21.50	0.023024	39.641
21.52	21.50	0.023041	39.741
21.52	21.50	0.023057	39.841
21.52	21.50	0.023074	39.941
21.52	21.50	0.023091	40.041
21.52	21.50	0.023107	40.141
21.52	21.50	0.023124	40.241
21.52	21.50	0.023141	40.341
21.52	21.50	0.023157	40.441
21.52	21.50	0.023174	40.541
21.52	21.50	0.023191	40.641
21.49	21.50	0.023207	40.741
21.49	21.50	0.023224	40.841
21.49	21.50	0.023241	40.941
21.49	21.50	0.023257	41.041
21.49	21.50	0.023274	41.141
21.49	21.50	0.023291	41.241
21.49	21.50	0.023307	41.341
21.49	21.50	0.023324	41.441
21.49	21.50	0.023341	41.541
21.49	21.50	0.023357	41.641
21.49	21.50	0.023374	41.742
21.49	21.50	0.023391	41.841
21.49	21.50	0.023407	41.941
21.49	21.50	0.023424	42.041
21.49	21.50	0.023441	42.141
21.49	21.50	0.023457	42.241
21.49	21.50	0.023474	42.341
21.49	21.50	0.023491	42.441
21.49	21.50	0.023507	42.541
21.52	21.50	0.023524	42.641
21.52	21.50	0.023541	42.741
21.52	21.50	0.023557	42.841
21.52	21.50	0.023574	42.941
21.52	21.50	0.023591	43.041
21.52	21.50	0.023607	43.141
21.52	21.50	0.023624	43.241
21.52	21.50	0.023641	43.341
21.52	21.50	0.023657	43.441
21.52	21.50	0.023674	43.541
21.49	21.50	0.023691	43.641
21.49	21.50	0.023707	43.741
21.49	21.50	0.023724	43.841
21.49	21.50	0.023741	43.941
21.49	21.50	0.023757	44.041
21.49	21.50	0.023774	44.141
21.49	21.50	0.023790	44.241
21.49	21.50	0.023807	44.341
21.49	21.50	0.023824	44.441
21.49	21.50	0.023840	44.541
21.49	21.50	0.023857	44.641
21.49	21.50	0.023874	44.770
21.49	21.50	0.023890	44.865
21.49	21.50	0.023907	44.965
21.49	21.50	0.023924	45.069
21.49	21.50	0.023940	45.164
21.49	21.50	0.023957	45.264
21.49	21.50	0.023974	45.368
21.49	21.50	0.023990	45.462
21.52	21.50	0.024007	45.564
21.52	21.50	0.024024	45.666
21.52	21.50	0.024040	45.761
21.52	21.50	0.024057	45.865
21.52	21.50	0.024074	45.965
21.52	21.50	0.024090	46.060
21.52	21.50	0.024107	46.164
21.52	21.50	0.024124	46.264
21.52	21.50	0.024140	46.358
21.52	21.50	0.024157	46.463
21.52	21.50	0.024174	46.562
21.49	21.50	0.024190	46.657
21.49	21.50	0.024207	46.762
21.49	21.50	0.024224	46.861
21.49	21.50	0.024240	46.956
21.49	21.50	0.024257	47.060
21.49	21.50	0.024274	47.155
21.49	21.50	0.024290	47.254
21.49	21.50	0.024307	47.359
21.49	21.50	0.024324	47.454
21.49	21.50	0.024340	47.553
21.49	21.50	0.024357	47.658
21.49	21.50	0.024374	47.752
21.49	21.50	0.024390	47.852
21.49	21.50	0.024407	47.956
21.49	21.50	0.024424	48.051
21.49	21.50	0.024440	48.151
21.49	21.50	0.024457	48.255
21.49	21.50	0.024474	48.350
21.49	21.50	0.024490	48.449
21.49	21.50	0.024507	48.554
21.49	21.50	0.024524	48.648
21.49	21.50	0.024540	48.748
21.49	21.50	0.024557	48.852
21.49	21.50	0.024574	48.947
21.49	21.50	0.024590	49.047
21.52	21.50	0.024607	49.151
21.52	21.50	0.024623	49.246
21.52	21.50	0.024640	49.345
21.52	21.50	0.024657	49.450
21.52	21.50	0.024673	49.544
21.52	21.50	0.024690	49.645
21.52	21.50	0.024707	49.748
21.52	21.50	0.024723	49.843
21.52	21.50	0.024740	49.945
21.52	21.50	0.024757	50.047
21.52	21.50	0.024773	50.142
21.49	21.50	0.024790	50.244
21.49	21.50	0.024807	50.346
21.49	21.50	0.024823	50.441
21.49	21.50	0.024840	50.545
21.49	21.50	0.024857	50.645
21.49	21.50	0.024873	50.741
21.49	21.50	0.024890	50.844
21.49	21.50	0.024907	50.943
21.49	21.50	0.024923	51.041
21.49	21.50	0.024940	51.142
21.49	21.50	0.024957	51.242
21.49	21.50	0.024973	51.341
21.49	21.50	0.024990	51.441
21.49	21.50	0.025007	51.541
21.49	21.50	0.025023	51.641
21.49	21.50	0.025040	51.741
21.49	21.50	0.025057	51.841
21.49	21.50	0.025073	51.941
21.49	21.50	0.025090	52.041
21.49	21.50	0.025107	52.141
21.49	21.50	0.025123	52.241
21.49	21.50	0.025140	52.342
21.52	21.50	0.025157	52.441
21.52	21.50	0.025173	52.541
21.52	21.50	0.025190	52.641
21.52	21.50	0.025207	52.741
21.52	21.50	0.025223	52.841
21.52	21.50	0.025240	52.941
21.52	21.50	0.025257	53.041
21.52	21.50	0.025273	53.141
21.52	21.50	0.025290	53.242
21.49	21.50	0.025307	53.341
21.49	21.50	0.025323	53.441
21.49	21.50	0.025340	53.541
21.49	21.50	0.025357	53.641
21.49	21.50	0.025373	53.741
21.49	21.50	0.025390	53.841
21.49	21.50	0.025407	53.941
21.49	21.50	0.025423	54.041
21.49	21.50	0.025440	54.141
21.49	21.50	0.025456	54.241
21.49	21.50	0.025473	54.341
21.49	21.50	0.025490	54.441
21.49	21.50	0.025506	54.541
21.49	21.50	0.025523	54.641
21.49	21.50	0.025540	54.741
21.49	21.50	0.025556	54.842
21.49	21.50	0.025573	54.942
21.49	21.50	0.025590	55.042
21.49	21.50	0.025606	55.142
21.52	21.50	0.025623	55.242
21.52	21.50	0.025640	55.342
21.52	21.50	0.025656	55.442
21.52	21.50	0.025673	55.543
21.52	21.50	0.025690	55.644
21.52	21.50	0.025706	55.743
21.52	21.50	0.025723	55.843
21.52	21.50	0.025740	55.967
21.52	21.50	0.025756	56.067
21.49	21.50	0.025773	56.171
21.49	21.50	0.025790	56.266
21.49	21.50	0.025806	56.365
21.49	21.50	0.025823	56.470
21.49	21.50	0.025840	56.564
21.49	21.50	0.025856	56.665
21.49	21.50	0.025873	56.769
21.49	21.50	0.025890	56.863
21.49	21.50	0.025906	56.965
21.49	21.50	0.025923	57.068
21.49	21.50	0.025940	57.161
21.49	21.50	0.025956	57.266
21.49	21.50	0.025973	57.365
21.49	21.50	0.025990	57.460
21.49	21.50	0.026006	57.564
21.49	21.50	0.026023	57.664
21.49	21.50	0.026040	57.759
21.49	21.50	0.026056	57.863
21.49	21.50	0.026073	57.964
21.49	21.50	0.026090	58.057
21.49	21.50	0.026106	58.163
21.52	21.50	0.026123	58.262
21.52	21.50	0.026140	58.357
21.52	21.50	0.026156	58.461
21.52	21.50	0.026173	58.556
21.52	21.50	0.026190	58.655
21.52	21.50	0.026206	58.760
21.52	21.50	0.026223	58.855
21.52	21.50	0.026240	58.954
21.52	21.50	0.026256	59.059
21.52	21.50	0.026273	59.153
21.49	21.50	0.026289	59.253
21.49	21.50	0.026306	59.357
21.49	21.50	0.026323	59.452
21.49	21.50	0.026339	59.552
21.49	21.50	0.026356	59.656
21.49	21.50	0.026373	59.751
21.49	21.50	0.026389	59.850
21.49	21.50	0.026406	59.955
21.49	21.50	0.026423	00.049
21.49	21.50	0.026439	00.149
21.49	21.50	0.026456	00.253
21.49	21.50	0.026473	00.348
21.49	21.50	0.026489	00.448
21.49	21.50	0.026506	00.552
21.49	21.50	0.026523	00.647
21.49	21.50	0.026539	00.746
21.49	21.50	0.026556	00.851
21.49	21.50	0.026573	00.945
21.49	21.50	0.026589	01.046
21.49	21.50	0.026606	01.149
21.49	21.50	0.026623	01.244
21.49	21.50	0.026639	01.346
21.52	21.50	0.026656	01.448
21.52	21.50	0.026673	01.543
21.52	21.50	0.026689	01.646
21.52	21.50	0.026706	01.747
21.52	21.50	0.026723	01.843
21.52	21.50	0.026739	01.946
21.52	21.50	0.026756	02.045
21.52	21.50	0.026773	02.143
21.52	21.50	0.026789	02.245
21.52	21.50	0.026806	02.344
21.49	21.50	0.026823	02.443
21.49	21.50	0.026839	02.543
21.49	21.50	0.026856	02.643
21.49	21.50	0.026873	02.743
21.49	21.50	0.026889	02.844
21.49	21.50	0.026906	02.943
21.49	21.50	0.026923	03.043
21.49	21.50	0.026939	03.143
21.49	21.50	0.026956	03.243
21.49	21.50	0.026973	03.343
21.49	21.50	0.026989	03.443
21.49	21.50	0.027006	03.543
21.49	21.50	0.027023	03.643
21.49	21.50	0.027039	03.743
21.49	21.50	0.027056	03.843
21.49	21.50	0.027073	03.943
21.49	21.50	0.027089	04.043
21.49	21.50	0.027106	04.143
21.49	21.50	0.027122	04.243
21.49	21.50	0.027139	04.343
21.49	21.50	0.027156	04.443
21.49	21.50	0.027172	04.543
21.52	21.50	0.027189	04.643
21.52	21.50	0.027206	04.743
21.52	21.50	0.027222	04.843
21.52	21.50	0.027239	04.943
21.52	21.50	0.027256	05.043
21.52	21.50	0.027272	05.143
21.52	21.50	0.027289	05.243
21.52	21.50	0.027306	05.343
21.52	21.50	0.027322	05.443
21.52	21.50	0.027339	05.543
21.49	21.50	0.027356	05.643
21.49	21.50	0.027372	05.743
21.49	21.50	0.027389	05.843
21.49	21.50	0.027406	05.943
21.49	21.50	0.027422	06.043
21.49	21.50	0.027439	06.143
21.49	21.50	0.027456	06.243
21.49	21.50	0.027472	06.344
21.49	21.50	0.027489	06.444
21.49	21.50	0.027506	06.544
21.49	21.50	0.027522	06.644
21.49	21.50	0.027539	06.744
21.49	21.50	0.027556	06.845
21.49	21.50	0.027572	06.944
21.49	21.50	0.027589	07.044
21.49	21.50	0.027606	07.144
21.49	21.50	0.027622	07.244
21.49	21.50	0.027639	07.368
21.49	21.50	0.027656	07.467
21.49	21.50	0.027672	07.572
21.52	21.50	0.027689	07.666
21.52	21.50	0.027706	07.767
21.52	21.50	0.027722	07.871
21.52	21.50	0.027739	07.965
21.52	21.50	0.027756	08.068
21.52	21.50	0.027772	08.169
21.52	21.50	0.027789	08.264
21.52	21.50	0.027806	08.367
21.52	21.50	0.027822	08.468
21.52	21.50	0.027839	08.563
21.49	21.50	0.027856	08.667
21.49	21.50	0.027872	08.767
21.49	21.50	0.027889	08.861
21.49	21.50	0.027906	08.966
21.49	21.50	0.027922	09.065
21.49	21.50	0.027939	09.160
21.49	21.50	0.027955	09.264
21.49	21.50	0.027972	09.364
21.49	21.50	0.027989	09.459
21.49	21.50	0.028005	09.563
21.49	21.50	0.028022	09.663
21.49	21.50	0.028039	09.758
21.49	21.50	0.028055	09.862
21.49	21.50	0.028072	09.957
21.49	21.50	0.028089	10.057
21.49	21.50	0.028105	10.161
21.49	21.50	0.028122	10.256
21.49	21.50	0.028139	10.355
21.49	21.50	0.028155	10.460
21.52	21.50	0.028172	10.554
21.52	21.50	0.028189	10.654
21.52	21.50	0.028205	10.758
21.52	21.50	0.028222	10.853
21.52	21.50	0.028239	10.953
21.52	21.50	0.028255	11.057
21.52	21.50	0.028272	11.152
21.52	21.50	0.028289	11.251
21.52	21.50	0.028305	11.356
21.52	21.50	0.028322	11.450
21.52	21.50	0.028339	11.550
21.52	21.50	0.028355	11.654
21.49	21.50	0.028372	11.749
21.49	21.50	0.028389	11.849
21.49	21.50	0.028405	11.953
21.49	21.50	0.028422	12.048
21.49	21.50	0.028439	12.147
21.49	21.50	0.028455	12.252
21.49	21.50	0.028472	12.346
21.49	21.50	0.028489	12.447
21.49	21.50	0.028505	12.551
21.49	21.50	0.028522	12.645
21.49	21.50	0.028539	12.748
21.49	21.50	0.028555	12.849
21.49	21.50	0.028572	12.946
21.49	21.50	0.028589	13.047
21.49	21.50	0.028605	13.148
21.49	21.50	0.028622	13.247
21.49	21.50	0.028639	13.347
21.49	21.50	0.028655	13.447
21.49	21.50	0.028672	13.546
21.49	21.50	0.028689	13.646
21.49	21.50	0.028705	13.746
21.49	21.50	0.028722	13.846
21.49	21.50	0.028739	13.946
21.49	21.50	0.028755	14.046
21.49	21.50	0.028772	14.146
21.49	21.50	0.028788	14.246
21.49	21.50	0.028805	14.346
21.52	21.50	0.028822	14.446
21.52	21.50	0.028838	14.546
21.52	21.50	0.028855	14.646
21.52	21.50	0.028872	14.746
21.52	21.50	0.028888	14.847
21.52	21.50	0.028905	14.946
21.52	21.50	0.028922	15.046
21.52	21.50	0.028938	15.146
21.49	21.50	0.028955	15.247
21.49	21.50	0.028972	15.347
21.49	21.50	0.028988	15.447
21.49	21.50	0.029005	15.547
21.49	21.50	0.029022	15.647
21.49	21.50	0.029038	15.748
21.49	21.50	0.029055	15.847
21.49	21.50	0.029072	15.947
21.49	21.50	0.029088	16.047
21.49	21.50	0.029105	16.147
21.49	21.50	0.029122	16.247
21.49	21.50	0.029138	16.347
21.49	21.50	0.029155	16.447
21.49	21.50	0.029172	16.547
21.49	21.50	0.029188	16.647
21.49	21.50	0.029205	16.747
21.49	21.50	0.029222	16.847
21.49	21.50	0.029238	16.947
21.52	21.50	0.029255	17.047
21.52	21.50	0.029272	17.147
21.52	21.50	0.029288	17.247
21.52	21.50	0.029305	17.347
21.52	21.50	0.029322	17.448
21.52	21.50	0.029338	17.549
21.52	21.50	0.029355	17.648
21.52	21.50	0.029372	17.748
21.52	21.50	0.029388	17.848
21.49	21.50	0.029405	17.948
21.49	21.50	0.029422	18.077
21.49	21.50	0.029438	18.172
21.49	21.50	0.029455	18.271
21.49	21.50	0.029472	18.376
21.49	21.50	0.029488	18.470
21.49	21.50	0.029505	18.570
21.49	21.50	0.029522	18.675
21.49	21.50	0.029538	18.769
21.49	21.50	0.029555	18.869
21.49	21.50	0.029572	18.973
21.49	21.50	0.029588	19.068
21.49	21.50	0.029605	19.168
21.49	21.50	0.029621	19.272
21.49	21.50	0.029638	19.367
21.49	21.50	0.029655	19.468
21.49	21.50	0.029671	19.571
21.49	21.50	0.029688	19.665
21.49	21.50	0.029705	19.769
21.49	21.50	0.029721	19.869
21.52	21.50	0.029738	19.964
21.52	21.50	0.029755	20.068
21.52	21.50	0.029771	20.168
21.52	21.50	0.029788	20.263
21.52	21.50	0.029805	20.367
21.52	21.50	0.029821	20.467
21.52	21.50	0.029838	20.561
21.52	21.50	0.029855	20.666
21.52	21.50	0.029871	20.765
21.52	21.50	0.029888	20.860
21.52	21.50	0.029905	20.964
21.49	21.50	0.029921	21.064
21.49	21.50	0.029938	21.159
21.49	21.50	0.029955	21.264
21.49	21.50	0.029971	21.358
21.49	21.50	0.029988	21.458
21.49	21.50	0.030005	21.562
21.49	21.50	0.030021	21.657
21.49	21.50	0.030038	21.757
21.49	21.50	0.030055	21.861
21.49	21.50	0.030071	21.956
21.49	21.50	0.030088	22.055
21.49	21.51	0.030105	22.160
21.49	21.51	0.030121	22.254
21.49	21.51	0.030138	22.354
21.49	21.51	0.030155	22.458
21.49	21.51	0.030171	22.553
21.49	21.51	0.030188	22.652
21.49	21.51	0.030205	22.757
21.49	21.51	0.030221	22.852
21.49	21.51	0.030238	22.951
21.52	21.51	0.030255	23.056
21.52	21.51	0.030271	23.150
21.52	21.51	0.030288	23.250
21.52	21.51	0.030305	23.354
21.52	21.52	0.030321	23.449
21.52	21.52	0.030338	23.549
21.52	21.52	0.030355	23.653
21.52	21.52	0.030371	23.748
21.52	21.52	0.030388	23.849
21.52	21.52	0.030405	23.952
21.52	21.52	0.030421	24.048
21.52	21.52	0.030438	24.149
21.52	21.52	0.030454	24.250
21.52	21.52	0.030471	24.348
21.52	21.52	0.030488	24.449
21.52	21.52	0.030504	24.549
21.52	21.52	0.030521	24.648
21.52	21.53	0.030538	24.748
21.52	21.53	0.030554	24.848
21.52	21.53	0.030571	24.948
21.52	21.53	0.030588	25.048
21.52	21.53	0.030604	25.148
21.52	21.53	0.030621	25.248
21.52	21.53	0.030638	25.349
21.52	21.53	0.030654	25.448
21.54	21.53	0.030671	25.548
21.54	21.53	0.030688	25.648
21.54	21.53	0.030704	25.748
21.54	21.53	0.030721	25.848
21.54	21.53	0.030738	25.948
21.54	21.54	0.030754	26.048
21.54	21.54	0.030771	26.148
21.54	21.54	0.030788	26.248
21.54	21.54	0.030804	26.348
21.54	21.54	0.030821	26.448
21.54	21.54	0.030838	26.548
21.54	21.54	0.030854	26.648
21.54	21.54	0.030871	26.748
21.54	21.54	0.030888	26.848
21.54	21.54	0.030904	26.949
21.54	21.54	0.030921	27.048
21.54	21.54	0.030938	27.148
21.54	21.54	0.030954	27.248
21.54	21.55	0.030971	27.348
21.54	21.55	0.030988	27.448
21.54	21.55	0.031004	27.548
21.54	21.55	0.031021	27.648
21.54	21.55	0.031038	27.748
21.54	21.55	0.031054	27.848
21.54	21.55	0.031071	27.948
21.54	21.55	0.031088	28.048
21.54	21.55	0.031104	28.148
21.54	21.55	0.031121	28.248
21.54	21.55	0.031138	28.348
21.54	21.55	0.031154	28.448
21.57	21.55	0.031171	28.549
21.57	21.56	0.031188	28.648
21.57	21.56	0.031204	28.748
21.57	21.56	0.031221	28.848
21.57	21.56	0.031238	28.948
21.57	21.56	0.031254	29.048
21.57	21.56	0.031271	29.148
21.57	21.56	0.031287	29.248
21.57	21.56	0.031304	29.348
21.57	21.56	0.031321	29.449
21.57	21.56	0.031337	29.548
21.57	21.56	0.031354	29.648
21.57	21.56	0.031371	29.777
21.57	21.56	0.031387	29.872
21.57	21.57	0.031404	29.971
21.57	21.57	0.031421	30.076
21.57	21.57	0.031437	30.170
21.57	21.57	0.031454	30.270
21.57	21.57	0.031471	30.374
21.57	21.57	0.031487	30.469
21.57	21.57	0.031504	30.570
21.57	21.57	0.031521	30.673
21.57	21.57	0.031537	30.768
21.57	21.57	0.031554	30.870
21.57	21.57	0.031571	30.972
21.57	21.57	0.031587	31.066
21.57	21.57	0.031604	31.170
21.57	21.58	0.031621	31.271
21.57	21.58	0.031637	31.365
21.57	21.58	0.031654	31.470
21.57	21.58	0.031671	31.569
21.57	21.58	0.031687	31.664
21.57	21.58	0.031704	31.768
21.57	21.58	0.031721	31.868
21.57	21.58	0.031737	31.962
21.57	21.58	0.031754	32.067
21.57	21.58	0.031771	32.167
21.57	21.58	0.031787	32.261
21.57	21.58	0.031804	32.366
21.57	21.58	0.031821	32.460
21.57	21.59	0.031837	32.559
21.57	21.59	0.031854	32.664
21.57	21.59	0.031871	32.758
21.57	21.59	0.031887	32.858
21.57	21.59	0.031904	32.963
21.60	21.59	0.031921	33.058
21.60	21.59	0.031937	33.158
21.60	21.59	0.031954	33.262
21.60	21.59	0.031971	33.357
21.60	21.59	0.031987	33.456
21.60	21.59	0.032004	33.561
21.60	21.59	0.032021	33.656
21.60	21.59	0.032037	33.755
21.60	21.60	0.032054	33.860
21.60	21.60	0.032071	33.954
21.60	21.60	0.032087	34.053
21.60	21.60	0.032104	34.157
21.60	21.60	0.032120	34.252
21.60	21.60	0.032137	34.352
21.60	21.60	0.032154	34.457
21.60	21.60	0.032170	34.552
21.60	21.60	0.032187	34.651
21.60	21.60	0.032204	34.756
21.60	21.60	0.032220	34.850
21.60	21.60	0.032237	34.951
21.60	21.60	0.032254	35.054
21.60	21.61	0.032270	35.149
21.60	21.61	0.032287	35.251
21.60	21.61	0.032304	35.353
21.60	21.61	0.032320	35.449
21.60	21.61	0.032337	35.550
21.60	21.61	0.032354	35.652
21.62	21.61	0.032370	35.749
21.62	21.61	0.032387	35.851
21.62	21.61	0.032404	35.950
21.62	21.61	0.032420	36.049
21.62	21.61	0.032437	36.150
21.62	21.61	0.032454	36.249
21.62	21.61	0.032470	36.349
21.62	21.62	0.032487	36.449
21.62	21.62	0.032504	36.549
21.62	21.62	0.032520	36.649
21.62	21.62	0.032537	36.749
21.62	21.62	0.032554	36.849
21.62	21.62	0.032570	36.949
21.62	21.62	0.032587	37.049
21.62	21.62	0.032604	37.149
21.62	21.62	0.032620	37.249
21.62	21.62	0.032637	37.349
21.62	21.62	0.032654	37.449
21.62	21.62	0.032670	37.549
21.62	21.62	0.032687	37.649
21.62	21.62	0.032704	37.750
21.62	21.63	0.032720	37.849
21.62	21.63	0.032737	37.949
21.62	21.63	0.032754	38.049
21.62	21.63	0.032770	38.149
21.62	21.63	0.032787	38.249
21.62	21.63	0.032804	38.349
21.62	21.63	0.032820	38.449
21.62	21.63	0.032837	38.549
21.62	21.63	0.032854	38.649
21.62	21.63	0.032870	38.749
21.62	21.63	0.032887	38.849
21.62	21.63	0.032904	38.949
21.62	21.63	0.032920	39.049
21.62	21.64	0.032937	39.149
21.62	21.64	0.032953	39.249
21.62	21.64	0.032970	39.349
21.62	21.64	0.032987	39.449
21.65	21.64	0.033003	39.549
21.65	21.64	0.033020	39.649
21.65	21.64	0.033037	39.749
21.65	21.64	0.033053	39.849
21.65	21.64	0.033070	39.949
21.65	21.64	0.033087	40.049
21.65	21.64	0.033103	40.150
21.65	21.64	0.033120	40.251
21.65	21.64	0.033137	40.350
21.65	21.65	0.033153	40.450
21.65	21.65	0.033170	40.550
21.65	21.65	0.033187	40.650
21.65	21.65	0.033203	40.750
21.65	21.65	0.033220	40.849
21.65	21.65	0.033237	40.974
21.65	21.65	0.033253	41.073
21.65	21.65	0.033270	41.177
21.65	21.65	0.033287	41.272
21.65	21.65	0.033303	41.372
21.65	21.65	0.033320	41.476
21.65	21.65	0.033337	41.571
21.65	21.65	0.033353	41.671
21.65	21.66	0.033370	41.776
21.65	21.66	0.033387	41.869
21.65	21.66	0.033403	41.972
21.65	21.66	0.033420	42.074
21.65	21.66	0.033437	42.168
21.65	21.66	0.033453	42.272
21.65	21.66	0.033470	42.372
21.65	21.66	0.033487	42.467
21.65	21.66	0.033503	42.571
21.67	21.66	0.033520	42.672
21.67	21.66	0.033537	42.766
21.67	21.66	0.033553	42.871
21.67	21.66	0.033570	42.971
21.67	21.67	0.033587	43.065
21.67	21.67	0.033603	43.170
21.67	21.67	0.033620	43.269
21.67	21.67	0.033637	43.364
21.67	21.67	0.033653	43.468
21.67	21.67	0.033670	43.568
21.67	21.67	0.033687	43.663
21.67	21.67	0.033703	43.767
21.67	21.67	0.033720	43.862
21.67	21.67	0.033737	43.961
21.67	21.67	0.033753	44.066
21.67	21.67	0.033770	44.160
21.67	21.67	0.033786	44.260
21.67	21.68	0.033803	44.364
21.67	21.68	0.033820	44.459
21.67	21.68	0.033836	44.559
21.67	21.68	0.033853	44.663
21.67	21.68	0.033870	44.758
21.67	21.68	0.033886	44.857
21.67	21.68	0.033903	44.962
21.67	21.68	0.033920	45.056
21.67	21.68	0.033936	45.156
21.67	21.68	0.033953	45.260
21.70	21.68	0.033970	45.355
21.70	21.68	0.033986	45.455
21.70	21.68	0.034003	45.559
21.70	21.69	0.034020	45.654
21.70	21.69	0.034036	45.753
21.70	21.69	0.034053	45.858
21.70	21.69	0.034070	45.953
21.70	21.69	0.034086	46.053
21.70	21.69	0.034103	46.157
21.70	21.69	0.034120	46.253
21.70	21.69	0.034136	46.353
21.70	21.69	0.034153	46.455
21.70	21.69	0.034170	46.553
21.70	21.69	0.034186	46.653
21.70	21.69	0.034203	46.754
21.70	21.69	0.034220	46.853
21.70	21.70	0.034236	46.953
21.67	21.70	0.034253	47.053
21.67	21.70	0.034270	47.153
21.67	21.70	0.034286	47.253
21.67	21.70	0.034303	47.353
21.67	21.70	0.034320	47.453
21.67	21.70	0.034336	47.553
21.67	21.70	0.034353	47.653
21.70	21.70	0.034370	47.753
21.70	21.70	0.034386	47.853
21.70	21.70	0.034403	47.953
21.70	21.70	0.034420	48.053
21.70	21.70	0.034436	48.153
21.70	21.71	0.034453	48.253
21.70	21.71	0.034470	48.353
21.70	21.71	0.034486	48.453
21.70	21.71	0.034503	48.553
21.70	21.71	0.034520	48.654
21.73	21.71	0.034536	48.753
21.73	21.71	0.034553	48.853
21.73	21.71	0.034570	48.953
21.73	21.71	0.034586	49.053
21.73	21.71	0.034603	49.153
21.73	21.71	0.034619	49.253
21.73	21.71	0.034636	49.353
21.73	21.71	0.034653	49.453
21.73	21.72	0.034669	49.554
21.73	21.72	0.034686	49.653
21.73	21.72	0.034703	49.753
21.73	21.72	0.034719	49.853
21.73	21.72	0.034736	49.953
21.73	21.72	0.034753	50.053
21.73	21.72	0.034769	50.153
21.70	21.72	0.034786	50.253
21.70	21.72	0.034803	50.353
21.70	21.72	0.034819	50.453
21.70	21.72	0.034836	50.553
21.70	21.72	0.034853	50.653
21.70	21.72	0.034869	50.753
21.70	21.73	0.034886	50.853
21.70	21.73	0.034903	50.953
21.70	21.73	0.034919	51.053
21.70	21.73	0.034936	51.154
21.70	21.73	0.034953	51.253
21.73	21.73	0.034969	51.353
21.73	21.73	0.034986	51.453
21.73	21.73	0.035003	51.553
21.73	21.73	0.035019	51.653
21.73	21.73	0.035036	51.753
21.73	21.73	0.035053	51.877
21.73	21.73	0.035069	51.982
21.73	21.73	0.035086	52.076
21.73	21.74	0.035103	52.176
21.73	21.74	0.035119	52.281
21.75	21.74	0.035136	52.375
21.75	21.74	0.035153	52.475
21.75	21.74	0.035169	52.579
21.75	21.74	0.035186	52.674
21.75	21.74	0.035203	52.773
21.75	21.74	0.035219	52.878
21.75	21.74	0.035236	52.972
21.75	21.74	0.035253	53.073
21.75	21.74	0.035269	53.177
21.75	21.74	0.035286	53.271
21.75	21.74	0.035303	53.373
21.75	21.75	0.035319	53.475
21.75	21.75	0.035336	53.570
21.75	21.75	0.035353	53.672
21.75	21.75	0.035369	53.774
21.75	21.75	0.035386	53.869
21.75	21.75	0.035403	53.973
21.75	21.75	0.035419	54.073
21.75	21.75	0.035436	54.167
21.75	21.75	0.035452	54.272
21.75	21.75	0.035469	54.371
21.75	21.75	0.035486	54.466
21.75	21.75	0.035502	54.570
21.75	21.75	0.035519	54.670
21.75	21.76	0.035536	54.765
21.75	21.76	0.035552	54.869
21.75	21.76	0.035569	54.969
21.75	21.76	0.035586	55.063
21.75	21.76	0.035602	55.168
21.75	21.76	0.035619	55.262
21.75	21.76	0.035636	55.362
21.75	21.76	0.035652	55.467
21.75	21.76	0.035669	55.561
21.75	21.76	0.035686	55.661
21.75	21.76	0.035702	55.765
21.75	21.76	0.035719	55.860
21.75	21.76	0.035736	55.959
21.75	21.77	0.035752	56.064
21.78	21.77	0.035769	56.158
21.78	21.77	0.035786	56.258
21.78	21.77	0.035802	56.363
21.78	21.77	0.035819	56.457
21.78	21.77	0.035836	56.557
21.78	21.77	0.035852	56.661
21.78	21.77	0.035869	56.756
21.78	21.77	0.035886	56.855
21.78	21.77	0.035902	56.960
21.78	21.77	0.035919	57.055
21.78	21.77	0.035936	57.154
21.78	21.77	0.035952	57.259
21.78	21.78	0.035969	57.354
21.78	21.78	0.035986	57.454
21.78	21.78	0.036002	57.557
21.78	21.78	0.036019	57.654
21.78	21.78	0.036036	57.754
21.78	21.78	0.036052	57.856
21.78	21.78	0.036069	57.954
21.78	21.78	0.036086	58.054
21.78	21.78	0.036102	58.155
21.78	21.78	0.036119	58.254
21.78	21.78	0.036136	58.354
21.78	21.78	0.036152	58.454
21.78	21.78	0.036169	58.554
21.78	21.79	0.036186	58.654
21.78	21.79	0.036202	58.754
21.78	21.79	0.036219	58.854
21.78	21.79	0.036236	58.954
21.78	21.79	0.036252	59.054
21.78	21.79	0.036269	59.154
21.78	21.79	0.036285	59.254
21.78	21.79	0.036302	59.354
21.78	21.79	0.036319	59.454
21.78	21.79	0.036335	59.555
21.78	21.79	0.036352	59.654
21.80	21.79	0.036369	59.754
21.80	21.79	0.036385	59.854
21.80	21.80	0.036402	59.954
21.80	21.80	0.036419	00.054
21.80	21.80	0.036435	00.154
21.80	21.80	0.036452	00.254
21.80	21.80	0.036469	00.354
21.80	21.80	0.036485	00.454
21.80	21.80	0.036502	00.554
21.80	21.80	0.036519	00.654
21.80	21.80	0.036535	00.754
21.80	21.80	0.036552	00.854
21.80	21.80	0.036569	00.954
21.80	21.80	0.036585	01.054
21.80	21.80	0.036602	01.154
21.80	21.81	0.036619	01.254
21.80	21.81	0.036635	01.354
21.80	21.81	0.036652	01.454
21.80	21.81	0.036669	01.554
21.80	21.81	0.036685	01.654
21.80	21.81	0.036702	01.754
21.80	21.81	0.036719	01.854
21.80	21.81	0.036735	01.954
21.80	21.81	0.036752	02.055
21.80	21.81	0.036769	02.154
21.83	21.81	0.036785	02.254
21.83	21.81	0.036802	02.354
21.83	21.81	0.036819	02.454
21.83	21.82	0.036835	02.554
21.83	21.82	0.036852	02.654
21.83	21.82	0.036869	02.754
21.83	21.82	0.036885	02.854
21.83	21.82	0.036902	02.954
21.83	21.82	0.036919	03.054
21.83	21.82	0.036935	03.154
21.83	21.82	0.036952	03.278
21.83	21.82	0.036969	03.383
21.83	21.82	0.036985	03.477
21.83	21.82	0.037002	03.577
21.83	21.82	0.037019	03.681
21.83	21.82	0.037035	03.776
21.83	21.83	0.037052	03.876
21.83	21.83	0.037069	03.980
21.80	21.83	0.037085	04.075
21.80	21.83	0.037102	04.174
21.80	21.83	0.037118	04.279
21.80	21.83	0.037135	04.373
21.80	21.83	0.037152	04.474
21.80	21.83	0.037168	04.577
21.83	21.83	0.037185	04.672
21.83	21.83	0.037202	04.775
21.83	21.83	0.037218	04.876
21.83	21.83	0.037235	04.971
21.83	21.83	0.037252	05.074
21.83	21.84	0.037268	05.175
21.83	21.84	0.037285	05.269
21.83	21.84	0.037302	05.374
21.83	21.84	0.037318	05.474
21.86	21.84	0.037335	05.568
21.86	21.84	0.037352	05.673
21.86	21.84	0.037368	05.772
21.86	21.84	0.037385	05.867
21.86	21.84	0.037402	05.971
21.86	21.84	0.037418	06.071
21.86	21.84	0.037435	06.166
21.86	21.84	0.037452	06.270
21.86	21.84	0.037468	06.370
21.86	21.84	0.037485	06.464
21.86	21.85	0.037502	06.569
21.86	21.85	0.037518	06.663
21.86	21.85	0.037535	06.763
21.83	21.85	0.037552	06.867
21.83	21.85	0.037568	06.962
21.83	21.85	0.037585	07.062
21.83	21.85	0.037602	07.166
21.83	21.85	0.037618	07.261
21.83	21.85	0.037635	07.360
21.83	21.85	0.037652	07.465
21.83	21.85	0.037668	07.559
21.83	21.85	0.037685	07.659
21.83	21.85	0.037702	07.763
21.86	21.86	0.037718	07.858
21.86	21.86	0.037735	07.958
21.86	21.86	0.037752	08.062
21.86	21.86	0.037768	08.157
21.86	21.86	0.037785	08.257
21.86	21.86	0.037802	08.361
21.86	21.86	0.037818	08.456
21.86	21.86	0.037835	08.556
21.86	21.86	0.037852	08.660
21.86	21.86	0.037868	08.755
21.86	21.86	0.037885	08.854
21.86	21.86	0.037902	08.959
21.86	21.86	0.037918	09.054
21.88	21.87	0.037935	09.155
21.88	21.87	0.037951	09.257
21.88	21.87	0.037968	09.354
21.88	21.87	0.037985	09.455
21.88	21.87	0.038001	09.556
21.88	21.87	0.038018	09.654
21.88	21.87	0.038035	09.754
21.88	21.87	0.038051	09.855
21.88	21.87	0.038068	09.954
21.88	21.87	0.038085	10.054
21.88	21.87	0.038101	10.154
21.88	21.87	0.038118	10.254
21.88	21.87	0.038135	10.354
21.88	21.88	0.038151	10.454
21.88	21.88	0.038168	10.554
21.88	21.88	0.038185	10.654
21.88	21.88	0.038201	10.754
21.86	21.88	0.038218	10.854
21.86	21.88	0.038235	10.954
21.86	21.88	0.038251	11.055
21.86	21.88	0.038268	11.154
21.86	21.88	0.038285	11.254
21.88	21.88	0.038301	11.354
21.88	21.88	0.038318	11.455
21.88	21.88	0.038335	11.555
21.88	21.88	0.038351	11.655
21.88	21.89	0.038368	11.755
21.88	21.89	0.038385	11.855
21.88	21.89	0.038401	11.955
21.88	21.89	0.038418	12.055
21.88	21.89	0.038435	12.155
21.88	21.89	0.038451	12.255
21.88	21.89	0.038468	12.355
21.88	21.89	0.038485	12.455
21.88	21.89	0.038501	12.555
21.88	21.89	0.038518	12.655
21.91	21.89	0.038535	12.755
21.91	21.89	0.038551	12.855
21.91	21.89	0.038568	12.955
21.91	21.90	0.038585	13.054
21.91	21.90	0.038601	13.155
21.91	21.90	0.038618	13.255
21.91	21.90	0.038635	13.356
21.91	21.90	0.038651	13.457
21.91	21.90	0.038668	13.556
21.91	21.90	0.038685	13.656
21.91	21.90	0.038701	13.756
21.91	21.90	0.038718	13.856
21.91	21.90	0.038735	13.956
21.91	21.90	0.038751	14.056
21.91	21.90	0.038768	14.156
21.91	21.90	0.038784	14.256
21.91	21.91	0.038801	14.380
21.88	21.91	0.038818	14.485
21.88	21.91	0.038834	14.580
21.88	21.91	0.038851	14.679
21.88	21.91	0.038868	14.784
21.88	21.91	0.038884	14.878
21.91	21.91	0.038901	14.978
21.91	21.91	0.038918	15.082
21.91	21.91	0.038934	15.177
21.91	21.91	0.038951	15.277
21.91	21.91	0.038968	15.382
21.91	21.91	0.038984	15.476
21.91	21.91	0.039001	15.576
21.91	21.92	0.039018	15.680
21.91	21.92	0.039034	15.775
21.91	21.92	0.039051	15.875
21.91	21.92	0.039068	15.979
21.91	21.92	0.039084	16.074
21.91	21.92	0.039101	16.175
21.91	21.92	0.039118	16.278
21.93	21.92	0.039134	16.372
21.93	21.92	0.039151	16.476
21.93	21.92	0.039168	16.576
21.93	21.92	0.039184	16.671
21.93	21.92	0.039201	16.775
21.93	21.92	0.039218	16.875
21.93	21.93	0.039234	16.970
21.93	21.93	0.039251	17.074
21.93	21.93	0.039268	17.174
21.93	21.93	0.039284	17.268
21.93	21.93	0.039301	17.373
21.93	21.93	0.039318	17.472
21.93	21.93	0.039334	17.567
21.93	21.93	0.039351	17.672
21.93	21.93	0.039368	17.766
21.93	21.93	0.039384	17.866
21.93	21.93	0.039401	17.970
21.93	21.93	0.039418	18.065
21.93	21.93	0.039434	18.164
21.93	21.94	0.039451	18.269
21.93	21.94	0.039468	18.363
21.93	21.94	0.039484	18.463
21.93	21.94	0.039501	18.568
21.93	21.94	0.039518	18.662
21.93	21.94	0.039534	18.762
21.93	21.94	0.039551	18.866
21.93	21.94	0.039568	18.961
21.93	21.94	0.039584	19.060
21.93	21.94	0.039601	19.165
21.93	21.94	0.039617	19.260
21.96	21.94	0.039634	19.359
21.96	21.94	0.039651	19.463
21.96	21.95	0.039667	19.558
21.96	21.95	0.039684	19.657
21.96	21.95	0.039701	19.762
21.96	21.95	0.039717	19.856
21.96	21.95	0.039734	19.956
21.96	21.95	0.039751	20.061
21.96	21.95	0.039767	20.156
21.96	21.95	0.039784	20.256
21.96	21.95	0.039801	20.360
21.96	21.95	0.039817	20.456
21.96	21.95	0.039834	20.556
21.96	21.95	0.039851	20.658
21.96	21.95	0.039867	20.756
21.96	21.96	0.039884	20.857
21.96	21.96	0.039901	20.957
21.96	21.96	0.039917	21.056
21.93	21.96	0.039934	21.156
21.93	21.96	0.039951	21.256
21.93	21.96	0.039967	21.356
21.93	21.96	0.039984	21.456
21.93	21.96	0.040001	21.557
21.96	21.96	0.040017	21.656
21.96	21.96	0.040034	21.756
21.96	21.96	0.040051	21.856
21.96	21.96	0.040067	21.956
21.96	21.96	0.040084	22.056
21.96	21.97	0.040101	22.156
21.96	21.97	0.040117	22.256
21.96	21.97	0.040134	22.356
21.96	21.97	0.040151	22.456
21.96	21.97	0.040167	22.556
21.96	21.97	0.040184	22.656
21.96	21.97	0.040201	22.756
21.99	21.97	0.040217	22.856
21.99	21.97	0.040234	22.956
21.99	21.97	0.040251	23.056
21.99	21.97	0.040267	23.157
21.99	21.97	0.040284	23.256
21.99	21.97	0.040301	23.356
21.99	21.98	0.040317	23.456
21.99	21.98	0.040334	23.556
21.99	21.98	0.040351	23.656
21.99	21.98	0.040367	23.756
21.99	21.98	0.040384	23.856
21.99	21.98	0.040401	23.956
21.99	21.98	0.040417	24.057
21.96	21.98	0.040434	24.156
21.96	21.98	0.040450	24.256
21.96	21.98	0.040467	24.356
21.96	21.98	0.040484	24.456
21.96	21.98	0.040500	24.556
21.96	21.98	0.040517	24.656
21.96	21.99	0.040534	24.756
21.96	21.99	0.040550	24.856
21.99	21.99	0.040567	24.956
21.99	21.99	0.040584	25.056
21.99	21.99	0.040600	25.156
21.99	21.99	0.040617	25.256
21.99	21.99	0.040634	25.356
21.99	21.99	0.040650	25.456
21.99	21.99	0.040667	25.556
21.99	21.99	0.040684	25.657
21.99	21.99	0.040700	25.756
21.99	21.99	0.040717	25.856
21.99	21.99	0.040734	25.956
21.99	22.00	0.040750	26.055
21.99	22.00	0.040767	26.185
22.01	22.00	0.040784	26.280
22.01	22.00	0.040800	26.379
22.01	22.00	0.040817	26.484
22.01	22.00	0.040834	26.578
22.01	22.00	0.040850	26.678
22.01	22.00	0.040867	26.783
22.01	22.00	0.040884	26.877
22.01	22.00	0.040900	26.977
22.01	22.00	0.040917	27.081
22.01	22.00	0.040934	27.175
22.01	22.00	0.040950	27.277
22.01	22.01	0.040967	27.379
22.01	22.01	0.040984	27.474
22.01	22.01	0.041000	27.576
22.01	22.01	0.041017	27.678
22.01	22.01	0.041034	27.773
22.01	22.01	0.041050	27.877
22.01	22.01	0.041067	27.977
22.01	22.01	0.041084	28.071
22.01	22.01	0.041100	28.176
22.01	22.01	0.041117	28.275
22.01	22.01	0.041134	28.370
22.01	22.01	0.041150	28.474
22.01	22.01	0.041167	28.574
22.01	22.02	0.041184	28.669
22.01	22.02	0.041200	28.774
22.01	22.02	0.041217	28.873
22.01	22.02	0.041234	28.967
22.01	22.02	0.041250	29.073
22.01	22.02	0.041267	29.166
22.01	22.02	0.041283	29.267
22.01	22.02	0.041300	29.371
22.01	22.02	0.041317	29.466
22.01	22.02	0.041333	29.566
22.01	22.02	0.041350	29.670
22.01	22.02	0.041367	29.765
22.01	22.02	0.041383	29.864
22.01	22.03	0.041400	29.969
22.01	22.03	0.041417	30.063
22.01	22.03	0.041433	30.163
22.01	22.03	0.041450	30.268
22.04	22.03	0.041467	30.362
22.04	22.03	0.041483	30.462
22.04	22.03	0.041500	30.566
22.04	22.03	0.041517	30.661
22.04	22.03	0.041533	30.760
22.04	22.03	0.041550	30.865
22.04	22.03	0.041567	30.959
22.04	22.03	0.041583	31.059
22.04	22.03	0.041600	31.164
22.04	22.04	0.041617	31.258
22.04	22.04	0.041633	31.358
22.04	22.04	0.041650	31.462
22.04	22.04	0.041667	31.557
22.04	22.04	0.041683	31.657
22.04	22.04	0.041700	31.760
22.04	22.04	0.041717	31.857
22.04	22.04	0.041733	31.958
22.04	22.04	0.041750	32.059
22.04	22.04	0.041767	32.157
22.04	22.04	0.041783	32.257
22.04	22.04	0.041800	32.358
22.04	22.04	0.041817	32.457
22.04	22.05	0.041833	32.557
22.04	22.05	0.041850	32.657
22.04	22.05	0.041867	32.757
22.04	22.05	0.041883	32.857
22.06	22.05	0.041900	32.957
22.06	22.05	0.041917	33.057
22.06	22.05	0.041933	33.157
22.06	22.05	0.041950	33.257
22.06	22.05	0.041967	33.357
22.06	22.05	0.041983	33.457
22.06	22.05	0.042000	33.558
22.06	22.05	0.042017	33.657
22.06	22.05	0.042033	33.757
22.06	22.06	0.042050	33.857
22.06	22.06	0.042067	33.957
22.06	22.06	0.042083	34.057
22.06	22.06	0.042100	34.157
22.06	22.06	0.042116	34.257
22.06	22.06	0.042133	34.357
22.06	22.06	0.042150	34.457
22.06	22.06	0.042166	34.558
22.06	22.06	0.042183	34.657
22.06	22.06	0.042200	34.757
22.06	22.06	0.042216	34.857
22.06	22.06	0.042233	34.957
22.06	22.06	0.042250	35.057
22.06	22.07	0.042266	35.157
22.06	22.07	0.042283	35.257
22.06	22.07	0.042300	35.357
22.06	22.07	0.042316	35.457
22.06	22.07	0.042333	35.557
22.06	22.07	0.042350	35.657
22.06	22.07	0.042366	35.757
22.06	22.07	0.042383	35.857
22.06	22.07	0.042400	35.957
22.06	22.07	0.042416	36.057
22.06	22.07	0.042433	36.158
22.06	22.07	0.042450	36.257
22.06	22.07	0.042466	36.357
22.06	22.08	0.042483	36.457
22.06	22.08	0.042500	36.557
22.06	22.08	0.042516	36.657
22.06	22.08	0.042533	36.758
22.09	22.08	0.042550	36.857
22.09	22.08	0.042566	36.957
22.09	22.08	0.042583	37.057
22.09	22.08	0.042600	37.157
22.09	22.08	0.042616	37.257
22.09	22.08	0.042633	37.357
22.09	22.08	0.042650	37.481
22.09	22.08	0.042666	37.586
22.09	22.08	0.042683	37.680
22.09	22.08	0.042700	37.780
22.09	22.09	0.042716	37.885
22.09	22.09	0.042733	37.979
22.09	22.09	0.042750	38.079
22.09	22.09	0.042766	38.183
22.09	22.09	0.042783	38.278
22.09	22.09	0.042800	38.377
22.09	22.09	0.042816	38.482
22.09	22.09	0.042833	38.577
22.09	22.09	0.042850	38.678
22.09	22.09	0.042866	38.781
22.09	22.09	0.042883	38.876
22.09	22.09	0.042900	38.978
22.09	22.09	0.042916	39.080
22.09	22.10	0.042933	39.174
22.09	22.10	0.042949	39.278
22.09	22.10	0.042966	39.379
22.09	22.10	0.042983	39.473
22.09	22.10	0.042999	39.578
22.09	22.10	0.043016	39.677
22.09	22.10	0.043033	39.772
22.09	22.10	0.043049	39.876
22.09	22.10	0.043066	39.976
22.12	22.10	0.043083	40.070
22.12	22.10	0.043099	40.175
22.12	22.10	0.043116	40.275
22.12	22.10	0.043133	40.369
22.12	22.11	0.043149	40.474
22.12	22.11	0.043166	40.568
22.12	22.11	0.043183	40.668
22.12	22.11	0.043199	40.772
22.12	22.11	0.043216	40.867
22.12	22.11	0.043233	40.967
22.12	22.11	0.043249	41.071
22.12	22.11	0.043266	41.166
22.12	22.11	0.043283	41.265
22.12	22.11	0.043299	41.370
22.12	22.11	0.043316	41.464
22.09	22.11	0.043333	41.564
22.09	22.11	0.043349	41.668
22.09	22.12	0.043366	41.763
22.09	22.12	0.043383	41.863
22.09	22.12	0.043399	41.967
22.09	22.12	0.043416	42.062
22.09	22.12	0.043433	42.161
22.09	22.12	0.043449	42.266
22.12	22.12	0.043466	42.360
22.12	22.12	0.043483	42.460
22.12	22.12	0.043499	42.565
22.12	22.12	0.043516	42.659
22.12	22.12	0.043533	42.759
22.12	22.12	0.043549	42.863
22.12	22.12	0.043566	42.958
22.12	22.13	0.043583	43.058
22.12	22.13	0.043599	43.162
22.14	22.13	0.043616	43.258
22.14	22.13	0.043633	43.358
22.14	22.13	0.043649	43.461
22.14	22.13	0.043666	43.558
22.14	22.13	0.043683	43.659
22.14	22.13	0.043699	43.759
22.14	22.13	0.043716	43.858
22.14	22.13	0.043733	43.958
22.14	22.13	0.043749	44.058
22.14	22.13	0.043766	44.159
22.14	22.13	0.043782	44.258
22.14	22.14	0.043799	44.358
22.14	22.14	0.043816	44.458
22.14	22.14	0.043832	44.558
22.14	22.14	0.043849	44.658
22.14	22.14	0.043866	44.758
22.14	22.14	0.043882	44.858
22.14	22.14	0.043899	44.958
22.14	22.14	0.043916	45.058
22.14	22.14	0.043932	45.158
22.14	22.14	0.043949	45.258
22.14	22.14	0.043966	45.358
22.14	22.14	0.043982	45.458
22.14	22.14	0.043999	45.558
22.14	22.15	0.044016	45.658
22.14	22.15	0.044032	45.759
22.14	22.15	0.044049	45.858
22.14	22.15	0.044066	45.958
22.14	22.15	0.044082	46.058
22.14	22.15	0.044099	46.159
22.14	22.15	0.044116	46.258
22.14	22.15	0.044132	46.358
22.14	22.15	0.044149	46.458
22.14	22.15	0.044166	46.558
22.14	22.15	0.044182	46.658
22.14	22.15	0.044199	46.758
22.14	22.15	0.044216	46.858
22.14	22.16	0.044232	46.958
22.14	22.16	0.044249	47.058
22.14	22.16	0.044266	47.158
22.14	22.16	0.044282	47.258
22.17	22.16	0.044299	47.358
22.17	22.16	0.044316	47.458
22.17	22.16	0.044332	47.558
22.17	22.16	0.044349	47.658
22.17	22.16	0.044366	47.758
22.17	22.16	0.044382	47.858
22.17	22.16	0.044399	47.958
22.17	22.16	0.044416	48.058
22.17	22.16	0.044432	48.158
22.17	22.17	0.044449	48.258
22.17	22.17	0.044466	48.358
22.17	22.17	0.044482	48.458
22.17	22.17	0.044499	48.558
22.17	22.17	0.044516	48.658
22.17	22.17	0.044532	48.758
22.17	22.17	0.044549	48.858
22.17	22.17	0.044566	48.987
22.17	22.17	0.044582	49.082
22.17	22.17	0.044599	49.181
22.17	22.17	0.044615	49.286
22.17	22.17	0.044632	49.380
22.17	22.17	0.044649	49.480
22.17	22.18	0.044665	49.585
22.17	22.18	0.044682	49.679
22.17	22.18	0.044699	49.780
22.17	22.18	0.044715	49.883
22.17	22.18	0.044732	49.977
22.19	22.18	0.044749	50.080
22.19	22.18	0.044765	50.182
22.19	22.18	0.044782	50.277
22.19	22.18	0.044799	50.380
22.19	22.18	0.044815	50.481
22.19	22.18	0.044832	50.576
22.19	22.18	0.044849	50.679
22.19	22.18	0.044865	50.780
22.19	22.19	0.044882	50.874
22.19	22.19	0.044899	50.979
22.19	22.19	0.044915	51.078
22.19	22.19	0.044932	51.173
22.19	22.19	0.044949	51.278
22.19	22.19	0.044965	51.377
22.19	22.19	0.044982	51.471
22.19	22.19	0.044999	51.576
22.19	22.19	0.045015	51.675
22.19	22.19	0.045032	51.770
22.19	22.19	0.045049	51.874
22.19	22.19	0.045065	51.969
22.19	22.19	0.045082	52.069
22.19	22.20	0.045099	52.173
22.19	22.20	0.045115	52.268
22.19	22.20	0.045132	52.367
22.19	22.20	0.045149	52.472
22.19	22.20	0.045165	52.566
22.19	22.20	0.045182	52.666
22.19	22.20	0.045199	52.770
22.19	22.20	0.045215	52.865
22.19	22.20	0.045232	52.965
22.19	22.20	0.045249	53.069
22.19	22.20	0.045265	53.164
22.19	22.20	0.045282	53.263
22.19	22.20	0.045299	53.368
22.19	22.21	0.045315	53.462
22.19	22.21	0.045332	53.562
22.19	22.21	0.045349	53.667
22.22	22.21	0.045365	53.761
22.22	22.21	0.045382	53.861
22.22	22.21	0.045399	53.965
22.22	22.21	0.045415	54.060
22.22	22.21	0.045432	54.159
22.22	22.21	0.045448	54.264
22.22	22.21	0.045465	54.359
22.22	22.21	0.045482	54.460
22.22	22.21	0.045498	54.563
22.22	22.21	0.045515	54.658
22.22	22.22	0.045532	54.760
22.22	22.22	0.045548	54.861
22.22	22.22	0.045565	54.958
22.22	22.22	0.045582	55.059
22.22	22.22	0.045598	55.160
22.22	22.22	0.045615	55.259
22.22	22.22	0.045632	55.359
22.22	22.22	0.045648	55.459
22.22	22.22	0.045665	55.558
22.22	22.22	0.045682	55.658
22.22	22.22	0.045698	55.758
22.22	22.22	0.045715	55.858
22.22	22.22	0.045732	55.958
22.22	22.23	0.045748	56.058
22.22	22.23	0.045765	56.158
22.22	22.23	0.045782	56.258
22.22	22.23	0.045798	56.358
22.22	22.23	0.045815	56.458
22.22	22.23	0.045832	56.558
22.22	22.23	0.045848	56.658
22.22	22.23	0.045865	56.758
22.22	22.23	0.045882	56.858
22.25	22.23	0.045898	56.958
22.25	22.23	0.045915	57.058
22.25	22.23	0.045932	57.158
22.25	22.23	0.045948	57.258
22.25	22.24	0.045965	57.358
22.25	22.24	0.045982	57.458
22.25	22.24	0.045998	57.558
22.25	22.24	0.046015	57.658
22.25	22.24	0.046032	57.758
22.25	22.24	0.046048	57.858
22.25	22.24	0.046065	57.958
22.22	22.24	0.046082	58.058
22.22	22.24	0.046098	58.158
22.22	22.24	0.046115	58.258
22.22	22.24	0.046132	58.358
22.22	22.24	0.046148	58.458
22.22	22.24	0.046165	58.559
22.22	22.25	0.046182	58.658
22.22	22.25	0.046198	58.758
22.22	22.25	0.046215	58.858
22.25	22.25	0.046232	58.958
22.25	22.25	0.046248	59.058
22.25	22.25	0.046265	59.158
22.25	22.25	0.046281	59.258
22.25	22.25	0.046298	59.358
22.25	22.25	0.046315	59.458
22.25	22.25	0.046331	59.558
22.25	22.25	0.046348	59.658
22.25	22.25	0.046365	59.758
22.25	22.25	0.046381	59.858
22.25	22.26	0.046398	59.958
22.25	22.26	0.046415	00.059
22.25	22.26	0.046431	00.160
22.27	22.26	0.046448	00.259
22.27	22.26	0.046465	00.359
22.27	22.26	0.046481	00.483
22.27	22.26	0.046498	00.582
22.27	22.26	0.046515	00.687
22.27	22.26	0.046531	00.781
22.27	22.26	0.046548	00.881
22.27	22.26	0.046565	00.986
22.27	22.26	0.046581	01.080
22.27	22.26	0.046598	01.181
22.27	22.27	0.046615	01.284
22.27	22.27	0.046631	01.379
22.27	22.27	0.046648	01.480
22.27	22.27	0.046665	01.583
22.27	22.27	0.046681	01.677
22.27	22.27	0.046698	01.781
22.27	22.27	0.046715	01.882
22.27	22.27	0.046731	01.976
22.27	22.27	0.046748	02.081
22.27	22.27	0.046765	02.180
22.27	22.27	0.046781	02.275
22.27	22.27	0.046798	02.379
22.27	22.27	0.046815	02.479
22.27	22.28	0.046831	02.574
22.27	22.28	0.046848	02.679
22.27	22.28	0.046865	02.778
22.27	22.28	0.046881	02.873
22.27	22.28	0.046898	02.977
22.27	22.28	0.046915	03.077
22.27	22.28	0.046931	03.171
22.27	22.28	0.046948	03.276
22.27	22.28	0.046965	03.370
22.27	22.28	0.046981	03.470
22.27	22.28	0.046998	03.575
22.27	22.28	0.047015	03.669
22.27	22.28	0.047031	03.769
22.27	22.29	0.047048	03.873
22.30	22.29	0.047065	03.968
22.30	22.29	0.047081	04.067
22.30	22.29	0.047098	04.172
22.30	22.29	0.047114	04.267
22.30	22.29	0.047131	04.366
22.30	22.29	0.047148	04.471
22.30	22.29	0.047164	04.565
22.30	22.29	0.047181	04.665
22.30	22.29	0.047198	04.769
22.30	22.29	0.047214	04.864
22.30	22.29	0.047231	04.963
22.30	22.29	0.047248	05.068
22.30	22.30	0.047264	05.163
22.30	22.30	0.047281	05.262
22.30	22.30	0.047298	05.367
22.30	22.30	0.047314	05.461
22.30	22.30	0.047331	05.561
22.30	22.30	0.047348	05.665
22.30	22.30	0.047364	05.760
22.30	22.30	0.047381	05.862
22.30	22.30	0.047398	05.964
22.30	22.30	0.047414	06.059
22.30	22.30	0.047431	06.161
22.30	22.30	0.047448	06.263
22.30	22.30	0.047464	06.359
22.30	22.30	0.047481	06.461
22.30	22.31	0.047498	06.561
22.30	22.31	0.047514	06.659
22.30	22.31	0.047531	06.760
22.30	22.31	0.047548	06.860
22.30	22.31	0.047564	06.960
22.30	22.31	0.047581	07.059
22.30	22.31	0.047598	07.159
22.30	22.31	0.047614	07.259
22.30	22.31	0.047631	07.359
22.30	22.31	0.047648	07.459
22.32	22.31	0.047664	07.559
22.32	22.31	0.047681	07.659
22.32	22.31	0.047698	07.759
22.32	22.32	0.047714	07.859
22.32	22.32	0.047731	07.959
22.32	22.32	0.047748	08.059
22.32	22.32	0.047764	08.159
22.32	22.32	0.047781	08.259
22.32	22.32	0.047798	08.359
22.32	22.32	0.047814	08.459
22.32	22.32	0.047831	08.559
22.32	22.32	0.047848	08.659
22.32	22.32	0.047864	08.759
22.32	22.32	0.047881	08.859
22.32	22.32	0.047898	08.959
22.32	22.32	0.047914	09.059
22.32	22.33	0.047931	09.159
22.32	22.33	0.047947	09.259
22.32	22.33	0.047964	09.359
22.32	22.33	0.047981	09.459
22.32	22.33	0.047997	09.560
22.32	22.33	0.048014	09.659
22.32	22.33	0.048031	09.759
22.32	22.33	0.048047	09.859
22.32	22.33	0.048064	09.959
22.32	22.33	0.048081	10.059
22.35	22.33	0.048097	10.159
22.35	22.33	0.048114	10.259
22.35	22.33	0.048131	10.359
22.35	22.34	0.048147	10.459
22.35	22.34	0.048164	10.559
22.35	22.34	0.048181	10.659
22.35	22.34	0.048197	10.759
22.35	22.34	0.048214	10.859
22.35	22.34	0.048231	10.959
22.35	22.34	0.048247	11.059
22.35	22.34	0.048264	11.159
22.35	22.34	0.048281	11.260
22.35	22.34	0.048297	11.359
22.35	22.34	0.048314	11.459
22.35	22.34	0.048331	11.559
22.35	22.34	0.048347	11.659
22.35	22.35	0.048364	11.759
22.35	22.35	0.048381	11.859
22.35	22.35	0.048397	11.958
22.35	22.35	0.048414	12.058
22.32	22.35	0.048431	12.182
22.32	22.35	0.048447	12.282
22.32	22.35	0.048464	12.386
22.32	22.35	0.048481	12.481
22.32	22.35	0.048497	12.583
22.32	22.35	0.048514	12.685
22.35	22.35	0.048531	12.780
22.35	22.35	0.048547	12.882
22.35	22.35	0.048564	12.984
22.35	22.36	0.048581	13.078
22.35	22.36	0.048597	13.182
22.35	22.36	0.048614	13.283
22.35	22.36	0.048631	13.377
22.35	22.36	0.048647	13.482
22.35	22.36	0.048664	13.581
22.35	22.36	0.048681	13.676
22.35	22.36	0.048697	13.780
22.35	22.36	0.048714	13.880
22.38	22.36	0.048731	13.975
22.38	22.36	0.048747	14.079
22.38	22.36	0.048764	14.179
22.38	22.36	0.048780	14.273
22.38	22.37	0.048797	14.378
22.38	22.37	0.048814	14.472
22.38	22.37	0.048830	14.572
22.38	22.37	0.048847	14.676
22.38	22.37	0.048864	14.771
22.38	22.37	0.048880	14.871
22.38	22.37	0.048897	14.975
22.38	22.37	0.048914	15.070
22.38	22.37	0.048930	15.169
22.38	22.37	0.048947	15.274
22.38	22.37	0.048964	15.368
22.38	22.37	0.048980	15.468
22.38	22.37	0.048997	15.573
22.38	22.38	0.049014	15.667
22.38	22.38	0.049030	15.767
22.38	22.38	0.049047	15.871
22.35	22.38	0.049064	15.966
22.35	22.38	0.049080	16.065
22.35	22.38	0.049097	16.170
22.35	22.38	0.049114	16.264
22.35	22.38	0.049130	16.364
22.35	22.38	0.049147	16.469
22.38	22.38	0.049164	16.563
22.38	22.38	0.049180	16.663
22.38	22.38	0.049197	16.768
22.38	22.38	0.049214	16.863
22.38	22.39	0.049230	16.962
22.38	22.39	0.049247	17.067
22.38	22.39	0.049264	17.160
22.38	22.39	0.049280	17.263
22.38	22.39	0.049297	17.365
22.38	22.39	0.049314	17.460
22.40	22.39	0.049330	17.562
22.40	22.39	0.049347	17.664
22.40	22.39	0.049364	17.760
22.40	22.39	0.049380	17.863
22.40	22.39	0.049397	17.962
22.40	22.39	0.049414	18.060
22.40	22.39	0.049430	18.162
22.40	22.40	0.049447	18.261
22.40	22.40	0.049464	18.361
22.40	22.40	0.049480	18.461
22.40	22.40	0.049497	18.561
22.40	22.40	0.049514	18.661
22.40	22.40	0.049530	18.761
22.40	22.40	0.049547	18.862
22.40	22.40	0.049564	18.961
22.40	22.40	0.049580	19.061
22.40	22.40	0.049597	19.161
22.40	22.40	0.049613	19.263
22.40	22.40	0.049630	19.363
22.40	22.40	0.049647	19.463
22.40	22.41	0.049663	19.563
22.40	22.41	0.049680	19.663
22.40	22.41	0.049697	19.763
22.40	22.41	0.049713	19.863
22.40	22.41	0.049730	19.963
22.40	22.41	0.049747	20.063
22.40	22.41	0.049763	20.163
22.40	22.41	0.049780	20.264
22.40	22.41	0.049797	20.364
22.40	22.41	0.049813	20.464
22.40	22.41	0.049830	20.565
22.43	22.41	0.049847	20.664
22.43	22.41	0.049863	20.764
22.43	22.42	0.049880	20.864
22.43	22.42	0.049897	20.964
22.43	22.42	0.049913	21.064
22.43	22.42	0.049930	21.164
22.43	22.42	0.049947	21.264
22.43	22.42	0.049963	21.364
22.43	22.42	0.049980	21.464
22.43	22.42	0.049997	21.564
22.43	22.42	0.050013	21.664
22.43	22.42	0.050030	21.764
22.43	22.42	0.050047	21.864
22.43	22.42	0.050063	21.964
22.43	22.42	0.050080	22.064
22.43	22.43	0.050097	22.165
22.43	22.43	0.050113	22.264
22.40	22.43	0.050130	22.364
22.40	22.43	0.050147	22.463
22.40	22.43	0.050163	22.563
22.40	22.43	0.050180	22.687
22.40	22.43	0.050197	22.787
22.43	22.43	0.050213	22.891
22.43	22.43	0.050230	22.986
22.43	22.43	0.050247	23.085
22.43	22.43	0.050263	23.190
22.43	22.43	0.050280	23.285
22.43	22.43	0.050297	23.384
22.43	22.44	0.050313	23.489
22.43	22.44	0.050330	23.583
22.43	22.44	0.050347	23.684
22.43	22.44	0.050363	23.787
22.45	22.44	0.050380	23.882
22.45	22.44	0.050397	23.984
22.45	22.44	0.050413	24.086
22.45	22.44	0.050430	24.181
22.45	22.44	0.050446	24.283
22.45	22.44	0.050463	24.386
22.45	22.44	0.050480	24.479
22.45	22.44	0.050496	24.584
22.45	22.44	0.050513	24.684
22.45	22.45	0.050530	24.779
22.45	22.45	0.050546	24.883
22.45	22.45	0.050563	24.983
22.45	22.45	0.050580	25.077
22.45	22.45	0.050596	25.182
22.45	22.45	0.050613	25.281
22.45	22.45	0.050630	25.376
22.45	22.45	0.050646	25.480
22.45	22.45	0.050663	25.580
22.45	22.45	0.050680	25.674
22.45	22.45	0.050696	25.779
22.45	22.45	0.050713	25.873
22.45	22.45	0.050730	25.973
22.45	22.46	0.050746	26.077
22.45	22.46	0.050763	26.172
22.45	22.46	0.050780	26.272
22.45	22.46	0.050796	26.376
22.45	22.46	0.050813	26.471
22.45	22.46	0.050830	26.570
22.45	22.46	0.050846	26.676
22.45	22.46	0.050863	26.769
22.45	22.46	0.050880	26.869
22.45	22.46	0.050896	26.974
22.48	22.46	0.050913	27.068
22.48	22.46	0.050930	27.168
22.48	22.46	0.050946	27.273
22.48	22.47	0.050963	27.367
22.48	22.47	0.050980	27.467
22.48	22.47	0.050996	27.571
22.48	22.47	0.051013	27.666
22.48	22.47	0.051030	27.765
22.48	22.47	0.051046	27.870
22.48	22.47	0.051063	27.964
22.48	22.47	0.051080	28.064
22.48	22.47	0.051096	28.169
22.48	22.47	0.051113	28.264
22.45	22.47	0.051130	28.364
22.45	22.47	0.051146	28.468
22.45	22.47	0.051163	28.565
22.45	22.48	0.051180	28.664
22.45	22.48	0.051196	28.767
22.45	22.48	0.051213	28.864
22.45	22.48	0.051230	28.964
22.45	22.48	0.051246	29.064
22.48	22.48	0.051263	29.164
22.48	22.48	0.051279	29.264
22.48	22.48	0.051296	29.364
22.48	22.48	0.051313	29.464
22.48	22.48	0.051329	29.564
22.48	22.48	0.051346	29.664
22.48	22.48	0.051363	29.764
22.48	22.48	0.051379	29.864
22.48	22.49	0.051396	29.964
22.48	22.49	0.051413	30.064
22.48	22.49	0.051429	30.164
22.50	22.49	0.051446	30.264
22.50	22.49	0.051463	30.364
22.50	22.49	0.051479	30.464
22.50	22.49	0.051496	30.564
22.50	22.49	0.051513	30.664
22.50	22.49	0.051529	30.764
22.50	22.49	0.051546	30.864
22.50	22.49	0.051563	30.964
22.50	22.49	0.051579	31.065
22.50	22.49	0.051596	31.164
22.50	22.50	0.051613	31.264
22.50	22.50	0.051629	31.364
22.50	22.50	0.051646	31.464
22.50	22.50	0.051663	31.564
22.50	22.50	0.051679	31.664
22.50	22.50	0.051696	31.764
22.50	22.50	0.051713	31.864
22.50	22.50	0.051729	31.965
