100.00	0.00	7.23	30.00	150.00	2.70	97.30	2.50	

14.99	21.50	0.000000	45.863
14.99	21.50	0.000017	45.965
14.99	21.50	0.000033	46.067
15.04	21.50	0.000050	46.163
15.40	21.50	0.000067	46.265
15.71	21.50	0.000083	46.366
17.58	21.50	0.000100	46.464
17.79	21.50	0.000117	46.565
18.40	21.50	0.000133	46.665
19.04	21.50	0.000150	46.763
19.35	21.50	0.000167	46.864
19.92	21.50	0.000183	46.964
20.35	21.50	0.000200	47.063
20.53	21.50	0.000217	47.163
20.82	21.50	0.000233	47.263
20.97	21.50	0.000250	47.363
21.02	21.50	0.000267	47.464
21.05	21.50	0.000283	47.564
21.05	21.50	0.000300	47.665
21.05	21.50	0.000317	47.764
21.05	21.50	0.000333	47.864
21.15	21.50	0.000350	47.964
21.21	21.50	0.000367	48.064
21.34	21.50	0.000383	48.164
21.49	21.50	0.000400	48.264
21.60	21.50	0.000416	48.364
21.80	21.50	0.000433	48.464
21.99	21.50	0.000450	48.564
22.09	21.50	0.000466	48.664
22.25	21.50	0.000483	48.764
22.38	21.50	0.000500	48.864
22.43	21.50	0.000516	48.964
22.45	21.50	0.000533	49.065
22.48	21.50	0.000550	49.165
22.48	21.50	0.000566	49.265
22.48	21.50	0.000583	49.365
22.48	21.50	0.000600	49.465
22.48	21.50	0.000616	49.565
22.48	21.50	0.000633	49.665
22.48	21.50	0.000650	49.765
22.45	21.50	0.000666	49.865
22.45	21.50	0.000683	49.965
22.45	21.50	0.000700	50.065
22.45	21.50	0.000716	50.165
22.45	21.50	0.000733	50.265
22.45	21.50	0.000750	50.366
22.48	21.50	0.000766	50.465
22.48	21.50	0.000783	50.565
22.48	21.50	0.000800	50.665
22.48	21.50	0.000816	50.765
22.48	21.50	0.000833	50.865
22.50	21.50	0.000850	50.965
22.50	21.50	0.000866	51.065
22.50	21.50	0.000883	51.165
22.50	21.50	0.000900	51.265
22.50	21.50	0.000916	51.365
22.48	21.50	0.000933	51.465
22.48	21.50	0.000950	51.594
22.43	21.50	0.000966	51.689
22.35	21.50	0.000983	51.788
22.32	21.50	0.001000	51.893
22.27	21.50	0.001016	51.987
22.27	21.50	0.001033	52.087
22.22	21.50	0.001050	52.192
22.22	21.50	0.001066	52.286
22.19	21.50	0.001083	52.387
22.19	21.50	0.001100	52.490
22.19	21.50	0.001116	52.585
22.17	21.50	0.001133	52.686
22.17	21.50	0.001150	52.789
22.12	21.50	0.001166	52.883
22.12	21.50	0.001183	52.986
22.09	21.50	0.001200	53.088
22.06	21.50	0.001216	53.182
22.01	21.50	0.001233	53.287
22.01	21.50	0.001250	53.386
21.99	21.50	0.001266	53.481
21.99	21.50	0.001283	53.585
21.96	21.50	0.001299	53.685
21.93	21.50	0.001316	53.780
21.91	21.50	0.001333	53.884
21.91	21.50	0.001349	53.984
21.91	21.50	0.001366	54.078
21.88	21.50	0.001383	54.183
21.88	21.50	0.001399	54.282
21.86	21.50	0.001416	54.377
21.83	21.50	0.001433	54.481
21.80	21.50	0.001449	54.576
21.80	21.50	0.001466	54.676
21.78	21.50	0.001483	54.780
21.78	21.50	0.001499	54.875
21.78	21.50	0.001516	54.974
21.75	21.50	0.001533	55.079
21.75	21.50	0.001549	55.173
21.73	21.50	0.001566	55.273
21.73	21.50	0.001583	55.377
21.73	21.50	0.001599	55.472
21.70	21.50	0.001616	55.572
21.70	21.50	0.001633	55.676
21.67	21.50	0.001649	55.771
21.67	21.50	0.001666	55.870
21.67	21.50	0.001683	55.975
21.65	21.50	0.001699	56.069
21.65	21.50	0.001716	56.169
21.62	21.50	0.001733	56.274
21.62	21.50	0.001749	56.368
21.60	21.50	0.001766	56.468
21.60	21.50	0.001783	56.572
21.60	21.50	0.001799	56.667
21.57	21.50	0.001816	56.766
21.57	21.50	0.001833	56.871
21.57	21.50	0.001849	56.965
21.54	21.50	0.001866	57.067
21.54	21.50	0.001883	57.170
21.54	21.50	0.001899	57.265
21.54	21.50	0.001916	57.367
21.54	21.50	0.001933	57.468
21.52	21.50	0.001949	57.565
21.52	21.50	0.001966	57.666
21.52	21.50	0.001983	57.767
21.52	21.50	0.001999	57.866
21.52	21.50	0.002016	57.966
21.52	21.50	0.002033	58.066
21.52	21.50	0.002049	58.165
21.52	21.50	0.002066	58.265
21.52	21.50	0.002082	58.365
21.52	21.50	0.002099	58.465
21.52	21.50	0.002116	58.565
21.52	21.50	0.002132	58.665
21.52	21.50	0.002149	58.765
21.52	21.50	0.002166	58.865
21.52	21.50	0.002182	58.965
21.52	21.50	0.002199	59.065
21.52	21.50	0.002216	59.165
21.52	21.50	0.002232	59.265
21.52	21.50	0.002249	59.365
21.52	21.50	0.002266	59.465
21.52	21.50	0.002282	59.565
21.52	21.50	0.002299	59.665
21.52	21.50	0.002316	59.765
21.49	21.50	0.002332	59.865
21.49	21.50	0.002349	59.965
21.49	21.50	0.002366	00.065
21.49	21.50	0.002382	00.165
21.49	21.50	0.002399	00.265
21.49	21.50	0.002416	00.366
21.49	21.50	0.002432	00.465
21.49	21.50	0.002449	00.565
21.49	21.50	0.002466	00.665
21.49	21.50	0.002482	00.765
21.49	21.50	0.002499	00.865
21.49	21.50	0.002516	00.965
21.49	21.50	0.002532	01.065
21.49	21.50	0.002549	01.165
21.49	21.50	0.002566	01.265
21.49	21.50	0.002582	01.365
21.49	21.50	0.002599	01.465
21.52	21.50	0.002616	01.565
21.52	21.50	0.002632	01.665
21.52	21.50	0.002649	01.765
21.52	21.50	0.002666	01.865
21.52	21.50	0.002682	01.966
21.52	21.50	0.002699	02.065
21.52	21.50	0.002716	02.165
21.52	21.50	0.002732	02.265
21.52	21.50	0.002749	02.365
21.52	21.50	0.002766	02.465
21.52	21.50	0.002782	02.565
21.52	21.50	0.002799	02.665
21.52	21.50	0.002816	02.765
21.52	21.50	0.002832	02.866
21.49	21.50	0.002849	02.965
21.49	21.50	0.002866	03.065
21.49	21.50	0.002882	03.189
21.49	21.50	0.002899	03.293
21.49	21.50	0.002915	03.388
21.49	21.50	0.002932	03.488
21.49	21.50	0.002949	03.592
21.49	21.50	0.002965	03.687
21.49	21.50	0.002982	03.787
21.49	21.50	0.002999	03.891
21.49	21.50	0.003015	03.985
21.49	21.50	0.003032	04.088
21.49	21.50	0.003049	04.190
21.52	21.50	0.003065	04.284
21.52	21.50	0.003082	04.388
21.52	21.50	0.003099	04.488
21.52	21.50	0.003115	04.583
21.52	21.50	0.003132	04.687
21.52	21.50	0.003149	04.787
21.52	21.50	0.003165	04.881
21.52	21.50	0.003182	04.986
21.52	21.50	0.003199	05.086
21.52	21.50	0.003215	05.180
21.52	21.50	0.003232	05.285
21.52	21.50	0.003249	05.384
21.52	21.50	0.003265	05.479
21.52	21.50	0.003282	05.583
21.49	21.50	0.003299	05.683
21.49	21.50	0.003315	05.778
21.49	21.50	0.003332	05.883
21.49	21.50	0.003349	05.977
21.49	21.50	0.003365	06.077
21.49	21.50	0.003382	06.181
21.49	21.50	0.003399	06.276
21.49	21.50	0.003415	06.375
21.49	21.50	0.003432	06.480
21.49	21.50	0.003449	06.575
21.49	21.50	0.003465	06.674
21.49	21.50	0.003482	06.779
21.49	21.50	0.003499	06.873
21.49	21.50	0.003515	06.973
21.52	21.50	0.003532	07.077
21.52	21.50	0.003549	07.172
21.52	21.50	0.003565	07.271
21.52	21.50	0.003582	07.376
21.52	21.50	0.003599	07.471
21.52	21.50	0.003615	07.570
21.52	21.50	0.003632	07.675
21.52	21.50	0.003649	07.769
21.52	21.50	0.003665	07.869
21.52	21.50	0.003682	07.973
21.52	21.50	0.003699	08.068
21.52	21.50	0.003715	08.169
21.52	21.50	0.003732	08.272
21.52	21.50	0.003748	08.367
21.49	21.50	0.003765	08.468
21.49	21.50	0.003782	08.571
21.49	21.50	0.003798	08.665
21.49	21.50	0.003815	08.768
21.49	21.50	0.003832	08.869
21.49	21.50	0.003848	08.965
21.49	21.50	0.003865	09.068
21.49	21.50	0.003882	09.168
21.49	21.50	0.003898	09.265
21.49	21.50	0.003915	09.367
21.49	21.50	0.003932	09.467
21.49	21.50	0.003948	09.565
21.49	21.50	0.003965	09.666
21.49	21.50	0.003982	09.765
21.49	21.50	0.003998	09.865
21.49	21.50	0.004015	09.965
21.49	21.50	0.004032	10.065
21.52	21.50	0.004048	10.165
21.52	21.50	0.004065	10.265
21.52	21.50	0.004082	10.365
21.52	21.50	0.004098	10.465
21.52	21.50	0.004115	10.565
21.52	21.50	0.004132	10.665
21.52	21.50	0.004148	10.765
21.52	21.50	0.004165	10.865
21.52	21.50	0.004182	10.965
21.52	21.50	0.004198	11.065
21.52	21.50	0.004215	11.166
21.52	21.50	0.004232	11.265
21.49	21.50	0.004248	11.365
21.49	21.50	0.004265	11.465
21.49	21.50	0.004282	11.565
21.49	21.50	0.004298	11.665
21.49	21.50	0.004315	11.765
21.49	21.50	0.004332	11.865
21.49	21.50	0.004348	11.965
21.49	21.50	0.004365	12.065
21.49	21.50	0.004382	12.165
21.49	21.50	0.004398	12.265
21.49	21.50	0.004415	12.365
21.49	21.50	0.004432	12.465
21.49	21.50	0.004448	12.565
21.49	21.50	0.004465	12.665
21.49	21.50	0.004482	12.765
21.49	21.50	0.004498	12.865
21.49	21.50	0.004515	12.965
21.52	21.50	0.004532	13.066
21.52	21.50	0.004548	13.166
21.52	21.50	0.004565	13.266
21.52	21.50	0.004581	13.367
21.52	21.50	0.004598	13.466
21.52	21.50	0.004615	13.566
21.52	21.50	0.004631	13.666
21.52	21.50	0.004648	13.766
21.52	21.50	0.004665	13.866
21.52	21.50	0.004681	13.966
21.52	21.50	0.004698	14.066
21.52	21.50	0.004715	14.166
21.49	21.50	0.004731	14.266
21.49	21.50	0.004748	14.366
21.49	21.50	0.004765	14.490
21.49	21.50	0.004781	14.590
21.49	21.50	0.004798	14.694
21.49	21.50	0.004815	14.789
21.49	21.50	0.004831	14.889
21.49	21.50	0.004848	14.993
21.49	21.50	0.004865	15.088
21.49	21.50	0.004881	15.189
21.49	21.50	0.004898	15.292
21.49	21.50	0.004915	15.386
21.49	21.50	0.004931	15.489
21.49	21.50	0.004948	15.591
21.49	21.50	0.004965	15.685
21.49	21.50	0.004981	15.789
21.49	21.50	0.004998	15.889
21.49	21.50	0.005015	15.984
21.49	21.50	0.005031	16.088
21.49	21.50	0.005048	16.188
21.52	21.50	0.005065	16.282
21.52	21.50	0.005081	16.387
21.52	21.50	0.005098	16.487
21.52	21.50	0.005115	16.581
21.52	21.50	0.005131	16.686
21.52	21.50	0.005148	16.785
21.52	21.50	0.005165	16.880
21.52	21.50	0.005181	16.984
21.52	21.50	0.005198	17.079
21.52	21.50	0.005215	17.179
21.52	21.50	0.005231	17.283
21.52	21.50	0.005248	17.378
21.49	21.50	0.005265	17.478
21.49	21.50	0.005281	17.582
21.49	21.50	0.005298	17.677
21.49	21.50	0.005315	17.776
21.49	21.50	0.005331	17.881
21.49	21.50	0.005348	17.976
21.49	21.50	0.005365	18.075
21.49	21.50	0.005381	18.180
21.49	21.50	0.005398	18.274
21.49	21.50	0.005414	18.374
21.49	21.50	0.005431	18.478
21.49	21.50	0.005448	18.573
21.49	21.50	0.005464	18.672
21.49	21.50	0.005481	18.777
21.49	21.50	0.005498	18.872
21.52	21.50	0.005514	18.971
21.52	21.50	0.005531	19.076
21.52	21.50	0.005548	19.170
21.52	21.50	0.005564	19.270
21.52	21.50	0.005581	19.374
21.52	21.50	0.005598	19.469
21.52	21.50	0.005614	19.570
21.52	21.50	0.005631	19.673
21.52	21.50	0.005648	19.768
21.52	21.50	0.005664	19.869
21.52	21.50	0.005681	19.972
21.49	21.50	0.005698	20.067
21.49	21.50	0.005714	20.170
21.49	21.50	0.005731	20.270
21.49	21.50	0.005748	20.367
21.49	21.50	0.005764	20.470
21.49	21.50	0.005781	20.569
21.49	21.50	0.005798	20.667
21.49	21.50	0.005814	20.768
21.49	21.50	0.005831	20.868
21.49	21.50	0.005848	20.967
21.49	21.50	0.005864	21.067
21.49	21.50	0.005881	21.167
21.49	21.50	0.005898	21.267
21.49	21.50	0.005914	21.367
21.49	21.50	0.005931	21.467
21.49	21.50	0.005948	21.567
21.49	21.50	0.005964	21.667
21.52	21.50	0.005981	21.767
21.52	21.50	0.005998	21.867
21.52	21.50	0.006014	21.967
21.52	21.50	0.006031	22.068
21.52	21.50	0.006048	22.167
21.52	21.50	0.006064	22.267
21.52	21.50	0.006081	22.367
21.52	21.50	0.006098	22.467
21.49	21.50	0.006114	22.567
21.49	21.50	0.006131	22.667
21.49	21.50	0.006148	22.767
21.49	21.50	0.006164	22.867
21.49	21.50	0.006181	22.967
21.49	21.50	0.006198	23.067
21.49	21.50	0.006214	23.167
21.49	21.50	0.006231	23.267
21.49	21.50	0.006247	23.367
21.49	21.50	0.006264	23.467
21.49	21.50	0.006281	23.567
21.49	21.50	0.006297	23.667
21.49	21.50	0.006314	23.767
21.49	21.50	0.006331	23.867
21.49	21.50	0.006347	23.967
21.49	21.50	0.006364	24.067
21.52	21.50	0.006381	24.167
21.52	21.50	0.006397	24.267
21.52	21.50	0.006414	24.367
21.52	21.50	0.006431	24.467
21.52	21.50	0.006447	24.568
21.52	21.50	0.006464	24.667
21.52	21.50	0.006481	24.767
21.52	21.50	0.006497	24.867
21.52	21.50	0.006514	24.967
21.52	21.50	0.006531	25.067
21.52	21.50	0.006547	25.167
21.52	21.50	0.006564	25.267
21.49	21.50	0.006581	25.367
21.49	21.50	0.006597	25.468
21.49	21.50	0.006614	25.567
21.49	21.50	0.006631	25.667
21.49	21.50	0.006647	25.767
21.49	21.50	0.006664	25.867
21.49	21.50	0.006681	25.991
21.49	21.50	0.006697	26.096
21.49	21.50	0.006714	26.190
21.49	21.50	0.006731	26.290
21.49	21.50	0.006747	26.394
21.49	21.50	0.006764	26.488
21.49	21.50	0.006781	26.590
21.49	21.50	0.006797	26.692
21.49	21.50	0.006814	26.787
21.49	21.50	0.006831	26.891
21.49	21.50	0.006847	26.991
21.49	21.50	0.006864	27.086
21.49	21.50	0.006881	27.190
21.49	21.50	0.006897	27.290
21.49	21.50	0.006914	27.384
21.49	21.50	0.006931	27.489
21.52	21.50	0.006947	27.590
21.52	21.50	0.006964	27.684
21.52	21.50	0.006981	27.789
21.52	21.50	0.006997	27.888
21.52	21.50	0.007014	27.983
21.52	21.50	0.007031	28.087
21.52	21.50	0.007047	28.187
21.52	21.50	0.007064	28.281
21.52	21.50	0.007080	28.386
21.52	21.50	0.007097	28.481
21.52	21.50	0.007114	28.580
21.49	21.50	0.007130	28.685
21.49	21.50	0.007147	28.778
21.49	21.50	0.007164	28.879
21.49	21.50	0.007180	28.983
21.49	21.50	0.007197	29.077
21.49	21.50	0.007214	29.177
21.49	21.50	0.007230	29.281
21.49	21.50	0.007247	29.376
21.49	21.50	0.007264	29.475
21.49	21.50	0.007280	29.580
21.49	21.50	0.007297	29.675
21.49	21.50	0.007314	29.774
21.49	21.50	0.007330	29.879
21.49	21.50	0.007347	29.973
21.49	21.50	0.007364	30.073
21.49	21.50	0.007380	30.177
21.52	21.50	0.007397	30.273
21.52	21.50	0.007414	30.373
21.52	21.50	0.007430	30.477
21.52	21.50	0.007447	30.572
21.52	21.50	0.007464	30.671
21.52	21.50	0.007480	30.776
21.52	21.50	0.007497	30.870
21.52	21.50	0.007514	30.971
21.52	21.50	0.007530	31.074
21.52	21.50	0.007547	31.169
21.49	21.50	0.007564	31.271
21.49	21.50	0.007580	31.373
21.49	21.50	0.007597	31.467
21.49	21.50	0.007614	31.571
21.49	21.50	0.007630	31.672
21.49	21.50	0.007647	31.767
21.49	21.50	0.007664	31.871
21.49	21.50	0.007680	31.970
21.49	21.50	0.007697	32.067
21.49	21.50	0.007714	32.169
21.49	21.50	0.007730	32.269
21.49	21.50	0.007747	32.367
21.49	21.50	0.007764	32.468
21.49	21.50	0.007780	32.567
21.49	21.50	0.007797	32.667
21.49	21.50	0.007814	32.767
21.49	21.50	0.007830	32.867
21.49	21.50	0.007847	32.967
21.49	21.50	0.007864	33.067
21.49	21.50	0.007880	33.167
21.49	21.50	0.007897	33.267
21.52	21.50	0.007913	33.367
21.52	21.50	0.007930	33.468
21.52	21.50	0.007947	33.567
21.52	21.50	0.007963	33.667
21.52	21.50	0.007980	33.767
21.52	21.50	0.007997	33.867
21.52	21.50	0.008013	33.967
21.52	21.50	0.008030	34.067
21.52	21.50	0.008047	34.167
21.49	21.50	0.008063	34.267
21.49	21.50	0.008080	34.368
21.49	21.50	0.008097	34.467
21.49	21.50	0.008113	34.567
21.49	21.50	0.008130	34.667
21.49	21.50	0.008147	34.767
21.49	21.50	0.008163	34.867
21.49	21.50	0.008180	34.967
21.49	21.50	0.008197	35.067
21.49	21.50	0.008213	35.167
21.49	21.50	0.008230	35.267
21.49	21.50	0.008247	35.367
21.49	21.50	0.008263	35.467
21.49	21.50	0.008280	35.567
21.49	21.50	0.008297	35.667
21.49	21.50	0.008313	35.767
21.49	21.50	0.008330	35.867
21.52	21.50	0.008347	35.968
21.52	21.50	0.008363	36.067
21.52	21.50	0.008380	36.167
21.52	21.50	0.008397	36.267
21.52	21.50	0.008413	36.367
21.52	21.50	0.008430	36.467
21.52	21.50	0.008447	36.567
21.52	21.50	0.008463	36.667
21.52	21.50	0.008480	36.767
21.52	21.50	0.008497	36.868
21.52	21.50	0.008513	36.967
21.49	21.50	0.008530	37.068
21.49	21.50	0.008547	37.167
21.49	21.50	0.008563	37.267
21.49	21.50	0.008580	37.367
21.49	21.50	0.008597	37.467
21.49	21.50	0.008613	37.591
21.49	21.50	0.008630	37.667
21.49	21.50	0.008647	37.795
21.49	21.50	0.008663	37.890
21.49	21.50	0.008680	37.968
21.49	21.50	0.008697	38.094
21.49	21.50	0.008713	38.189
21.49	21.50	0.008730	38.267
21.49	21.50	0.008746	38.393
21.49	21.50	0.008763	38.487
21.49	21.50	0.008780	38.592
21.49	21.50	0.008796	38.692
21.49	21.50	0.008813	38.786
21.49	21.50	0.008830	38.891
21.49	21.50	0.008846	38.990
21.52	21.50	0.008863	39.085
21.52	21.50	0.008880	39.189
21.52	21.50	0.008896	39.289
21.52	21.50	0.008913	39.383
21.52	21.50	0.008930	39.488
21.52	21.50	0.008946	39.588
21.52	21.50	0.008963	39.682
21.52	21.50	0.008980	39.787
21.52	21.50	0.008996	39.881
21.52	21.50	0.009013	39.981
21.52	21.50	0.009030	40.085
21.52	21.50	0.009046	40.180
21.52	21.50	0.009063	40.280
21.49	21.50	0.009080	40.384
21.49	21.50	0.009096	40.479
21.49	21.50	0.009113	40.578
21.49	21.50	0.009130	40.683
21.49	21.50	0.009146	40.777
21.49	21.50	0.009163	40.877
21.49	21.50	0.009180	40.981
21.49	21.50	0.009196	41.076
21.49	21.50	0.009213	41.176
21.49	21.50	0.009230	41.280
21.49	21.50	0.009246	41.374
21.49	21.50	0.009263	41.474
21.49	21.50	0.009280	41.579
21.49	21.50	0.009296	41.673
21.49	21.50	0.009313	41.773
21.49	21.50	0.009330	41.877
21.49	21.50	0.009346	41.972
21.49	21.50	0.009363	42.072
21.49	21.50	0.009380	42.176
21.49	21.50	0.009396	42.270
21.52	21.50	0.009413	42.372
21.52	21.50	0.009430	42.476
21.52	21.50	0.009446	42.569
21.52	21.50	0.009463	42.673
21.52	21.50	0.009480	42.774
21.52	21.50	0.009496	42.868
21.52	21.50	0.009513	42.972
21.52	21.50	0.009530	43.073
21.52	21.50	0.009546	43.169
21.52	21.50	0.009563	43.272
21.52	21.50	0.009579	43.372
21.49	21.50	0.009596	43.468
21.49	21.50	0.009613	43.570
21.49	21.50	0.009629	43.669
21.49	21.50	0.009646	43.768
21.49	21.50	0.009663	43.868
21.49	21.50	0.009679	43.968
21.49	21.50	0.009696	44.068
21.49	21.50	0.009713	44.168
21.49	21.50	0.009729	44.268
21.49	21.50	0.009746	44.368
21.49	21.50	0.009763	44.468
21.49	21.50	0.009779	44.568
21.49	21.50	0.009796	44.668
21.49	21.50	0.009813	44.768
21.49	21.50	0.009829	44.868
21.49	21.50	0.009846	44.968
21.49	21.50	0.009863	45.068
21.49	21.50	0.009879	45.168
21.52	21.50	0.009896	45.268
21.52	21.50	0.009913	45.368
21.52	21.50	0.009929	45.468
21.52	21.50	0.009946	45.568
21.52	21.50	0.009963	45.669
21.52	21.50	0.009979	45.768
21.52	21.50	0.009996	45.868
21.52	21.50	0.010013	45.968
21.52	21.50	0.010029	46.068
21.52	21.50	0.010046	46.168
21.49	21.50	0.010063	46.268
21.49	21.50	0.010079	46.368
21.49	21.50	0.010096	46.468
21.49	21.50	0.010113	46.568
21.49	21.50	0.010129	46.668
21.49	21.50	0.010146	46.769
21.49	21.50	0.010163	46.868
21.49	21.50	0.010179	46.968
21.49	21.50	0.010196	47.068
21.49	21.50	0.010213	47.168
21.49	21.50	0.010229	47.268
21.49	21.50	0.010246	47.368
21.49	21.50	0.010263	47.468
21.49	21.50	0.010279	47.568
21.49	21.50	0.010296	47.669
21.49	21.50	0.010313	47.768
21.49	21.50	0.010329	47.869
21.49	21.50	0.010346	47.968
21.49	21.50	0.010363	48.068
21.49	21.50	0.010379	48.169
21.49	21.50	0.010396	48.268
21.49	21.50	0.010412	48.368
21.52	21.50	0.010429	48.468
21.52	21.50	0.010446	48.568
21.52	21.50	0.010462	48.668
21.52	21.50	0.010479	48.768
21.52	21.50	0.010496	48.897
21.52	21.50	0.010512	48.992
21.52	21.50	0.010529	49.069
21.52	21.50	0.010546	49.196
21.52	21.50	0.010562	49.291
21.52	21.50	0.010579	49.368
21.52	21.50	0.010596	49.495
21.49	21.50	0.010612	49.589
21.49	21.50	0.010629	49.668
21.49	21.50	0.010646	49.793
21.49	21.50	0.010662	49.888
21.49	21.50	0.010679	49.993
21.49	21.50	0.010696	50.092
21.49	21.50	0.010712	50.187
21.49	21.50	0.010729	50.291
21.49	21.50	0.010746	50.391
21.49	21.50	0.010762	50.485
21.49	21.50	0.010779	50.590
21.49	21.50	0.010796	50.689
21.49	21.50	0.010812	50.784
21.49	21.50	0.010829	50.889
21.49	21.50	0.010846	50.988
21.49	21.50	0.010862	51.083
21.49	21.50	0.010879	51.187
21.52	21.50	0.010896	51.282
21.52	21.50	0.010912	51.381
21.52	21.50	0.010929	51.486
21.52	21.50	0.010946	51.582
21.52	21.50	0.010962	51.680
21.52	21.50	0.010979	51.786
21.52	21.50	0.010996	51.879
21.52	21.50	0.011012	51.980
21.52	21.50	0.011029	52.084
21.52	21.50	0.011046	52.179
21.49	21.50	0.011062	52.277
21.49	21.50	0.011079	52.382
21.49	21.50	0.011096	52.477
21.49	21.50	0.011112	52.577
21.49	21.50	0.011129	52.681
21.49	21.50	0.011146	52.776
21.49	21.50	0.011162	52.875
21.49	21.50	0.011179	52.980
21.49	21.50	0.011196	53.074
21.49	21.50	0.011212	53.174
21.49	21.50	0.011229	53.279
21.49	21.50	0.011245	53.373
21.49	21.50	0.011262	53.473
21.49	21.50	0.011279	53.577
21.49	21.50	0.011295	53.672
21.49	21.50	0.011312	53.773
21.49	21.50	0.011329	53.876
21.49	21.50	0.011345	53.971
21.49	21.50	0.011362	54.073
21.49	21.50	0.011379	54.175
21.49	21.50	0.011395	54.269
21.49	21.50	0.011412	54.374
21.49	21.50	0.011429	54.473
21.52	21.50	0.011445	54.568
21.52	21.50	0.011462	54.672
21.52	21.50	0.011479	54.772
21.52	21.50	0.011495	54.869
21.52	21.50	0.011512	54.971
21.52	21.50	0.011529	55.071
21.52	21.50	0.011545	55.168
21.52	21.50	0.011562	55.270
21.52	21.50	0.011579	55.369
21.52	21.50	0.011595	55.468
21.52	21.50	0.011612	55.568
21.49	21.50	0.011629	55.669
21.49	21.50	0.011645	55.768
21.49	21.50	0.011662	55.868
21.49	21.50	0.011679	55.969
21.49	21.50	0.011695	56.068
21.49	21.50	0.011712	56.168
21.49	21.50	0.011729	56.269
21.49	21.50	0.011745	56.369
21.49	21.50	0.011762	56.470
21.49	21.50	0.011779	56.569
21.49	21.50	0.011795	56.669
21.49	21.50	0.011812	56.769
21.49	21.50	0.011829	56.869
21.49	21.50	0.011845	56.969
21.49	21.50	0.011862	57.069
21.49	21.50	0.011879	57.169
21.49	21.50	0.011895	57.269
21.49	21.50	0.011912	57.370
21.49	21.50	0.011929	57.470
21.49	21.50	0.011945	57.569
21.49	21.50	0.011962	57.669
21.52	21.50	0.011979	57.769
21.52	21.50	0.011995	57.869
21.52	21.50	0.012012	57.969
21.52	21.50	0.012029	58.069
21.52	21.50	0.012045	58.169
21.52	21.50	0.012062	58.269
21.52	21.50	0.012078	58.370
21.52	21.50	0.012095	58.469
21.52	21.50	0.012112	58.569
21.52	21.50	0.012128	58.669
21.49	21.50	0.012145	58.769
21.49	21.50	0.012162	58.869
21.49	21.50	0.012178	58.970
21.49	21.50	0.012195	59.069
21.49	21.50	0.012212	59.169
21.49	21.50	0.012228	59.269
21.49	21.50	0.012245	59.369
21.49	21.50	0.012262	59.469
21.49	21.50	0.012278	59.570
21.49	21.50	0.012295	59.670
21.49	21.50	0.012312	59.770
21.49	21.50	0.012328	59.870
21.49	21.50	0.012345	59.970
21.49	21.50	0.012362	00.070
21.49	21.50	0.012378	00.194
21.49	21.50	0.012395	00.299
21.49	21.50	0.012412	00.393
21.49	21.50	0.012428	00.469
21.49	21.50	0.012445	00.597
21.49	21.50	0.012462	00.692
21.49	21.50	0.012478	00.770
21.49	21.50	0.012495	00.896
21.49	21.50	0.012512	00.991
21.49	21.50	0.012528	01.094
21.49	21.50	0.012545	01.195
21.49	21.50	0.012562	01.289
21.49	21.50	0.012578	01.394
21.52	21.50	0.012595	01.493
21.52	21.50	0.012612	01.588
21.52	21.50	0.012628	01.693
21.52	21.50	0.012645	01.792
21.52	21.50	0.012662	01.887
21.52	21.50	0.012678	01.991
21.52	21.50	0.012695	02.091
21.52	21.50	0.012712	02.185
21.52	21.50	0.012728	02.290
21.52	21.50	0.012745	02.389
21.49	21.50	0.012762	02.484
21.49	21.50	0.012778	02.589
21.49	21.50	0.012795	02.683
21.49	21.50	0.012812	02.783
21.49	21.50	0.012828	02.887
21.49	21.50	0.012845	02.982
21.49	21.50	0.012862	03.081
21.49	21.50	0.012878	03.186
21.49	21.50	0.012895	03.281
21.49	21.50	0.012911	03.380
21.49	21.50	0.012928	03.485
21.49	21.50	0.012945	03.579
21.49	21.50	0.012961	03.679
21.49	21.50	0.012978	03.783
21.49	21.50	0.012995	03.878
21.49	21.50	0.013011	03.978
21.49	21.50	0.013028	04.083
21.49	21.50	0.013045	04.177
21.49	21.50	0.013061	04.276
21.49	21.50	0.013078	04.380
21.49	21.50	0.013095	04.475
21.52	21.50	0.013111	04.576
21.52	21.50	0.013128	04.680
21.52	21.50	0.013145	04.775
21.52	21.50	0.013161	04.874
21.52	21.50	0.013178	04.979
21.52	21.50	0.013195	05.073
21.52	21.50	0.013211	05.175
21.52	21.50	0.013228	05.277
21.52	21.50	0.013245	05.372
21.52	21.50	0.013261	05.475
21.52	21.50	0.013278	05.576
21.52	21.50	0.013295	05.672
21.49	21.50	0.013311	05.774
21.49	21.50	0.013328	05.875
21.49	21.50	0.013345	05.972
21.49	21.50	0.013361	06.074
21.49	21.50	0.013378	06.173
21.49	21.50	0.013395	06.272
21.49	21.50	0.013411	06.373
21.49	21.50	0.013428	06.472
21.49	21.50	0.013445	06.572
21.49	21.50	0.013461	06.672
21.49	21.50	0.013478	06.772
21.49	21.50	0.013495	06.872
21.49	21.50	0.013511	06.972
21.49	21.50	0.013528	07.073
21.49	21.50	0.013545	07.172
21.49	21.50	0.013561	07.272
21.52	21.50	0.013578	07.372
21.52	21.50	0.013595	07.472
21.52	21.50	0.013611	07.572
21.52	21.50	0.013628	07.672
21.52	21.50	0.013645	07.772
21.52	21.50	0.013661	07.872
21.52	21.50	0.013678	07.973
21.52	21.50	0.013695	08.072
21.52	21.50	0.013711	08.172
21.52	21.50	0.013728	08.272
21.49	21.50	0.013744	08.372
21.49	21.50	0.013761	08.472
21.49	21.50	0.013778	08.572
21.49	21.50	0.013794	08.672
21.49	21.50	0.013811	08.772
21.49	21.50	0.013828	08.872
21.49	21.50	0.013844	08.972
21.49	21.50	0.013861	09.072
21.49	21.50	0.013878	09.172
21.49	21.50	0.013894	09.272
21.49	21.50	0.013911	09.372
21.49	21.50	0.013928	09.472
21.49	21.50	0.013944	09.572
21.49	21.50	0.013961	09.672
21.49	21.50	0.013978	09.772
21.49	21.50	0.013994	09.872
21.49	21.50	0.014011	09.972
21.49	21.50	0.014028	10.072
21.49	21.50	0.014044	10.172
21.49	21.50	0.014061	10.272
21.49	21.50	0.014078	10.372
21.49	21.50	0.014094	10.473
21.49	21.50	0.014111	10.572
21.52	21.50	0.014128	10.672
21.52	21.50	0.014144	10.772
21.52	21.50	0.014161	10.872
21.52	21.50	0.014178	10.972
21.52	21.50	0.014194	11.073
21.52	21.50	0.014211	11.197
21.52	21.50	0.014228	11.297
21.52	21.50	0.014244	11.401
21.52	21.50	0.014261	11.496
21.52	21.50	0.014278	11.596
21.49	21.50	0.014294	11.700
21.49	21.50	0.014311	11.794
21.49	21.50	0.014328	11.895
21.49	21.50	0.014344	11.999
21.49	21.50	0.014361	12.092
21.49	21.50	0.014378	12.195
21.49	21.50	0.014394	12.297
21.49	21.50	0.014411	12.391
21.49	21.50	0.014428	12.496
21.49	21.50	0.014444	12.595
21.49	21.50	0.014461	12.690
21.49	21.50	0.014478	12.795
21.49	21.50	0.014494	12.895
21.49	21.50	0.014511	12.989
21.49	21.50	0.014528	13.094
21.49	21.50	0.014544	13.193
21.49	21.50	0.014561	13.288
21.49	21.50	0.014577	13.392
21.49	21.50	0.014594	13.492
21.52	21.50	0.014611	13.587
21.52	21.50	0.014627	13.691
21.52	21.50	0.014644	13.786
21.52	21.50	0.014661	13.885
21.52	21.50	0.014677	13.990
21.52	21.50	0.014694	14.084
21.52	21.50	0.014711	14.184
21.52	21.50	0.014727	14.288
21.52	21.50	0.014744	14.383
21.52	21.50	0.014761	14.483
21.52	21.50	0.014777	14.588
21.52	21.50	0.014794	14.682
21.49	21.50	0.014811	14.781
21.49	21.50	0.014827	14.886
21.49	21.50	0.014844	14.980
21.49	21.50	0.014861	15.079
21.49	21.50	0.014877	15.185
21.49	21.50	0.014894	15.279
21.49	21.50	0.014911	15.378
21.49	21.50	0.014927	15.484
21.49	21.50	0.014944	15.577
21.49	21.50	0.014961	15.677
21.49	21.50	0.014977	15.781
21.49	21.50	0.014994	15.876
21.49	21.50	0.015011	15.976
21.49	21.50	0.015027	16.080
21.49	21.50	0.015044	16.175
21.49	21.50	0.015061	16.275
21.49	21.50	0.015077	16.379
21.49	21.50	0.015094	16.474
21.49	21.50	0.015111	16.576
21.49	21.50	0.015127	16.678
21.49	21.50	0.015144	16.774
21.49	21.50	0.015161	16.876
21.52	21.50	0.015177	16.977
21.52	21.50	0.015194	17.074
21.52	21.50	0.015211	17.176
21.52	21.50	0.015227	17.276
21.52	21.50	0.015244	17.374
21.52	21.50	0.015261	17.475
21.52	21.50	0.015277	17.574
21.52	21.50	0.015294	17.674
21.52	21.50	0.015311	17.774
21.52	21.50	0.015327	17.874
21.49	21.50	0.015344	17.974
21.49	21.50	0.015361	18.074
21.49	21.50	0.015377	18.174
21.49	21.50	0.015394	18.275
21.49	21.50	0.015410	18.375
21.49	21.50	0.015427	18.475
21.49	21.50	0.015444	18.575
21.49	21.50	0.015460	18.675
21.49	21.50	0.015477	18.775
21.49	21.50	0.015494	18.875
21.49	21.50	0.015510	18.975
21.49	21.50	0.015527	19.075
21.49	21.50	0.015544	19.175
21.49	21.50	0.015560	19.275
21.49	21.50	0.015577	19.376
21.49	21.50	0.015594	19.475
21.49	21.50	0.015610	19.575
21.49	21.50	0.015627	19.675
21.49	21.50	0.015644	19.775
21.52	21.50	0.015660	19.875
21.52	21.50	0.015677	19.975
21.52	21.50	0.015694	20.075
21.52	21.50	0.015710	20.175
21.52	21.50	0.015727	20.275
21.52	21.50	0.015744	20.375
21.52	21.50	0.015760	20.475
21.52	21.50	0.015777	20.575
21.52	21.50	0.015794	20.675
21.52	21.50	0.015810	20.775
21.52	21.50	0.015827	20.875
21.49	21.50	0.015844	20.975
21.49	21.50	0.015860	21.075
21.49	21.50	0.015877	21.175
21.49	21.50	0.015894	21.275
21.49	21.50	0.015910	21.375
21.49	21.50	0.015927	21.475
21.49	21.50	0.015944	21.575
21.49	21.50	0.015960	21.675
21.49	21.50	0.015977	21.775
21.49	21.50	0.015994	21.876
21.49	21.50	0.016010	21.975
21.49	21.50	0.016027	22.075
21.49	21.50	0.016044	22.174
21.49	21.50	0.016060	22.275
21.49	21.50	0.016077	22.398
21.49	21.50	0.016094	22.503
21.49	21.50	0.016110	22.597
21.49	21.50	0.016127	22.697
21.49	21.50	0.016144	22.801
21.49	21.50	0.016160	22.896
21.52	21.50	0.016177	22.997
21.52	21.50	0.016194	23.101
21.52	21.50	0.016210	23.196
21.52	21.50	0.016227	23.297
21.52	21.50	0.016244	23.400
21.52	21.50	0.016260	23.494
21.52	21.50	0.016277	23.597
21.52	21.50	0.016293	23.698
21.52	21.50	0.016310	23.793
21.52	21.50	0.016327	23.897
21.49	21.50	0.016343	23.997
21.49	21.50	0.016360	24.091
21.49	21.50	0.016377	24.196
21.49	21.50	0.016393	24.296
21.49	21.50	0.016410	24.390
21.49	21.50	0.016427	24.495
21.49	21.50	0.016443	24.595
21.49	21.50	0.016460	24.688
21.49	21.50	0.016477	24.794
21.49	21.50	0.016493	24.893
21.49	21.50	0.016510	24.987
21.49	21.50	0.016527	25.092
21.49	21.50	0.016543	25.186
21.49	21.50	0.016560	25.287
21.49	21.50	0.016577	25.391
21.49	21.50	0.016593	25.485
21.49	21.50	0.016610	25.585
21.49	21.50	0.016627	25.690
21.49	21.50	0.016643	25.783
21.49	21.50	0.016660	25.884
21.49	21.50	0.016677	25.989
21.52	21.50	0.016693	26.083
21.52	21.50	0.016710	26.182
21.52	21.50	0.016727	26.287
21.52	21.50	0.016743	26.381
21.52	21.50	0.016760	26.481
21.52	21.50	0.016777	26.585
21.52	21.50	0.016793	26.680
21.52	21.50	0.016810	26.780
21.52	21.50	0.016827	26.884
21.52	21.50	0.016843	26.979
21.49	21.50	0.016860	27.078
21.49	21.50	0.016877	27.183
21.49	21.50	0.016893	27.277
21.49	21.50	0.016910	27.377
21.49	21.50	0.016927	27.481
21.49	21.50	0.016943	27.576
21.49	21.50	0.016960	27.678
21.49	21.50	0.016977	27.780
21.49	21.50	0.016993	27.875
21.49	21.50	0.017010	27.977
21.49	21.50	0.017027	28.079
21.49	21.50	0.017043	28.175
21.49	21.50	0.017060	28.277
21.49	21.50	0.017077	28.377
21.49	21.50	0.017093	28.475
21.49	21.50	0.017110	28.577
21.49	21.50	0.017126	28.676
21.49	21.50	0.017143	28.775
21.49	21.50	0.017160	28.875
21.49	21.50	0.017176	28.975
21.49	21.50	0.017193	29.075
21.49	21.50	0.017210	29.175
21.49	21.50	0.017226	29.276
21.49	21.50	0.017243	29.375
21.49	21.50	0.017260	29.475
21.49	21.50	0.017276	29.575
21.52	21.50	0.017293	29.675
21.52	21.50	0.017310	29.775
21.52	21.50	0.017326	29.875
21.52	21.50	0.017343	29.975
21.52	21.50	0.017360	30.075
21.52	21.50	0.017376	30.175
21.52	21.50	0.017393	30.275
21.52	21.50	0.017410	30.375
21.49	21.50	0.017426	30.475
21.49	21.50	0.017443	30.575
21.49	21.50	0.017460	30.675
21.49	21.50	0.017476	30.775
21.49	21.50	0.017493	30.875
21.49	21.50	0.017510	30.975
21.49	21.50	0.017526	31.075
21.49	21.50	0.017543	31.175
21.49	21.50	0.017560	31.275
21.49	21.50	0.017576	31.375
21.49	21.50	0.017593	31.475
21.49	21.50	0.017610	31.575
21.49	21.50	0.017626	31.675
21.49	21.50	0.017643	31.776
21.49	21.50	0.017660	31.875
21.49	21.50	0.017676	31.975
21.49	21.50	0.017693	32.075
21.49	21.50	0.017710	32.175
21.52	21.50	0.017726	32.275
21.52	21.50	0.017743	32.375
21.52	21.50	0.017760	32.475
21.52	21.50	0.017776	32.575
21.52	21.50	0.017793	32.675
21.52	21.50	0.017810	32.775
21.52	21.50	0.017826	32.875
21.52	21.50	0.017843	32.975
21.52	21.50	0.017860	33.075
21.52	21.50	0.017876	33.175
21.52	21.50	0.017893	33.275
21.49	21.50	0.017910	33.375
21.49	21.50	0.017926	33.475
21.49	21.50	0.017943	33.575
21.49	21.50	0.017959	33.700
21.49	21.50	0.017976	33.775
21.49	21.50	0.017993	33.904
21.49	21.50	0.018009	33.999
21.49	21.50	0.018026	34.098
21.49	21.50	0.018043	34.203
21.49	21.50	0.018059	34.297
21.49	21.50	0.018076	34.398
21.49	21.50	0.018093	34.502
21.49	21.50	0.018109	34.596
21.49	21.50	0.018126	34.699
21.49	21.50	0.018143	34.800
21.49	21.50	0.018159	34.895
21.49	21.50	0.018176	34.998
21.49	21.50	0.018193	35.099
21.49	21.50	0.018209	35.193
21.49	21.50	0.018226	35.298
21.52	21.50	0.018243	35.398
21.52	21.50	0.018259	35.492
21.52	21.50	0.018276	35.597
21.52	21.50	0.018293	35.696
21.52	21.50	0.018309	35.791
21.52	21.50	0.018326	35.895
21.52	21.50	0.018343	35.995
21.52	21.50	0.018359	36.090
21.52	21.50	0.018376	36.194
21.52	21.50	0.018393	36.289
21.49	21.50	0.018409	36.388
21.49	21.50	0.018426	36.493
21.49	21.50	0.018443	36.588
21.49	21.50	0.018459	36.687
21.49	21.50	0.018476	36.792
21.49	21.50	0.018493	36.886
21.49	21.50	0.018509	36.986
21.49	21.50	0.018526	37.091
21.49	21.50	0.018543	37.185
21.49	21.50	0.018559	37.285
21.49	21.50	0.018576	37.389
21.49	21.50	0.018593	37.484
21.49	21.50	0.018609	37.583
21.49	21.50	0.018626	37.688
21.49	21.50	0.018643	37.782
21.49	21.50	0.018659	37.882
21.49	21.50	0.018676	37.987
21.49	21.50	0.018693	38.082
21.49	21.50	0.018709	38.181
21.49	21.50	0.018726	38.285
21.49	21.50	0.018743	38.379
21.49	21.50	0.018759	38.479
21.49	21.50	0.018776	38.584
21.52	21.50	0.018792	38.679
21.52	21.50	0.018809	38.779
21.52	21.50	0.018826	38.883
21.52	21.50	0.018842	38.977
21.52	21.50	0.018859	39.079
21.52	21.50	0.018876	39.181
21.52	21.50	0.018892	39.277
21.52	21.50	0.018909	39.379
21.52	21.50	0.018926	39.480
21.52	21.50	0.018942	39.578
21.49	21.50	0.018959	39.679
21.49	21.50	0.018976	39.779
21.49	21.50	0.018992	39.877
21.49	21.50	0.019009	39.978
21.49	21.50	0.019026	40.077
21.49	21.50	0.019042	40.177
21.49	21.50	0.019059	40.277
21.49	21.50	0.019076	40.377
21.49	21.50	0.019092	40.478
21.49	21.50	0.019109	40.577
21.49	21.50	0.019126	40.677
21.49	21.50	0.019142	40.777
21.49	21.50	0.019159	40.877
21.49	21.50	0.019176	40.977
21.49	21.50	0.019192	41.077
21.49	21.50	0.019209	41.177
21.49	21.50	0.019226	41.277
21.49	21.50	0.019242	41.377
21.49	21.50	0.019259	41.477
21.49	21.50	0.019276	41.577
21.52	21.50	0.019292	41.677
21.52	21.50	0.019309	41.777
21.52	21.50	0.019326	41.877
21.52	21.50	0.019342	41.977
21.52	21.50	0.019359	42.077
21.52	21.50	0.019376	42.177
21.52	21.50	0.019392	42.277
21.52	21.50	0.019409	42.378
21.52	21.50	0.019426	42.477
21.49	21.50	0.019442	42.577
21.49	21.50	0.019459	42.677
21.49	21.50	0.019476	42.778
21.49	21.50	0.019492	42.877
21.49	21.50	0.019509	42.977
21.49	21.50	0.019526	43.077
21.49	21.50	0.019542	43.177
21.49	21.50	0.019559	43.277
21.49	21.50	0.019576	43.377
21.49	21.50	0.019592	43.477
21.49	21.50	0.019609	43.577
21.49	21.50	0.019625	43.678
21.49	21.50	0.019642	43.777
21.49	21.50	0.019659	43.877
21.49	21.50	0.019675	43.977
21.49	21.50	0.019692	44.077
21.49	21.50	0.019709	44.177
21.49	21.50	0.019725	44.277
21.49	21.50	0.019742	44.377
21.49	21.50	0.019759	44.477
21.52	21.50	0.019775	44.577
21.52	21.50	0.019792	44.677
21.52	21.50	0.019809	44.777
21.52	21.50	0.019825	44.877
21.52	21.50	0.019842	44.977
21.52	21.50	0.019859	45.101
21.52	21.50	0.019875	45.201
21.52	21.50	0.019892	45.305
21.52	21.50	0.019909	45.400
21.49	21.50	0.019925	45.501
21.49	21.50	0.019942	45.604
21.49	21.50	0.019959	45.699
21.49	21.50	0.019975	45.800
21.49	21.50	0.019992	45.903
21.49	21.50	0.020009	45.997
21.49	21.50	0.020025	46.100
21.49	21.50	0.020042	46.201
21.49	21.50	0.020059	46.296
21.49	21.50	0.020075	46.400
21.49	21.50	0.020092	46.500
21.49	21.50	0.020109	46.594
21.49	21.50	0.020125	46.699
21.49	21.50	0.020142	46.798
21.49	21.50	0.020159	46.893
21.49	21.50	0.020175	46.998
21.49	21.50	0.020192	47.098
21.49	21.50	0.020209	47.191
21.49	21.50	0.020225	47.297
21.49	21.50	0.020242	47.397
21.52	21.50	0.020259	47.491
21.52	21.50	0.020275	47.596
21.52	21.50	0.020292	47.690
21.52	21.50	0.020309	47.790
21.52	21.50	0.020325	47.894
21.52	21.50	0.020342	47.989
21.52	21.50	0.020359	48.089
21.52	21.50	0.020375	48.193
21.52	21.50	0.020392	48.288
21.49	21.50	0.020409	48.387
21.49	21.50	0.020425	48.492
21.49	21.50	0.020442	48.586
21.49	21.50	0.020458	48.686
21.49	21.50	0.020475	48.790
21.49	21.50	0.020492	48.885
21.49	21.50	0.020508	48.985
21.49	21.50	0.020525	49.089
21.49	21.50	0.020542	49.184
21.49	21.50	0.020558	49.283
21.49	21.50	0.020575	49.388
21.49	21.50	0.020592	49.482
21.49	21.50	0.020608	49.582
21.49	21.50	0.020625	49.686
21.49	21.50	0.020642	49.781
21.49	21.50	0.020658	49.881
21.49	21.50	0.020675	49.985
21.49	21.50	0.020692	50.080
21.49	21.50	0.020708	50.180
21.52	21.50	0.020725	50.284
21.52	21.50	0.020742	50.378
21.52	21.50	0.020758	50.481
21.52	21.50	0.020775	50.583
21.52	21.50	0.020792	50.677
21.52	21.50	0.020808	50.781
21.52	21.50	0.020825	50.882
21.52	21.50	0.020842	50.977
21.52	21.50	0.020858	51.081
21.52	21.50	0.020875	51.180
21.49	21.50	0.020892	51.277
21.49	21.50	0.020908	51.379
21.49	21.50	0.020925	51.479
21.49	21.50	0.020942	51.578
21.49	21.50	0.020958	51.678
21.49	21.50	0.020975	51.778
21.49	21.50	0.020992	51.877
21.49	21.50	0.021008	51.977
21.49	21.50	0.021025	52.077
21.49	21.50	0.021042	52.177
21.49	21.50	0.021058	52.277
21.49	21.50	0.021075	52.377
21.49	21.50	0.021092	52.477
21.49	21.50	0.021108	52.577
21.49	21.50	0.021125	52.677
21.49	21.50	0.021142	52.777
21.49	21.50	0.021158	52.877
21.49	21.50	0.021175	52.977
21.49	21.50	0.021192	53.077
21.49	21.50	0.021208	53.177
21.52	21.50	0.021225	53.277
21.52	21.50	0.021242	53.377
21.52	21.50	0.021258	53.477
21.52	21.50	0.021275	53.577
21.52	21.50	0.021291	53.677
21.52	21.50	0.021308	53.777
21.52	21.50	0.021325	53.877
21.52	21.50	0.021341	53.977
21.52	21.50	0.021358	54.078
21.49	21.50	0.021375	54.177
21.49	21.50	0.021391	54.277
21.49	21.50	0.021408	54.377
21.49	21.50	0.021425	54.477
21.49	21.50	0.021441	54.577
21.49	21.50	0.021458	54.677
21.49	21.50	0.021475	54.777
21.49	21.50	0.021491	54.877
21.49	21.50	0.021508	54.977
21.49	21.50	0.021525	55.077
21.49	21.50	0.021541	55.177
21.49	21.50	0.021558	55.277
21.49	21.50	0.021575	55.377
21.49	21.50	0.021591	55.477
21.49	21.50	0.021608	55.577
21.49	21.50	0.021625	55.677
21.49	21.50	0.021641	55.777
21.49	21.50	0.021658	55.877
21.49	21.50	0.021675	55.977
21.52	21.50	0.021691	56.077
21.52	21.50	0.021708	56.177
21.52	21.50	0.021725	56.277
21.52	21.50	0.021741	56.377
21.52	21.50	0.021758	56.477
21.52	21.50	0.021775	56.601
21.52	21.50	0.021791	56.706
21.52	21.50	0.021808	56.801
21.52	21.50	0.021825	56.876
21.52	21.50	0.021841	57.005
21.49	21.50	0.021858	57.099
21.49	21.50	0.021875	57.177
21.49	21.50	0.021891	57.303
21.49	21.50	0.021908	57.398
21.49	21.50	0.021925	57.477
21.49	21.50	0.021941	57.603
21.49	21.50	0.021958	57.697
21.49	21.50	0.021975	57.777
21.49	21.50	0.021991	57.901
21.49	21.50	0.022008	57.996
21.49	21.50	0.022025	58.100
21.49	21.50	0.022041	58.200
21.49	21.50	0.022058	58.294
21.49	21.50	0.022075	58.399
21.49	21.50	0.022091	58.499
21.49	21.50	0.022108	58.593
21.49	21.50	0.022124	58.698
21.49	21.50	0.022141	58.797
21.49	21.50	0.022158	58.892
21.49	21.50	0.022174	58.997
21.49	21.50	0.022191	59.090
21.52	21.50	0.022208	59.191
21.52	21.50	0.022224	59.295
21.52	21.50	0.022241	59.390
21.52	21.50	0.022258	59.490
21.52	21.50	0.022274	59.594
21.52	21.50	0.022291	59.689
21.52	21.50	0.022308	59.788
21.52	21.50	0.022324	59.893
21.52	21.50	0.022341	59.987
21.52	21.50	0.022358	00.087
21.52	21.50	0.022374	00.191
21.52	21.50	0.022391	00.286
21.49	21.50	0.022408	00.386
21.49	21.50	0.022424	00.490
21.49	21.50	0.022441	00.585
21.49	21.50	0.022458	00.684
21.49	21.50	0.022474	00.789
21.49	21.50	0.022491	00.883
21.49	21.50	0.022508	00.983
21.49	21.50	0.022524	01.088
21.49	21.50	0.022541	01.182
21.49	21.50	0.022558	01.282
21.49	21.50	0.022574	01.386
21.49	21.50	0.022591	01.481
21.49	21.50	0.022608	01.581
21.49	21.50	0.022624	01.685
21.49	21.50	0.022641	01.779
21.49	21.50	0.022658	01.882
21.52	21.50	0.022674	01.983
21.52	21.50	0.022691	02.079
21.52	21.50	0.022708	02.182
21.52	21.50	0.022724	02.282
21.52	21.50	0.022741	02.379
21.52	21.50	0.022758	02.481
21.52	21.50	0.022774	02.581
21.52	21.50	0.022791	02.679
21.52	21.50	0.022808	02.780
21.52	21.50	0.022824	02.880
21.49	21.50	0.022841	02.979
21.49	21.50	0.022858	03.079
21.49	21.50	0.022874	03.179
21.49	21.50	0.022891	03.279
21.49	21.50	0.022908	03.379
21.49	21.50	0.022924	03.479
21.49	21.50	0.022941	03.579
21.49	21.50	0.022957	03.679
21.49	21.50	0.022974	03.779
21.49	21.50	0.022991	03.879
21.49	21.50	0.023007	03.979
21.49	21.50	0.023024	04.079
21.49	21.50	0.023041	04.179
21.49	21.50	0.023057	04.279
21.49	21.50	0.023074	04.379
21.49	21.50	0.023091	04.479
21.49	21.50	0.023107	04.579
21.49	21.50	0.023124	04.679
21.52	21.50	0.023141	04.779
21.52	21.50	0.023157	04.882
21.52	21.50	0.023174	04.981
21.52	21.50	0.023191	05.081
21.52	21.50	0.023207	05.181
21.52	21.50	0.023224	05.281
21.52	21.50	0.023241	05.381
21.52	21.50	0.023257	05.481
21.52	21.50	0.023274	05.581
21.52	21.50	0.023291	05.683
21.52	21.50	0.023307	05.782
21.49	21.50	0.023324	05.882
21.49	21.50	0.023341	05.982
21.49	21.50	0.023357	06.082
21.49	21.50	0.023374	06.182
21.49	21.50	0.023391	06.282
21.49	21.50	0.023407	06.382
21.49	21.50	0.023424	06.483
21.49	21.50	0.023441	06.582
21.49	21.50	0.023457	06.682
21.49	21.50	0.023474	06.782
21.49	21.50	0.023491	06.882
21.49	21.50	0.023507	06.982
21.49	21.50	0.023524	07.107
21.49	21.50	0.023541	07.211
21.49	21.50	0.023557	07.306
21.49	21.50	0.023574	07.405
21.49	21.50	0.023591	07.510
21.49	21.50	0.023607	07.605
21.49	21.50	0.023624	07.704
21.49	21.50	0.023641	07.809
21.49	21.50	0.023657	07.903
21.49	21.50	0.023674	08.003
21.49	21.50	0.023691	08.107
21.49	21.50	0.023707	08.202
21.52	21.50	0.023724	08.302
21.52	21.50	0.023741	08.406
21.52	21.50	0.023757	08.501
21.52	21.50	0.023774	08.602
21.52	21.50	0.023790	08.705
21.52	21.50	0.023807	08.800
21.52	21.50	0.023824	08.903
21.52	21.50	0.023840	09.004
21.52	21.50	0.023857	09.098
21.52	21.50	0.023874	09.203
21.52	21.50	0.023890	09.302
21.49	21.50	0.023907	09.397
21.49	21.50	0.023924	09.501
21.49	21.50	0.023940	09.601
21.49	21.50	0.023957	09.696
21.49	21.50	0.023974	09.800
21.49	21.50	0.023990	09.900
21.49	21.50	0.024007	09.994
21.49	21.50	0.024024	10.099
21.49	21.50	0.024040	10.193
21.49	21.50	0.024057	10.293
21.49	21.50	0.024074	10.398
21.49	21.50	0.024090	10.492
21.49	21.50	0.024107	10.592
21.49	21.50	0.024124	10.696
21.49	21.50	0.024140	10.791
21.52	21.50	0.024157	10.890
21.52	21.50	0.024174	10.995
21.52	21.50	0.024190	11.089
21.52	21.50	0.024207	11.189
21.52	21.50	0.024224	11.294
21.52	21.50	0.024240	11.388
21.52	21.50	0.024257	11.488
21.52	21.50	0.024274	11.592
21.52	21.50	0.024290	11.687
21.52	21.50	0.024307	11.786
21.52	21.50	0.024324	11.891
21.49	21.50	0.024340	11.986
21.49	21.50	0.024357	12.085
21.49	21.50	0.024374	12.190
21.49	21.50	0.024390	12.284
21.49	21.50	0.024407	12.384
21.49	21.50	0.024424	12.488
21.49	21.50	0.024440	12.583
21.49	21.50	0.024457	12.682
21.49	21.50	0.024474	12.787
21.49	21.50	0.024490	12.882
21.49	21.50	0.024507	12.983
21.49	21.50	0.024524	13.086
21.49	21.50	0.024540	13.182
21.49	21.50	0.024557	13.283
21.49	21.50	0.024574	13.384
21.49	21.50	0.024590	13.482
21.49	21.50	0.024607	13.582
21.49	21.50	0.024623	13.683
21.49	21.50	0.024640	13.782
21.49	21.50	0.024657	13.882
21.49	21.50	0.024673	13.982
21.49	21.50	0.024690	14.082
21.49	21.50	0.024707	14.182
21.49	21.50	0.024723	14.282
21.49	21.50	0.024740	14.382
21.49	21.50	0.024757	14.482
21.52	21.50	0.024773	14.582
21.52	21.50	0.024790	14.682
21.52	21.50	0.024807	14.782
21.52	21.50	0.024823	14.882
21.52	21.50	0.024840	14.983
21.52	21.50	0.024857	15.082
21.52	21.50	0.024873	15.182
21.52	21.50	0.024890	15.282
21.52	21.50	0.024907	15.382
21.52	21.50	0.024923	15.482
21.52	21.50	0.024940	15.582
21.52	21.50	0.024957	15.682
21.52	21.50	0.024973	15.782
21.49	21.50	0.024990	15.882
21.49	21.50	0.025007	15.982
21.49	21.50	0.025023	16.082
21.49	21.50	0.025040	16.182
21.49	21.50	0.025057	16.282
21.49	21.50	0.025073	16.382
21.49	21.50	0.025090	16.482
21.49	21.50	0.025107	16.582
21.49	21.50	0.025123	16.682
21.49	21.50	0.025140	16.782
21.49	21.50	0.025157	16.882
21.49	21.50	0.025173	16.982
21.49	21.50	0.025190	17.083
21.49	21.50	0.025207	17.183
21.49	21.50	0.025223	17.283
21.49	21.50	0.025240	17.383
21.49	21.50	0.025257	17.483
21.49	21.50	0.025273	17.583
21.49	21.50	0.025290	17.684
21.49	21.50	0.025307	17.783
21.49	21.50	0.025323	17.883
21.52	21.50	0.025340	17.983
21.52	21.50	0.025357	18.083
21.52	21.50	0.025373	18.183
21.52	21.50	0.025390	18.283
21.52	21.50	0.025407	18.383
21.52	21.50	0.025423	18.483
21.52	21.50	0.025440	18.612
21.52	21.50	0.025456	18.707
21.52	21.50	0.025473	18.806
21.52	21.50	0.025490	18.911
21.49	21.50	0.025506	19.006
21.49	21.50	0.025523	19.105
21.49	21.50	0.025540	19.210
21.49	21.50	0.025556	19.304
21.49	21.50	0.025573	19.404
21.49	21.50	0.025590	19.508
21.49	21.50	0.025606	19.603
21.49	21.50	0.025623	19.703
21.49	21.50	0.025640	19.807
21.49	21.50	0.025656	19.902
21.49	21.50	0.025673	20.004
21.49	21.50	0.025690	20.106
21.49	21.50	0.025706	20.200
21.49	21.50	0.025723	20.304
21.49	21.50	0.025740	20.404
21.49	21.50	0.025756	20.499
21.49	21.50	0.025773	20.604
21.49	21.50	0.025790	20.703
21.49	21.50	0.025806	20.797
21.52	21.50	0.025823	20.902
21.52	21.50	0.025840	21.002
21.52	21.50	0.025856	21.097
21.52	21.50	0.025873	21.201
21.52	21.50	0.025890	21.301
21.52	21.50	0.025906	21.396
21.52	21.50	0.025923	21.500
21.52	21.50	0.025940	21.595
21.52	21.50	0.025956	21.694
21.52	21.50	0.025973	21.799
21.52	21.50	0.025990	21.893
21.49	21.50	0.026006	21.992
21.49	21.50	0.026023	22.097
21.49	21.50	0.026040	22.191
21.49	21.50	0.026056	22.291
21.49	21.50	0.026073	22.396
21.49	21.50	0.026090	22.490
21.49	21.50	0.026106	22.590
21.49	21.50	0.026123	22.695
21.49	21.50	0.026140	22.789
21.49	21.50	0.026156	22.889
21.49	21.50	0.026173	22.993
21.49	21.50	0.026190	23.088
21.49	21.50	0.026206	23.188
21.49	21.50	0.026223	23.292
21.49	21.50	0.026240	23.387
21.49	21.50	0.026256	23.485
21.49	21.50	0.026273	23.590
21.49	21.50	0.026289	23.685
21.49	21.50	0.026306	23.784
21.49	21.50	0.026323	23.889
21.49	21.50	0.026339	23.983
21.49	21.50	0.026356	24.084
21.49	21.50	0.026373	24.187
21.52	21.50	0.026389	24.283
21.52	21.50	0.026406	24.385
21.52	21.50	0.026423	24.487
21.52	21.50	0.026439	24.583
21.52	21.50	0.026456	24.684
21.52	21.50	0.026473	24.786
21.52	21.50	0.026489	24.883
21.52	21.50	0.026506	24.984
21.52	21.50	0.026523	25.084
21.52	21.50	0.026539	25.183
21.49	21.50	0.026556	25.284
21.49	21.50	0.026573	25.383
21.49	21.50	0.026589	25.483
21.49	21.50	0.026606	25.583
21.49	21.50	0.026623	25.683
21.49	21.50	0.026639	25.783
21.49	21.50	0.026656	25.883
21.49	21.50	0.026673	25.984
21.49	21.50	0.026689	26.083
21.49	21.50	0.026706	26.183
21.49	21.50	0.026723	26.283
21.49	21.50	0.026739	26.384
21.49	21.50	0.026756	26.483
21.49	21.50	0.026773	26.583
21.49	21.50	0.026789	26.683
21.49	21.50	0.026806	26.783
21.49	21.50	0.026823	26.883
21.49	21.50	0.026839	26.983
21.49	21.50	0.026856	27.083
21.52	21.50	0.026873	27.183
21.52	21.50	0.026889	27.283
21.52	21.50	0.026906	27.383
21.52	21.50	0.026923	27.483
21.52	21.50	0.026939	27.583
21.52	21.50	0.026956	27.683
21.52	21.50	0.026973	27.783
21.52	21.50	0.026989	27.883
21.52	21.50	0.027006	27.984
21.52	21.50	0.027023	28.083
21.49	21.50	0.027039	28.183
21.49	21.50	0.027056	28.283
21.49	21.50	0.027073	28.383
21.49	21.50	0.027089	28.484
21.49	21.50	0.027106	28.583
21.49	21.50	0.027122	28.683
21.49	21.50	0.027139	28.783
21.49	21.50	0.027156	28.883
21.49	21.50	0.027172	28.983
21.49	21.50	0.027189	29.083
21.49	21.50	0.027206	29.183
21.49	21.50	0.027222	29.283
21.49	21.50	0.027239	29.383
21.49	21.50	0.027256	29.483
21.49	21.50	0.027272	29.583
21.49	21.50	0.027289	29.683
21.49	21.50	0.027306	29.783
21.49	21.50	0.027322	29.883
21.49	21.50	0.027339	29.983
21.49	21.50	0.027356	30.107
21.49	21.50	0.027372	30.207
21.49	21.50	0.027389	30.311
21.49	21.50	0.027406	30.406
21.52	21.50	0.027422	30.506
21.52	21.50	0.027439	30.610
21.52	21.50	0.027456	30.705
21.52	21.50	0.027472	30.805
21.52	21.50	0.027489	30.910
21.52	21.50	0.027506	31.003
21.52	21.50	0.027522	31.105
21.52	21.50	0.027539	31.209
21.52	21.50	0.027556	31.302
21.52	21.50	0.027572	31.406
21.52	21.50	0.027589	31.507
21.49	21.50	0.027606	31.602
21.49	21.50	0.027622	31.705
21.49	21.50	0.027639	31.805
21.49	21.50	0.027656	31.899
21.49	21.50	0.027672	32.004
21.49	21.50	0.027689	32.104
21.49	21.50	0.027706	32.198
21.49	21.50	0.027722	32.303
21.49	21.50	0.027739	32.402
21.49	21.50	0.027756	32.497
21.49	21.50	0.027772	32.601
21.49	21.50	0.027789	32.701
21.49	21.50	0.027806	32.796
21.49	21.50	0.027822	32.900
21.49	21.50	0.027839	32.995
21.49	21.50	0.027856	33.094
21.49	21.50	0.027872	33.199
21.49	21.50	0.027889	33.293
21.49	21.50	0.027906	33.393
21.49	21.50	0.027922	33.498
21.49	21.50	0.027939	33.592
21.49	21.50	0.027955	33.693
21.52	21.50	0.027972	33.797
21.52	21.50	0.027989	33.892
21.52	21.50	0.028005	33.991
21.52	21.50	0.028022	34.096
21.52	21.50	0.028039	34.190
21.52	21.50	0.028055	34.290
21.52	21.50	0.028072	34.394
21.52	21.50	0.028089	34.489
21.52	21.50	0.028105	34.589
21.52	21.50	0.028122	34.693
21.49	21.50	0.028139	34.788
21.49	21.50	0.028155	34.887
21.49	21.50	0.028172	34.992
21.49	21.50	0.028189	35.086
21.49	21.50	0.028205	35.186
21.49	21.50	0.028222	35.291
21.49	21.50	0.028239	35.385
21.49	21.50	0.028255	35.486
21.49	21.50	0.028272	35.589
21.49	21.50	0.028289	35.684
21.49	21.50	0.028305	35.785
21.49	21.50	0.028322	35.888
21.49	21.50	0.028339	35.983
21.49	21.50	0.028355	36.086
21.49	21.50	0.028372	36.187
21.49	21.50	0.028389	36.284
21.49	21.50	0.028405	36.386
21.49	21.50	0.028422	36.485
21.49	21.50	0.028439	36.584
21.49	21.50	0.028455	36.684
21.49	21.50	0.028472	36.784
21.49	21.50	0.028489	36.885
21.49	21.50	0.028505	36.984
21.49	21.50	0.028522	37.084
21.52	21.50	0.028539	37.184
21.52	21.50	0.028555	37.283
21.52	21.50	0.028572	37.384
21.52	21.50	0.028589	37.484
21.52	21.50	0.028605	37.584
21.52	21.50	0.028622	37.684
21.52	21.50	0.028639	37.784
21.52	21.50	0.028655	37.884
21.52	21.50	0.028672	37.984
21.52	21.50	0.028689	38.085
21.52	21.50	0.028705	38.184
21.49	21.50	0.028722	38.284
21.49	21.50	0.028739	38.384
21.49	21.50	0.028755	38.484
21.49	21.50	0.028772	38.584
21.49	21.50	0.028788	38.684
21.49	21.50	0.028805	38.784
21.49	21.50	0.028822	38.884
21.49	21.50	0.028838	38.984
21.49	21.50	0.028855	39.084
21.49	21.50	0.028872	39.184
21.49	21.50	0.028888	39.284
21.49	21.50	0.028905	39.384
21.49	21.50	0.028922	39.484
21.49	21.50	0.028938	39.584
21.49	21.50	0.028955	39.684
21.49	21.50	0.028972	39.784
21.49	21.50	0.028988	39.884
21.49	21.50	0.029005	39.984
21.49	21.50	0.029022	40.084
21.52	21.50	0.029038	40.184
21.52	21.50	0.029055	40.284
21.52	21.50	0.029072	40.384
21.52	21.50	0.029088	40.484
21.52	21.50	0.029105	40.585
21.52	21.50	0.029122	40.684
21.52	21.50	0.029138	40.784
21.52	21.50	0.029155	40.884
21.52	21.50	0.029172	40.984
21.52	21.50	0.029188	41.084
21.49	21.50	0.029205	41.184
21.49	21.50	0.029222	41.284
21.49	21.50	0.029238	41.385
21.49	21.50	0.029255	41.484
21.49	21.50	0.029272	41.584
21.49	21.50	0.029288	41.713
21.49	21.50	0.029305	41.808
21.49	21.50	0.029322	41.907
21.49	21.50	0.029338	42.012
21.49	21.50	0.029355	42.106
21.49	21.50	0.029372	42.207
21.49	21.50	0.029388	42.310
21.49	21.50	0.029405	42.405
21.49	21.50	0.029422	42.507
21.49	21.50	0.029438	42.609
21.49	21.50	0.029455	42.703
21.49	21.50	0.029472	42.806
21.49	21.50	0.029488	42.907
21.49	21.50	0.029505	43.002
21.49	21.50	0.029522	43.106
21.49	21.50	0.029538	43.207
21.49	21.50	0.029555	43.300
21.49	21.50	0.029572	43.406
21.49	21.50	0.029588	43.505
21.52	21.50	0.029605	43.600
21.52	21.50	0.029621	43.705
21.52	21.50	0.029638	43.804
21.52	21.50	0.029655	43.899
21.52	21.50	0.029671	44.003
21.52	21.50	0.029688	44.103
21.52	21.50	0.029705	44.197
21.52	21.50	0.029721	44.302
21.52	21.50	0.029738	44.396
21.52	21.50	0.029755	44.496
21.52	21.50	0.029771	44.600
21.49	21.50	0.029788	44.695
21.49	21.50	0.029805	44.795
21.49	21.50	0.029821	44.899
21.49	21.50	0.029838	44.994
21.49	21.50	0.029855	45.093
21.49	21.50	0.029871	45.198
21.49	21.50	0.029888	45.292
21.49	21.50	0.029905	45.392
21.49	21.50	0.029921	45.496
21.49	21.50	0.029938	45.591
21.49	21.50	0.029955	45.691
21.49	21.50	0.029971	45.795
21.49	21.50	0.029988	45.890
21.49	21.50	0.030005	45.989
21.49	21.50	0.030021	46.094
21.49	21.50	0.030038	46.188
21.49	21.50	0.030055	46.288
21.52	21.50	0.030071	46.392
21.52	21.50	0.030088	46.487
21.52	21.51	0.030105	46.587
21.52	21.51	0.030121	46.691
21.52	21.51	0.030138	46.786
21.52	21.51	0.030155	46.887
21.52	21.51	0.030171	46.990
21.52	21.51	0.030188	47.085
21.52	21.51	0.030205	47.188
21.52	21.51	0.030221	47.289
21.52	21.51	0.030238	47.385
21.49	21.51	0.030255	47.487
21.49	21.51	0.030271	47.587
21.49	21.51	0.030288	47.685
21.49	21.51	0.030305	47.786
21.49	21.52	0.030321	47.885
21.49	21.52	0.030338	47.985
21.49	21.52	0.030355	48.086
21.52	21.52	0.030371	48.185
21.52	21.52	0.030388	48.285
21.52	21.52	0.030405	48.385
21.52	21.52	0.030421	48.485
21.52	21.52	0.030438	48.585
21.52	21.52	0.030454	48.685
21.52	21.52	0.030471	48.785
21.52	21.52	0.030488	48.885
21.52	21.52	0.030504	48.985
21.52	21.52	0.030521	49.085
21.52	21.53	0.030538	49.185
21.52	21.53	0.030554	49.285
21.52	21.53	0.030571	49.385
21.52	21.53	0.030588	49.485
21.52	21.53	0.030604	49.585
21.54	21.53	0.030621	49.685
21.54	21.53	0.030638	49.785
21.54	21.53	0.030654	49.885
21.54	21.53	0.030671	49.985
21.54	21.53	0.030688	50.085
21.54	21.53	0.030704	50.185
21.54	21.53	0.030721	50.285
21.54	21.53	0.030738	50.385
21.54	21.54	0.030754	50.485
21.54	21.54	0.030771	50.585
21.54	21.54	0.030788	50.685
21.54	21.54	0.030804	50.785
21.54	21.54	0.030821	50.885
21.54	21.54	0.030838	50.985
21.54	21.54	0.030854	51.085
21.54	21.54	0.030871	51.185
21.54	21.54	0.030888	51.285
21.54	21.54	0.030904	51.385
21.54	21.54	0.030921	51.485
21.54	21.54	0.030938	51.585
21.54	21.54	0.030954	51.685
21.54	21.55	0.030971	51.786
21.54	21.55	0.030988	51.885
21.54	21.55	0.031004	51.985
21.54	21.55	0.031021	52.085
21.54	21.55	0.031038	52.185
21.54	21.55	0.031054	52.285
21.54	21.55	0.031071	52.385
21.54	21.55	0.031088	52.485
21.54	21.55	0.031104	52.585
21.54	21.55	0.031121	52.685
21.54	21.55	0.031138	52.786
21.54	21.55	0.031154	52.885
21.54	21.55	0.031171	52.985
21.54	21.56	0.031188	53.114
21.54	21.56	0.031204	53.208
21.54	21.56	0.031221	53.308
21.54	21.56	0.031238	53.412
21.57	21.56	0.031254	53.507
21.57	21.56	0.031271	53.608
21.57	21.56	0.031287	53.712
21.57	21.56	0.031304	53.806
21.57	21.56	0.031321	53.908
21.57	21.56	0.031337	54.009
21.57	21.56	0.031354	54.104
21.57	21.56	0.031371	54.208
21.57	21.56	0.031387	54.309
21.57	21.57	0.031404	54.403
21.57	21.57	0.031421	54.507
21.57	21.57	0.031437	54.607
21.57	21.57	0.031454	54.701
21.57	21.57	0.031471	54.806
21.57	21.57	0.031487	54.906
21.57	21.57	0.031504	55.000
21.57	21.57	0.031521	55.105
21.57	21.57	0.031537	55.204
21.57	21.57	0.031554	55.299
21.57	21.57	0.031571	55.403
21.57	21.57	0.031587	55.498
21.57	21.57	0.031604	55.599
21.57	21.58	0.031621	55.702
21.57	21.58	0.031637	55.797
21.57	21.58	0.031654	55.896
21.57	21.58	0.031671	56.001
21.57	21.58	0.031687	56.095
21.57	21.58	0.031704	56.195
21.57	21.58	0.031721	56.300
21.57	21.58	0.031737	56.395
21.57	21.58	0.031754	56.494
21.57	21.58	0.031771	56.599
21.60	21.58	0.031787	56.694
21.60	21.58	0.031804	56.793
21.60	21.58	0.031821	56.898
21.60	21.59	0.031837	56.992
21.60	21.59	0.031854	57.092
21.60	21.59	0.031871	57.196
21.60	21.59	0.031887	57.291
21.60	21.59	0.031904	57.390
21.60	21.59	0.031921	57.495
21.60	21.59	0.031937	57.590
21.60	21.59	0.031954	57.689
21.60	21.59	0.031971	57.794
21.60	21.59	0.031987	57.888
21.60	21.59	0.032004	57.988
21.60	21.59	0.032021	58.092
21.60	21.59	0.032037	58.187
21.60	21.60	0.032054	58.289
21.60	21.60	0.032071	58.391
21.57	21.60	0.032087	58.486
21.57	21.60	0.032104	58.588
21.57	21.60	0.032120	58.690
21.57	21.60	0.032137	58.785
21.57	21.60	0.032154	58.888
21.57	21.60	0.032170	58.988
21.60	21.60	0.032187	59.085
21.60	21.60	0.032204	59.188
21.60	21.60	0.032220	59.287
21.60	21.60	0.032237	59.385
21.60	21.60	0.032254	59.486
21.60	21.61	0.032270	59.586
21.60	21.61	0.032287	59.686
21.60	21.61	0.032304	59.786
21.60	21.61	0.032320	59.886
21.60	21.61	0.032337	59.986
21.60	21.61	0.032354	00.086
21.60	21.61	0.032370	00.186
21.60	21.61	0.032387	00.286
21.62	21.61	0.032404	00.386
21.62	21.61	0.032420	00.486
21.62	21.61	0.032437	00.586
21.62	21.61	0.032454	00.686
21.62	21.61	0.032470	00.787
21.62	21.62	0.032487	00.886
21.62	21.62	0.032504	00.986
21.62	21.62	0.032520	01.086
21.62	21.62	0.032537	01.186
21.62	21.62	0.032554	01.286
21.62	21.62	0.032570	01.386
21.62	21.62	0.032587	01.486
21.62	21.62	0.032604	01.586
21.62	21.62	0.032620	01.686
21.62	21.62	0.032637	01.786
21.62	21.62	0.032654	01.886
21.62	21.62	0.032670	01.986
21.62	21.62	0.032687	02.086
21.62	21.62	0.032704	02.186
21.62	21.63	0.032720	02.286
21.62	21.63	0.032737	02.386
21.62	21.63	0.032754	02.486
21.62	21.63	0.032770	02.586
21.62	21.63	0.032787	02.686
21.62	21.63	0.032804	02.786
21.62	21.63	0.032820	02.886
21.62	21.63	0.032837	02.986
21.62	21.63	0.032854	03.086
21.62	21.63	0.032870	03.186
21.65	21.63	0.032887	03.287
21.65	21.63	0.032904	03.386
21.65	21.63	0.032920	03.486
21.65	21.64	0.032937	03.586
21.65	21.64	0.032953	03.686
21.65	21.64	0.032970	03.786
21.65	21.64	0.032987	03.886
21.65	21.64	0.033003	03.986
21.65	21.64	0.033020	04.086
21.65	21.64	0.033037	04.186
21.65	21.64	0.033053	04.286
21.65	21.64	0.033070	04.386
21.65	21.64	0.033087	04.515
21.65	21.64	0.033103	04.610
21.62	21.64	0.033120	04.709
21.62	21.64	0.033137	04.814
21.62	21.65	0.033153	04.908
21.62	21.65	0.033170	05.009
21.62	21.65	0.033187	05.112
21.62	21.65	0.033203	05.207
21.65	21.65	0.033220	05.309
21.65	21.65	0.033237	05.411
21.65	21.65	0.033253	05.506
21.65	21.65	0.033270	05.609
21.65	21.65	0.033287	05.710
21.65	21.65	0.033303	05.804
21.65	21.65	0.033320	05.909
21.65	21.65	0.033337	06.008
21.65	21.65	0.033353	06.103
21.65	21.66	0.033370	06.207
21.65	21.66	0.033387	06.307
21.65	21.66	0.033403	06.402
21.65	21.66	0.033420	06.506
21.65	21.66	0.033437	06.606
21.65	21.66	0.033453	06.700
21.67	21.66	0.033470	06.805
21.67	21.66	0.033487	06.899
21.67	21.66	0.033503	06.999
21.67	21.66	0.033520	07.104
21.67	21.66	0.033537	07.198
21.67	21.66	0.033553	07.298
21.67	21.66	0.033570	07.402
21.67	21.67	0.033587	07.497
21.67	21.67	0.033603	07.597
21.67	21.67	0.033620	07.701
21.67	21.67	0.033637	07.796
21.67	21.67	0.033653	07.895
21.67	21.67	0.033670	08.000
21.67	21.67	0.033687	08.094
21.67	21.67	0.033703	08.194
21.67	21.67	0.033720	08.298
21.67	21.67	0.033737	08.393
21.67	21.67	0.033753	08.493
21.67	21.67	0.033770	08.597
21.67	21.67	0.033786	08.692
21.67	21.68	0.033803	08.791
21.67	21.68	0.033820	08.896
21.67	21.68	0.033836	08.990
21.67	21.68	0.033853	09.090
21.67	21.68	0.033870	09.195
21.67	21.68	0.033886	09.289
21.67	21.68	0.033903	09.390
21.67	21.68	0.033920	09.493
21.67	21.68	0.033936	09.588
21.67	21.68	0.033953	09.689
21.67	21.68	0.033970	09.792
21.67	21.68	0.033986	09.887
21.67	21.68	0.034003	09.990
21.70	21.69	0.034020	10.091
21.70	21.69	0.034036	10.187
21.70	21.69	0.034053	10.290
21.70	21.69	0.034070	10.390
21.70	21.69	0.034086	10.487
21.70	21.69	0.034103	10.589
21.70	21.69	0.034120	10.688
21.70	21.69	0.034136	10.787
21.70	21.69	0.034153	10.888
21.70	21.69	0.034170	10.987
21.70	21.69	0.034186	11.087
21.70	21.69	0.034203	11.187
21.70	21.69	0.034220	11.287
21.70	21.70	0.034236	11.387
21.70	21.70	0.034253	11.487
21.70	21.70	0.034270	11.587
21.70	21.70	0.034286	11.687
21.70	21.70	0.034303	11.787
21.70	21.70	0.034320	11.887
21.70	21.70	0.034336	11.987
21.70	21.70	0.034353	12.087
21.70	21.70	0.034370	12.187
21.70	21.70	0.034386	12.288
21.70	21.70	0.034403	12.388
21.70	21.70	0.034420	12.489
21.70	21.70	0.034436	12.588
21.70	21.71	0.034453	12.688
21.70	21.71	0.034470	12.788
21.70	21.71	0.034486	12.888
21.70	21.71	0.034503	12.988
21.70	21.71	0.034520	13.088
21.70	21.71	0.034536	13.188
21.70	21.71	0.034553	13.288
21.70	21.71	0.034570	13.389
21.70	21.71	0.034586	13.488
21.70	21.71	0.034603	13.588
21.70	21.71	0.034619	13.688
21.70	21.71	0.034636	13.788
21.70	21.71	0.034653	13.888
21.70	21.72	0.034669	13.988
21.70	21.72	0.034686	14.088
21.70	21.72	0.034703	14.188
21.70	21.72	0.034719	14.288
21.73	21.72	0.034736	14.388
21.73	21.72	0.034753	14.488
21.73	21.72	0.034769	14.588
21.73	21.72	0.034786	14.688
21.73	21.72	0.034803	14.789
21.73	21.72	0.034819	14.889
21.73	21.72	0.034836	14.989
21.73	21.72	0.034853	15.089
21.73	21.72	0.034869	15.189
21.73	21.73	0.034886	15.288
21.73	21.73	0.034903	15.388
21.73	21.73	0.034919	15.512
21.73	21.73	0.034936	15.617
21.73	21.73	0.034953	15.711
21.73	21.73	0.034969	15.811
21.73	21.73	0.034986	15.915
21.73	21.73	0.035003	16.010
21.73	21.73	0.035019	16.111
21.73	21.73	0.035036	16.214
21.73	21.73	0.035053	16.309
21.73	21.73	0.035069	16.410
21.73	21.73	0.035086	16.513
21.73	21.74	0.035103	16.607
21.73	21.74	0.035119	16.711
21.73	21.74	0.035136	16.811
21.73	21.74	0.035153	16.906
21.75	21.74	0.035169	17.011
21.75	21.74	0.035186	17.110
21.75	21.74	0.035203	17.205
21.75	21.74	0.035219	17.310
21.75	21.74	0.035236	17.409
21.75	21.74	0.035253	17.504
21.75	21.74	0.035269	17.609
21.75	21.74	0.035286	17.708
21.75	21.74	0.035303	17.803
21.75	21.75	0.035319	17.908
21.75	21.75	0.035336	18.006
21.75	21.75	0.035353	18.102
21.75	21.75	0.035369	18.206
21.75	21.75	0.035386	18.301
21.75	21.75	0.035403	18.400
21.75	21.75	0.035419	18.505
21.75	21.75	0.035436	18.599
21.75	21.75	0.035452	18.699
21.75	21.75	0.035469	18.803
21.75	21.75	0.035486	18.898
21.75	21.75	0.035502	18.998
21.75	21.75	0.035519	19.102
21.75	21.76	0.035536	19.197
21.75	21.76	0.035552	19.296
21.75	21.76	0.035569	19.401
21.75	21.76	0.035586	19.495
21.75	21.76	0.035602	19.595
21.75	21.76	0.035619	19.699
21.75	21.76	0.035636	19.794
21.75	21.76	0.035652	19.894
21.75	21.76	0.035669	19.998
21.75	21.76	0.035686	20.093
21.75	21.76	0.035702	20.193
21.75	21.76	0.035719	20.297
21.75	21.76	0.035736	20.393
21.75	21.77	0.035752	20.493
21.75	21.77	0.035769	20.596
21.75	21.77	0.035786	20.693
21.75	21.77	0.035802	20.793
21.75	21.77	0.035819	20.894
21.78	21.77	0.035836	20.993
21.78	21.77	0.035852	21.093
21.78	21.77	0.035869	21.193
21.78	21.77	0.035886	21.293
21.78	21.77	0.035902	21.393
21.78	21.77	0.035919	21.493
21.78	21.77	0.035936	21.593
21.78	21.77	0.035952	21.693
21.78	21.78	0.035969	21.793
21.78	21.78	0.035986	21.893
21.78	21.78	0.036002	21.993
21.78	21.78	0.036019	22.093
21.78	21.78	0.036036	22.193
21.78	21.78	0.036052	22.293
21.78	21.78	0.036069	22.393
21.78	21.78	0.036086	22.493
21.78	21.78	0.036102	22.593
21.78	21.78	0.036119	22.693
21.78	21.78	0.036136	22.793
21.78	21.78	0.036152	22.893
21.78	21.78	0.036169	22.993
21.78	21.79	0.036186	23.093
21.78	21.79	0.036202	23.194
21.78	21.79	0.036219	23.293
21.80	21.79	0.036236	23.393
21.80	21.79	0.036252	23.493
21.80	21.79	0.036269	23.593
21.80	21.79	0.036285	23.693
21.80	21.79	0.036302	23.793
21.80	21.79	0.036319	23.893
21.80	21.79	0.036335	23.993
21.80	21.79	0.036352	24.094
21.80	21.79	0.036369	24.193
21.80	21.79	0.036385	24.293
21.80	21.80	0.036402	24.393
21.80	21.80	0.036419	24.493
21.80	21.80	0.036435	24.593
21.80	21.80	0.036452	24.693
21.80	21.80	0.036469	24.793
21.80	21.80	0.036485	24.893
21.80	21.80	0.036502	24.993
21.80	21.80	0.036519	25.093
21.80	21.80	0.036535	25.193
21.80	21.80	0.036552	25.293
21.80	21.80	0.036569	25.393
21.80	21.80	0.036585	25.493
21.80	21.80	0.036602	25.593
21.80	21.81	0.036619	25.693
21.80	21.81	0.036635	25.793
21.80	21.81	0.036652	25.893
21.80	21.81	0.036669	25.992
21.80	21.81	0.036685	26.122
21.80	21.81	0.036702	26.216
21.80	21.81	0.036719	26.316
21.80	21.81	0.036735	26.420
21.80	21.81	0.036752	26.515
21.80	21.81	0.036769	26.614
21.80	21.81	0.036785	26.719
21.80	21.81	0.036802	26.814
21.80	21.81	0.036819	26.913
21.80	21.82	0.036835	27.018
21.80	21.82	0.036852	27.112
21.80	21.82	0.036869	27.212
21.80	21.82	0.036885	27.316
21.83	21.82	0.036902	27.411
21.83	21.82	0.036919	27.512
21.83	21.82	0.036935	27.615
21.83	21.82	0.036952	27.710
21.83	21.82	0.036969	27.812
21.83	21.82	0.036985	27.914
21.83	21.82	0.037002	28.008
21.83	21.82	0.037019	28.112
21.83	21.82	0.037035	28.213
21.83	21.83	0.037052	28.307
21.83	21.83	0.037069	28.412
21.83	21.83	0.037085	28.511
21.83	21.83	0.037102	28.606
21.83	21.83	0.037118	28.710
21.83	21.83	0.037135	28.810
21.83	21.83	0.037152	28.904
21.83	21.83	0.037168	29.009
21.83	21.83	0.037185	29.108
21.83	21.83	0.037202	29.203
21.83	21.83	0.037218	29.308
21.83	21.83	0.037235	29.407
21.83	21.83	0.037252	29.503
21.83	21.84	0.037268	29.607
21.83	21.84	0.037285	29.701
21.83	21.84	0.037302	29.800
21.83	21.84	0.037318	29.905
21.83	21.84	0.037335	30.001
21.86	21.84	0.037352	30.100
21.86	21.84	0.037368	30.205
21.86	21.84	0.037385	30.299
21.86	21.84	0.037402	30.399
21.86	21.84	0.037418	30.503
21.86	21.84	0.037435	30.598
21.86	21.84	0.037452	30.697
21.86	21.84	0.037468	30.802
21.86	21.84	0.037485	30.897
21.86	21.85	0.037502	30.996
21.86	21.85	0.037518	31.101
21.83	21.85	0.037535	31.195
21.83	21.85	0.037552	31.294
21.83	21.85	0.037568	31.399
21.83	21.85	0.037585	31.494
21.83	21.85	0.037602	31.594
21.83	21.85	0.037618	31.697
21.83	21.85	0.037635	31.794
21.83	21.85	0.037652	31.894
21.83	21.85	0.037668	31.997
21.83	21.85	0.037685	32.094
21.83	21.85	0.037702	32.194
21.83	21.86	0.037718	32.296
21.86	21.86	0.037735	32.394
21.86	21.86	0.037752	32.494
21.86	21.86	0.037768	32.594
21.86	21.86	0.037785	32.694
21.86	21.86	0.037802	32.794
21.86	21.86	0.037818	32.894
21.86	21.86	0.037835	32.994
21.86	21.86	0.037852	33.094
21.86	21.86	0.037868	33.194
21.86	21.86	0.037885	33.294
21.86	21.86	0.037902	33.394
21.86	21.86	0.037918	33.494
21.86	21.87	0.037935	33.594
21.86	21.87	0.037951	33.694
21.88	21.87	0.037968	33.794
21.88	21.87	0.037985	33.894
21.88	21.87	0.038001	33.994
21.88	21.87	0.038018	34.094
21.88	21.87	0.038035	34.194
21.88	21.87	0.038051	34.294
21.88	21.87	0.038068	34.394
21.88	21.87	0.038085	34.494
21.88	21.87	0.038101	34.594
21.88	21.87	0.038118	34.694
21.88	21.87	0.038135	34.795
21.88	21.88	0.038151	34.894
21.88	21.88	0.038168	34.994
21.88	21.88	0.038185	35.094
21.88	21.88	0.038201	35.194
21.88	21.88	0.038218	35.294
21.88	21.88	0.038235	35.394
21.88	21.88	0.038251	35.494
21.88	21.88	0.038268	35.594
21.88	21.88	0.038285	35.695
21.88	21.88	0.038301	35.794
21.88	21.88	0.038318	35.894
21.88	21.88	0.038335	35.995
21.88	21.88	0.038351	36.094
21.88	21.89	0.038368	36.194
21.88	21.89	0.038385	36.294
21.88	21.89	0.038401	36.394
21.88	21.89	0.038418	36.494
21.88	21.89	0.038435	36.594
21.88	21.89	0.038451	36.694
21.88	21.89	0.038468	36.794
21.88	21.89	0.038485	36.894
21.88	21.89	0.038501	36.994
21.88	21.89	0.038518	37.094
21.88	21.89	0.038535	37.194
21.88	21.89	0.038551	37.294
21.88	21.89	0.038568	37.393
21.88	21.90	0.038585	37.523
21.88	21.90	0.038601	37.617
21.88	21.90	0.038618	37.717
21.88	21.90	0.038635	37.821
21.88	21.90	0.038651	37.916
21.88	21.90	0.038668	38.015
21.91	21.90	0.038685	38.120
21.91	21.90	0.038701	38.215
21.91	21.90	0.038718	38.314
21.91	21.90	0.038735	38.419
21.91	21.90	0.038751	38.513
21.91	21.90	0.038768	38.613
21.91	21.90	0.038784	38.717
21.91	21.91	0.038801	38.812
21.91	21.91	0.038818	38.914
21.91	21.91	0.038834	39.016
21.91	21.91	0.038851	39.111
21.91	21.91	0.038868	39.213
21.91	21.91	0.038884	39.315
21.91	21.91	0.038901	39.409
21.91	21.91	0.038918	39.513
21.91	21.91	0.038934	39.613
21.91	21.91	0.038951	39.708
21.91	21.91	0.038968	39.813
21.91	21.91	0.038984	39.912
21.91	21.91	0.039001	40.007
21.91	21.92	0.039018	40.111
21.91	21.92	0.039034	40.211
21.93	21.92	0.039051	40.305
21.93	21.92	0.039068	40.411
21.93	21.92	0.039084	40.510
21.93	21.92	0.039101	40.604
21.93	21.92	0.039118	40.710
21.93	21.92	0.039134	40.803
21.93	21.92	0.039151	40.904
21.93	21.92	0.039168	41.007
21.93	21.92	0.039184	41.103
21.93	21.92	0.039201	41.201
21.93	21.92	0.039218	41.306
21.93	21.93	0.039234	41.401
21.93	21.93	0.039251	41.500
21.93	21.93	0.039268	41.605
21.93	21.93	0.039284	41.699
21.93	21.93	0.039301	41.799
21.93	21.93	0.039318	41.904
21.91	21.93	0.039334	41.998
21.91	21.93	0.039351	42.098
21.91	21.93	0.039368	42.202
21.91	21.93	0.039384	42.297
21.91	21.93	0.039401	42.396
21.91	21.93	0.039418	42.502
21.93	21.93	0.039434	42.595
21.93	21.94	0.039451	42.696
21.93	21.94	0.039468	42.799
21.93	21.94	0.039484	42.894
21.93	21.94	0.039501	42.994
21.93	21.94	0.039518	43.098
21.93	21.94	0.039534	43.194
21.93	21.94	0.039551	43.294
21.93	21.94	0.039568	43.398
21.93	21.94	0.039584	43.494
21.96	21.94	0.039601	43.594
21.96	21.94	0.039617	43.696
21.96	21.94	0.039634	43.794
21.96	21.94	0.039651	43.894
21.96	21.95	0.039667	43.995
21.96	21.95	0.039684	44.094
21.96	21.95	0.039701	44.194
21.96	21.95	0.039717	44.294
21.96	21.95	0.039734	44.394
21.96	21.95	0.039751	44.494
21.96	21.95	0.039767	44.595
21.96	21.95	0.039784	44.694
21.96	21.95	0.039801	44.794
21.96	21.95	0.039817	44.894
21.96	21.95	0.039834	44.994
21.96	21.95	0.039851	45.094
21.96	21.95	0.039867	45.194
21.96	21.96	0.039884	45.294
21.96	21.96	0.039901	45.394
21.96	21.96	0.039917	45.495
21.96	21.96	0.039934	45.594
21.96	21.96	0.039951	45.694
21.96	21.96	0.039967	45.794
21.96	21.96	0.039984	45.894
21.96	21.96	0.040001	45.994
21.96	21.96	0.040017	46.094
21.96	21.96	0.040034	46.194
21.96	21.96	0.040051	46.294
21.96	21.96	0.040067	46.394
21.96	21.96	0.040084	46.494
21.96	21.97	0.040101	46.594
21.96	21.97	0.040117	46.694
21.96	21.97	0.040134	46.794
21.96	21.97	0.040151	46.894
21.96	21.97	0.040167	46.994
21.96	21.97	0.040184	47.094
21.96	21.97	0.040201	47.194
21.96	21.97	0.040217	47.294
21.96	21.97	0.040234	47.394
21.96	21.97	0.040251	47.494
21.96	21.97	0.040267	47.594
21.96	21.97	0.040284	47.694
21.96	21.97	0.040301	47.794
21.96	21.98	0.040317	47.894
21.96	21.98	0.040334	47.995
21.96	21.98	0.040351	48.094
21.96	21.98	0.040367	48.194
21.96	21.98	0.040384	48.294
21.96	21.98	0.040401	48.394
21.96	21.98	0.040417	48.494
21.96	21.98	0.040434	48.594
21.99	21.98	0.040450	48.694
21.99	21.98	0.040467	48.794
21.99	21.98	0.040484	48.894
21.99	21.98	0.040500	48.993
21.99	21.98	0.040517	49.094
21.99	21.99	0.040534	49.222
21.99	21.99	0.040550	49.317
21.99	21.99	0.040567	49.416
21.99	21.99	0.040584	49.521
21.99	21.99	0.040600	49.616
21.99	21.99	0.040617	49.715
21.99	21.99	0.040634	49.820
21.99	21.99	0.040650	49.914
21.99	21.99	0.040667	50.015
21.99	21.99	0.040684	50.118
21.99	21.99	0.040700	50.213
21.99	21.99	0.040717	50.314
21.99	21.99	0.040734	50.417
21.99	22.00	0.040750	50.512
21.99	22.00	0.040767	50.614
21.99	22.00	0.040784	50.716
21.99	22.00	0.040800	50.810
22.01	22.00	0.040817	50.915
22.01	22.00	0.040834	51.014
22.01	22.00	0.040850	51.109
22.01	22.00	0.040867	51.214
22.01	22.00	0.040884	51.313
22.01	22.00	0.040900	51.408
22.01	22.00	0.040917	51.512
22.01	22.00	0.040934	51.612
22.01	22.00	0.040950	51.707
22.01	22.01	0.040967	51.811
22.01	22.01	0.040984	51.911
22.01	22.01	0.041000	52.005
22.01	22.01	0.041017	52.110
22.01	22.01	0.041034	52.204
22.01	22.01	0.041050	52.304
22.01	22.01	0.041067	52.408
22.01	22.01	0.041084	52.503
22.01	22.01	0.041100	52.603
22.01	22.01	0.041117	52.707
22.01	22.01	0.041134	52.802
22.01	22.01	0.041150	52.901
22.01	22.01	0.041167	53.006
22.01	22.02	0.041184	53.100
22.01	22.02	0.041200	53.200
22.01	22.02	0.041217	53.304
22.01	22.02	0.041234	53.399
22.01	22.02	0.041250	53.500
22.01	22.02	0.041267	53.603
22.01	22.02	0.041283	53.698
22.01	22.02	0.041300	53.797
22.01	22.02	0.041317	53.902
22.01	22.02	0.041333	53.996
22.01	22.02	0.041350	54.096
22.01	22.02	0.041367	54.200
22.01	22.02	0.041383	54.295
22.04	22.03	0.041400	54.396
22.04	22.03	0.041417	54.500
22.04	22.03	0.041433	54.595
22.04	22.03	0.041450	54.695
22.04	22.03	0.041467	54.799
22.04	22.03	0.041483	54.894
22.04	22.03	0.041500	54.995
22.04	22.03	0.041517	55.097
22.04	22.03	0.041533	55.194
22.04	22.03	0.041550	55.295
22.04	22.03	0.041567	55.396
22.04	22.03	0.041583	55.494
22.04	22.03	0.041600	55.595
22.04	22.04	0.041617	55.695
22.04	22.04	0.041633	55.795
22.04	22.04	0.041650	55.895
22.04	22.04	0.041667	55.995
22.04	22.04	0.041683	56.095
22.04	22.04	0.041700	56.196
22.04	22.04	0.041717	56.295
22.04	22.04	0.041733	56.395
22.04	22.04	0.041750	56.495
22.04	22.04	0.041767	56.595
22.04	22.04	0.041783	56.695
22.04	22.04	0.041800	56.795
22.04	22.04	0.041817	56.895
22.04	22.05	0.041833	56.995
22.04	22.05	0.041850	57.096
22.04	22.05	0.041867	57.195
22.04	22.05	0.041883	57.295
22.04	22.05	0.041900	57.395
22.04	22.05	0.041917	57.495
22.04	22.05	0.041933	57.595
22.04	22.05	0.041950	57.695
22.04	22.05	0.041967	57.795
22.04	22.05	0.041983	57.895
22.04	22.05	0.042000	57.995
22.04	22.05	0.042017	58.095
22.04	22.05	0.042033	58.195
22.04	22.06	0.042050	58.295
22.04	22.06	0.042067	58.395
22.04	22.06	0.042083	58.495
22.04	22.06	0.042100	58.595
22.04	22.06	0.042116	58.695
22.04	22.06	0.042133	58.796
22.04	22.06	0.042150	58.895
22.06	22.06	0.042166	58.995
22.06	22.06	0.042183	59.095
22.06	22.06	0.042200	59.195
22.06	22.06	0.042216	59.295
22.06	22.06	0.042233	59.395
22.06	22.06	0.042250	59.495
22.06	22.07	0.042266	59.595
22.06	22.07	0.042283	59.695
22.06	22.07	0.042300	59.795
22.06	22.07	0.042316	59.895
22.06	22.07	0.042333	59.995
22.09	22.07	0.042350	00.095
22.09	22.07	0.042366	00.195
22.09	22.07	0.042383	00.295
22.09	22.07	0.042400	00.419
22.09	22.07	0.042416	00.519
22.09	22.07	0.042433	00.623
22.09	22.07	0.042450	00.718
22.09	22.07	0.042466	00.818
22.09	22.08	0.042483	00.922
22.09	22.08	0.042500	01.017
22.09	22.08	0.042516	01.117
22.09	22.08	0.042533	01.221
22.09	22.08	0.042550	01.316
22.09	22.08	0.042566	01.416
22.09	22.08	0.042583	01.520
22.09	22.08	0.042600	01.615
22.09	22.08	0.042616	01.716
22.09	22.08	0.042633	01.818
22.06	22.08	0.042650	01.913
22.06	22.08	0.042666	02.015
22.06	22.08	0.042683	02.117
22.06	22.08	0.042700	02.211
22.06	22.09	0.042716	02.316
22.06	22.09	0.042733	02.416
22.06	22.09	0.042750	02.510
22.06	22.09	0.042766	02.615
22.06	22.09	0.042783	02.714
22.09	22.09	0.042800	02.809
22.09	22.09	0.042816	02.913
22.09	22.09	0.042833	03.013
22.09	22.09	0.042850	03.108
22.09	22.09	0.042866	03.212
22.09	22.09	0.042883	03.312
22.09	22.09	0.042900	03.407
22.09	22.09	0.042916	03.511
22.09	22.10	0.042933	03.606
22.12	22.10	0.042949	03.705
22.12	22.10	0.042966	03.810
22.12	22.10	0.042983	03.904
22.12	22.10	0.042999	04.004
22.12	22.10	0.043016	04.109
22.12	22.10	0.043033	04.203
22.12	22.10	0.043049	04.303
22.12	22.10	0.043066	04.407
22.12	22.10	0.043083	04.502
22.12	22.10	0.043099	04.601
22.12	22.10	0.043116	04.706
22.12	22.10	0.043133	04.800
22.12	22.11	0.043149	04.900
22.12	22.11	0.043166	05.005
22.12	22.11	0.043183	05.099
22.09	22.11	0.043199	05.199
22.09	22.11	0.043216	05.303
22.09	22.11	0.043233	05.398
22.09	22.11	0.043249	05.497
22.09	22.11	0.043266	05.602
22.09	22.11	0.043283	05.696
22.09	22.11	0.043299	05.797
22.09	22.11	0.043316	05.900
22.09	22.11	0.043333	05.996
22.09	22.11	0.043349	06.096
22.12	22.12	0.043366	06.199
22.12	22.12	0.043383	06.296
22.12	22.12	0.043399	06.396
22.12	22.12	0.043416	06.498
22.12	22.12	0.043433	06.596
22.12	22.12	0.043449	06.696
22.12	22.12	0.043466	06.797
22.12	22.12	0.043483	06.896
22.12	22.12	0.043499	06.996
22.12	22.12	0.043516	07.096
22.12	22.12	0.043533	07.196
22.12	22.12	0.043549	07.296
22.12	22.12	0.043566	07.396
22.12	22.13	0.043583	07.496
22.14	22.13	0.043599	07.596
22.14	22.13	0.043616	07.696
22.14	22.13	0.043633	07.796
22.14	22.13	0.043649	07.896
22.14	22.13	0.043666	07.996
22.14	22.13	0.043683	08.096
22.14	22.13	0.043699	08.196
22.14	22.13	0.043716	08.296
22.14	22.13	0.043733	08.396
22.14	22.13	0.043749	08.496
22.14	22.13	0.043766	08.596
22.14	22.13	0.043782	08.696
22.14	22.14	0.043799	08.796
22.14	22.14	0.043816	08.896
22.14	22.14	0.043832	08.996
22.14	22.14	0.043849	09.096
22.14	22.14	0.043866	09.196
22.14	22.14	0.043882	09.296
22.14	22.14	0.043899	09.396
22.14	22.14	0.043916	09.497
22.14	22.14	0.043932	09.597
22.14	22.14	0.043949	09.697
22.14	22.14	0.043966	09.797
22.14	22.14	0.043982	09.897
22.14	22.14	0.043999	09.997
22.14	22.15	0.044016	10.098
22.14	22.15	0.044032	10.197
22.14	22.15	0.044049	10.297
22.14	22.15	0.044066	10.397
22.14	22.15	0.044082	10.497
22.14	22.15	0.044099	10.597
22.14	22.15	0.044116	10.697
22.14	22.15	0.044132	10.797
22.14	22.15	0.044149	10.897
22.14	22.15	0.044166	10.998
22.14	22.15	0.044182	11.097
22.14	22.15	0.044199	11.197
22.14	22.15	0.044216	11.297
22.14	22.16	0.044232	11.397
22.14	22.16	0.044249	11.521
22.14	22.16	0.044266	11.621
22.14	22.16	0.044282	11.726
22.14	22.16	0.044299	11.820
22.14	22.16	0.044316	11.920
22.17	22.16	0.044332	12.025
22.17	22.16	0.044349	12.119
22.17	22.16	0.044366	12.219
22.17	22.16	0.044382	12.323
22.17	22.16	0.044399	12.418
22.17	22.16	0.044416	12.517
22.17	22.16	0.044432	12.622
22.17	22.17	0.044449	12.716
22.17	22.17	0.044466	12.817
22.17	22.17	0.044482	12.920
22.17	22.17	0.044499	13.015
22.17	22.17	0.044516	13.117
22.17	22.17	0.044532	13.219
22.17	22.17	0.044549	13.313
22.17	22.17	0.044566	13.417
22.17	22.17	0.044582	13.517
22.17	22.17	0.044599	13.612
22.17	22.17	0.044615	13.717
22.17	22.17	0.044632	13.816
22.17	22.17	0.044649	13.911
22.17	22.18	0.044665	14.015
22.17	22.18	0.044682	14.115
22.17	22.18	0.044699	14.209
22.17	22.18	0.044715	14.315
22.17	22.18	0.044732	14.414
22.17	22.18	0.044749	14.508
22.17	22.18	0.044765	14.613
22.17	22.18	0.044782	14.712
22.19	22.18	0.044799	14.808
22.19	22.18	0.044815	14.912
22.19	22.18	0.044832	15.007
22.19	22.18	0.044849	15.106
22.19	22.18	0.044865	15.211
22.19	22.19	0.044882	15.306
22.19	22.19	0.044899	15.405
22.19	22.19	0.044915	15.510
22.19	22.19	0.044932	15.604
22.19	22.19	0.044949	15.704
22.19	22.19	0.044965	15.808
22.19	22.19	0.044982	15.903
22.19	22.19	0.044999	16.003
22.19	22.19	0.045015	16.107
22.19	22.19	0.045032	16.202
22.19	22.19	0.045049	16.301
22.19	22.19	0.045065	16.406
22.19	22.19	0.045082	16.500
22.19	22.20	0.045099	16.600
22.19	22.20	0.045115	16.704
22.19	22.20	0.045132	16.799
22.19	22.20	0.045149	16.899
22.19	22.20	0.045165	17.003
22.19	22.20	0.045182	17.098
22.19	22.20	0.045199	17.197
22.19	22.20	0.045215	17.302
22.19	22.20	0.045232	17.397
22.22	22.20	0.045249	17.498
22.22	22.20	0.045265	17.601
22.22	22.20	0.045282	17.697
22.22	22.20	0.045299	17.798
22.22	22.21	0.045315	17.900
22.22	22.21	0.045332	17.997
22.22	22.21	0.045349	18.098
22.22	22.21	0.045365	18.198
22.22	22.21	0.045382	18.297
22.22	22.21	0.045399	18.397
22.22	22.21	0.045415	18.497
22.22	22.21	0.045432	18.597
22.22	22.21	0.045448	18.697
22.22	22.21	0.045465	18.798
22.22	22.21	0.045482	18.897
22.22	22.21	0.045498	18.997
22.19	22.21	0.045515	19.097
22.19	22.22	0.045532	19.197
22.19	22.22	0.045548	19.297
22.19	22.22	0.045565	19.397
22.19	22.22	0.045582	19.497
22.19	22.22	0.045598	19.597
22.19	22.22	0.045615	19.697
22.22	22.22	0.045632	19.797
22.22	22.22	0.045648	19.897
22.22	22.22	0.045665	19.997
22.22	22.22	0.045682	20.097
22.22	22.22	0.045698	20.197
22.22	22.22	0.045715	20.297
22.22	22.22	0.045732	20.398
22.22	22.23	0.045748	20.497
22.22	22.23	0.045765	20.597
22.22	22.23	0.045782	20.697
22.25	22.23	0.045798	20.797
22.25	22.23	0.045815	20.897
22.25	22.23	0.045832	20.997
22.25	22.23	0.045848	21.097
22.25	22.23	0.045865	21.197
22.25	22.23	0.045882	21.297
22.25	22.23	0.045898	21.397
22.25	22.23	0.045915	21.497
22.25	22.23	0.045932	21.597
22.25	22.23	0.045948	21.697
22.25	22.24	0.045965	21.797
22.25	22.24	0.045982	21.897
22.25	22.24	0.045998	21.997
22.25	22.24	0.046015	22.097
22.25	22.24	0.046032	22.197
22.22	22.24	0.046048	22.297
22.22	22.24	0.046065	22.397
22.22	22.24	0.046082	22.497
22.22	22.24	0.046098	22.597
22.22	22.24	0.046115	22.697
22.22	22.24	0.046132	22.797
22.22	22.24	0.046148	22.897
22.22	22.24	0.046165	22.997
22.22	22.25	0.046182	23.097
22.25	22.25	0.046198	23.221
22.25	22.25	0.046215	23.321
22.25	22.25	0.046232	23.425
22.25	22.25	0.046248	23.520
22.25	22.25	0.046265	23.619
22.25	22.25	0.046281	23.724
22.25	22.25	0.046298	23.819
22.25	22.25	0.046315	23.918
22.25	22.25	0.046331	24.023
22.25	22.25	0.046348	24.117
22.25	22.25	0.046365	24.219
22.25	22.25	0.046381	24.321
22.25	22.26	0.046398	24.416
22.25	22.26	0.046415	24.518
22.27	22.26	0.046431	24.620
22.27	22.26	0.046448	24.715
22.27	22.26	0.046465	24.818
22.27	22.26	0.046481	24.919
22.27	22.26	0.046498	25.013
22.27	22.26	0.046515	25.118
22.27	22.26	0.046531	25.217
22.27	22.26	0.046548	25.312
22.27	22.26	0.046565	25.417
22.27	22.26	0.046581	25.516
22.27	22.26	0.046598	25.611
22.27	22.27	0.046615	25.715
22.27	22.27	0.046631	25.815
22.27	22.27	0.046648	25.909
22.27	22.27	0.046665	26.014
22.27	22.27	0.046681	26.108
22.27	22.27	0.046698	26.208
22.27	22.27	0.046715	26.313
22.27	22.27	0.046731	26.407
22.27	22.27	0.046748	26.507
22.27	22.27	0.046765	26.611
22.27	22.27	0.046781	26.706
22.27	22.27	0.046798	26.805
22.27	22.27	0.046815	26.910
22.27	22.28	0.046831	27.005
22.27	22.28	0.046848	27.104
22.27	22.28	0.046865	27.209
22.27	22.28	0.046881	27.303
22.27	22.28	0.046898	27.403
22.27	22.28	0.046915	27.507
22.27	22.28	0.046931	27.602
22.27	22.28	0.046948	27.702
22.27	22.28	0.046965	27.806
22.27	22.28	0.046981	27.901
22.27	22.28	0.046998	28.000
22.27	22.28	0.047015	28.105
22.27	22.28	0.047031	28.200
22.27	22.29	0.047048	28.299
22.30	22.29	0.047065	28.404
22.30	22.29	0.047081	28.498
22.30	22.29	0.047098	28.599
22.30	22.29	0.047114	28.702
22.30	22.29	0.047131	28.797
22.30	22.29	0.047148	28.898
22.30	22.29	0.047164	29.001
22.30	22.29	0.047181	29.097
22.30	22.29	0.047198	29.199
22.30	22.29	0.047214	29.300
22.30	22.29	0.047231	29.397
22.30	22.29	0.047248	29.499
22.30	22.30	0.047264	29.599
22.30	22.30	0.047281	29.697
22.30	22.30	0.047298	29.798
22.30	22.30	0.047314	29.897
22.30	22.30	0.047331	29.997
22.30	22.30	0.047348	30.097
22.30	22.30	0.047364	30.197
22.30	22.30	0.047381	30.297
22.30	22.30	0.047398	30.397
22.30	22.30	0.047414	30.497
22.30	22.30	0.047431	30.597
22.30	22.30	0.047448	30.697
22.30	22.30	0.047464	30.797
22.30	22.30	0.047481	30.897
22.30	22.31	0.047498	30.998
22.30	22.31	0.047514	31.097
22.30	22.31	0.047531	31.197
22.30	22.31	0.047548	31.297
22.30	22.31	0.047564	31.397
22.30	22.31	0.047581	31.497
22.30	22.31	0.047598	31.597
22.30	22.31	0.047614	31.697
22.30	22.31	0.047631	31.797
22.30	22.31	0.047648	31.898
22.30	22.31	0.047664	31.997
22.30	22.31	0.047681	32.097
22.30	22.31	0.047698	32.197
22.30	22.32	0.047714	32.297
22.32	22.32	0.047731	32.397
22.32	22.32	0.047748	32.497
22.32	22.32	0.047764	32.597
22.32	22.32	0.047781	32.697
22.32	22.32	0.047798	32.797
22.32	22.32	0.047814	32.897
22.32	22.32	0.047831	32.997
22.32	22.32	0.047848	33.097
22.32	22.32	0.047864	33.197
22.32	22.32	0.047881	33.298
22.32	22.32	0.047898	33.398
22.32	22.32	0.047914	33.498
22.32	22.33	0.047931	33.598
22.32	22.33	0.047947	33.698
22.32	22.33	0.047964	33.798
22.35	22.33	0.047981	33.898
22.35	22.33	0.047997	33.998
22.35	22.33	0.048014	34.098
22.35	22.33	0.048031	34.198
22.35	22.33	0.048047	34.298
22.35	22.33	0.048064	34.399
22.35	22.33	0.048081	34.498
22.35	22.33	0.048097	34.598
22.35	22.33	0.048114	34.722
22.35	22.33	0.048131	34.827
22.35	22.34	0.048147	34.921
22.35	22.34	0.048164	35.021
22.35	22.34	0.048181	35.125
22.32	22.34	0.048197	35.220
22.32	22.34	0.048214	35.319
22.32	22.34	0.048231	35.424
22.32	22.34	0.048247	35.519
22.32	22.34	0.048264	35.620
22.32	22.34	0.048281	35.723
22.32	22.34	0.048297	35.817
22.32	22.34	0.048314	35.920
22.32	22.34	0.048331	36.021
22.32	22.34	0.048347	36.116
22.35	22.35	0.048364	36.220
22.35	22.35	0.048381	36.320
22.35	22.35	0.048397	36.415
22.35	22.35	0.048414	36.519
22.35	22.35	0.048431	36.619
22.35	22.35	0.048447	36.713
22.35	22.35	0.048464	36.818
22.35	22.35	0.048481	36.918
22.35	22.35	0.048497	37.012
22.35	22.35	0.048514	37.117
22.35	22.35	0.048531	37.216
22.35	22.35	0.048547	37.311
22.35	22.35	0.048564	37.415
22.35	22.36	0.048581	37.510
22.35	22.36	0.048597	37.609
22.35	22.36	0.048614	37.714
22.38	22.36	0.048631	37.809
22.38	22.36	0.048647	37.908
22.38	22.36	0.048664	38.013
22.38	22.36	0.048681	38.107
22.38	22.36	0.048697	38.207
22.38	22.36	0.048714	38.311
22.38	22.36	0.048731	38.406
22.38	22.36	0.048747	38.506
22.38	22.36	0.048764	38.610
22.38	22.36	0.048780	38.705
22.38	22.37	0.048797	38.804
22.38	22.37	0.048814	38.909
22.38	22.37	0.048830	39.003
22.38	22.37	0.048847	39.103
22.35	22.37	0.048864	39.207
22.35	22.37	0.048880	39.302
22.35	22.37	0.048897	39.402
22.35	22.37	0.048914	39.506
22.35	22.37	0.048930	39.601
22.35	22.37	0.048947	39.700
22.35	22.37	0.048964	39.805
22.35	22.37	0.048980	39.899
22.35	22.37	0.048997	40.000
22.35	22.38	0.049014	40.103
22.35	22.38	0.049030	40.199
22.35	22.38	0.049047	40.301
22.38	22.38	0.049064	40.402
22.38	22.38	0.049080	40.499
22.38	22.38	0.049097	40.600
22.38	22.38	0.049114	40.700
22.38	22.38	0.049130	40.799
22.38	22.38	0.049147	40.900
22.38	22.38	0.049164	40.999
22.38	22.38	0.049180	41.099
22.38	22.38	0.049197	41.199
22.38	22.38	0.049214	41.299
22.38	22.39	0.049230	41.399
22.38	22.39	0.049247	41.499
22.40	22.39	0.049264	41.599
22.40	22.39	0.049280	41.699
22.40	22.39	0.049297	41.801
22.40	22.39	0.049314	41.900
22.40	22.39	0.049330	42.000
22.40	22.39	0.049347	42.100
22.40	22.39	0.049364	42.200
22.40	22.39	0.049380	42.300
22.40	22.39	0.049397	42.400
22.40	22.39	0.049414	42.500
22.40	22.39	0.049430	42.600
22.40	22.40	0.049447	42.700
22.40	22.40	0.049464	42.800
22.40	22.40	0.049480	42.900
22.40	22.40	0.049497	43.000
22.40	22.40	0.049514	43.100
22.40	22.40	0.049530	43.200
22.40	22.40	0.049547	43.300
22.40	22.40	0.049564	43.400
22.40	22.40	0.049580	43.500
22.40	22.40	0.049597	43.600
22.40	22.40	0.049613	43.700
22.40	22.40	0.049630	43.800
22.40	22.40	0.049647	43.900
22.40	22.41	0.049663	44.000
22.40	22.41	0.049680	44.100
22.40	22.41	0.049697	44.200
22.40	22.41	0.049713	44.301
22.40	22.41	0.049730	44.400
22.40	22.41	0.049747	44.500
22.40	22.41	0.049763	44.600
22.40	22.41	0.049780	44.700
22.40	22.41	0.049797	44.800
22.40	22.41	0.049813	44.900
22.40	22.41	0.049830	45.000
22.40	22.41	0.049847	45.100
22.40	22.41	0.049863	45.201
22.40	22.42	0.049880	45.300
22.40	22.42	0.049897	45.400
22.43	22.42	0.049913	45.500
22.43	22.42	0.049930	45.600
22.43	22.42	0.049947	45.724
22.43	22.42	0.049963	45.824
22.43	22.42	0.049980	45.928
22.43	22.42	0.049997	46.023
22.43	22.42	0.050013	46.122
22.43	22.42	0.050030	46.227
22.43	22.42	0.050047	46.322
22.43	22.42	0.050063	46.421
22.43	22.42	0.050080	46.526
22.43	22.43	0.050097	46.620
22.43	22.43	0.050113	46.721
22.43	22.43	0.050130	46.824
22.43	22.43	0.050147	46.919
22.43	22.43	0.050163	47.022
22.43	22.43	0.050180	47.123
22.43	22.43	0.050197	47.218
22.43	22.43	0.050213	47.321
22.43	22.43	0.050230	47.422
22.43	22.43	0.050247	47.516
22.43	22.43	0.050263	47.621
22.43	22.43	0.050280	47.720
22.43	22.43	0.050297	47.815
22.43	22.44	0.050313	47.920
22.43	22.44	0.050330	48.019
22.43	22.44	0.050347	48.114
22.43	22.44	0.050363	48.218
22.43	22.44	0.050380	48.318
22.43	22.44	0.050397	48.412
22.43	22.44	0.050413	48.517
22.43	22.44	0.050430	48.616
22.43	22.44	0.050446	48.711
22.43	22.44	0.050463	48.816
22.43	22.44	0.050480	48.910
22.43	22.44	0.050496	49.010
22.45	22.44	0.050513	49.115
22.45	22.45	0.050530	49.210
22.45	22.45	0.050546	49.308
22.45	22.45	0.050563	49.414
22.45	22.45	0.050580	49.508
22.45	22.45	0.050596	49.607
22.45	22.45	0.050613	49.712
22.45	22.45	0.050630	49.806
22.45	22.45	0.050646	49.906
22.45	22.45	0.050663	50.010
22.45	22.45	0.050680	50.105
22.45	22.45	0.050696	50.204
22.45	22.45	0.050713	50.310
22.45	22.45	0.050730	50.404
22.45	22.46	0.050746	50.503
22.45	22.46	0.050763	50.608
22.45	22.46	0.050780	50.702
22.45	22.46	0.050796	50.802
22.45	22.46	0.050813	50.907
22.45	22.46	0.050830	51.001
22.45	22.46	0.050846	51.101
22.45	22.46	0.050863	51.205
22.48	22.46	0.050880	51.301
22.48	22.46	0.050896	51.401
22.48	22.46	0.050913	51.505
22.48	22.46	0.050930	51.600
22.48	22.46	0.050946	51.702
22.48	22.47	0.050963	51.803
22.48	22.47	0.050980	51.900
22.48	22.47	0.050996	52.002
22.48	22.47	0.051013	52.102
22.48	22.47	0.051030	52.200
22.48	22.47	0.051046	52.301
22.48	22.47	0.051063	52.401
22.48	22.47	0.051080	52.500
22.48	22.47	0.051096	52.600
22.48	22.47	0.051113	52.701
22.48	22.47	0.051130	52.800
22.48	22.47	0.051146	52.900
22.48	22.47	0.051163	53.000
22.48	22.48	0.051180	53.100
22.48	22.48	0.051196	53.200
22.48	22.48	0.051213	53.300
22.45	22.48	0.051230	53.400
22.45	22.48	0.051246	53.500
22.45	22.48	0.051263	53.600
22.45	22.48	0.051279	53.700
22.45	22.48	0.051296	53.800
22.45	22.48	0.051313	53.900
22.48	22.48	0.051329	54.000
22.48	22.48	0.051346	54.100
22.48	22.48	0.051363	54.200
22.48	22.48	0.051379	54.300
22.48	22.49	0.051396	54.400
22.48	22.49	0.051413	54.500
22.48	22.49	0.051429	54.601
22.48	22.49	0.051446	54.701
22.48	22.49	0.051463	54.801
22.48	22.49	0.051479	54.901
22.50	22.49	0.051496	55.001
22.50	22.49	0.051513	55.101
22.50	22.49	0.051529	55.201
22.50	22.49	0.051546	55.301
22.50	22.49	0.051563	55.401
22.50	22.49	0.051579	55.501
22.50	22.49	0.051596	55.601
22.50	22.50	0.051613	55.701
22.50	22.50	0.051629	55.802
22.50	22.50	0.051646	55.902
22.50	22.50	0.051663	56.002
22.50	22.50	0.051679	56.102
22.50	22.50	0.051696	56.202
22.50	22.50	0.051713	56.302
22.50	22.50	0.051729	56.402
