100.00	0.00	7.23	30.00	150.00	2.70	97.30	2.60	

19.99	21.50	0.000000	08.611
19.99	21.50	0.000017	08.706
19.99	21.50	0.000033	08.805
20.04	21.50	0.000050	08.910
20.27	21.50	0.000067	09.005
20.60	21.50	0.000083	09.104
20.81	21.50	0.000100	09.209
21.25	21.50	0.000117	09.303
21.64	21.50	0.000133	09.403
21.80	21.50	0.000150	09.507
22.06	21.50	0.000167	09.602
22.16	21.50	0.000183	09.701
22.16	21.50	0.000200	09.806
22.11	21.50	0.000217	09.901
21.98	21.50	0.000233	10.000
21.90	21.50	0.000250	10.105
21.72	21.50	0.000267	10.199
21.54	21.50	0.000283	10.300
21.46	21.50	0.000300	10.404
21.33	21.50	0.000317	10.498
21.28	21.50	0.000333	10.600
21.28	21.50	0.000350	10.703
21.28	21.50	0.000367	10.797
21.33	21.50	0.000383	10.901
21.36	21.50	0.000400	11.001
21.46	21.50	0.000416	11.096
21.54	21.50	0.000433	11.200
21.64	21.50	0.000450	11.300
21.72	21.50	0.000466	11.394
21.72	21.50	0.000483	11.499
21.75	21.50	0.000500	11.598
21.75	21.50	0.000516	11.693
21.75	21.50	0.000533	11.797
21.75	21.50	0.000550	11.897
21.72	21.50	0.000566	11.992
21.70	21.50	0.000583	12.096
21.62	21.50	0.000600	12.196
21.57	21.50	0.000616	12.290
21.51	21.50	0.000633	12.395
21.51	21.50	0.000650	12.489
21.51	21.50	0.000666	12.589
21.49	21.50	0.000683	12.694
21.49	21.50	0.000700	12.788
21.49	21.50	0.000716	12.888
21.49	21.50	0.000733	12.992
21.51	21.50	0.000750	13.088
21.51	21.50	0.000766	13.188
21.51	21.50	0.000783	13.291
21.51	21.50	0.000800	13.388
21.54	21.50	0.000816	13.488
21.54	21.50	0.000833	13.590
21.54	21.50	0.000850	13.688
21.57	21.50	0.000866	13.788
21.57	21.50	0.000883	13.888
21.57	21.50	0.000900	13.988
21.59	21.50	0.000916	14.089
21.59	21.50	0.000933	14.188
21.59	21.50	0.000950	14.288
21.59	21.50	0.000966	14.388
21.59	21.50	0.000983	14.488
21.59	21.50	0.001000	14.588
21.59	21.50	0.001016	14.688
21.59	21.50	0.001033	14.788
21.59	21.50	0.001050	14.888
21.59	21.50	0.001066	14.989
21.57	21.50	0.001083	15.088
21.57	21.50	0.001100	15.188
21.57	21.50	0.001116	15.288
21.57	21.50	0.001133	15.388
21.54	21.50	0.001150	15.488
21.54	21.50	0.001166	15.588
21.54	21.50	0.001183	15.688
21.54	21.50	0.001200	15.788
21.51	21.50	0.001216	15.888
21.51	21.50	0.001233	15.988
21.51	21.50	0.001250	16.088
21.51	21.50	0.001266	16.188
21.51	21.50	0.001283	16.288
21.51	21.50	0.001299	16.388
21.51	21.50	0.001316	16.488
21.49	21.50	0.001333	16.588
21.49	21.50	0.001349	16.688
21.49	21.50	0.001366	16.788
21.49	21.50	0.001383	16.888
21.49	21.50	0.001399	16.989
21.49	21.50	0.001416	17.088
21.49	21.50	0.001433	17.188
21.49	21.50	0.001449	17.288
21.49	21.50	0.001466	17.388
21.49	21.50	0.001483	17.488
21.51	21.50	0.001499	17.588
21.51	21.50	0.001516	17.688
21.51	21.50	0.001533	17.788
21.51	21.50	0.001549	17.888
21.51	21.50	0.001566	17.989
21.51	21.50	0.001583	18.088
21.51	21.50	0.001599	18.188
21.51	21.50	0.001616	18.288
21.51	21.50	0.001633	18.388
21.51	21.50	0.001649	18.488
21.51	21.50	0.001666	18.588
21.51	21.50	0.001683	18.712
21.51	21.50	0.001699	18.817
21.51	21.50	0.001716	18.916
21.51	21.50	0.001733	19.011
21.51	21.50	0.001749	19.116
21.51	21.50	0.001766	19.210
21.51	21.50	0.001783	19.310
21.51	21.50	0.001799	19.414
21.51	21.50	0.001816	19.509
21.51	21.50	0.001833	19.608
21.51	21.50	0.001849	19.713
21.51	21.50	0.001866	19.808
21.51	21.50	0.001883	19.907
21.51	21.50	0.001899	20.012
21.51	21.50	0.001916	20.106
21.51	21.50	0.001933	20.206
21.51	21.50	0.001949	20.310
21.51	21.50	0.001966	20.405
21.51	21.50	0.001983	20.504
21.51	21.50	0.001999	20.609
21.51	21.50	0.002016	20.704
21.49	21.50	0.002033	20.803
21.49	21.50	0.002049	20.908
21.49	21.50	0.002066	21.002
21.49	21.50	0.002082	21.102
21.49	21.50	0.002099	21.206
21.49	21.50	0.002116	21.301
21.49	21.50	0.002132	21.402
21.49	21.50	0.002149	21.505
21.49	21.50	0.002166	21.600
21.49	21.50	0.002182	21.701
21.49	21.50	0.002199	21.804
21.49	21.50	0.002216	21.898
21.49	21.50	0.002232	22.002
21.49	21.50	0.002249	22.102
21.49	21.50	0.002266	22.197
21.49	21.50	0.002282	22.302
21.51	21.50	0.002299	22.402
21.51	21.50	0.002316	22.496
21.51	21.50	0.002332	22.601
21.51	21.50	0.002349	22.700
21.51	21.50	0.002366	22.795
21.51	21.50	0.002382	22.899
21.51	21.50	0.002399	22.999
21.51	21.50	0.002416	23.094
21.51	21.50	0.002432	23.198
21.51	21.50	0.002449	23.298
21.51	21.50	0.002466	23.393
21.51	21.50	0.002482	23.497
21.51	21.50	0.002499	23.597
21.51	21.50	0.002516	23.693
21.51	21.50	0.002532	23.796
21.49	21.50	0.002549	23.897
21.49	21.50	0.002566	23.993
21.49	21.50	0.002582	24.094
21.49	21.50	0.002599	24.197
21.49	21.50	0.002616	24.293
21.49	21.50	0.002632	24.393
21.49	21.50	0.002649	24.497
21.49	21.50	0.002666	24.593
21.49	21.50	0.002682	24.693
21.49	21.50	0.002699	24.797
21.49	21.50	0.002716	24.893
21.49	21.50	0.002732	24.993
21.49	21.50	0.002749	25.097
21.51	21.50	0.002766	25.193
21.51	21.50	0.002782	25.293
21.51	21.50	0.002799	25.397
21.51	21.50	0.002816	25.493
21.51	21.50	0.002832	25.593
21.51	21.50	0.002849	25.697
21.51	21.50	0.002866	25.793
21.51	21.50	0.002882	25.893
21.51	21.50	0.002899	25.998
21.51	21.50	0.002915	26.093
21.51	21.50	0.002932	26.193
21.51	21.50	0.002949	26.297
21.51	21.50	0.002965	26.393
21.51	21.50	0.002982	26.494
21.51	21.50	0.002999	26.597
21.51	21.50	0.003015	26.693
21.51	21.50	0.003032	26.793
21.51	21.50	0.003049	26.893
21.51	21.50	0.003065	26.993
21.51	21.50	0.003082	27.093
21.51	21.50	0.003099	27.197
21.51	21.50	0.003115	27.293
21.51	21.50	0.003132	27.393
21.51	21.50	0.003149	27.498
21.51	21.50	0.003165	27.593
21.49	21.50	0.003182	27.693
21.49	21.50	0.003199	27.793
21.49	21.50	0.003215	27.893
21.49	21.50	0.003232	27.993
21.49	21.50	0.003249	28.097
21.49	21.50	0.003265	28.193
21.49	21.50	0.003282	28.293
21.49	21.50	0.003299	28.398
21.49	21.50	0.003315	28.494
21.49	21.50	0.003332	28.594
21.49	21.50	0.003349	28.698
21.49	21.50	0.003365	28.794
21.49	21.50	0.003382	28.918
21.49	21.50	0.003399	28.998
21.51	21.50	0.003415	29.122
21.51	21.50	0.003432	29.217
21.51	21.50	0.003449	29.321
21.51	21.50	0.003465	29.421
21.51	21.50	0.003482	29.516
21.51	21.50	0.003499	29.620
21.51	21.50	0.003515	29.720
21.51	21.50	0.003532	29.814
21.51	21.50	0.003549	29.919
21.51	21.50	0.003565	30.019
21.51	21.50	0.003582	30.113
21.51	21.50	0.003599	30.218
21.51	21.50	0.003615	30.313
21.51	21.50	0.003632	30.412
21.51	21.50	0.003649	30.516
21.51	21.50	0.003665	30.611
21.51	21.50	0.003682	30.710
21.51	21.50	0.003699	30.815
21.51	21.50	0.003715	30.909
21.49	21.50	0.003732	31.009
21.49	21.50	0.003748	31.114
21.49	21.50	0.003765	31.208
21.49	21.50	0.003782	31.308
21.49	21.50	0.003798	31.412
21.49	21.50	0.003815	31.507
21.49	21.50	0.003832	31.606
21.49	21.50	0.003848	31.711
21.49	21.50	0.003865	31.806
21.49	21.50	0.003882	31.905
21.49	21.50	0.003898	32.010
21.49	21.50	0.003915	32.105
21.49	21.50	0.003932	32.204
21.49	21.50	0.003948	32.309
21.49	21.50	0.003965	32.403
21.49	21.50	0.003982	32.503
21.51	21.50	0.003998	32.607
21.51	21.50	0.004015	32.702
21.51	21.50	0.004032	32.802
21.51	21.50	0.004048	32.906
21.51	21.50	0.004065	33.001
21.51	21.50	0.004082	33.103
21.51	21.50	0.004098	33.205
21.51	21.50	0.004115	33.299
21.51	21.50	0.004132	33.403
21.51	21.50	0.004148	33.504
21.51	21.50	0.004165	33.599
21.51	21.50	0.004182	33.703
21.51	21.50	0.004198	33.803
21.51	21.50	0.004215	33.897
21.51	21.50	0.004232	34.002
21.51	21.50	0.004248	34.101
21.51	21.50	0.004265	34.196
21.49	21.50	0.004282	34.300
21.49	21.50	0.004298	34.400
21.49	21.50	0.004315	34.495
21.49	21.50	0.004332	34.599
21.49	21.50	0.004348	34.699
21.49	21.50	0.004365	34.795
21.49	21.50	0.004382	34.898
21.49	21.50	0.004398	34.998
21.49	21.50	0.004415	35.095
21.49	21.50	0.004432	35.196
21.49	21.50	0.004448	35.299
21.49	21.50	0.004465	35.395
21.49	21.50	0.004482	35.495
21.49	21.50	0.004498	35.599
21.51	21.50	0.004515	35.696
21.51	21.50	0.004532	35.795
21.51	21.50	0.004548	35.899
21.51	21.50	0.004565	35.995
21.51	21.50	0.004581	36.095
21.51	21.50	0.004598	36.198
21.51	21.50	0.004615	36.295
21.51	21.50	0.004631	36.395
21.51	21.50	0.004648	36.499
21.51	21.50	0.004665	36.595
21.51	21.50	0.004681	36.695
21.51	21.50	0.004698	36.799
21.51	21.50	0.004715	36.895
21.51	21.50	0.004731	36.995
21.51	21.50	0.004748	37.099
21.51	21.50	0.004765	37.196
21.51	21.50	0.004781	37.296
21.51	21.50	0.004798	37.399
21.49	21.50	0.004815	37.496
21.49	21.50	0.004831	37.596
21.49	21.50	0.004848	37.699
21.49	21.50	0.004865	37.796
21.49	21.50	0.004881	37.896
21.49	21.50	0.004898	37.999
21.49	21.50	0.004915	38.096
21.49	21.50	0.004931	38.197
21.49	21.50	0.004948	38.299
21.49	21.50	0.004965	38.396
21.49	21.50	0.004981	38.527
21.49	21.50	0.004998	38.627
21.49	21.50	0.005015	38.731
21.49	21.50	0.005031	38.826
21.51	21.50	0.005048	38.925
21.51	21.50	0.005065	39.030
21.51	21.50	0.005081	39.124
21.51	21.50	0.005098	39.224
21.51	21.50	0.005115	39.329
21.51	21.50	0.005131	39.423
21.51	21.50	0.005148	39.524
21.51	21.50	0.005165	39.627
21.51	21.50	0.005181	39.722
21.51	21.50	0.005198	39.823
21.51	21.50	0.005215	39.926
21.51	21.50	0.005231	40.020
21.51	21.50	0.005248	40.124
21.51	21.50	0.005265	40.225
21.51	21.50	0.005281	40.319
21.51	21.50	0.005298	40.424
21.49	21.50	0.005315	40.523
21.49	21.50	0.005331	40.618
21.49	21.50	0.005348	40.722
21.49	21.50	0.005365	40.822
21.49	21.50	0.005381	40.917
21.49	21.50	0.005398	41.021
21.49	21.50	0.005414	41.121
21.49	21.50	0.005431	41.215
21.49	21.50	0.005448	41.320
21.49	21.50	0.005464	41.414
21.49	21.50	0.005481	41.514
21.49	21.50	0.005498	41.618
21.49	21.50	0.005514	41.713
21.49	21.50	0.005531	41.813
21.49	21.50	0.005548	41.917
21.49	21.50	0.005564	42.012
21.51	21.50	0.005581	42.111
21.51	21.50	0.005598	42.216
21.51	21.50	0.005614	42.310
21.51	21.50	0.005631	42.410
21.51	21.50	0.005648	42.514
21.51	21.50	0.005664	42.609
21.51	21.50	0.005681	42.708
21.51	21.50	0.005698	42.813
21.51	21.50	0.005714	42.907
21.51	21.50	0.005731	43.007
21.51	21.50	0.005748	43.112
21.51	21.50	0.005764	43.207
21.51	21.50	0.005781	43.307
21.51	21.50	0.005798	43.410
21.51	21.50	0.005814	43.507
21.49	21.50	0.005831	43.607
21.49	21.50	0.005848	43.709
21.49	21.50	0.005864	43.808
21.49	21.50	0.005881	43.907
21.49	21.50	0.005898	44.008
21.49	21.50	0.005914	44.107
21.49	21.50	0.005931	44.207
21.49	21.50	0.005948	44.307
21.49	21.50	0.005964	44.407
21.49	21.50	0.005981	44.507
21.49	21.50	0.005998	44.607
21.49	21.50	0.006014	44.708
21.49	21.50	0.006031	44.807
21.49	21.50	0.006048	44.907
21.51	21.50	0.006064	45.007
21.51	21.50	0.006081	45.107
21.51	21.50	0.006098	45.207
21.51	21.50	0.006114	45.307
21.51	21.50	0.006131	45.407
21.51	21.50	0.006148	45.507
21.51	21.50	0.006164	45.607
21.51	21.50	0.006181	45.707
21.51	21.50	0.006198	45.807
21.51	21.50	0.006214	45.907
21.51	21.50	0.006231	46.007
21.51	21.50	0.006247	46.107
21.51	21.50	0.006264	46.207
21.51	21.50	0.006281	46.307
21.51	21.50	0.006297	46.407
21.51	21.50	0.006314	46.507
21.51	21.50	0.006331	46.607
21.51	21.50	0.006347	46.707
21.49	21.50	0.006364	46.808
21.49	21.50	0.006381	46.907
21.49	21.50	0.006397	47.007
21.49	21.50	0.006414	47.107
21.49	21.50	0.006431	47.207
21.49	21.50	0.006447	47.307
21.49	21.50	0.006464	47.407
21.49	21.50	0.006481	47.507
21.49	21.50	0.006497	47.607
21.49	21.50	0.006514	47.707
21.49	21.50	0.006531	47.807
21.49	21.50	0.006547	47.907
21.49	21.50	0.006564	48.007
21.51	21.50	0.006581	48.107
21.51	21.50	0.006597	48.207
21.51	21.50	0.006614	48.307
21.51	21.50	0.006631	48.407
21.51	21.50	0.006647	48.507
21.51	21.50	0.006664	48.607
21.51	21.50	0.006681	48.707
21.51	21.50	0.006697	48.807
21.51	21.50	0.006714	48.907
21.51	21.50	0.006731	49.007
21.51	21.50	0.006747	49.131
21.51	21.50	0.006764	49.236
21.49	21.50	0.006781	49.330
21.49	21.50	0.006797	49.430
21.49	21.50	0.006814	49.535
21.49	21.50	0.006831	49.629
21.49	21.50	0.006847	49.729
21.49	21.50	0.006864	49.833
21.49	21.50	0.006881	49.928
21.49	21.50	0.006897	50.027
21.49	21.50	0.006914	50.132
21.49	21.50	0.006931	50.226
21.49	21.50	0.006947	50.326
21.49	21.50	0.006964	50.431
21.49	21.50	0.006981	50.525
21.49	21.50	0.006997	50.625
21.49	21.50	0.007014	50.729
21.51	21.50	0.007031	50.824
21.51	21.50	0.007047	50.925
21.51	21.50	0.007064	51.028
21.51	21.50	0.007080	51.123
21.51	21.50	0.007097	51.225
21.51	21.50	0.007114	51.327
21.51	21.50	0.007130	51.421
21.51	21.50	0.007147	51.526
21.51	21.50	0.007164	51.625
21.51	21.50	0.007180	51.720
21.51	21.50	0.007197	51.824
21.51	21.50	0.007214	51.924
21.51	21.50	0.007230	52.019
21.51	21.50	0.007247	52.123
21.51	21.50	0.007264	52.223
21.51	21.50	0.007280	52.317
21.51	21.50	0.007297	52.422
21.49	21.50	0.007314	52.521
21.49	21.50	0.007330	52.616
21.49	21.50	0.007347	52.720
21.49	21.50	0.007364	52.815
21.49	21.50	0.007380	52.915
21.49	21.50	0.007397	53.019
21.49	21.50	0.007414	53.114
21.49	21.50	0.007430	53.213
21.49	21.50	0.007447	53.318
21.49	21.50	0.007464	53.412
21.49	21.50	0.007480	53.512
21.49	21.50	0.007497	53.617
21.49	21.50	0.007514	53.711
21.49	21.50	0.007530	53.811
21.49	21.50	0.007547	53.915
21.51	21.50	0.007564	54.010
21.51	21.50	0.007580	54.109
21.51	21.50	0.007597	54.214
21.51	21.50	0.007614	54.308
21.51	21.50	0.007630	54.408
21.51	21.50	0.007647	54.513
21.51	21.50	0.007664	54.608
21.51	21.50	0.007680	54.708
21.51	21.50	0.007697	54.811
21.51	21.50	0.007714	54.908
21.51	21.50	0.007730	55.008
21.51	21.50	0.007747	55.110
21.51	21.50	0.007764	55.208
21.51	21.50	0.007780	55.308
21.51	21.50	0.007797	55.409
21.51	21.50	0.007814	55.508
21.51	21.50	0.007830	55.608
21.51	21.50	0.007847	55.708
21.49	21.50	0.007864	55.808
21.49	21.50	0.007880	55.908
21.49	21.50	0.007897	56.008
21.49	21.50	0.007913	56.108
21.49	21.50	0.007930	56.208
21.49	21.50	0.007947	56.308
21.49	21.50	0.007963	56.409
21.49	21.50	0.007980	56.508
21.49	21.50	0.007997	56.608
21.49	21.50	0.008013	56.708
21.49	21.50	0.008030	56.808
21.49	21.50	0.008047	56.908
21.49	21.50	0.008063	57.008
21.49	21.50	0.008080	57.108
21.49	21.50	0.008097	57.208
21.49	21.50	0.008113	57.309
21.49	21.50	0.008130	57.408
21.49	21.50	0.008147	57.508
21.51	21.50	0.008163	57.608
21.51	21.50	0.008180	57.708
21.51	21.50	0.008197	57.808
21.51	21.50	0.008213	57.908
21.51	21.50	0.008230	58.008
21.51	21.50	0.008247	58.108
21.51	21.50	0.008263	58.208
21.51	21.50	0.008280	58.308
21.51	21.50	0.008297	58.408
21.51	21.50	0.008313	58.508
21.51	21.50	0.008330	58.608
21.51	21.50	0.008347	58.709
21.51	21.50	0.008363	58.809
21.51	21.50	0.008380	58.909
21.51	21.50	0.008397	59.009
21.51	21.50	0.008413	59.109
21.51	21.50	0.008430	59.209
21.49	21.50	0.008447	59.309
21.49	21.50	0.008463	59.409
21.49	21.50	0.008480	59.509
21.49	21.50	0.008497	59.609
21.49	21.50	0.008513	59.709
21.49	21.50	0.008530	59.810
21.49	21.50	0.008547	59.909
21.49	21.50	0.008563	00.009
21.49	21.50	0.008580	00.109
21.49	21.50	0.008597	00.233
21.49	21.50	0.008613	00.338
21.49	21.50	0.008630	00.432
21.49	21.50	0.008647	00.532
21.51	21.50	0.008663	00.637
21.51	21.50	0.008680	00.731
21.51	21.50	0.008697	00.831
21.51	21.50	0.008713	00.935
21.51	21.50	0.008730	01.030
21.51	21.50	0.008746	01.129
21.51	21.50	0.008763	01.234
21.51	21.50	0.008780	01.328
21.51	21.50	0.008796	01.428
21.51	21.50	0.008813	01.533
21.51	21.50	0.008830	01.627
21.51	21.50	0.008846	01.727
21.51	21.50	0.008863	01.831
21.49	21.50	0.008880	01.926
21.49	21.50	0.008896	02.026
21.49	21.50	0.008913	02.130
21.49	21.50	0.008930	02.225
21.49	21.50	0.008946	02.327
21.49	21.50	0.008963	02.429
21.49	21.50	0.008980	02.523
21.49	21.50	0.008996	02.627
21.49	21.50	0.009013	02.728
21.49	21.50	0.009030	02.821
21.49	21.50	0.009046	02.927
21.51	21.50	0.009063	03.026
21.51	21.50	0.009080	03.121
21.51	21.50	0.009096	03.226
21.51	21.50	0.009113	03.325
21.51	21.50	0.009130	03.420
21.51	21.50	0.009146	03.524
21.51	21.50	0.009163	03.624
21.51	21.50	0.009180	03.718
21.51	21.50	0.009196	03.823
21.51	21.50	0.009213	03.917
21.51	21.50	0.009230	04.017
21.51	21.50	0.009246	04.121
21.51	21.50	0.009263	04.216
21.51	21.50	0.009280	04.315
21.51	21.50	0.009296	04.420
21.49	21.50	0.009313	04.514
21.49	21.50	0.009330	04.614
21.49	21.50	0.009346	04.719
21.49	21.50	0.009363	04.813
21.49	21.50	0.009380	04.913
21.49	21.50	0.009396	05.017
21.49	21.50	0.009413	05.112
21.49	21.50	0.009430	05.211
21.49	21.50	0.009446	05.316
21.49	21.50	0.009463	05.413
21.49	21.50	0.009480	05.513
21.49	21.50	0.009496	05.614
21.49	21.50	0.009513	05.713
21.49	21.50	0.009530	05.814
21.51	21.50	0.009546	05.913
21.51	21.50	0.009563	06.013
21.51	21.50	0.009579	06.113
21.51	21.50	0.009596	06.213
21.51	21.50	0.009613	06.313
21.51	21.50	0.009629	06.413
21.51	21.50	0.009646	06.513
21.51	21.50	0.009663	06.613
21.51	21.50	0.009679	06.714
21.51	21.50	0.009696	06.813
21.51	21.50	0.009713	06.913
21.51	21.50	0.009729	07.013
21.51	21.50	0.009746	07.113
21.51	21.50	0.009763	07.213
21.49	21.50	0.009779	07.313
21.49	21.50	0.009796	07.413
21.49	21.50	0.009813	07.513
21.49	21.50	0.009829	07.613
21.49	21.50	0.009846	07.713
21.49	21.50	0.009863	07.813
21.49	21.50	0.009879	07.913
21.49	21.50	0.009896	08.013
21.49	21.50	0.009913	08.113
21.49	21.50	0.009929	08.213
21.49	21.50	0.009946	08.313
21.49	21.50	0.009963	08.413
21.49	21.50	0.009979	08.513
21.51	21.50	0.009996	08.613
21.51	21.50	0.010013	08.713
21.51	21.50	0.010029	08.813
21.51	21.50	0.010046	08.913
21.51	21.50	0.010063	09.013
21.51	21.50	0.010079	09.113
21.51	21.50	0.010096	09.213
21.51	21.50	0.010113	09.313
21.51	21.50	0.010129	09.413
21.51	21.50	0.010146	09.513
21.51	21.50	0.010163	09.613
21.51	21.50	0.010179	09.713
21.51	21.50	0.010196	09.813
21.49	21.50	0.010213	09.913
21.49	21.50	0.010229	10.013
21.49	21.50	0.010246	10.113
21.49	21.50	0.010263	10.213
21.49	21.50	0.010279	10.313
21.49	21.50	0.010296	10.414
21.49	21.50	0.010313	10.513
21.49	21.50	0.010329	10.613
21.49	21.50	0.010346	10.713
21.49	21.50	0.010363	10.813
21.49	21.50	0.010379	10.937
21.49	21.50	0.010396	11.037
21.51	21.50	0.010412	11.141
21.51	21.50	0.010429	11.236
21.51	21.50	0.010446	11.335
21.51	21.50	0.010462	11.440
21.51	21.50	0.010479	11.535
21.51	21.50	0.010496	11.634
21.51	21.50	0.010512	11.739
21.51	21.50	0.010529	11.833
21.51	21.50	0.010546	11.933
21.51	21.50	0.010562	12.037
21.51	21.50	0.010579	12.132
21.51	21.50	0.010596	12.232
21.51	21.50	0.010612	12.336
21.51	21.50	0.010629	12.431
21.51	21.50	0.010646	12.530
21.51	21.50	0.010662	12.635
21.49	21.50	0.010679	12.729
21.49	21.50	0.010696	12.829
21.49	21.50	0.010712	12.933
21.49	21.50	0.010729	13.028
21.49	21.50	0.010746	13.129
21.49	21.50	0.010762	13.232
21.49	21.50	0.010779	13.327
21.49	21.50	0.010796	13.428
21.49	21.50	0.010812	13.531
21.49	21.50	0.010829	13.625
21.49	21.50	0.010846	13.728
21.49	21.50	0.010862	13.830
21.49	21.50	0.010879	13.924
21.49	21.50	0.010896	14.029
21.49	21.50	0.010912	14.128
21.51	21.50	0.010929	14.223
21.51	21.50	0.010946	14.327
21.51	21.50	0.010962	14.427
21.51	21.50	0.010979	14.521
21.51	21.50	0.010996	14.626
21.51	21.50	0.011012	14.726
21.51	21.50	0.011029	14.820
21.51	21.50	0.011046	14.925
21.51	21.50	0.011062	15.024
21.51	21.50	0.011079	15.119
21.51	21.50	0.011096	15.223
21.51	21.50	0.011112	15.318
21.49	21.50	0.011129	15.418
21.49	21.50	0.011146	15.522
21.49	21.50	0.011162	15.617
21.49	21.50	0.011179	15.716
21.49	21.50	0.011196	15.821
21.49	21.50	0.011212	15.915
21.49	21.50	0.011229	16.015
21.49	21.50	0.011245	16.119
21.49	21.50	0.011262	16.214
21.49	21.50	0.011279	16.314
21.49	21.50	0.011295	16.418
21.51	21.50	0.011312	16.514
21.51	21.50	0.011329	16.614
21.51	21.50	0.011345	16.717
21.51	21.50	0.011362	16.814
21.51	21.50	0.011379	16.914
21.51	21.50	0.011395	17.015
21.51	21.50	0.011412	17.114
21.51	21.50	0.011429	17.214
21.51	21.50	0.011445	17.314
21.51	21.50	0.011462	17.414
21.51	21.50	0.011479	17.514
21.51	21.50	0.011495	17.614
21.51	21.50	0.011512	17.714
21.51	21.50	0.011529	17.814
21.51	21.50	0.011545	17.915
21.49	21.50	0.011562	18.014
21.49	21.50	0.011579	18.114
21.49	21.50	0.011595	18.214
21.49	21.50	0.011612	18.314
21.49	21.50	0.011629	18.414
21.49	21.50	0.011645	18.514
21.49	21.50	0.011662	18.614
21.49	21.50	0.011679	18.714
21.49	21.50	0.011695	18.815
21.49	21.50	0.011712	18.914
21.49	21.50	0.011729	19.014
21.49	21.50	0.011745	19.114
21.49	21.50	0.011762	19.214
21.49	21.50	0.011779	19.314
21.49	21.50	0.011795	19.414
21.51	21.50	0.011812	19.514
21.51	21.50	0.011829	19.614
21.51	21.50	0.011845	19.714
21.51	21.50	0.011862	19.814
21.51	21.50	0.011879	19.914
21.51	21.50	0.011895	20.014
21.51	21.50	0.011912	20.114
21.51	21.50	0.011929	20.214
21.51	21.50	0.011945	20.314
21.51	21.50	0.011962	20.414
21.51	21.50	0.011979	20.514
21.51	21.50	0.011995	20.614
21.51	21.50	0.012012	20.714
21.51	21.50	0.012029	20.814
21.51	21.50	0.012045	20.914
21.49	21.50	0.012062	21.014
21.49	21.50	0.012078	21.114
21.49	21.50	0.012095	21.214
21.49	21.50	0.012112	21.315
21.49	21.50	0.012128	21.414
21.49	21.50	0.012145	21.514
21.49	21.50	0.012162	21.614
21.49	21.50	0.012178	21.714
21.49	21.50	0.012195	21.814
21.49	21.50	0.012212	21.914
21.49	21.50	0.012228	22.014
21.49	21.50	0.012245	22.114
21.49	21.50	0.012262	22.243
21.51	21.50	0.012278	22.337
21.51	21.50	0.012295	22.437
21.51	21.50	0.012312	22.541
21.51	21.50	0.012328	22.637
21.51	21.50	0.012345	22.736
21.51	21.50	0.012362	22.840
21.51	21.50	0.012378	22.935
21.51	21.50	0.012395	23.035
21.51	21.50	0.012412	23.139
21.51	21.50	0.012428	23.234
21.51	21.50	0.012445	23.333
21.51	21.50	0.012462	23.438
21.51	21.50	0.012478	23.532
21.51	21.50	0.012495	23.632
21.49	21.50	0.012512	23.737
21.49	21.50	0.012528	23.831
21.49	21.50	0.012545	23.931
21.49	21.50	0.012562	24.035
21.49	21.50	0.012578	24.130
21.49	21.50	0.012595	24.229
21.49	21.50	0.012612	24.334
21.49	21.50	0.012628	24.428
21.49	21.50	0.012645	24.530
21.49	21.50	0.012662	24.633
21.49	21.50	0.012678	24.727
21.49	21.50	0.012695	24.830
21.49	21.50	0.012712	24.931
21.49	21.50	0.012728	25.026
21.49	21.50	0.012745	25.129
21.49	21.50	0.012762	25.230
21.51	21.50	0.012778	25.325
21.51	21.50	0.012795	25.429
21.51	21.50	0.012812	25.529
21.51	21.50	0.012828	25.623
21.51	21.50	0.012845	25.728
21.51	21.50	0.012862	25.827
21.51	21.50	0.012878	25.922
21.51	21.50	0.012895	26.026
21.51	21.50	0.012911	26.126
21.51	21.50	0.012928	26.221
21.51	21.50	0.012945	26.325
21.51	21.50	0.012961	26.420
21.51	21.50	0.012978	26.519
21.51	21.50	0.012995	26.624
21.51	21.50	0.013011	26.718
21.49	21.50	0.013028	26.818
21.49	21.50	0.013045	26.922
21.49	21.50	0.013061	27.017
21.49	21.50	0.013078	27.117
21.49	21.50	0.013095	27.221
21.49	21.50	0.013111	27.316
21.49	21.50	0.013128	27.416
21.49	21.50	0.013145	27.520
21.49	21.50	0.013161	27.616
21.49	21.50	0.013178	27.716
21.49	21.50	0.013195	27.819
21.49	21.50	0.013211	27.916
21.49	21.50	0.013228	28.016
21.51	21.50	0.013245	28.117
21.51	21.50	0.013261	28.216
21.51	21.50	0.013278	28.316
21.51	21.50	0.013295	28.416
21.51	21.50	0.013311	28.516
21.51	21.50	0.013328	28.616
21.51	21.50	0.013345	28.716
21.51	21.50	0.013361	28.816
21.51	21.50	0.013378	28.916
21.51	21.50	0.013395	29.016
21.51	21.50	0.013411	29.116
21.51	21.50	0.013428	29.216
21.51	21.50	0.013445	29.316
21.51	21.50	0.013461	29.416
21.51	21.50	0.013478	29.516
21.49	21.50	0.013495	29.616
21.49	21.50	0.013511	29.716
21.49	21.50	0.013528	29.816
21.49	21.50	0.013545	29.916
21.49	21.50	0.013561	30.016
21.49	21.50	0.013578	30.116
21.49	21.50	0.013595	30.216
21.49	21.50	0.013611	30.317
21.49	21.50	0.013628	30.416
21.49	21.50	0.013645	30.516
21.49	21.50	0.013661	30.616
21.49	21.50	0.013678	30.716
21.49	21.50	0.013695	30.816
21.49	21.50	0.013711	30.916
21.49	21.50	0.013728	31.016
21.49	21.50	0.013744	31.116
21.51	21.50	0.013761	31.216
21.51	21.50	0.013778	31.317
21.51	21.50	0.013794	31.416
21.51	21.50	0.013811	31.516
21.51	21.50	0.013828	31.616
21.51	21.50	0.013844	31.716
21.51	21.50	0.013861	31.816
21.51	21.50	0.013878	31.916
21.51	21.50	0.013894	32.016
21.51	21.50	0.013911	32.116
21.51	21.50	0.013928	32.216
21.51	21.50	0.013944	32.316
21.51	21.50	0.013961	32.416
21.51	21.50	0.013978	32.516
21.51	21.50	0.013994	32.616
21.51	21.50	0.014011	32.716
21.51	21.50	0.014028	32.816
21.51	21.50	0.014044	32.916
21.49	21.50	0.014061	33.016
21.49	21.50	0.014078	33.116
21.49	21.50	0.014094	33.216
21.49	21.50	0.014111	33.316
21.49	21.50	0.014128	33.439
21.49	21.50	0.014144	33.540
21.49	21.50	0.014161	33.644
21.49	21.50	0.014178	33.739
21.49	21.50	0.014194	33.838
21.49	21.50	0.014211	33.942
21.49	21.50	0.014228	34.037
21.49	21.50	0.014244	34.137
21.49	21.50	0.014261	34.242
21.49	21.50	0.014278	34.335
21.49	21.50	0.014294	34.435
21.49	21.50	0.014311	34.540
21.51	21.50	0.014328	34.635
21.51	21.50	0.014344	34.735
21.51	21.50	0.014361	34.839
21.51	21.50	0.014378	34.934
21.51	21.50	0.014394	35.033
21.51	21.50	0.014411	35.138
21.51	21.50	0.014428	35.232
21.51	21.50	0.014444	35.332
21.51	21.50	0.014461	35.436
21.51	21.50	0.014478	35.531
21.51	21.50	0.014494	35.632
21.51	21.50	0.014511	35.735
21.51	21.50	0.014528	35.830
21.51	21.50	0.014544	35.931
21.51	21.50	0.014561	36.034
21.49	21.50	0.014577	36.128
21.49	21.50	0.014594	36.231
21.49	21.50	0.014611	36.333
21.49	21.50	0.014627	36.427
21.49	21.50	0.014644	36.532
21.49	21.50	0.014661	36.631
21.49	21.50	0.014677	36.726
21.49	21.50	0.014694	36.830
21.49	21.50	0.014711	36.929
21.49	21.50	0.014727	37.024
21.49	21.50	0.014744	37.128
21.49	21.50	0.014761	37.228
21.51	21.50	0.014777	37.323
21.51	21.50	0.014794	37.428
21.51	21.50	0.014811	37.522
21.51	21.50	0.014827	37.622
21.51	21.50	0.014844	37.727
21.51	21.50	0.014861	37.821
21.51	21.50	0.014877	37.921
21.51	21.50	0.014894	38.025
21.51	21.50	0.014911	38.120
21.51	21.50	0.014927	38.219
21.51	21.50	0.014944	38.324
21.51	21.50	0.014961	38.418
21.51	21.50	0.014977	38.518
21.51	21.50	0.014994	38.623
21.51	21.50	0.015011	38.717
21.49	21.50	0.015027	38.817
21.49	21.50	0.015044	38.921
21.49	21.50	0.015061	39.017
21.49	21.50	0.015077	39.117
21.49	21.50	0.015094	39.220
21.49	21.50	0.015111	39.317
21.49	21.50	0.015127	39.417
21.49	21.50	0.015144	39.519
21.49	21.50	0.015161	39.617
21.49	21.50	0.015177	39.717
21.49	21.50	0.015194	39.817
21.49	21.50	0.015211	39.917
21.49	21.50	0.015227	40.017
21.49	21.50	0.015244	40.117
21.49	21.50	0.015261	40.217
21.51	21.50	0.015277	40.318
21.51	21.50	0.015294	40.417
21.51	21.50	0.015311	40.517
21.51	21.50	0.015327	40.617
21.51	21.50	0.015344	40.717
21.51	21.50	0.015361	40.817
21.51	21.50	0.015377	40.917
21.51	21.50	0.015394	41.017
21.51	21.50	0.015410	41.117
21.51	21.50	0.015427	41.217
21.51	21.50	0.015444	41.317
21.51	21.50	0.015460	41.417
21.51	21.50	0.015477	41.517
21.51	21.50	0.015494	41.617
21.51	21.50	0.015510	41.717
21.51	21.50	0.015527	41.817
21.51	21.50	0.015544	41.917
21.51	21.50	0.015560	42.017
21.51	21.50	0.015577	42.118
21.49	21.50	0.015594	42.217
21.49	21.50	0.015610	42.317
21.49	21.50	0.015627	42.417
21.49	21.50	0.015644	42.517
21.49	21.50	0.015660	42.617
21.49	21.50	0.015677	42.717
21.49	21.50	0.015694	42.817
21.49	21.50	0.015710	42.917
21.49	21.50	0.015727	43.018
21.49	21.50	0.015744	43.117
21.49	21.50	0.015760	43.217
21.49	21.50	0.015777	43.317
21.49	21.50	0.015794	43.417
21.49	21.50	0.015810	43.517
21.49	21.50	0.015827	43.617
21.49	21.50	0.015844	43.717
21.51	21.50	0.015860	43.817
21.51	21.50	0.015877	43.917
21.51	21.50	0.015894	44.017
21.51	21.50	0.015910	44.117
21.51	21.50	0.015927	44.217
21.51	21.50	0.015944	44.317
21.51	21.50	0.015960	44.417
21.51	21.50	0.015977	44.517
21.51	21.50	0.015994	44.641
21.51	21.50	0.016010	44.746
21.51	21.50	0.016027	44.841
21.51	21.50	0.016044	44.940
21.51	21.50	0.016060	45.045
21.51	21.50	0.016077	45.139
21.51	21.50	0.016094	45.239
21.51	21.50	0.016110	45.343
21.51	21.50	0.016127	45.438
21.49	21.50	0.016144	45.537
21.49	21.50	0.016160	45.642
21.49	21.50	0.016177	45.737
21.49	21.50	0.016194	45.836
21.49	21.50	0.016210	45.941
21.49	21.50	0.016227	46.035
21.49	21.50	0.016244	46.135
21.49	21.50	0.016260	46.239
21.49	21.50	0.016277	46.334
21.49	21.50	0.016293	46.434
21.49	21.50	0.016310	46.538
21.49	21.50	0.016327	46.633
21.49	21.50	0.016343	46.734
21.49	21.50	0.016360	46.837
21.49	21.50	0.016377	46.932
21.49	21.50	0.016393	47.033
21.49	21.50	0.016410	47.136
21.51	21.50	0.016427	47.230
21.51	21.50	0.016443	47.333
21.51	21.50	0.016460	47.435
21.51	21.50	0.016477	47.529
21.51	21.50	0.016493	47.634
21.51	21.50	0.016510	47.733
21.51	21.50	0.016527	47.828
21.51	21.50	0.016543	47.932
21.51	21.50	0.016560	48.032
21.51	21.50	0.016577	48.126
21.51	21.50	0.016593	48.231
21.51	21.50	0.016610	48.331
21.51	21.50	0.016627	48.425
21.51	21.50	0.016643	48.530
21.51	21.50	0.016660	48.629
21.51	21.50	0.016677	48.724
21.49	21.50	0.016693	48.828
21.49	21.50	0.016710	48.923
21.49	21.50	0.016727	49.023
21.49	21.50	0.016743	49.127
21.49	21.50	0.016760	49.222
21.49	21.50	0.016777	49.321
21.49	21.50	0.016793	49.426
21.49	21.50	0.016810	49.520
21.49	21.50	0.016827	49.620
21.49	21.50	0.016843	49.724
21.49	21.50	0.016860	49.819
21.49	21.50	0.016877	49.919
21.49	21.50	0.016893	50.023
21.51	21.50	0.016910	50.118
21.51	21.50	0.016927	50.218
21.51	21.50	0.016943	50.322
21.51	21.50	0.016960	50.418
21.51	21.50	0.016977	50.518
21.51	21.50	0.016993	50.620
21.51	21.50	0.017010	50.718
21.51	21.50	0.017027	50.818
21.51	21.50	0.017043	50.919
21.51	21.50	0.017060	51.018
21.51	21.50	0.017077	51.118
21.51	21.50	0.017093	51.218
21.51	21.50	0.017110	51.318
21.51	21.50	0.017126	51.418
21.51	21.50	0.017143	51.519
21.49	21.50	0.017160	51.618
21.49	21.50	0.017176	51.718
21.49	21.50	0.017193	51.818
21.49	21.50	0.017210	51.918
21.49	21.50	0.017226	52.018
21.49	21.50	0.017243	52.118
21.49	21.50	0.017260	52.218
21.49	21.50	0.017276	52.318
21.49	21.50	0.017293	52.418
21.49	21.50	0.017310	52.518
21.49	21.50	0.017326	52.618
21.51	21.50	0.017343	52.718
21.51	21.50	0.017360	52.818
21.51	21.50	0.017376	52.918
21.51	21.50	0.017393	53.018
21.51	21.50	0.017410	53.118
21.51	21.50	0.017426	53.218
21.51	21.50	0.017443	53.318
21.51	21.50	0.017460	53.418
21.51	21.50	0.017476	53.518
21.51	21.50	0.017493	53.618
21.51	21.50	0.017510	53.718
21.51	21.50	0.017526	53.818
21.51	21.50	0.017543	53.918
21.49	21.50	0.017560	54.018
21.49	21.50	0.017576	54.118
21.49	21.50	0.017593	54.218
21.49	21.50	0.017610	54.318
21.49	21.50	0.017626	54.418
21.49	21.50	0.017643	54.518
21.49	21.50	0.017660	54.618
21.49	21.50	0.017676	54.719
21.49	21.50	0.017693	54.818
21.49	21.50	0.017710	54.918
21.49	21.50	0.017726	55.018
21.49	21.50	0.017743	55.118
21.49	21.50	0.017760	55.218
21.49	21.50	0.017776	55.318
21.49	21.50	0.017793	55.418
21.49	21.50	0.017810	55.518
21.49	21.50	0.017826	55.618
21.51	21.50	0.017843	55.718
21.51	21.50	0.017860	55.818
21.51	21.50	0.017876	55.917
21.51	21.50	0.017893	56.042
21.51	21.50	0.017910	56.147
21.51	21.50	0.017926	56.242
21.51	21.50	0.017943	56.341
21.51	21.50	0.017959	56.446
21.51	21.50	0.017976	56.541
21.51	21.50	0.017993	56.639
21.51	21.50	0.018009	56.745
21.51	21.50	0.018026	56.838
21.51	21.50	0.018043	56.938
21.51	21.50	0.018059	57.043
21.51	21.50	0.018076	57.138
21.51	21.50	0.018093	57.237
21.51	21.50	0.018109	57.342
21.51	21.50	0.018126	57.436
21.49	21.50	0.018143	57.536
21.49	21.50	0.018159	57.640
21.49	21.50	0.018176	57.734
21.49	21.50	0.018193	57.835
21.49	21.50	0.018209	57.939
21.49	21.50	0.018226	58.034
21.49	21.50	0.018243	58.135
21.49	21.50	0.018259	58.237
21.49	21.50	0.018276	58.332
21.49	21.50	0.018293	58.435
21.49	21.50	0.018309	58.537
21.49	21.50	0.018326	58.631
21.49	21.50	0.018343	58.735
21.49	21.50	0.018359	58.834
21.49	21.50	0.018376	58.930
21.49	21.50	0.018393	59.035
21.49	21.50	0.018409	59.133
21.51	21.50	0.018426	59.229
21.51	21.50	0.018443	59.333
21.51	21.50	0.018459	59.433
21.51	21.50	0.018476	59.527
21.51	21.50	0.018493	59.632
21.51	21.50	0.018509	59.732
21.51	21.50	0.018526	59.826
21.51	21.50	0.018543	59.931
21.51	21.50	0.018559	00.025
21.51	21.50	0.018576	00.124
21.51	21.50	0.018593	00.229
21.51	21.50	0.018609	00.323
21.51	21.50	0.018626	00.423
21.51	21.50	0.018643	00.527
21.51	21.50	0.018659	00.622
21.49	21.50	0.018676	00.722
21.49	21.50	0.018693	00.826
21.49	21.50	0.018709	00.921
21.49	21.50	0.018726	01.020
21.49	21.50	0.018743	01.125
21.49	21.50	0.018759	01.219
21.49	21.50	0.018776	01.319
21.49	21.50	0.018792	01.423
21.49	21.50	0.018809	01.518
21.49	21.50	0.018826	01.618
21.49	21.50	0.018842	01.722
21.49	21.50	0.018859	01.818
21.49	21.50	0.018876	01.918
21.49	21.50	0.018892	02.021
21.51	21.50	0.018909	02.118
21.51	21.50	0.018926	02.218
21.51	21.50	0.018942	02.320
21.51	21.50	0.018959	02.418
21.51	21.50	0.018976	02.518
21.51	21.50	0.018992	02.618
21.51	21.50	0.019009	02.718
21.51	21.50	0.019026	02.818
21.51	21.50	0.019042	02.918
21.51	21.50	0.019059	03.018
21.51	21.50	0.019076	03.118
21.51	21.50	0.019092	03.218
21.51	21.50	0.019109	03.318
21.51	21.50	0.019126	03.418
21.51	21.50	0.019142	03.518
21.51	21.50	0.019159	03.618
21.49	21.50	0.019176	03.719
21.49	21.50	0.019192	03.819
21.49	21.50	0.019209	03.920
21.49	21.50	0.019226	04.019
21.49	21.50	0.019242	04.119
21.49	21.50	0.019259	04.219
21.49	21.50	0.019276	04.319
21.49	21.50	0.019292	04.419
21.49	21.50	0.019309	04.519
21.49	21.50	0.019326	04.619
21.49	21.50	0.019342	04.719
21.51	21.50	0.019359	04.819
21.51	21.50	0.019376	04.919
21.51	21.50	0.019392	05.019
21.51	21.50	0.019409	05.119
21.51	21.50	0.019426	05.219
21.51	21.50	0.019442	05.319
21.51	21.50	0.019459	05.419
21.51	21.50	0.019476	05.519
21.51	21.50	0.019492	05.620
21.51	21.50	0.019509	05.719
21.51	21.50	0.019526	05.819
21.49	21.50	0.019542	05.919
21.49	21.50	0.019559	06.019
21.49	21.50	0.019576	06.119
21.49	21.50	0.019592	06.219
21.49	21.50	0.019609	06.319
21.49	21.50	0.019625	06.419
21.49	21.50	0.019642	06.519
21.49	21.50	0.019659	06.619
21.49	21.50	0.019675	06.719
21.49	21.50	0.019692	06.819
21.49	21.50	0.019709	06.919
21.49	21.50	0.019725	07.019
21.49	21.50	0.019742	07.120
21.51	21.50	0.019759	07.219
21.51	21.50	0.019775	07.319
21.51	21.50	0.019792	07.443
21.51	21.50	0.019809	07.548
21.51	21.50	0.019825	07.642
21.51	21.50	0.019842	07.742
21.51	21.50	0.019859	07.846
21.51	21.50	0.019875	07.941
21.51	21.50	0.019892	08.040
21.51	21.50	0.019909	08.145
21.51	21.50	0.019925	08.240
21.51	21.50	0.019942	08.339
21.51	21.50	0.019959	08.444
21.51	21.50	0.019975	08.538
21.51	21.50	0.019992	08.638
21.49	21.50	0.020009	08.742
21.49	21.50	0.020025	08.837
21.49	21.50	0.020042	08.936
21.49	21.50	0.020059	09.041
21.49	21.50	0.020075	09.136
21.49	21.50	0.020092	09.236
21.49	21.50	0.020109	09.340
21.49	21.50	0.020125	09.434
21.49	21.50	0.020142	09.537
21.49	21.50	0.020159	09.638
21.49	21.50	0.020175	09.733
21.49	21.50	0.020192	09.836
21.49	21.50	0.020209	09.937
21.49	21.50	0.020225	10.031
21.49	21.50	0.020242	10.136
21.49	21.50	0.020259	10.236
21.51	21.50	0.020275	10.330
21.51	21.50	0.020292	10.435
21.51	21.50	0.020309	10.534
21.51	21.50	0.020325	10.629
21.51	21.50	0.020342	10.733
21.51	21.50	0.020359	10.834
21.51	21.50	0.020375	10.928
21.51	21.50	0.020392	11.033
21.51	21.50	0.020409	11.127
21.51	21.50	0.020425	11.227
21.51	21.50	0.020442	11.332
21.51	21.50	0.020458	11.426
21.51	21.50	0.020475	11.526
21.51	21.50	0.020492	11.630
21.51	21.50	0.020508	11.725
21.51	21.50	0.020525	11.824
21.49	21.50	0.020542	11.929
21.49	21.50	0.020558	12.023
21.49	21.50	0.020575	12.122
21.49	21.50	0.020592	12.227
21.49	21.50	0.020608	12.323
21.49	21.50	0.020625	12.423
21.49	21.50	0.020642	12.526
21.49	21.50	0.020658	12.623
21.49	21.50	0.020675	12.723
21.49	21.50	0.020692	12.824
21.49	21.50	0.020708	12.924
21.49	21.50	0.020725	13.023
21.49	21.50	0.020742	13.123
21.49	21.50	0.020758	13.223
21.51	21.50	0.020775	13.323
21.51	21.50	0.020792	13.423
21.51	21.50	0.020808	13.523
21.51	21.50	0.020825	13.623
21.51	21.50	0.020842	13.723
21.51	21.50	0.020858	13.823
21.51	21.50	0.020875	13.923
21.51	21.50	0.020892	14.023
21.51	21.50	0.020908	14.123
21.51	21.50	0.020925	14.223
21.51	21.50	0.020942	14.323
21.49	21.50	0.020958	14.423
21.49	21.50	0.020975	14.523
21.49	21.50	0.020992	14.623
21.49	21.50	0.021008	14.723
21.49	21.50	0.021025	14.823
21.49	21.50	0.021042	14.923
21.49	21.50	0.021058	15.023
21.49	21.50	0.021075	15.123
21.49	21.50	0.021092	15.223
21.49	21.50	0.021108	15.323
21.49	21.50	0.021125	15.423
21.49	21.50	0.021142	15.523
21.51	21.50	0.021158	15.624
21.51	21.50	0.021175	15.723
21.51	21.50	0.021192	15.823
21.51	21.50	0.021208	15.923
21.51	21.50	0.021225	16.023
21.51	21.50	0.021242	16.123
21.51	21.50	0.021258	16.223
21.51	21.50	0.021275	16.323
21.51	21.50	0.021291	16.423
21.51	21.50	0.021308	16.523
21.51	21.50	0.021325	16.623
21.51	21.50	0.021341	16.723
21.51	21.50	0.021358	16.823
21.51	21.50	0.021375	16.923
21.51	21.50	0.021391	17.023
21.49	21.50	0.021408	17.123
21.49	21.50	0.021425	17.224
21.49	21.50	0.021441	17.323
21.49	21.50	0.021458	17.423
21.49	21.50	0.021475	17.523
21.49	21.50	0.021491	17.623
21.49	21.50	0.021508	17.723
21.49	21.50	0.021525	17.823
21.49	21.50	0.021541	17.947
21.49	21.50	0.021558	18.052
21.49	21.50	0.021575	18.146
21.49	21.50	0.021591	18.246
21.49	21.50	0.021608	18.351
21.49	21.50	0.021625	18.445
21.49	21.50	0.021641	18.545
21.49	21.50	0.021658	18.650
21.51	21.50	0.021675	18.744
21.51	21.50	0.021691	18.844
21.51	21.50	0.021708	18.948
21.51	21.50	0.021725	19.043
21.51	21.50	0.021741	19.143
21.51	21.50	0.021758	19.247
21.51	21.50	0.021775	19.342
21.51	21.50	0.021791	19.441
21.51	21.50	0.021808	19.546
21.51	21.50	0.021825	19.640
21.51	21.50	0.021841	19.740
21.51	21.50	0.021858	19.844
21.51	21.50	0.021875	19.939
21.51	21.50	0.021891	20.039
21.51	21.50	0.021908	20.143
21.51	21.50	0.021925	20.237
21.49	21.50	0.021941	20.339
21.49	21.50	0.021958	20.441
21.49	21.50	0.021975	20.536
21.49	21.50	0.021991	20.638
21.49	21.50	0.022008	20.740
21.49	21.50	0.022025	20.835
21.49	21.50	0.022041	20.938
21.49	21.50	0.022058	21.039
21.49	21.50	0.022075	21.134
21.49	21.50	0.022091	21.238
21.49	21.50	0.022108	21.338
21.49	21.50	0.022124	21.432
21.49	21.50	0.022141	21.537
21.51	21.50	0.022158	21.636
21.51	21.50	0.022174	21.731
21.51	21.50	0.022191	21.835
21.51	21.50	0.022208	21.935
21.51	21.50	0.022224	22.030
21.51	21.50	0.022241	22.134
21.51	21.50	0.022258	22.234
21.51	21.50	0.022274	22.328
21.51	21.50	0.022291	22.433
21.51	21.50	0.022308	22.527
21.51	21.50	0.022324	22.627
21.51	21.50	0.022341	22.732
21.51	21.50	0.022358	22.826
21.49	21.50	0.022374	22.926
21.49	21.50	0.022391	23.030
21.49	21.50	0.022408	23.125
21.49	21.50	0.022424	23.224
21.49	21.50	0.022441	23.329
21.49	21.50	0.022458	23.424
21.49	21.50	0.022474	23.524
21.49	21.50	0.022491	23.628
21.49	21.50	0.022508	23.724
21.49	21.50	0.022524	23.824
21.49	21.50	0.022541	23.926
21.49	21.50	0.022558	24.024
21.51	21.50	0.022574	24.124
21.51	21.50	0.022591	24.225
21.51	21.50	0.022608	24.325
21.51	21.50	0.022624	24.424
21.51	21.50	0.022641	24.525
21.51	21.50	0.022658	24.624
21.51	21.50	0.022674	24.724
21.51	21.50	0.022691	24.824
21.51	21.50	0.022708	24.924
21.51	21.50	0.022724	25.024
21.51	21.50	0.022741	25.124
21.51	21.50	0.022758	25.224
21.51	21.50	0.022774	25.324
21.51	21.50	0.022791	25.424
21.51	21.50	0.022808	25.524
21.51	21.50	0.022824	25.624
21.51	21.50	0.022841	25.724
21.51	21.50	0.022858	25.824
21.49	21.50	0.022874	25.924
21.49	21.50	0.022891	26.024
21.49	21.50	0.022908	26.124
21.49	21.50	0.022924	26.224
21.49	21.50	0.022941	26.324
21.49	21.50	0.022957	26.424
21.49	21.50	0.022974	26.524
21.49	21.50	0.022991	26.624
21.49	21.50	0.023007	26.724
21.49	21.50	0.023024	26.825
21.49	21.50	0.023041	26.924
21.49	21.50	0.023057	27.024
21.51	21.50	0.023074	27.124
21.51	21.50	0.023091	27.224
21.51	21.50	0.023107	27.324
21.51	21.50	0.023124	27.424
21.51	21.50	0.023141	27.524
21.51	21.50	0.023157	27.624
21.51	21.50	0.023174	27.723
21.51	21.50	0.023191	27.824
21.49	21.50	0.023207	27.924
21.49	21.50	0.023224	28.024
21.49	21.50	0.023241	28.124
21.49	21.50	0.023257	28.224
21.49	21.50	0.023274	28.324
21.49	21.50	0.023291	28.424
21.49	21.50	0.023307	28.524
21.49	21.50	0.023324	28.624
21.49	21.50	0.023341	28.724
21.49	21.50	0.023357	28.824
21.49	21.50	0.023374	28.924
21.49	21.50	0.023391	29.024
21.49	21.50	0.023407	29.124
21.49	21.50	0.023424	29.224
21.49	21.50	0.023441	29.324
21.49	21.50	0.023457	29.424
21.51	21.50	0.023474	29.548
21.51	21.50	0.023491	29.648
21.51	21.50	0.023507	29.752
21.51	21.50	0.023524	29.847
21.51	21.50	0.023541	29.946
21.51	21.50	0.023557	30.051
21.51	21.50	0.023574	30.145
21.51	21.50	0.023591	30.245
21.51	21.50	0.023607	30.350
21.51	21.50	0.023624	30.444
21.51	21.50	0.023641	30.544
21.51	21.50	0.023657	30.648
21.51	21.50	0.023674	30.743
21.51	21.50	0.023691	30.842
21.51	21.50	0.023707	30.947
21.51	21.50	0.023724	31.041
21.51	21.50	0.023741	31.141
21.51	21.50	0.023757	31.246
21.49	21.50	0.023774	31.340
21.49	21.50	0.023790	31.440
21.49	21.50	0.023807	31.544
21.49	21.50	0.023824	31.639
21.49	21.50	0.023840	31.739
21.49	21.50	0.023857	31.843
21.49	21.50	0.023874	31.938
21.49	21.50	0.023890	32.040
21.49	21.50	0.023907	32.142
21.49	21.50	0.023924	32.236
21.49	21.50	0.023940	32.340
21.49	21.50	0.023957	32.440
21.49	21.50	0.023974	32.535
21.49	21.50	0.023990	32.639
21.51	21.50	0.024007	32.739
21.51	21.50	0.024024	32.834
21.51	21.50	0.024040	32.938
21.51	21.50	0.024057	33.038
21.51	21.50	0.024074	33.132
21.51	21.50	0.024090	33.237
21.51	21.50	0.024107	33.336
21.51	21.50	0.024124	33.431
21.51	21.50	0.024140	33.536
21.51	21.50	0.024157	33.630
21.51	21.50	0.024174	33.730
21.51	21.50	0.024190	33.834
21.49	21.50	0.024207	33.929
21.49	21.50	0.024224	34.028
21.49	21.50	0.024240	34.133
21.49	21.50	0.024257	34.227
21.49	21.50	0.024274	34.327
21.49	21.50	0.024290	34.432
21.49	21.50	0.024307	34.526
21.49	21.50	0.024324	34.626
21.49	21.50	0.024340	34.730
21.49	21.50	0.024357	34.825
21.49	21.50	0.024374	34.925
21.49	21.50	0.024390	35.029
21.51	21.50	0.024407	35.125
21.51	21.50	0.024424	35.225
21.51	21.50	0.024440	35.328
21.51	21.50	0.024457	35.425
21.51	21.50	0.024474	35.525
21.51	21.50	0.024490	35.626
21.51	21.50	0.024507	35.725
21.51	21.50	0.024524	35.825
21.51	21.50	0.024540	35.925
21.51	21.50	0.024557	36.025
21.51	21.50	0.024574	36.125
21.51	21.50	0.024590	36.225
21.51	21.50	0.024607	36.325
21.51	21.50	0.024623	36.425
21.51	21.50	0.024640	36.525
21.49	21.50	0.024657	36.625
21.49	21.50	0.024673	36.725
21.49	21.50	0.024690	36.825
21.49	21.50	0.024707	36.925
21.49	21.50	0.024723	37.025
21.49	21.50	0.024740	37.125
21.49	21.50	0.024757	37.225
21.49	21.50	0.024773	37.325
21.49	21.50	0.024790	37.425
21.49	21.50	0.024807	37.525
21.49	21.50	0.024823	37.625
21.49	21.50	0.024840	37.725
21.49	21.50	0.024857	37.825
21.49	21.50	0.024873	37.925
21.51	21.50	0.024890	38.026
21.51	21.50	0.024907	38.125
21.51	21.50	0.024923	38.225
21.51	21.50	0.024940	38.325
21.51	21.50	0.024957	38.425
21.51	21.50	0.024973	38.525
21.51	21.50	0.024990	38.625
21.51	21.50	0.025007	38.725
21.51	21.50	0.025023	38.825
21.51	21.50	0.025040	38.925
21.51	21.50	0.025057	39.025
21.51	21.50	0.025073	39.125
21.51	21.50	0.025090	39.225
21.51	21.50	0.025107	39.325
21.51	21.50	0.025123	39.425
21.49	21.50	0.025140	39.525
21.49	21.50	0.025157	39.626
21.49	21.50	0.025173	39.725
21.49	21.50	0.025190	39.825
21.49	21.50	0.025207	39.925
21.49	21.50	0.025223	40.025
21.49	21.50	0.025240	40.125
21.49	21.50	0.025257	40.225
21.49	21.50	0.025273	40.325
21.49	21.50	0.025290	40.425
21.49	21.50	0.025307	40.526
21.49	21.50	0.025323	40.625
21.49	21.50	0.025340	40.725
21.49	21.50	0.025357	40.854
21.51	21.50	0.025373	40.948
21.51	21.50	0.025390	41.048
21.51	21.50	0.025407	41.152
21.51	21.50	0.025423	41.247
21.51	21.50	0.025440	41.346
21.51	21.50	0.025456	41.451
21.51	21.50	0.025473	41.546
21.51	21.50	0.025490	41.645
21.51	21.50	0.025506	41.750
21.51	21.50	0.025523	41.844
21.51	21.50	0.025540	41.944
21.51	21.50	0.025556	42.048
21.51	21.50	0.025573	42.143
21.51	21.50	0.025590	42.242
21.51	21.50	0.025606	42.347
21.51	21.50	0.025623	42.442
21.51	21.50	0.025640	42.541
21.51	21.50	0.025656	42.646
21.51	21.50	0.025673	42.740
21.51	21.50	0.025690	42.842
21.49	21.50	0.025706	42.944
21.49	21.50	0.025723	43.039
21.49	21.50	0.025740	43.142
21.49	21.50	0.025756	43.243
21.49	21.50	0.025773	43.338
21.49	21.50	0.025790	43.442
21.49	21.50	0.025806	43.542
21.49	21.50	0.025823	43.637
21.49	21.50	0.025840	43.741
21.49	21.50	0.025856	43.841
21.49	21.50	0.025873	43.936
21.49	21.50	0.025890	44.040
21.49	21.50	0.025906	44.140
21.49	21.50	0.025923	44.234
21.49	21.50	0.025940	44.339
21.49	21.50	0.025956	44.438
21.49	21.50	0.025973	44.533
21.49	21.50	0.025990	44.637
21.49	21.50	0.026006	44.732
21.51	21.50	0.026023	44.832
21.51	21.50	0.026040	44.936
21.51	21.50	0.026056	45.031
21.51	21.50	0.026073	45.130
21.51	21.50	0.026090	45.235
21.51	21.50	0.026106	45.329
21.51	21.50	0.026123	45.429
21.51	21.50	0.026140	45.534
21.51	21.50	0.026156	45.628
21.51	21.50	0.026173	45.728
21.51	21.50	0.026190	45.832
21.51	21.50	0.026206	45.927
21.49	21.50	0.026223	46.026
21.49	21.50	0.026240	46.131
21.49	21.50	0.026256	46.225
21.49	21.50	0.026273	46.325
21.49	21.50	0.026289	46.430
21.49	21.50	0.026306	46.525
21.49	21.50	0.026323	46.625
21.49	21.50	0.026339	46.728
21.49	21.50	0.026356	46.825
21.49	21.50	0.026373	46.925
21.49	21.50	0.026389	47.027
21.49	21.50	0.026406	47.126
21.49	21.50	0.026423	47.225
21.49	21.50	0.026439	47.326
21.51	21.50	0.026456	47.425
21.51	21.50	0.026473	47.525
21.51	21.50	0.026489	47.625
21.51	21.50	0.026506	47.725
21.51	21.50	0.026523	47.825
21.51	21.50	0.026539	47.925
21.51	21.50	0.026556	48.025
21.51	21.50	0.026573	48.125
21.51	21.50	0.026589	48.225
21.51	21.50	0.026606	48.325
21.51	21.50	0.026623	48.425
21.51	21.50	0.026639	48.525
21.51	21.50	0.026656	48.625
21.51	21.50	0.026673	48.725
21.51	21.50	0.026689	48.825
21.49	21.50	0.026706	48.925
21.49	21.50	0.026723	49.025
21.49	21.50	0.026739	49.125
21.49	21.50	0.026756	49.225
21.49	21.50	0.026773	49.325
21.49	21.50	0.026789	49.425
21.49	21.50	0.026806	49.525
21.49	21.50	0.026823	49.625
21.49	21.50	0.026839	49.726
21.49	21.50	0.026856	49.825
21.49	21.50	0.026873	49.925
21.49	21.50	0.026889	50.025
21.49	21.50	0.026906	50.125
21.49	21.50	0.026923	50.225
21.51	21.50	0.026939	50.325
21.51	21.50	0.026956	50.425
21.51	21.50	0.026973	50.525
21.51	21.50	0.026989	50.626
21.51	21.50	0.027006	50.725
21.51	21.50	0.027023	50.825
21.51	21.50	0.027039	50.925
21.51	21.50	0.027056	51.025
21.51	21.50	0.027073	51.125
21.51	21.50	0.027089	51.225
21.51	21.50	0.027106	51.325
21.51	21.50	0.027122	51.425
21.51	21.50	0.027139	51.525
21.51	21.50	0.027156	51.625
21.51	21.50	0.027172	51.725
21.51	21.50	0.027189	51.825
21.49	21.50	0.027206	51.925
21.49	21.50	0.027222	52.025
21.49	21.50	0.027239	52.125
21.49	21.50	0.027256	52.225
21.49	21.50	0.027272	52.349
21.49	21.50	0.027289	52.449
21.49	21.50	0.027306	52.554
21.49	21.50	0.027322	52.648
21.49	21.50	0.027339	52.748
21.49	21.50	0.027356	52.852
21.49	21.50	0.027372	52.947
21.49	21.50	0.027389	53.046
21.49	21.50	0.027406	53.150
21.51	21.50	0.027422	53.246
21.51	21.50	0.027439	53.345
21.51	21.50	0.027456	53.450
21.51	21.50	0.027472	53.545
21.51	21.50	0.027489	53.644
21.51	21.50	0.027506	53.749
21.51	21.50	0.027522	53.842
21.51	21.50	0.027539	53.943
21.51	21.50	0.027556	54.047
21.51	21.50	0.027572	54.142
21.51	21.50	0.027589	54.244
21.51	21.50	0.027606	54.346
21.51	21.50	0.027622	54.440
21.51	21.50	0.027639	54.543
21.51	21.50	0.027656	54.645
21.51	21.50	0.027672	54.739
21.49	21.50	0.027689	54.843
21.49	21.50	0.027706	54.943
21.49	21.50	0.027722	55.038
21.49	21.50	0.027739	55.142
21.49	21.50	0.027756	55.242
21.49	21.50	0.027772	55.336
21.49	21.50	0.027789	55.441
21.49	21.50	0.027806	55.540
21.49	21.50	0.027822	55.635
21.49	21.50	0.027839	55.740
21.49	21.50	0.027856	55.839
21.49	21.50	0.027872	55.934
21.49	21.50	0.027889	56.038
21.49	21.50	0.027906	56.133
21.49	21.50	0.027922	56.232
21.49	21.50	0.027939	56.337
21.51	21.50	0.027955	56.431
21.51	21.50	0.027972	56.531
21.51	21.50	0.027989	56.636
21.51	21.50	0.028005	56.730
21.51	21.50	0.028022	56.830
21.51	21.50	0.028039	56.934
21.51	21.50	0.028055	57.029
21.51	21.50	0.028072	57.128
21.51	21.50	0.028089	57.233
21.51	21.50	0.028105	57.328
21.51	21.50	0.028122	57.427
21.51	21.50	0.028139	57.532
21.51	21.50	0.028155	57.626
21.51	21.50	0.028172	57.726
21.51	21.50	0.028189	57.830
21.51	21.50	0.028205	57.926
21.51	21.50	0.028222	58.027
21.51	21.50	0.028239	58.129
21.49	21.50	0.028255	58.226
21.49	21.50	0.028272	58.326
21.49	21.50	0.028289	58.428
21.49	21.50	0.028305	58.526
21.49	21.50	0.028322	58.626
21.49	21.50	0.028339	58.726
21.49	21.50	0.028355	58.826
21.49	21.50	0.028372	58.926
21.49	21.50	0.028389	59.026
21.49	21.50	0.028405	59.126
21.49	21.50	0.028422	59.226
21.49	21.50	0.028439	59.326
21.49	21.50	0.028455	59.426
21.51	21.50	0.028472	59.526
21.51	21.50	0.028489	59.627
21.51	21.50	0.028505	59.726
21.51	21.50	0.028522	59.826
21.51	21.50	0.028539	59.926
21.51	21.50	0.028555	00.026
21.51	21.50	0.028572	00.126
21.51	21.50	0.028589	00.226
21.51	21.50	0.028605	00.326
21.51	21.50	0.028622	00.426
21.51	21.50	0.028639	00.527
21.51	21.50	0.028655	00.626
21.51	21.50	0.028672	00.726
21.49	21.50	0.028689	00.826
21.49	21.50	0.028705	00.926
21.49	21.50	0.028722	01.026
21.49	21.50	0.028739	01.126
21.49	21.50	0.028755	01.226
21.49	21.50	0.028772	01.326
21.49	21.50	0.028788	01.426
21.49	21.50	0.028805	01.526
21.49	21.50	0.028822	01.626
21.49	21.50	0.028838	01.726
21.49	21.50	0.028855	01.826
21.49	21.50	0.028872	01.927
21.49	21.50	0.028888	02.027
21.49	21.50	0.028905	02.127
21.49	21.50	0.028922	02.227
21.49	21.50	0.028938	02.327
21.49	21.50	0.028955	02.427
21.49	21.50	0.028972	02.527
21.51	21.50	0.028988	02.628
21.51	21.50	0.029005	02.727
21.51	21.50	0.029022	02.827
21.51	21.50	0.029038	02.927
21.51	21.50	0.029055	03.027
21.51	21.50	0.029072	03.127
21.51	21.50	0.029088	03.227
21.51	21.50	0.029105	03.327
21.51	21.50	0.029122	03.427
21.51	21.50	0.029138	03.527
21.51	21.50	0.029155	03.656
21.51	21.50	0.029172	03.751
21.51	21.50	0.029188	03.850
21.51	21.50	0.029205	03.955
21.51	21.50	0.029222	04.049
21.51	21.50	0.029238	04.148
21.51	21.50	0.029255	04.253
21.51	21.50	0.029272	04.347
21.49	21.50	0.029288	04.447
21.49	21.50	0.029305	04.551
21.49	21.50	0.029322	04.646
21.49	21.50	0.029338	04.745
21.49	21.50	0.029355	04.850
21.49	21.50	0.029372	04.945
21.49	21.50	0.029388	05.044
21.49	21.50	0.029405	05.149
21.49	21.50	0.029422	05.243
21.49	21.50	0.029438	05.345
21.49	21.50	0.029455	05.447
21.49	21.50	0.029472	05.542
21.49	21.50	0.029488	05.645
21.51	21.50	0.029505	05.747
21.51	21.50	0.029522	05.842
21.51	21.50	0.029538	05.945
21.51	21.50	0.029555	06.045
21.51	21.50	0.029572	06.140
21.51	21.50	0.029588	06.245
21.51	21.50	0.029605	06.344
21.51	21.50	0.029621	06.439
21.51	21.50	0.029638	06.543
21.51	21.50	0.029655	06.643
21.51	21.50	0.029671	06.737
21.49	21.50	0.029688	06.842
21.49	21.50	0.029705	06.941
21.49	21.50	0.029721	07.036
21.49	21.50	0.029738	07.140
21.49	21.50	0.029755	07.235
21.49	21.50	0.029771	07.335
21.49	21.50	0.029788	07.439
21.49	21.50	0.029805	07.534
21.49	21.50	0.029821	07.633
21.49	21.50	0.029838	07.738
21.49	21.50	0.029855	07.832
21.51	21.50	0.029871	07.932
21.51	21.50	0.029888	08.037
21.51	21.50	0.029905	08.131
21.51	21.50	0.029921	08.231
21.51	21.50	0.029938	08.335
21.51	21.50	0.029955	08.430
21.51	21.50	0.029971	08.529
21.51	21.50	0.029988	08.634
21.51	21.50	0.030005	08.728
21.51	21.50	0.030021	08.828
21.51	21.50	0.030038	08.933
21.51	21.50	0.030055	09.028
21.51	21.50	0.030071	09.128
21.51	21.50	0.030088	09.231
21.49	21.51	0.030105	09.328
21.49	21.51	0.030121	09.428
21.49	21.51	0.030138	09.530
21.49	21.51	0.030155	09.628
21.49	21.51	0.030171	09.728
21.49	21.51	0.030188	09.829
21.49	21.51	0.030205	09.928
21.49	21.51	0.030221	10.028
21.49	21.51	0.030238	10.128
21.51	21.51	0.030255	10.228
21.51	21.51	0.030271	10.328
21.51	21.51	0.030288	10.428
21.51	21.51	0.030305	10.529
21.51	21.52	0.030321	10.628
21.51	21.52	0.030338	10.728
21.51	21.52	0.030355	10.828
21.51	21.52	0.030371	10.928
21.51	21.52	0.030388	11.028
21.51	21.52	0.030405	11.128
21.51	21.52	0.030421	11.228
21.51	21.52	0.030438	11.329
21.54	21.52	0.030454	11.428
21.54	21.52	0.030471	11.528
21.54	21.52	0.030488	11.628
21.54	21.52	0.030504	11.728
21.54	21.52	0.030521	11.828
21.54	21.53	0.030538	11.928
21.54	21.53	0.030554	12.028
21.54	21.53	0.030571	12.128
21.54	21.53	0.030588	12.228
21.54	21.53	0.030604	12.328
21.54	21.53	0.030621	12.428
21.54	21.53	0.030638	12.528
21.51	21.53	0.030654	12.628
21.51	21.53	0.030671	12.728
21.51	21.53	0.030688	12.828
21.51	21.53	0.030704	12.928
21.51	21.53	0.030721	13.028
21.51	21.53	0.030738	13.128
21.51	21.54	0.030754	13.228
21.51	21.54	0.030771	13.328
21.51	21.54	0.030788	13.428
21.54	21.54	0.030804	13.528
21.54	21.54	0.030821	13.628
21.54	21.54	0.030838	13.728
21.54	21.54	0.030854	13.829
21.54	21.54	0.030871	13.928
21.54	21.54	0.030888	14.028
21.54	21.54	0.030904	14.128
21.54	21.54	0.030921	14.228
21.54	21.54	0.030938	14.328
21.54	21.54	0.030954	14.428
21.54	21.55	0.030971	14.528
21.54	21.55	0.030988	14.628
21.54	21.55	0.031004	14.728
21.54	21.55	0.031021	14.827
21.57	21.55	0.031038	14.927
21.57	21.55	0.031054	15.056
21.57	21.55	0.031071	15.151
21.57	21.55	0.031088	15.251
21.57	21.55	0.031104	15.355
21.57	21.55	0.031121	15.449
21.57	21.55	0.031138	15.550
21.57	21.55	0.031154	15.654
21.57	21.55	0.031171	15.749
21.54	21.56	0.031188	15.848
21.54	21.56	0.031204	15.952
21.54	21.56	0.031221	16.047
21.54	21.56	0.031238	16.146
21.54	21.56	0.031254	16.251
21.54	21.56	0.031271	16.345
21.54	21.56	0.031287	16.446
21.54	21.56	0.031304	16.550
21.54	21.56	0.031321	16.644
21.54	21.56	0.031337	16.746
21.54	21.56	0.031354	16.848
21.57	21.56	0.031371	16.944
21.57	21.56	0.031387	17.046
21.57	21.57	0.031404	17.148
21.57	21.57	0.031421	17.242
21.57	21.57	0.031437	17.346
21.57	21.57	0.031454	17.447
21.57	21.57	0.031471	17.541
21.57	21.57	0.031487	17.646
21.57	21.57	0.031504	17.745
21.57	21.57	0.031521	17.840
21.57	21.57	0.031537	17.943
21.57	21.57	0.031554	18.043
21.57	21.57	0.031571	18.139
21.57	21.57	0.031587	18.243
21.57	21.57	0.031604	18.343
21.57	21.58	0.031621	18.437
21.57	21.58	0.031637	18.542
21.59	21.58	0.031654	18.636
21.59	21.58	0.031671	18.736
21.59	21.58	0.031687	18.840
21.59	21.58	0.031704	18.935
21.59	21.58	0.031721	19.035
21.59	21.58	0.031737	19.139
21.59	21.58	0.031754	19.234
21.59	21.58	0.031771	19.333
21.59	21.58	0.031787	19.438
21.59	21.58	0.031804	19.532
21.59	21.58	0.031821	19.632
21.59	21.59	0.031837	19.737
21.59	21.59	0.031854	19.831
21.59	21.59	0.031871	19.931
21.59	21.59	0.031887	20.035
21.59	21.59	0.031904	20.130
21.59	21.59	0.031921	20.229
21.59	21.59	0.031937	20.334
21.59	21.59	0.031954	20.429
21.59	21.59	0.031971	20.529
21.59	21.59	0.031987	20.633
21.59	21.59	0.032004	20.729
21.59	21.59	0.032021	20.829
21.59	21.59	0.032037	20.931
21.59	21.60	0.032054	21.029
21.59	21.60	0.032071	21.129
21.59	21.60	0.032087	21.230
21.59	21.60	0.032104	21.329
21.59	21.60	0.032120	21.429
21.59	21.60	0.032137	21.529
21.59	21.60	0.032154	21.630
21.59	21.60	0.032170	21.730
21.59	21.60	0.032187	21.830
21.59	21.60	0.032204	21.930
21.59	21.60	0.032220	22.030
21.59	21.60	0.032237	22.130
21.59	21.60	0.032254	22.231
21.59	21.61	0.032270	22.330
21.59	21.61	0.032287	22.430
21.59	21.61	0.032304	22.530
21.59	21.61	0.032320	22.630
21.59	21.61	0.032337	22.730
21.62	21.61	0.032354	22.830
21.62	21.61	0.032370	22.930
21.62	21.61	0.032387	23.030
21.62	21.61	0.032404	23.131
21.62	21.61	0.032420	23.230
21.62	21.61	0.032437	23.330
21.62	21.61	0.032454	23.430
21.62	21.61	0.032470	23.530
21.62	21.62	0.032487	23.630
21.62	21.62	0.032504	23.730
21.62	21.62	0.032520	23.830
21.62	21.62	0.032537	23.930
21.62	21.62	0.032554	24.030
21.62	21.62	0.032570	24.130
21.62	21.62	0.032587	24.230
21.62	21.62	0.032604	24.330
21.62	21.62	0.032620	24.430
21.62	21.62	0.032637	24.530
21.62	21.62	0.032654	24.630
21.64	21.62	0.032670	24.730
21.64	21.62	0.032687	24.830
21.64	21.62	0.032704	24.930
21.64	21.63	0.032720	25.030
21.64	21.63	0.032737	25.130
21.64	21.63	0.032754	25.230
21.64	21.63	0.032770	25.330
21.64	21.63	0.032787	25.430
21.64	21.63	0.032804	25.530
21.64	21.63	0.032820	25.631
21.64	21.63	0.032837	25.730
21.62	21.63	0.032854	25.830
21.62	21.63	0.032870	25.930
21.62	21.63	0.032887	26.030
21.62	21.63	0.032904	26.159
21.62	21.63	0.032920	26.253
21.62	21.64	0.032937	26.352
21.62	21.64	0.032953	26.457
21.62	21.64	0.032970	26.551
21.62	21.64	0.032987	26.651
21.62	21.64	0.033003	26.756
21.62	21.64	0.033020	26.850
21.64	21.64	0.033037	26.950
21.64	21.64	0.033053	27.055
21.64	21.64	0.033070	27.150
21.64	21.64	0.033087	27.249
21.64	21.64	0.033103	27.354
21.64	21.64	0.033120	27.449
21.64	21.64	0.033137	27.548
21.64	21.65	0.033153	27.653
21.64	21.65	0.033170	27.746
21.64	21.65	0.033187	27.848
21.64	21.65	0.033203	27.951
21.64	21.65	0.033220	28.045
21.67	21.65	0.033237	28.148
21.67	21.65	0.033253	28.250
21.67	21.65	0.033270	28.345
21.67	21.65	0.033287	28.448
21.67	21.65	0.033303	28.549
21.67	21.65	0.033320	28.643
21.67	21.65	0.033337	28.748
21.67	21.65	0.033353	28.847
21.67	21.66	0.033370	28.942
21.67	21.66	0.033387	29.046
21.67	21.66	0.033403	29.146
21.64	21.66	0.033420	29.241
21.64	21.66	0.033437	29.345
21.64	21.66	0.033453	29.445
21.64	21.66	0.033470	29.539
21.64	21.66	0.033487	29.644
21.64	21.66	0.033503	29.738
21.64	21.66	0.033520	29.838
21.64	21.66	0.033537	29.943
21.64	21.66	0.033553	30.037
21.64	21.66	0.033570	30.137
21.64	21.67	0.033587	30.241
21.64	21.67	0.033603	30.336
21.67	21.67	0.033620	30.435
21.67	21.67	0.033637	30.540
21.67	21.67	0.033653	30.634
21.67	21.67	0.033670	30.734
21.67	21.67	0.033687	30.839
21.67	21.67	0.033703	30.933
21.67	21.67	0.033720	31.033
21.67	21.67	0.033737	31.137
21.67	21.67	0.033753	31.232
21.67	21.67	0.033770	31.331
21.67	21.67	0.033786	31.436
21.67	21.68	0.033803	31.534
21.70	21.68	0.033820	31.633
21.70	21.68	0.033836	31.735
21.70	21.68	0.033853	31.833
21.70	21.68	0.033870	31.933
21.70	21.68	0.033886	32.033
21.70	21.68	0.033903	32.133
21.70	21.68	0.033920	32.233
21.70	21.68	0.033936	32.333
21.70	21.68	0.033953	32.434
21.70	21.68	0.033970	32.533
21.70	21.68	0.033986	32.633
21.70	21.68	0.034003	32.733
21.67	21.69	0.034020	32.833
21.67	21.69	0.034036	32.933
21.67	21.69	0.034053	33.033
21.67	21.69	0.034070	33.133
21.67	21.69	0.034086	33.233
21.67	21.69	0.034103	33.333
21.67	21.69	0.034120	33.433
21.67	21.69	0.034136	33.533
21.67	21.69	0.034153	33.633
21.67	21.69	0.034170	33.733
21.67	21.69	0.034186	33.833
21.70	21.69	0.034203	33.933
21.70	21.69	0.034220	34.034
21.70	21.70	0.034236	34.133
21.70	21.70	0.034253	34.233
21.70	21.70	0.034270	34.334
21.70	21.70	0.034286	34.434
21.70	21.70	0.034303	34.534
21.70	21.70	0.034320	34.634
21.70	21.70	0.034336	34.734
21.70	21.70	0.034353	34.834
21.70	21.70	0.034370	34.935
21.70	21.70	0.034386	35.034
21.70	21.70	0.034403	35.134
21.70	21.70	0.034420	35.234
21.70	21.70	0.034436	35.334
21.70	21.71	0.034453	35.434
21.70	21.71	0.034470	35.534
21.70	21.71	0.034486	35.634
21.70	21.71	0.034503	35.734
21.70	21.71	0.034520	35.834
21.72	21.71	0.034536	35.934
21.72	21.71	0.034553	36.034
21.72	21.71	0.034570	36.134
21.72	21.71	0.034586	36.234
21.72	21.71	0.034603	36.333
21.72	21.71	0.034619	36.434
21.72	21.71	0.034636	36.534
21.72	21.71	0.034653	36.634
21.72	21.72	0.034669	36.734
21.72	21.72	0.034686	36.857
21.72	21.72	0.034703	36.963
21.72	21.72	0.034719	37.056
21.72	21.72	0.034736	37.156
21.72	21.72	0.034753	37.261
21.72	21.72	0.034769	37.356
21.72	21.72	0.034786	37.454
21.72	21.72	0.034803	37.560
21.72	21.72	0.034819	37.655
21.72	21.72	0.034836	37.753
21.72	21.72	0.034853	37.859
21.72	21.72	0.034869	37.952
21.72	21.73	0.034886	38.053
21.72	21.73	0.034903	38.157
21.72	21.73	0.034919	38.252
21.72	21.73	0.034936	38.351
21.72	21.73	0.034953	38.456
21.72	21.73	0.034969	38.551
21.72	21.73	0.034986	38.650
21.72	21.73	0.035003	38.755
21.72	21.73	0.035019	38.849
21.72	21.73	0.035036	38.950
21.72	21.73	0.035053	39.053
21.72	21.73	0.035069	39.148
21.72	21.73	0.035086	39.250
21.72	21.74	0.035103	39.352
21.75	21.74	0.035119	39.447
21.75	21.74	0.035136	39.550
21.75	21.74	0.035153	39.651
21.75	21.74	0.035169	39.745
21.75	21.74	0.035186	39.850
21.75	21.74	0.035203	39.949
21.75	21.74	0.035219	40.044
21.75	21.74	0.035236	40.149
21.75	21.74	0.035253	40.248
21.75	21.74	0.035269	40.343
21.75	21.74	0.035286	40.447
21.75	21.74	0.035303	40.547
21.75	21.75	0.035319	40.641
21.75	21.75	0.035336	40.746
21.75	21.75	0.035353	40.841
21.75	21.75	0.035369	40.940
21.75	21.75	0.035386	41.045
21.75	21.75	0.035403	41.139
21.75	21.75	0.035419	41.239
21.75	21.75	0.035436	41.343
21.75	21.75	0.035452	41.438
21.75	21.75	0.035469	41.537
21.75	21.75	0.035486	41.642
21.75	21.75	0.035502	41.736
21.75	21.75	0.035519	41.836
21.75	21.76	0.035536	41.940
21.75	21.76	0.035552	42.036
21.75	21.76	0.035569	42.136
21.75	21.76	0.035586	42.239
21.75	21.76	0.035602	42.336
21.75	21.76	0.035619	42.436
21.75	21.76	0.035636	42.538
21.75	21.76	0.035652	42.636
21.75	21.76	0.035669	42.736
21.75	21.76	0.035686	42.836
21.75	21.76	0.035702	42.936
21.75	21.76	0.035719	43.036
21.75	21.76	0.035736	43.136
21.75	21.77	0.035752	43.236
21.77	21.77	0.035769	43.336
21.77	21.77	0.035786	43.436
21.77	21.77	0.035802	43.536
21.77	21.77	0.035819	43.636
21.77	21.77	0.035836	43.736
21.77	21.77	0.035852	43.836
21.77	21.77	0.035869	43.936
21.77	21.77	0.035886	44.036
21.77	21.77	0.035902	44.136
21.77	21.77	0.035919	44.236
21.77	21.77	0.035936	44.336
21.77	21.77	0.035952	44.436
21.77	21.78	0.035969	44.536
21.77	21.78	0.035986	44.636
21.77	21.78	0.036002	44.736
21.77	21.78	0.036019	44.836
21.77	21.78	0.036036	44.936
21.77	21.78	0.036052	45.037
21.77	21.78	0.036069	45.136
21.77	21.78	0.036086	45.236
21.77	21.78	0.036102	45.336
21.77	21.78	0.036119	45.436
21.80	21.78	0.036136	45.536
21.80	21.78	0.036152	45.636
21.80	21.78	0.036169	45.736
21.80	21.79	0.036186	45.836
21.80	21.79	0.036202	45.936
21.80	21.79	0.036219	46.036
21.80	21.79	0.036236	46.136
21.80	21.79	0.036252	46.236
21.80	21.79	0.036269	46.336
21.80	21.79	0.036285	46.436
21.80	21.79	0.036302	46.536
21.80	21.79	0.036319	46.636
21.80	21.79	0.036335	46.736
21.80	21.79	0.036352	46.836
21.80	21.79	0.036369	46.937
21.80	21.79	0.036385	47.037
21.80	21.80	0.036402	47.137
21.80	21.80	0.036419	47.237
21.80	21.80	0.036435	47.337
21.80	21.80	0.036452	47.437
21.77	21.80	0.036469	47.561
21.77	21.80	0.036485	47.636
21.77	21.80	0.036502	47.766
21.77	21.80	0.036519	47.860
21.77	21.80	0.036535	47.960
21.77	21.80	0.036552	48.064
21.80	21.80	0.036569	48.159
21.80	21.80	0.036585	48.258
21.80	21.80	0.036602	48.363
21.80	21.81	0.036619	48.457
21.80	21.81	0.036635	48.557
21.80	21.81	0.036652	48.662
21.80	21.81	0.036669	48.756
21.80	21.81	0.036685	48.856
21.80	21.81	0.036702	48.960
21.83	21.81	0.036719	49.055
21.83	21.81	0.036735	49.154
21.83	21.81	0.036752	49.259
21.83	21.81	0.036769	49.354
21.83	21.81	0.036785	49.453
21.83	21.81	0.036802	49.558
21.83	21.81	0.036819	49.652
21.83	21.82	0.036835	49.752
21.83	21.82	0.036852	49.856
21.83	21.82	0.036869	49.951
21.83	21.82	0.036885	50.051
21.83	21.82	0.036902	50.155
21.83	21.82	0.036919	50.250
21.83	21.82	0.036935	50.352
21.83	21.82	0.036952	50.454
21.83	21.82	0.036969	50.548
21.80	21.82	0.036985	50.652
21.80	21.82	0.037002	50.752
21.80	21.82	0.037019	50.847
21.80	21.82	0.037035	50.951
21.80	21.83	0.037052	51.051
21.80	21.83	0.037069	51.146
21.80	21.83	0.037085	51.250
21.80	21.83	0.037102	51.350
21.80	21.83	0.037118	51.444
21.80	21.83	0.037135	51.549
21.83	21.83	0.037152	51.648
21.83	21.83	0.037168	51.743
21.83	21.83	0.037185	51.848
21.83	21.83	0.037202	51.947
21.83	21.83	0.037218	52.042
21.83	21.83	0.037235	52.147
21.83	21.83	0.037252	52.241
21.83	21.84	0.037268	52.341
21.83	21.84	0.037285	52.445
21.85	21.84	0.037302	52.540
21.85	21.84	0.037318	52.639
21.85	21.84	0.037335	52.744
21.85	21.84	0.037352	52.839
21.85	21.84	0.037368	52.938
21.85	21.84	0.037385	53.043
21.85	21.84	0.037402	53.138
21.85	21.84	0.037418	53.238
21.85	21.84	0.037435	53.341
21.85	21.84	0.037452	53.438
21.85	21.84	0.037468	53.538
21.85	21.84	0.037485	53.640
21.85	21.85	0.037502	53.738
21.85	21.85	0.037518	53.838
21.85	21.85	0.037535	53.939
21.85	21.85	0.037552	54.038
21.85	21.85	0.037568	54.138
21.85	21.85	0.037585	54.238
21.85	21.85	0.037602	54.338
21.85	21.85	0.037618	54.438
21.85	21.85	0.037635	54.538
21.85	21.85	0.037652	54.638
21.85	21.85	0.037668	54.738
21.85	21.85	0.037685	54.838
21.85	21.85	0.037702	54.938
21.85	21.86	0.037718	55.038
21.85	21.86	0.037735	55.138
21.85	21.86	0.037752	55.238
21.85	21.86	0.037768	55.338
21.85	21.86	0.037785	55.438
21.85	21.86	0.037802	55.538
21.85	21.86	0.037818	55.638
21.85	21.86	0.037835	55.738
21.85	21.86	0.037852	55.838
21.85	21.86	0.037868	55.938
21.85	21.86	0.037885	56.038
21.88	21.86	0.037902	56.138
21.88	21.86	0.037918	56.238
21.88	21.87	0.037935	56.338
21.88	21.87	0.037951	56.439
21.88	21.87	0.037968	56.538
21.88	21.87	0.037985	56.638
21.88	21.87	0.038001	56.738
21.88	21.87	0.038018	56.838
21.88	21.87	0.038035	56.938
21.88	21.87	0.038051	57.038
21.88	21.87	0.038068	57.138
21.88	21.87	0.038085	57.238
21.88	21.87	0.038101	57.338
21.88	21.87	0.038118	57.438
21.88	21.87	0.038135	57.538
21.88	21.88	0.038151	57.638
21.88	21.88	0.038168	57.738
21.88	21.88	0.038185	57.838
21.88	21.88	0.038201	57.939
21.88	21.88	0.038218	58.038
21.85	21.88	0.038235	58.138
21.85	21.88	0.038251	58.238
21.85	21.88	0.038268	58.338
21.85	21.88	0.038285	58.438
21.85	21.88	0.038301	58.538
21.85	21.88	0.038318	58.638
21.88	21.88	0.038335	58.738
21.88	21.88	0.038351	58.838
21.88	21.89	0.038368	58.938
21.88	21.89	0.038385	59.062
21.88	21.89	0.038401	59.167
21.88	21.89	0.038418	59.261
21.88	21.89	0.038435	59.361
21.88	21.89	0.038451	59.465
21.90	21.89	0.038468	59.560
21.90	21.89	0.038485	59.659
21.90	21.89	0.038501	59.764
21.90	21.89	0.038518	59.859
21.90	21.89	0.038535	59.958
21.90	21.89	0.038551	00.063
21.90	21.89	0.038568	00.157
21.90	21.90	0.038585	00.257
21.90	21.90	0.038601	00.361
21.90	21.90	0.038618	00.456
21.90	21.90	0.038635	00.555
21.90	21.90	0.038651	00.660
21.90	21.90	0.038668	00.755
21.90	21.90	0.038685	00.854
21.90	21.90	0.038701	00.959
21.90	21.90	0.038718	01.053
21.90	21.90	0.038735	01.153
21.90	21.90	0.038751	01.257
21.90	21.90	0.038768	01.352
21.90	21.90	0.038784	01.454
21.90	21.91	0.038801	01.556
21.90	21.91	0.038818	01.651
21.90	21.91	0.038834	01.753
21.93	21.91	0.038851	01.855
21.93	21.91	0.038868	01.949
21.93	21.91	0.038884	02.054
21.93	21.91	0.038901	02.153
21.93	21.91	0.038918	02.248
21.93	21.91	0.038934	02.353
21.93	21.91	0.038951	02.452
21.93	21.91	0.038968	02.547
21.93	21.91	0.038984	02.651
21.90	21.91	0.039001	02.751
21.90	21.92	0.039018	02.845
21.90	21.92	0.039034	02.950
21.90	21.92	0.039051	03.049
21.90	21.92	0.039068	03.144
21.90	21.92	0.039084	03.249
21.90	21.92	0.039101	03.343
21.90	21.92	0.039118	03.443
21.90	21.92	0.039134	03.547
21.90	21.92	0.039151	03.642
21.90	21.92	0.039168	03.741
21.90	21.92	0.039184	03.846
21.93	21.92	0.039201	03.941
21.93	21.92	0.039218	04.040
21.93	21.93	0.039234	04.145
21.93	21.93	0.039251	04.239
21.93	21.93	0.039268	04.339
21.93	21.93	0.039284	04.444
21.93	21.93	0.039301	04.538
21.93	21.93	0.039318	04.638
21.93	21.93	0.039334	04.742
21.93	21.93	0.039351	04.838
21.93	21.93	0.039368	04.939
21.93	21.93	0.039384	05.041
21.93	21.93	0.039401	05.138
21.93	21.93	0.039418	05.238
21.93	21.93	0.039434	05.340
21.96	21.94	0.039451	05.438
21.96	21.94	0.039468	05.538
21.96	21.94	0.039484	05.638
21.96	21.94	0.039501	05.738
21.96	21.94	0.039518	05.838
21.96	21.94	0.039534	05.938
21.96	21.94	0.039551	06.038
21.96	21.94	0.039568	06.138
21.93	21.94	0.039584	06.238
21.93	21.94	0.039601	06.338
21.93	21.94	0.039617	06.438
21.93	21.94	0.039634	06.538
21.93	21.94	0.039651	06.638
21.93	21.95	0.039667	06.738
21.93	21.95	0.039684	06.838
21.93	21.95	0.039701	06.938
21.93	21.95	0.039717	07.038
21.93	21.95	0.039734	07.138
21.93	21.95	0.039751	07.238
21.93	21.95	0.039767	07.338
21.93	21.95	0.039784	07.439
21.96	21.95	0.039801	07.538
21.96	21.95	0.039817	07.638
21.96	21.95	0.039834	07.738
21.96	21.95	0.039851	07.838
21.96	21.95	0.039867	07.938
21.96	21.96	0.039884	08.038
21.96	21.96	0.039901	08.138
21.96	21.96	0.039917	08.238
21.96	21.96	0.039934	08.338
21.96	21.96	0.039951	08.438
21.96	21.96	0.039967	08.538
21.96	21.96	0.039984	08.638
21.96	21.96	0.040001	08.739
21.96	21.96	0.040017	08.838
21.96	21.96	0.040034	08.938
21.96	21.96	0.040051	09.038
21.96	21.96	0.040067	09.138
21.96	21.96	0.040084	09.238
21.96	21.97	0.040101	09.338
21.96	21.97	0.040117	09.438
21.96	21.97	0.040134	09.538
21.98	21.97	0.040151	09.638
21.98	21.97	0.040167	09.738
21.98	21.97	0.040184	09.838
21.98	21.97	0.040201	09.938
21.98	21.97	0.040217	10.038
21.98	21.97	0.040234	10.139
21.98	21.97	0.040251	10.239
21.98	21.97	0.040267	10.363
21.98	21.97	0.040284	10.463
21.98	21.97	0.040301	10.568
21.98	21.98	0.040317	10.662
21.98	21.98	0.040334	10.762
21.98	21.98	0.040351	10.866
21.98	21.98	0.040367	10.961
21.98	21.98	0.040384	11.061
21.98	21.98	0.040401	11.165
21.98	21.98	0.040417	11.260
21.96	21.98	0.040434	11.359
21.96	21.98	0.040450	11.464
21.96	21.98	0.040467	11.558
21.98	21.98	0.040484	11.658
21.98	21.98	0.040500	11.762
21.98	21.98	0.040517	11.857
21.98	21.99	0.040534	11.956
21.98	21.99	0.040550	12.061
21.98	21.99	0.040567	12.155
21.98	21.99	0.040584	12.255
21.98	21.99	0.040600	12.360
21.98	21.99	0.040617	12.454
21.98	21.99	0.040634	12.555
21.98	21.99	0.040650	12.658
21.98	21.99	0.040667	12.753
21.98	21.99	0.040684	12.855
21.98	21.99	0.040700	12.957
21.98	21.99	0.040717	13.052
21.98	21.99	0.040734	13.155
21.98	22.00	0.040750	13.256
22.01	22.00	0.040767	13.350
22.01	22.00	0.040784	13.455
22.01	22.00	0.040800	13.554
22.01	22.00	0.040817	13.649
22.01	22.00	0.040834	13.753
22.01	22.00	0.040850	13.853
22.01	22.00	0.040867	13.948
22.01	22.00	0.040884	14.052
22.01	22.00	0.040900	14.152
22.01	22.00	0.040917	14.247
22.01	22.00	0.040934	14.351
22.01	22.00	0.040950	14.446
22.01	22.01	0.040967	14.546
22.01	22.01	0.040984	14.650
22.01	22.01	0.041000	14.745
22.01	22.01	0.041017	14.844
22.01	22.01	0.041034	14.949
22.01	22.01	0.041050	15.043
22.01	22.01	0.041067	15.143
22.01	22.01	0.041084	15.248
22.01	22.01	0.041100	15.342
22.01	22.01	0.041117	15.442
22.01	22.01	0.041134	15.546
22.01	22.01	0.041150	15.641
22.01	22.01	0.041167	15.740
22.01	22.02	0.041184	15.845
22.01	22.02	0.041200	15.939
22.01	22.02	0.041217	16.039
22.01	22.02	0.041234	16.144
22.01	22.02	0.041250	16.239
22.01	22.02	0.041267	16.339
22.01	22.02	0.041283	16.442
22.01	22.02	0.041300	16.539
22.01	22.02	0.041317	16.639
22.01	22.02	0.041333	16.741
22.01	22.02	0.041350	16.839
22.01	22.02	0.041367	16.939
22.01	22.02	0.041383	17.040
22.03	22.03	0.041400	17.139
22.03	22.03	0.041417	17.239
22.03	22.03	0.041433	17.339
22.03	22.03	0.041450	17.439
22.03	22.03	0.041467	17.539
22.03	22.03	0.041483	17.639
22.03	22.03	0.041500	17.739
22.03	22.03	0.041517	17.839
22.03	22.03	0.041533	17.939
22.03	22.03	0.041550	18.039
22.03	22.03	0.041567	18.139
22.03	22.03	0.041583	18.239
22.03	22.03	0.041600	18.339
22.03	22.04	0.041617	18.439
22.03	22.04	0.041633	18.539
22.03	22.04	0.041650	18.639
22.03	22.04	0.041667	18.739
22.03	22.04	0.041683	18.840
22.06	22.04	0.041700	18.939
22.06	22.04	0.041717	19.039
22.06	22.04	0.041733	19.139
22.06	22.04	0.041750	19.239
22.06	22.04	0.041767	19.339
22.06	22.04	0.041783	19.439
22.06	22.04	0.041800	19.539
22.06	22.04	0.041817	19.639
22.06	22.05	0.041833	19.740
22.06	22.05	0.041850	19.839
22.06	22.05	0.041867	19.939
22.03	22.05	0.041883	20.039
22.03	22.05	0.041900	20.139
22.03	22.05	0.041917	20.239
22.03	22.05	0.041933	20.339
22.03	22.05	0.041950	20.439
22.03	22.05	0.041967	20.539
22.03	22.05	0.041983	20.639
22.03	22.05	0.042000	20.739
22.03	22.05	0.042017	20.839
22.06	22.05	0.042033	20.939
22.06	22.06	0.042050	21.039
22.06	22.06	0.042067	21.139
22.06	22.06	0.042083	21.239
22.06	22.06	0.042100	21.339
22.06	22.06	0.042116	21.440
22.06	22.06	0.042133	21.539
22.06	22.06	0.042150	21.639
22.06	22.06	0.042166	21.740
22.06	22.06	0.042183	21.864
22.06	22.06	0.042200	21.968
22.06	22.06	0.042216	22.063
22.06	22.06	0.042233	22.162
22.06	22.06	0.042250	22.267
22.06	22.07	0.042266	22.361
22.06	22.07	0.042283	22.461
22.09	22.07	0.042300	22.566
22.09	22.07	0.042316	22.660
22.09	22.07	0.042333	22.760
22.09	22.07	0.042350	22.864
22.09	22.07	0.042366	22.959
22.09	22.07	0.042383	23.058
22.09	22.07	0.042400	23.164
22.09	22.07	0.042416	23.258
22.09	22.07	0.042433	23.357
22.09	22.07	0.042450	23.462
22.09	22.07	0.042466	23.556
22.06	22.08	0.042483	23.657
22.06	22.08	0.042500	23.760
22.06	22.08	0.042516	23.855
22.06	22.08	0.042533	23.956
22.06	22.08	0.042550	24.059
22.06	22.08	0.042566	24.154
22.06	22.08	0.042583	24.256
22.06	22.08	0.042600	24.358
22.06	22.08	0.042616	24.452
22.06	22.08	0.042633	24.556
22.06	22.08	0.042650	24.657
22.06	22.08	0.042666	24.751
22.06	22.08	0.042683	24.856
22.09	22.08	0.042700	24.956
22.09	22.09	0.042716	25.050
22.09	22.09	0.042733	25.155
22.09	22.09	0.042750	25.254
22.09	22.09	0.042766	25.349
22.09	22.09	0.042783	25.453
22.09	22.09	0.042800	25.553
22.09	22.09	0.042816	25.648
22.09	22.09	0.042833	25.752
22.09	22.09	0.042850	25.847
22.09	22.09	0.042866	25.946
22.09	22.09	0.042883	26.051
22.09	22.09	0.042900	26.145
22.11	22.09	0.042916	26.245
22.11	22.10	0.042933	26.349
22.11	22.10	0.042949	26.444
22.11	22.10	0.042966	26.544
22.11	22.10	0.042983	26.648
22.11	22.10	0.042999	26.743
22.11	22.10	0.043016	26.842
22.11	22.10	0.043033	26.947
22.11	22.10	0.043049	27.042
22.11	22.10	0.043066	27.142
22.11	22.10	0.043083	27.246
22.11	22.10	0.043099	27.342
22.11	22.10	0.043116	27.442
22.11	22.10	0.043133	27.545
22.11	22.11	0.043149	27.642
22.11	22.11	0.043166	27.742
22.11	22.11	0.043183	27.842
22.09	22.11	0.043199	27.942
22.09	22.11	0.043216	28.043
22.09	22.11	0.043233	28.142
22.09	22.11	0.043249	28.242
22.09	22.11	0.043266	28.342
22.09	22.11	0.043283	28.442
22.11	22.11	0.043299	28.542
22.11	22.11	0.043316	28.642
22.11	22.11	0.043333	28.742
22.11	22.11	0.043349	28.842
22.11	22.12	0.043366	28.942
22.11	22.12	0.043383	29.042
22.11	22.12	0.043399	29.142
22.11	22.12	0.043416	29.242
22.11	22.12	0.043433	29.342
22.11	22.12	0.043449	29.442
22.11	22.12	0.043466	29.542
22.11	22.12	0.043483	29.642
22.11	22.12	0.043499	29.742
22.11	22.12	0.043516	29.842
22.11	22.12	0.043533	29.942
22.11	22.12	0.043549	30.042
22.11	22.12	0.043566	30.142
22.14	22.13	0.043583	30.242
22.14	22.13	0.043599	30.342
22.14	22.13	0.043616	30.442
22.14	22.13	0.043633	30.542
22.14	22.13	0.043649	30.642
22.14	22.13	0.043666	30.742
22.14	22.13	0.043683	30.842
22.14	22.13	0.043699	30.942
22.14	22.13	0.043716	31.042
22.14	22.13	0.043733	31.142
22.14	22.13	0.043749	31.242
22.14	22.13	0.043766	31.343
22.14	22.13	0.043782	31.442
22.14	22.14	0.043799	31.542
22.14	22.14	0.043816	31.642
22.14	22.14	0.043832	31.742
22.14	22.14	0.043849	31.842
22.14	22.14	0.043866	31.942
22.14	22.14	0.043882	32.042
22.14	22.14	0.043899	32.142
22.14	22.14	0.043916	32.242
22.14	22.14	0.043932	32.342
22.14	22.14	0.043949	32.442
22.14	22.14	0.043966	32.542
22.14	22.14	0.043982	32.642
22.14	22.14	0.043999	32.742
22.14	22.15	0.044016	32.842
22.14	22.15	0.044032	32.966
22.14	22.15	0.044049	33.071
22.14	22.15	0.044066	33.165
22.14	22.15	0.044082	33.265
22.14	22.15	0.044099	33.369
22.14	22.15	0.044116	33.464
22.14	22.15	0.044132	33.564
22.14	22.15	0.044149	33.668
22.14	22.15	0.044166	33.763
22.14	22.15	0.044182	33.862
22.14	22.15	0.044199	33.967
22.14	22.15	0.044216	34.061
22.14	22.16	0.044232	34.161
22.14	22.16	0.044249	34.266
22.14	22.16	0.044266	34.360
22.14	22.16	0.044282	34.460
22.14	22.16	0.044299	34.564
22.14	22.16	0.044316	34.659
22.16	22.16	0.044332	34.758
22.16	22.16	0.044349	34.863
22.16	22.16	0.044366	34.957
22.16	22.16	0.044382	35.057
22.16	22.16	0.044399	35.162
22.16	22.16	0.044416	35.256
22.16	22.16	0.044432	35.358
22.16	22.17	0.044449	35.460
22.16	22.17	0.044466	35.555
22.16	22.17	0.044482	35.657
22.16	22.17	0.044499	35.759
22.16	22.17	0.044516	35.854
22.19	22.17	0.044532	35.958
22.19	22.17	0.044549	36.058
22.19	22.17	0.044566	36.152
22.19	22.17	0.044582	36.257
22.19	22.17	0.044599	36.356
22.19	22.17	0.044615	36.451
22.19	22.17	0.044632	36.555
22.19	22.17	0.044649	36.655
22.19	22.18	0.044665	36.750
22.19	22.18	0.044682	36.854
22.19	22.18	0.044699	36.954
22.19	22.18	0.044715	37.048
22.19	22.18	0.044732	37.153
22.16	22.18	0.044749	37.247
22.16	22.18	0.044765	37.347
22.16	22.18	0.044782	37.452
22.16	22.18	0.044799	37.546
22.16	22.18	0.044815	37.646
22.16	22.18	0.044832	37.751
22.16	22.18	0.044849	37.845
22.16	22.18	0.044865	37.945
22.16	22.19	0.044882	38.049
22.19	22.19	0.044899	38.144
22.19	22.19	0.044915	38.243
22.19	22.19	0.044932	38.348
22.19	22.19	0.044949	38.443
22.19	22.19	0.044965	38.542
22.19	22.19	0.044982	38.647
22.19	22.19	0.044999	38.742
22.19	22.19	0.045015	38.842
22.19	22.19	0.045032	38.945
22.19	22.19	0.045049	39.042
22.19	22.19	0.045065	39.143
22.19	22.19	0.045082	39.244
22.22	22.20	0.045099	39.342
22.22	22.20	0.045115	39.442
22.22	22.20	0.045132	39.543
22.22	22.20	0.045149	39.642
22.22	22.20	0.045165	39.742
22.22	22.20	0.045182	39.842
22.22	22.20	0.045199	39.942
22.22	22.20	0.045215	40.042
22.22	22.20	0.045232	40.142
22.22	22.20	0.045249	40.242
22.22	22.20	0.045265	40.342
22.19	22.20	0.045282	40.442
22.19	22.20	0.045299	40.543
22.19	22.21	0.045315	40.643
22.19	22.21	0.045332	40.743
22.19	22.21	0.045349	40.844
22.19	22.21	0.045365	40.943
22.19	22.21	0.045382	41.043
22.19	22.21	0.045399	41.143
22.19	22.21	0.045415	41.243
22.19	22.21	0.045432	41.343
22.22	22.21	0.045448	41.443
22.22	22.21	0.045465	41.543
22.22	22.21	0.045482	41.643
22.22	22.21	0.045498	41.744
22.22	22.21	0.045515	41.843
22.22	22.22	0.045532	41.943
22.22	22.22	0.045548	42.043
22.22	22.22	0.045565	42.143
22.22	22.22	0.045582	42.243
22.22	22.22	0.045598	42.343
22.22	22.22	0.045615	42.443
22.22	22.22	0.045632	42.543
22.22	22.22	0.045648	42.643
22.22	22.22	0.045665	42.743
22.22	22.22	0.045682	42.843
22.22	22.22	0.045698	42.943
22.22	22.22	0.045715	43.043
22.22	22.22	0.045732	43.143
22.22	22.23	0.045748	43.243
22.22	22.23	0.045765	43.344
22.22	22.23	0.045782	43.443
22.22	22.23	0.045798	43.543
22.22	22.23	0.045815	43.643
22.22	22.23	0.045832	43.743
22.22	22.23	0.045848	43.843
22.22	22.23	0.045865	43.943
22.24	22.23	0.045882	44.043
22.24	22.23	0.045898	44.143
22.24	22.23	0.045915	44.243
22.24	22.23	0.045932	44.342
22.24	22.23	0.045948	44.472
22.24	22.24	0.045965	44.566
22.24	22.24	0.045982	44.666
22.24	22.24	0.045998	44.770
22.24	22.24	0.046015	44.865
22.24	22.24	0.046032	44.965
22.24	22.24	0.046048	45.069
22.24	22.24	0.046065	45.164
22.24	22.24	0.046082	45.263
22.24	22.24	0.046098	45.368
22.24	22.24	0.046115	45.462
22.24	22.24	0.046132	45.562
22.24	22.24	0.046148	45.667
22.24	22.24	0.046165	45.761
22.24	22.25	0.046182	45.861
22.24	22.25	0.046198	45.965
22.24	22.25	0.046215	46.060
22.24	22.25	0.046232	46.159
22.24	22.25	0.046248	46.264
22.24	22.25	0.046265	46.358
22.24	22.25	0.046281	46.459
22.24	22.25	0.046298	46.563
22.24	22.25	0.046315	46.657
22.24	22.25	0.046331	46.759
22.24	22.25	0.046348	46.861
22.24	22.25	0.046365	46.956
22.24	22.25	0.046381	47.058
22.24	22.26	0.046398	47.160
22.24	22.26	0.046415	47.255
22.24	22.26	0.046431	47.359
22.27	22.26	0.046448	47.459
22.27	22.26	0.046465	47.553
22.27	22.26	0.046481	47.658
22.27	22.26	0.046498	47.757
22.27	22.26	0.046515	47.852
22.27	22.26	0.046531	47.956
22.27	22.26	0.046548	48.056
22.27	22.26	0.046565	48.151
22.27	22.26	0.046581	48.255
22.27	22.26	0.046598	48.355
22.27	22.27	0.046615	48.449
22.27	22.27	0.046631	48.554
22.27	22.27	0.046648	48.648
22.27	22.27	0.046665	48.748
22.27	22.27	0.046681	48.852
22.27	22.27	0.046698	48.947
22.27	22.27	0.046715	49.047
22.27	22.27	0.046731	49.151
22.27	22.27	0.046748	49.246
22.27	22.27	0.046765	49.345
22.27	22.27	0.046781	49.450
22.27	22.27	0.046798	49.544
22.27	22.27	0.046815	49.644
22.27	22.28	0.046831	49.749
22.27	22.28	0.046848	49.843
22.27	22.28	0.046865	49.943
22.27	22.28	0.046881	50.047
22.27	22.28	0.046898	50.143
22.29	22.28	0.046915	50.243
22.29	22.28	0.046931	50.346
22.29	22.28	0.046948	50.443
22.29	22.28	0.046965	50.543
22.29	22.28	0.046981	50.645
22.29	22.28	0.046998	50.744
22.29	22.28	0.047015	50.844
22.29	22.28	0.047031	50.944
22.29	22.29	0.047048	51.044
22.29	22.29	0.047065	51.144
22.29	22.29	0.047081	51.244
22.29	22.29	0.047098	51.345
22.29	22.29	0.047114	51.444
22.29	22.29	0.047131	51.544
22.29	22.29	0.047148	51.644
22.29	22.29	0.047164	51.744
22.29	22.29	0.047181	51.844
22.29	22.29	0.047198	51.944
22.29	22.29	0.047214	52.044
22.29	22.29	0.047231	52.144
22.29	22.29	0.047248	52.245
22.29	22.30	0.047264	52.344
22.29	22.30	0.047281	52.444
22.29	22.30	0.047298	52.544
22.29	22.30	0.047314	52.644
22.29	22.30	0.047331	52.744
22.29	22.30	0.047348	52.844
22.29	22.30	0.047364	52.944
22.29	22.30	0.047381	53.044
22.29	22.30	0.047398	53.143
22.29	22.30	0.047414	53.244
22.29	22.30	0.047431	53.344
22.29	22.30	0.047448	53.444
22.29	22.30	0.047464	53.544
22.29	22.30	0.047481	53.644
22.29	22.31	0.047498	53.744
22.32	22.31	0.047514	53.844
22.32	22.31	0.047531	53.944
22.32	22.31	0.047548	54.044
22.32	22.31	0.047564	54.144
22.32	22.31	0.047581	54.244
22.32	22.31	0.047598	54.344
22.32	22.31	0.047614	54.444
22.32	22.31	0.047631	54.544
22.32	22.31	0.047648	54.644
22.32	22.31	0.047664	54.745
22.32	22.31	0.047681	54.844
22.32	22.31	0.047698	54.944
22.32	22.32	0.047714	55.044
22.32	22.32	0.047731	55.144
22.32	22.32	0.047748	55.244
22.32	22.32	0.047764	55.343
22.32	22.32	0.047781	55.444
22.32	22.32	0.047798	55.544
22.32	22.32	0.047814	55.644
22.32	22.32	0.047831	55.768
22.32	22.32	0.047848	55.873
22.32	22.32	0.047864	55.967
22.32	22.32	0.047881	56.067
22.32	22.32	0.047898	56.171
22.32	22.32	0.047914	56.266
22.32	22.33	0.047931	56.365
22.32	22.33	0.047947	56.470
22.32	22.33	0.047964	56.565
22.32	22.33	0.047981	56.664
22.32	22.33	0.047997	56.769
22.32	22.33	0.048014	56.863
22.32	22.33	0.048031	56.963
22.32	22.33	0.048047	57.067
22.32	22.33	0.048064	57.162
22.32	22.33	0.048081	57.262
22.32	22.33	0.048097	57.366
22.32	22.33	0.048114	57.461
22.32	22.33	0.048131	57.560
22.32	22.34	0.048147	57.665
22.32	22.34	0.048164	57.759
22.32	22.34	0.048181	57.860
22.32	22.34	0.048197	57.963
22.35	22.34	0.048214	58.059
22.35	22.34	0.048231	58.160
22.35	22.34	0.048247	58.263
22.35	22.34	0.048264	58.357
22.35	22.34	0.048281	58.460
22.35	22.34	0.048297	58.561
22.35	22.34	0.048314	58.656
22.35	22.34	0.048331	58.760
22.35	22.34	0.048347	58.860
22.35	22.35	0.048364	58.955
22.35	22.35	0.048381	59.059
22.35	22.35	0.048397	59.158
22.35	22.35	0.048414	59.252
22.35	22.35	0.048431	59.358
22.35	22.35	0.048447	59.457
22.35	22.35	0.048464	59.552
22.35	22.35	0.048481	59.657
22.35	22.35	0.048497	59.756
22.35	22.35	0.048514	59.851
22.35	22.35	0.048531	59.954
22.35	22.35	0.048547	00.049
22.35	22.35	0.048564	00.149
22.35	22.36	0.048581	00.253
22.37	22.36	0.048597	00.349
22.37	22.36	0.048614	00.448
22.37	22.36	0.048631	00.553
22.37	22.36	0.048647	00.647
22.37	22.36	0.048664	00.747
22.37	22.36	0.048681	00.852
22.37	22.36	0.048697	00.946
22.37	22.36	0.048714	01.046
22.37	22.36	0.048731	01.150
22.37	22.36	0.048747	01.244
22.37	22.36	0.048764	01.344
22.37	22.36	0.048780	01.449
22.35	22.37	0.048797	01.544
22.35	22.37	0.048814	01.644
22.35	22.37	0.048830	01.748
22.35	22.37	0.048847	01.844
22.35	22.37	0.048864	01.944
22.35	22.37	0.048880	02.045
22.35	22.37	0.048897	02.144
22.35	22.37	0.048914	02.244
22.37	22.37	0.048930	02.345
22.37	22.37	0.048947	02.445
22.37	22.37	0.048964	02.544
22.37	22.37	0.048980	02.644
22.37	22.37	0.048997	02.744
22.37	22.38	0.049014	02.844
22.37	22.38	0.049030	02.944
22.37	22.38	0.049047	03.044
22.37	22.38	0.049064	03.144
22.37	22.38	0.049080	03.245
22.37	22.38	0.049097	03.344
22.37	22.38	0.049114	03.444
22.37	22.38	0.049130	03.544
22.40	22.38	0.049147	03.644
22.40	22.38	0.049164	03.744
22.40	22.38	0.049180	03.844
22.40	22.38	0.049197	03.944
22.40	22.38	0.049214	04.044
22.40	22.39	0.049230	04.145
22.40	22.39	0.049247	04.244
22.40	22.39	0.049264	04.344
22.40	22.39	0.049280	04.444
22.40	22.39	0.049297	04.544
22.40	22.39	0.049314	04.644
22.40	22.39	0.049330	04.744
22.40	22.39	0.049347	04.844
22.40	22.39	0.049364	04.944
22.40	22.39	0.049380	05.044
22.40	22.39	0.049397	05.144
22.40	22.39	0.049414	05.244
22.37	22.39	0.049430	05.344
22.37	22.40	0.049447	05.444
22.37	22.40	0.049464	05.544
22.37	22.40	0.049480	05.644
22.37	22.40	0.049497	05.744
22.37	22.40	0.049514	05.844
22.37	22.40	0.049530	05.944
22.40	22.40	0.049547	06.044
22.40	22.40	0.049564	06.144
22.40	22.40	0.049580	06.244
22.40	22.40	0.049597	06.344
22.40	22.40	0.049613	06.444
22.40	22.40	0.049630	06.544
22.40	22.40	0.049647	06.645
22.40	22.41	0.049663	06.745
22.40	22.41	0.049680	06.845
22.40	22.41	0.049697	06.945
22.40	22.41	0.049713	07.045
22.40	22.41	0.049730	07.169
22.42	22.41	0.049747	07.274
22.42	22.41	0.049763	07.368
22.42	22.41	0.049780	07.468
22.42	22.41	0.049797	07.572
22.42	22.41	0.049813	07.667
22.42	22.41	0.049830	07.767
22.42	22.41	0.049847	07.871
22.42	22.41	0.049863	07.966
22.42	22.42	0.049880	08.065
22.42	22.42	0.049897	08.170
22.42	22.42	0.049913	08.264
22.42	22.42	0.049930	08.364
22.42	22.42	0.049947	08.468
22.42	22.42	0.049963	08.563
22.42	22.42	0.049980	08.663
22.42	22.42	0.049997	08.767
22.42	22.42	0.050013	08.862
22.42	22.42	0.050030	08.961
22.42	22.42	0.050047	09.066
22.42	22.42	0.050063	09.160
22.42	22.42	0.050080	09.261
22.42	22.43	0.050097	09.365
22.42	22.43	0.050113	09.459
22.42	22.43	0.050130	09.561
22.42	22.43	0.050147	09.663
22.42	22.43	0.050163	09.757
22.42	22.43	0.050180	09.861
22.42	22.43	0.050197	09.961
22.42	22.43	0.050213	10.057
22.42	22.43	0.050230	10.161
22.42	22.43	0.050247	10.260
22.42	22.43	0.050263	10.355
22.42	22.43	0.050280	10.459
22.45	22.43	0.050297	10.560
22.45	22.44	0.050313	10.654
22.45	22.44	0.050330	10.759
22.45	22.44	0.050347	10.858
22.45	22.44	0.050363	10.953
22.45	22.44	0.050380	11.058
22.45	22.44	0.050397	11.157
22.45	22.44	0.050413	11.252
22.45	22.44	0.050430	11.356
22.45	22.44	0.050446	11.451
22.45	22.44	0.050463	11.550
22.45	22.44	0.050480	11.655
22.45	22.44	0.050496	11.750
22.45	22.44	0.050513	11.849
22.45	22.45	0.050530	11.954
22.45	22.45	0.050546	12.048
22.45	22.45	0.050563	12.148
22.45	22.45	0.050580	12.252
22.45	22.45	0.050596	12.347
22.45	22.45	0.050613	12.446
22.45	22.45	0.050630	12.551
22.45	22.45	0.050646	12.646
22.45	22.45	0.050663	12.745
22.45	22.45	0.050680	12.850
22.45	22.45	0.050696	12.945
22.45	22.45	0.050713	13.045
22.45	22.45	0.050730	13.148
22.45	22.46	0.050746	13.245
22.45	22.46	0.050763	13.346
22.45	22.46	0.050780	13.447
22.45	22.46	0.050796	13.545
22.45	22.46	0.050813	13.645
22.45	22.46	0.050830	13.746
22.45	22.46	0.050846	13.845
22.45	22.46	0.050863	13.945
22.45	22.46	0.050880	14.045
22.45	22.46	0.050896	14.145
22.45	22.46	0.050913	14.245
22.45	22.46	0.050930	14.345
22.45	22.46	0.050946	14.445
22.45	22.47	0.050963	14.545
22.45	22.47	0.050980	14.645
22.48	22.47	0.050996	14.745
22.48	22.47	0.051013	14.845
22.48	22.47	0.051030	14.946
22.48	22.47	0.051046	15.045
22.48	22.47	0.051063	15.145
22.48	22.47	0.051080	15.245
22.48	22.47	0.051096	15.345
22.48	22.47	0.051113	15.445
22.48	22.47	0.051130	15.545
22.48	22.47	0.051146	15.645
22.48	22.47	0.051163	15.745
22.48	22.48	0.051180	15.846
22.48	22.48	0.051196	15.945
22.48	22.48	0.051213	16.045
22.48	22.48	0.051230	16.145
22.48	22.48	0.051246	16.245
22.48	22.48	0.051263	16.345
22.48	22.48	0.051279	16.445
22.48	22.48	0.051296	16.545
22.48	22.48	0.051313	16.645
22.48	22.48	0.051329	16.745
22.48	22.48	0.051346	16.845
22.48	22.48	0.051363	16.945
22.48	22.48	0.051379	17.045
22.48	22.49	0.051396	17.145
22.48	22.49	0.051413	17.245
22.48	22.49	0.051429	17.345
22.48	22.49	0.051446	17.445
22.48	22.49	0.051463	17.545
22.48	22.49	0.051479	17.645
22.48	22.49	0.051496	17.745
22.48	22.49	0.051513	17.845
22.48	22.49	0.051529	17.945
22.48	22.49	0.051546	18.045
22.48	22.49	0.051563	18.145
22.48	22.49	0.051579	18.245
22.50	22.49	0.051596	18.346
22.50	22.50	0.051613	18.445
22.50	22.50	0.051629	18.545
22.50	22.50	0.051646	18.674
22.50	22.50	0.051663	18.745
22.50	22.50	0.051679	18.868
22.50	22.50	0.051696	18.973
22.50	22.50	0.051713	19.067
22.50	22.50	0.051729	19.167
