100.00	0.00	7.23	30.00	150.00	2.70	97.30	2.50	

14.99	21.50	0.000000	27.851
14.99	21.50	0.000017	27.979
15.02	21.50	0.000033	28.074
15.15	21.50	0.000050	28.179
15.61	21.50	0.000067	28.273
17.48	21.50	0.000083	28.373
17.71	21.50	0.000100	28.477
19.86	21.50	0.000117	28.572
20.15	21.50	0.000133	28.671
20.35	21.50	0.000150	28.776
20.79	21.50	0.000167	28.871
21.08	21.50	0.000183	28.970
21.18	21.50	0.000200	29.075
21.31	21.50	0.000217	29.169
21.31	21.50	0.000233	29.269
21.31	21.50	0.000250	29.373
21.21	21.50	0.000267	29.468
21.15	21.50	0.000283	29.568
21.13	21.50	0.000300	29.672
21.13	21.50	0.000317	29.767
21.13	21.50	0.000333	29.866
21.18	21.50	0.000350	29.971
21.31	21.50	0.000367	30.065
21.49	21.50	0.000383	30.165
21.60	21.50	0.000400	30.269
21.83	21.50	0.000416	30.364
22.04	21.50	0.000433	30.464
22.12	21.50	0.000450	30.568
22.27	21.50	0.000466	30.663
22.38	21.50	0.000483	30.763
22.40	21.50	0.000500	30.867
22.40	21.50	0.000516	30.961
22.40	21.50	0.000533	31.064
22.40	21.50	0.000550	31.165
22.40	21.50	0.000566	31.260
22.32	21.50	0.000583	31.364
22.32	21.50	0.000600	31.464
22.27	21.50	0.000616	31.559
22.27	21.50	0.000633	31.663
22.25	21.50	0.000650	31.764
22.25	21.50	0.000666	31.857
22.25	21.50	0.000683	31.962
22.25	21.50	0.000700	32.062
22.25	21.50	0.000716	32.156
22.25	21.50	0.000733	32.261
22.25	21.50	0.000750	32.360
22.25	21.50	0.000766	32.456
22.25	21.50	0.000783	32.560
22.27	21.50	0.000800	32.660
22.27	21.50	0.000816	32.754
22.27	21.50	0.000833	32.859
22.27	21.50	0.000850	32.953
22.27	21.50	0.000866	33.053
22.27	21.50	0.000883	33.157
22.27	21.50	0.000900	33.253
22.27	21.50	0.000916	33.354
22.27	21.50	0.000933	33.456
22.27	21.50	0.000950	33.553
22.27	21.50	0.000966	33.653
22.27	21.50	0.000983	33.755
22.22	21.50	0.001000	33.853
22.14	21.50	0.001016	33.953
22.14	21.50	0.001033	34.053
22.09	21.50	0.001050	34.153
22.04	21.50	0.001066	34.253
22.04	21.50	0.001083	34.353
22.04	21.50	0.001100	34.453
22.01	21.50	0.001116	34.553
22.01	21.50	0.001133	34.653
21.99	21.50	0.001150	34.753
21.99	21.50	0.001166	34.853
21.99	21.50	0.001183	34.954
21.96	21.50	0.001200	35.053
21.96	21.50	0.001216	35.153
21.91	21.50	0.001233	35.253
21.91	21.50	0.001250	35.353
21.88	21.50	0.001266	35.453
21.88	21.50	0.001283	35.553
21.83	21.50	0.001299	35.653
21.83	21.50	0.001316	35.753
21.83	21.50	0.001333	35.854
21.80	21.50	0.001349	35.953
21.80	21.50	0.001366	36.053
21.78	21.50	0.001383	36.153
21.78	21.50	0.001399	36.253
21.78	21.50	0.001416	36.353
21.75	21.50	0.001433	36.453
21.75	21.50	0.001449	36.553
21.75	21.50	0.001466	36.653
21.73	21.50	0.001483	36.753
21.73	21.50	0.001499	36.853
21.70	21.50	0.001516	36.954
21.67	21.50	0.001533	37.053
21.65	21.50	0.001549	37.153
21.65	21.50	0.001566	37.253
21.65	21.50	0.001583	37.353
21.62	21.50	0.001599	37.453
21.62	21.50	0.001616	37.553
21.62	21.50	0.001633	37.653
21.62	21.50	0.001649	37.753
21.60	21.50	0.001666	37.854
21.60	21.50	0.001683	37.953
21.60	21.50	0.001699	38.053
21.60	21.50	0.001716	38.153
21.60	21.50	0.001733	38.253
21.60	21.50	0.001749	38.353
21.60	21.50	0.001766	38.453
21.57	21.50	0.001783	38.553
21.57	21.50	0.001799	38.653
21.57	21.50	0.001816	38.753
21.57	21.50	0.001833	38.853
21.57	21.50	0.001849	38.952
21.57	21.50	0.001866	39.052
21.54	21.50	0.001883	39.176
21.54	21.50	0.001899	39.281
21.54	21.50	0.001916	39.380
21.54	21.50	0.001933	39.475
21.54	21.50	0.001949	39.579
21.54	21.50	0.001966	39.674
21.54	21.50	0.001983	39.774
21.52	21.50	0.001999	39.878
21.52	21.50	0.002016	39.973
21.52	21.50	0.002033	40.072
21.52	21.50	0.002049	40.177
21.52	21.50	0.002066	40.272
21.52	21.50	0.002082	40.371
21.52	21.50	0.002099	40.476
21.52	21.50	0.002116	40.570
21.52	21.50	0.002132	40.670
21.52	21.50	0.002149	40.774
21.52	21.50	0.002166	40.869
21.52	21.50	0.002182	40.968
21.52	21.50	0.002199	41.073
21.52	21.50	0.002216	41.168
21.49	21.50	0.002232	41.267
21.49	21.50	0.002249	41.372
21.49	21.50	0.002266	41.466
21.49	21.50	0.002282	41.566
21.49	21.50	0.002299	41.670
21.49	21.50	0.002316	41.765
21.49	21.50	0.002332	41.864
21.49	21.50	0.002349	41.969
21.49	21.50	0.002366	42.064
21.49	21.50	0.002382	42.164
21.49	21.50	0.002399	42.268
21.52	21.50	0.002416	42.362
21.52	21.50	0.002432	42.465
21.52	21.50	0.002449	42.566
21.52	21.50	0.002466	42.661
21.52	21.50	0.002482	42.765
21.52	21.50	0.002499	42.865
21.52	21.50	0.002516	42.960
21.52	21.50	0.002532	43.065
21.52	21.50	0.002549	43.165
21.52	21.50	0.002566	43.259
21.52	21.50	0.002582	43.364
21.52	21.50	0.002599	43.463
21.49	21.50	0.002616	43.559
21.49	21.50	0.002632	43.662
21.49	21.50	0.002649	43.761
21.49	21.50	0.002666	43.859
21.49	21.50	0.002682	43.960
21.49	21.50	0.002699	44.061
21.49	21.50	0.002716	44.159
21.49	21.50	0.002732	44.259
21.49	21.50	0.002749	44.360
21.49	21.50	0.002766	44.459
21.49	21.50	0.002782	44.559
21.49	21.50	0.002799	44.660
21.49	21.50	0.002816	44.759
21.52	21.50	0.002832	44.859
21.52	21.50	0.002849	44.961
21.52	21.50	0.002866	45.059
21.52	21.50	0.002882	45.159
21.52	21.50	0.002899	45.260
21.52	21.50	0.002915	45.359
21.52	21.50	0.002932	45.459
21.52	21.50	0.002949	45.561
21.52	21.50	0.002965	45.659
21.52	21.50	0.002982	45.759
21.52	21.50	0.002999	45.860
21.52	21.50	0.003015	45.959
21.52	21.50	0.003032	46.060
21.52	21.50	0.003049	46.161
21.49	21.50	0.003065	46.259
21.49	21.50	0.003082	46.359
21.49	21.50	0.003099	46.461
21.49	21.50	0.003115	46.559
21.49	21.50	0.003132	46.659
21.49	21.50	0.003149	46.760
21.49	21.50	0.003165	46.859
21.49	21.50	0.003182	46.959
21.49	21.50	0.003199	47.061
21.49	21.50	0.003215	47.159
21.49	21.50	0.003232	47.259
21.49	21.50	0.003249	47.361
21.49	21.50	0.003265	47.459
21.49	21.50	0.003282	47.559
21.49	21.50	0.003299	47.661
21.52	21.50	0.003315	47.759
21.52	21.50	0.003332	47.859
21.52	21.50	0.003349	47.961
21.52	21.50	0.003365	48.059
21.52	21.50	0.003382	48.159
21.52	21.50	0.003399	48.261
21.52	21.50	0.003415	48.359
21.52	21.50	0.003432	48.459
21.52	21.50	0.003449	48.561
21.52	21.50	0.003465	48.659
21.52	21.50	0.003482	48.759
21.52	21.50	0.003499	48.861
21.52	21.50	0.003515	48.960
21.49	21.50	0.003532	49.059
21.49	21.50	0.003549	49.161
21.49	21.50	0.003565	49.288
21.49	21.50	0.003582	49.383
21.49	21.50	0.003599	49.461
21.49	21.50	0.003615	49.587
21.49	21.50	0.003632	49.681
21.49	21.50	0.003649	49.761
21.49	21.50	0.003665	49.885
21.49	21.50	0.003682	49.980
21.49	21.50	0.003699	50.085
21.49	21.50	0.003715	50.184
21.49	21.50	0.003732	50.279
21.49	21.50	0.003748	50.383
21.49	21.50	0.003765	50.482
21.52	21.50	0.003782	50.577
21.52	21.50	0.003798	50.683
21.52	21.50	0.003815	50.781
21.52	21.50	0.003832	50.877
21.52	21.50	0.003848	50.981
21.52	21.50	0.003865	51.075
21.52	21.50	0.003882	51.174
21.52	21.50	0.003898	51.280
21.52	21.50	0.003915	51.375
21.52	21.50	0.003932	51.474
21.52	21.50	0.003948	51.579
21.52	21.50	0.003965	51.673
21.49	21.50	0.003982	51.772
21.49	21.50	0.003998	51.877
21.49	21.50	0.004015	51.971
21.49	21.50	0.004032	52.071
21.49	21.50	0.004048	52.175
21.49	21.50	0.004065	52.270
21.49	21.50	0.004082	52.369
21.49	21.50	0.004098	52.474
21.49	21.50	0.004115	52.569
21.49	21.50	0.004132	52.668
21.49	21.50	0.004148	52.773
21.49	21.50	0.004165	52.867
21.52	21.50	0.004182	52.967
21.52	21.50	0.004198	53.071
21.52	21.50	0.004215	53.166
21.52	21.50	0.004232	53.266
21.52	21.50	0.004248	53.370
21.52	21.50	0.004265	53.465
21.52	21.50	0.004282	53.566
21.52	21.50	0.004298	53.669
21.52	21.50	0.004315	53.763
21.52	21.50	0.004332	53.866
21.52	21.50	0.004348	53.967
21.52	21.50	0.004365	54.062
21.49	21.50	0.004382	54.166
21.49	21.50	0.004398	54.266
21.49	21.50	0.004415	54.361
21.49	21.50	0.004432	54.465
21.49	21.50	0.004448	54.565
21.49	21.50	0.004465	54.659
21.49	21.50	0.004482	54.764
21.49	21.50	0.004498	54.863
21.49	21.50	0.004515	54.959
21.49	21.50	0.004532	55.063
21.49	21.50	0.004548	55.163
21.49	21.50	0.004565	55.259
21.49	21.50	0.004581	55.361
21.49	21.50	0.004598	55.462
21.49	21.50	0.004615	55.559
21.52	21.50	0.004631	55.661
21.52	21.50	0.004648	55.762
21.52	21.50	0.004665	55.859
21.52	21.50	0.004681	55.960
21.52	21.50	0.004698	56.061
21.52	21.50	0.004715	56.159
21.52	21.50	0.004731	56.259
21.52	21.50	0.004748	56.362
21.52	21.50	0.004765	56.459
21.52	21.50	0.004781	56.559
21.49	21.50	0.004798	56.662
21.49	21.50	0.004815	56.759
21.49	21.50	0.004831	56.859
21.49	21.50	0.004848	56.961
21.49	21.50	0.004865	57.059
21.49	21.50	0.004881	57.159
21.49	21.50	0.004898	57.261
21.49	21.50	0.004915	57.359
21.49	21.50	0.004931	57.459
21.49	21.50	0.004948	57.562
21.49	21.50	0.004965	57.659
21.49	21.50	0.004981	57.759
21.49	21.50	0.004998	57.862
21.49	21.50	0.005015	57.959
21.49	21.50	0.005031	58.059
21.49	21.50	0.005048	58.161
21.52	21.50	0.005065	58.259
21.52	21.50	0.005081	58.359
21.52	21.50	0.005098	58.462
21.52	21.50	0.005115	58.559
21.52	21.50	0.005131	58.660
21.52	21.50	0.005148	58.762
21.52	21.50	0.005165	58.860
21.52	21.50	0.005181	58.960
21.52	21.50	0.005198	59.062
21.52	21.50	0.005215	59.160
21.52	21.50	0.005231	59.261
21.52	21.50	0.005248	59.362
21.52	21.50	0.005265	59.460
21.49	21.50	0.005281	59.560
21.49	21.50	0.005298	59.662
21.49	21.50	0.005315	59.760
21.49	21.50	0.005331	59.860
21.49	21.50	0.005348	59.962
21.49	21.50	0.005365	00.060
21.49	21.50	0.005381	00.160
21.49	21.50	0.005398	00.262
21.49	21.50	0.005414	00.360
21.49	21.50	0.005431	00.460
21.49	21.50	0.005448	00.562
21.49	21.50	0.005464	00.689
21.49	21.50	0.005481	00.783
21.49	21.50	0.005498	00.862
21.49	21.50	0.005514	00.988
21.49	21.50	0.005531	01.082
21.49	21.50	0.005548	01.162
21.52	21.50	0.005564	01.286
21.52	21.50	0.005581	01.381
21.52	21.50	0.005598	01.486
21.52	21.50	0.005614	01.585
21.52	21.50	0.005631	01.680
21.52	21.50	0.005648	01.784
21.52	21.50	0.005664	01.884
21.52	21.50	0.005681	01.979
21.52	21.50	0.005698	02.083
21.52	21.50	0.005714	02.183
21.52	21.50	0.005731	02.278
21.52	21.50	0.005748	02.382
21.52	21.50	0.005764	02.476
21.49	21.50	0.005781	02.575
21.49	21.50	0.005798	02.680
21.49	21.50	0.005814	02.775
21.49	21.50	0.005831	02.875
21.49	21.50	0.005848	02.979
21.49	21.50	0.005864	03.074
21.49	21.50	0.005881	03.174
21.49	21.50	0.005898	03.278
21.49	21.50	0.005914	03.373
21.49	21.50	0.005931	03.472
21.49	21.50	0.005948	03.577
21.49	21.50	0.005964	03.671
21.49	21.50	0.005981	03.770
21.49	21.50	0.005998	03.875
21.49	21.50	0.006014	03.969
21.49	21.50	0.006031	04.069
21.49	21.50	0.006048	04.174
21.49	21.50	0.006064	04.268
21.49	21.50	0.006081	04.368
21.49	21.50	0.006098	04.472
21.52	21.50	0.006114	04.568
21.52	21.50	0.006131	04.667
21.52	21.50	0.006148	04.772
21.52	21.50	0.006164	04.866
21.52	21.50	0.006181	04.967
21.52	21.50	0.006198	05.071
21.52	21.50	0.006214	05.165
21.52	21.50	0.006231	05.267
21.52	21.50	0.006247	05.369
21.52	21.50	0.006264	05.463
21.52	21.50	0.006281	05.567
21.52	21.50	0.006297	05.668
21.52	21.50	0.006314	05.762
21.52	21.50	0.006331	05.867
21.49	21.50	0.006347	05.966
21.49	21.50	0.006364	06.061
21.49	21.50	0.006381	06.165
21.49	21.50	0.006397	06.265
21.49	21.50	0.006414	06.362
21.49	21.50	0.006431	06.464
21.49	21.50	0.006447	06.564
21.49	21.50	0.006464	06.661
21.49	21.50	0.006481	06.763
21.49	21.50	0.006497	06.862
21.49	21.50	0.006514	06.961
21.49	21.50	0.006531	07.062
21.49	21.50	0.006547	07.163
21.49	21.50	0.006564	07.261
21.49	21.50	0.006581	07.361
21.49	21.50	0.006597	07.462
21.49	21.50	0.006614	07.561
21.49	21.50	0.006631	07.661
21.49	21.50	0.006647	07.763
21.49	21.50	0.006664	07.861
21.49	21.50	0.006681	07.961
21.49	21.50	0.006697	08.062
21.52	21.50	0.006714	08.161
21.52	21.50	0.006731	08.261
21.52	21.50	0.006747	08.363
21.52	21.50	0.006764	08.461
21.52	21.50	0.006781	08.561
21.52	21.50	0.006797	08.663
21.52	21.50	0.006814	08.761
21.52	21.50	0.006831	08.861
21.52	21.50	0.006847	08.963
21.52	21.50	0.006864	09.061
21.52	21.50	0.006881	09.161
21.49	21.50	0.006897	09.263
21.49	21.50	0.006914	09.361
21.49	21.50	0.006931	09.461
21.49	21.50	0.006947	09.563
21.49	21.50	0.006964	09.661
21.49	21.50	0.006981	09.761
21.49	21.50	0.006997	09.863
21.49	21.50	0.007014	09.963
21.49	21.50	0.007031	10.063
21.49	21.50	0.007047	10.163
21.49	21.50	0.007064	10.263
21.49	21.50	0.007080	10.364
21.49	21.50	0.007097	10.463
21.49	21.50	0.007114	10.563
21.49	21.50	0.007130	10.663
21.49	21.50	0.007147	10.763
21.49	21.50	0.007164	10.863
21.52	21.50	0.007180	10.963
21.52	21.50	0.007197	11.063
21.52	21.50	0.007214	11.162
21.52	21.50	0.007230	11.263
21.52	21.50	0.007247	11.363
21.52	21.50	0.007264	11.463
21.52	21.50	0.007280	11.563
21.52	21.50	0.007297	11.663
21.52	21.50	0.007314	11.792
21.52	21.50	0.007330	11.886
21.52	21.50	0.007347	11.963
21.52	21.50	0.007364	12.091
21.52	21.50	0.007380	12.184
21.49	21.50	0.007397	12.263
21.49	21.50	0.007414	12.388
21.49	21.50	0.007430	12.483
21.49	21.50	0.007447	12.563
21.49	21.50	0.007464	12.687
21.49	21.50	0.007480	12.782
21.49	21.50	0.007497	12.886
21.49	21.50	0.007514	12.986
21.49	21.50	0.007530	13.080
21.49	21.50	0.007547	13.185
21.49	21.50	0.007564	13.285
21.49	21.50	0.007580	13.379
21.49	21.50	0.007597	13.484
21.49	21.50	0.007614	13.584
21.49	21.50	0.007630	13.679
21.49	21.50	0.007647	13.783
21.49	21.50	0.007664	13.877
21.49	21.50	0.007680	13.977
21.49	21.50	0.007697	14.081
21.49	21.50	0.007714	14.176
21.52	21.50	0.007730	14.275
21.52	21.50	0.007747	14.380
21.52	21.50	0.007764	14.475
21.52	21.50	0.007780	14.574
21.52	21.50	0.007797	14.679
21.52	21.50	0.007814	14.773
21.52	21.50	0.007830	14.873
21.52	21.50	0.007847	14.977
21.52	21.50	0.007864	15.072
21.52	21.50	0.007880	15.172
21.52	21.50	0.007897	15.277
21.52	21.50	0.007913	15.371
21.49	21.50	0.007930	15.471
21.49	21.50	0.007947	15.575
21.49	21.50	0.007963	15.670
21.49	21.50	0.007980	15.770
21.49	21.50	0.007997	15.874
21.49	21.50	0.008013	15.969
21.49	21.50	0.008030	16.068
21.49	21.50	0.008047	16.173
21.49	21.50	0.008063	16.267
21.49	21.50	0.008080	16.368
21.49	21.50	0.008097	16.471
21.49	21.50	0.008113	16.565
21.49	21.50	0.008130	16.668
21.49	21.50	0.008147	16.770
21.49	21.50	0.008163	16.864
21.49	21.50	0.008180	16.968
21.49	21.50	0.008197	17.068
21.49	21.50	0.008213	17.164
21.49	21.50	0.008230	17.267
21.49	21.50	0.008247	17.367
21.49	21.50	0.008263	17.465
21.49	21.50	0.008280	17.566
21.52	21.50	0.008297	17.666
21.52	21.50	0.008313	17.764
21.52	21.50	0.008330	17.865
21.52	21.50	0.008347	17.964
21.52	21.50	0.008363	18.064
21.52	21.50	0.008380	18.165
21.52	21.50	0.008397	18.264
21.52	21.50	0.008413	18.364
21.52	21.50	0.008430	18.464
21.52	21.50	0.008447	18.564
21.52	21.50	0.008463	18.664
21.52	21.50	0.008480	18.764
21.49	21.50	0.008497	18.863
21.49	21.50	0.008513	18.964
21.49	21.50	0.008530	19.065
21.49	21.50	0.008547	19.164
21.49	21.50	0.008563	19.264
21.49	21.50	0.008580	19.364
21.49	21.50	0.008597	19.464
21.49	21.50	0.008613	19.564
21.49	21.50	0.008630	19.664
21.49	21.50	0.008647	19.764
21.49	21.50	0.008663	19.864
21.49	21.50	0.008680	19.965
21.49	21.50	0.008697	20.064
21.49	21.50	0.008713	20.164
21.49	21.50	0.008730	20.264
21.49	21.50	0.008746	20.364
21.52	21.50	0.008763	20.464
21.52	21.50	0.008780	20.564
21.52	21.50	0.008796	20.664
21.52	21.50	0.008813	20.765
21.52	21.50	0.008830	20.864
21.52	21.50	0.008846	20.965
21.52	21.50	0.008863	21.064
21.52	21.50	0.008880	21.164
21.52	21.50	0.008896	21.264
21.52	21.50	0.008913	21.364
21.52	21.50	0.008930	21.464
21.49	21.50	0.008946	21.564
21.49	21.50	0.008963	21.665
21.49	21.50	0.008980	21.764
21.49	21.50	0.008996	21.865
21.49	21.50	0.009013	21.964
21.49	21.50	0.009030	22.064
21.49	21.50	0.009046	22.164
21.49	21.50	0.009063	22.264
21.49	21.50	0.009080	22.364
21.49	21.50	0.009096	22.464
21.49	21.50	0.009113	22.564
21.49	21.50	0.009130	22.664
21.49	21.50	0.009146	22.765
21.49	21.50	0.009163	22.864
21.49	21.50	0.009180	22.963
21.49	21.50	0.009196	23.064
21.49	21.50	0.009213	23.193
21.49	21.50	0.009230	23.287
21.52	21.50	0.009246	23.364
21.52	21.50	0.009263	23.491
21.52	21.50	0.009280	23.586
21.52	21.50	0.009296	23.665
21.52	21.50	0.009313	23.790
21.52	21.50	0.009330	23.885
21.52	21.50	0.009346	23.989
21.52	21.50	0.009363	24.089
21.52	21.50	0.009380	24.183
21.52	21.50	0.009396	24.288
21.52	21.50	0.009413	24.388
21.49	21.50	0.009430	24.482
21.49	21.50	0.009446	24.587
21.49	21.50	0.009463	24.686
21.49	21.50	0.009480	24.781
21.49	21.50	0.009496	24.885
21.49	21.50	0.009513	24.985
21.49	21.50	0.009530	25.079
21.49	21.50	0.009546	25.184
21.49	21.50	0.009563	25.278
21.49	21.50	0.009579	25.378
21.49	21.50	0.009596	25.483
21.49	21.50	0.009613	25.577
21.49	21.50	0.009629	25.677
21.49	21.50	0.009646	25.781
21.49	21.50	0.009663	25.876
21.49	21.50	0.009679	25.975
21.49	21.50	0.009696	26.080
21.52	21.50	0.009713	26.175
21.52	21.50	0.009729	26.274
21.52	21.50	0.009746	26.379
21.52	21.50	0.009763	26.473
21.52	21.50	0.009779	26.573
21.52	21.50	0.009796	26.677
21.52	21.50	0.009813	26.772
21.52	21.50	0.009829	26.871
21.52	21.50	0.009846	26.976
21.52	21.50	0.009863	27.071
21.49	21.50	0.009879	27.171
21.49	21.50	0.009896	27.275
21.49	21.50	0.009913	27.370
21.49	21.50	0.009929	27.469
21.49	21.50	0.009946	27.574
21.49	21.50	0.009963	27.668
21.49	21.50	0.009979	27.769
21.49	21.50	0.009996	27.872
21.49	21.50	0.010013	27.967
21.49	21.50	0.010029	28.070
21.49	21.50	0.010046	28.171
21.49	21.50	0.010063	28.266
21.49	21.50	0.010079	28.369
21.49	21.50	0.010096	28.470
21.49	21.50	0.010113	28.566
21.49	21.50	0.010129	28.669
21.49	21.50	0.010146	28.768
21.49	21.50	0.010163	28.866
21.49	21.50	0.010179	28.968
21.49	21.50	0.010196	29.067
21.52	21.50	0.010213	29.166
21.52	21.50	0.010229	29.266
21.52	21.50	0.010246	29.366
21.52	21.50	0.010263	29.466
21.52	21.50	0.010279	29.566
21.52	21.50	0.010296	29.667
21.52	21.50	0.010313	29.766
21.52	21.50	0.010329	29.866
21.52	21.50	0.010346	29.966
21.52	21.50	0.010363	30.066
21.52	21.50	0.010379	30.166
21.52	21.50	0.010396	30.266
21.49	21.50	0.010412	30.366
21.49	21.50	0.010429	30.466
21.49	21.50	0.010446	30.566
21.49	21.50	0.010462	30.666
21.49	21.50	0.010479	30.766
21.49	21.50	0.010496	30.866
21.49	21.50	0.010512	30.966
21.49	21.50	0.010529	31.066
21.49	21.50	0.010546	31.166
21.49	21.50	0.010562	31.266
21.49	21.50	0.010579	31.366
21.49	21.50	0.010596	31.466
21.49	21.50	0.010612	31.566
21.49	21.50	0.010629	31.666
21.49	21.50	0.010646	31.766
21.49	21.50	0.010662	31.866
21.49	21.50	0.010679	31.967
21.52	21.50	0.010696	32.066
21.52	21.50	0.010712	32.166
21.52	21.50	0.010729	32.266
21.52	21.50	0.010746	32.366
21.52	21.50	0.010762	32.466
21.52	21.50	0.010779	32.566
21.52	21.50	0.010796	32.666
21.52	21.50	0.010812	32.766
21.52	21.50	0.010829	32.867
21.52	21.50	0.010846	32.966
21.49	21.50	0.010862	33.066
21.49	21.50	0.010879	33.166
21.49	21.50	0.010896	33.266
21.49	21.50	0.010912	33.366
21.49	21.50	0.010929	33.466
21.49	21.50	0.010946	33.566
21.49	21.50	0.010962	33.666
21.49	21.50	0.010979	33.766
21.49	21.50	0.010996	33.866
21.49	21.50	0.011012	33.966
21.49	21.50	0.011029	34.066
21.49	21.50	0.011046	34.166
21.49	21.50	0.011062	34.295
21.49	21.50	0.011079	34.390
21.49	21.50	0.011096	34.490
21.49	21.50	0.011112	34.594
21.49	21.50	0.011129	34.689
21.49	21.50	0.011146	34.790
21.52	21.50	0.011162	34.893
21.52	21.50	0.011179	34.987
21.52	21.50	0.011196	35.091
21.52	21.50	0.011212	35.191
21.52	21.50	0.011229	35.286
21.52	21.50	0.011245	35.390
21.52	21.50	0.011262	35.490
21.52	21.50	0.011279	35.585
21.52	21.50	0.011295	35.689
21.52	21.50	0.011312	35.789
21.49	21.50	0.011329	35.883
21.49	21.50	0.011345	35.988
21.49	21.50	0.011362	36.087
21.49	21.50	0.011379	36.181
21.49	21.50	0.011395	36.286
21.49	21.50	0.011412	36.381
21.49	21.50	0.011429	36.480
21.49	21.50	0.011445	36.585
21.49	21.50	0.011462	36.679
21.49	21.50	0.011479	36.779
21.49	21.50	0.011495	36.883
21.49	21.50	0.011512	36.978
21.49	21.50	0.011529	37.078
21.49	21.50	0.011545	37.182
21.49	21.50	0.011562	37.277
21.49	21.50	0.011579	37.376
21.49	21.50	0.011595	37.481
21.49	21.50	0.011612	37.575
21.49	21.50	0.011629	37.675
21.49	21.50	0.011645	37.779
21.49	21.50	0.011662	37.874
21.52	21.50	0.011679	37.974
21.52	21.50	0.011695	38.078
21.52	21.50	0.011712	38.173
21.52	21.50	0.011729	38.272
21.52	21.50	0.011745	38.378
21.52	21.50	0.011762	38.472
21.52	21.50	0.011779	38.571
21.52	21.50	0.011795	38.676
21.52	21.50	0.011812	38.770
21.52	21.50	0.011829	38.871
21.52	21.50	0.011845	38.975
21.52	21.50	0.011862	39.070
21.52	21.50	0.011879	39.170
21.49	21.50	0.011895	39.274
21.49	21.50	0.011912	39.367
21.49	21.50	0.011929	39.471
21.49	21.50	0.011945	39.572
21.49	21.50	0.011962	39.667
21.49	21.50	0.011979	39.771
21.49	21.50	0.011995	39.870
21.49	21.50	0.012012	39.967
21.49	21.50	0.012029	40.069
21.49	21.50	0.012045	40.169
21.49	21.50	0.012062	40.267
21.49	21.50	0.012078	40.369
21.49	21.50	0.012095	40.468
21.49	21.50	0.012112	40.567
21.49	21.50	0.012128	40.668
21.49	21.50	0.012145	40.767
21.49	21.50	0.012162	40.867
21.49	21.50	0.012178	40.967
21.52	21.50	0.012195	41.067
21.52	21.50	0.012212	41.167
21.52	21.50	0.012228	41.267
21.52	21.50	0.012245	41.368
21.52	21.50	0.012262	41.467
21.52	21.50	0.012278	41.567
21.52	21.50	0.012295	41.667
21.52	21.50	0.012312	41.767
21.52	21.50	0.012328	41.867
21.52	21.50	0.012345	41.967
21.49	21.50	0.012362	42.067
21.49	21.50	0.012378	42.167
21.49	21.50	0.012395	42.267
21.49	21.50	0.012412	42.367
21.49	21.50	0.012428	42.467
21.49	21.50	0.012445	42.567
21.49	21.50	0.012462	42.667
21.49	21.50	0.012478	42.767
21.49	21.50	0.012495	42.867
21.49	21.50	0.012512	42.967
21.49	21.50	0.012528	43.067
21.49	21.50	0.012545	43.167
21.49	21.50	0.012562	43.267
21.49	21.50	0.012578	43.367
21.49	21.50	0.012595	43.467
21.49	21.50	0.012612	43.567
21.49	21.50	0.012628	43.667
21.52	21.50	0.012645	43.767
21.52	21.50	0.012662	43.868
21.52	21.50	0.012678	43.967
21.52	21.50	0.012695	44.067
21.52	21.50	0.012712	44.167
21.52	21.50	0.012728	44.267
21.52	21.50	0.012745	44.367
21.52	21.50	0.012762	44.467
21.52	21.50	0.012778	44.567
21.52	21.50	0.012795	44.667
21.52	21.50	0.012812	44.768
21.52	21.50	0.012828	44.867
21.49	21.50	0.012845	44.967
21.49	21.50	0.012862	45.067
21.49	21.50	0.012878	45.167
21.49	21.50	0.012895	45.267
21.49	21.50	0.012911	45.367
21.49	21.50	0.012928	45.467
21.49	21.50	0.012945	45.567
21.49	21.50	0.012961	45.696
21.49	21.50	0.012978	45.790
21.49	21.50	0.012995	45.892
21.49	21.50	0.013011	45.995
21.49	21.50	0.013028	46.089
21.49	21.50	0.013045	46.167
21.49	21.50	0.013061	46.293
21.49	21.50	0.013078	46.388
21.49	21.50	0.013095	46.491
21.49	21.50	0.013111	46.592
21.49	21.50	0.013128	46.687
21.52	21.50	0.013145	46.791
21.52	21.50	0.013161	46.891
21.52	21.50	0.013178	46.985
21.52	21.50	0.013195	47.090
21.52	21.50	0.013211	47.189
21.52	21.50	0.013228	47.284
21.52	21.50	0.013245	47.388
21.52	21.50	0.013261	47.488
21.52	21.50	0.013278	47.583
21.49	21.50	0.013295	47.688
21.49	21.50	0.013311	47.782
21.49	21.50	0.013328	47.882
21.49	21.50	0.013345	47.986
21.49	21.50	0.013361	48.081
21.49	21.50	0.013378	48.180
21.49	21.50	0.013395	48.285
21.49	21.50	0.013411	48.380
21.49	21.50	0.013428	48.479
21.49	21.50	0.013445	48.584
21.49	21.50	0.013461	48.678
21.49	21.50	0.013478	48.778
21.49	21.50	0.013495	48.882
21.49	21.50	0.013511	48.977
21.49	21.50	0.013528	49.077
21.49	21.50	0.013545	49.181
21.49	21.50	0.013561	49.276
21.49	21.50	0.013578	49.375
21.52	21.50	0.013595	49.480
21.52	21.50	0.013611	49.574
21.52	21.50	0.013628	49.674
21.52	21.50	0.013645	49.778
21.52	21.50	0.013661	49.873
21.52	21.50	0.013678	49.973
21.52	21.50	0.013695	50.077
21.52	21.50	0.013711	50.172
21.52	21.50	0.013728	50.273
21.52	21.50	0.013744	50.376
21.52	21.50	0.013761	50.471
21.49	21.50	0.013778	50.572
21.49	21.50	0.013794	50.675
21.49	21.50	0.013811	50.769
21.49	21.50	0.013828	50.872
21.49	21.50	0.013844	50.973
21.49	21.50	0.013861	51.068
21.49	21.50	0.013878	51.172
21.49	21.50	0.013894	51.272
21.49	21.50	0.013911	51.368
21.49	21.50	0.013928	51.471
21.49	21.50	0.013944	51.571
21.49	21.50	0.013961	51.668
21.49	21.50	0.013978	51.770
21.49	21.50	0.013994	51.869
21.49	21.50	0.014011	51.968
21.49	21.50	0.014028	52.068
21.52	21.50	0.014044	52.168
21.52	21.50	0.014061	52.268
21.52	21.50	0.014078	52.368
21.52	21.50	0.014094	52.468
21.52	21.50	0.014111	52.569
21.52	21.50	0.014128	52.669
21.52	21.50	0.014144	52.769
21.52	21.50	0.014161	52.869
21.52	21.50	0.014178	52.969
21.52	21.50	0.014194	53.069
21.52	21.50	0.014211	53.170
21.49	21.50	0.014228	53.269
21.49	21.50	0.014244	53.369
21.49	21.50	0.014261	53.469
21.49	21.50	0.014278	53.569
21.49	21.50	0.014294	53.669
21.49	21.50	0.014311	53.769
21.49	21.50	0.014328	53.869
21.49	21.50	0.014344	53.969
21.49	21.50	0.014361	54.069
21.49	21.50	0.014378	54.169
21.49	21.50	0.014394	54.269
21.49	21.50	0.014411	54.369
21.49	21.50	0.014428	54.469
21.49	21.50	0.014444	54.569
21.49	21.50	0.014461	54.669
21.49	21.50	0.014478	54.769
21.49	21.50	0.014494	54.869
21.49	21.50	0.014511	54.969
21.49	21.50	0.014528	55.069
21.52	21.50	0.014544	55.169
21.52	21.50	0.014561	55.269
21.52	21.50	0.014577	55.369
21.52	21.50	0.014594	55.469
21.52	21.50	0.014611	55.569
21.52	21.50	0.014627	55.669
21.52	21.50	0.014644	55.769
21.52	21.50	0.014661	55.869
21.52	21.50	0.014677	55.969
21.52	21.50	0.014694	56.069
21.49	21.50	0.014711	56.169
21.49	21.50	0.014727	56.269
21.49	21.50	0.014744	56.370
21.49	21.50	0.014761	56.469
21.49	21.50	0.014777	56.569
21.49	21.50	0.014794	56.669
21.49	21.50	0.014811	56.769
21.49	21.50	0.014827	56.893
21.49	21.50	0.014844	56.969
21.49	21.50	0.014861	57.097
21.49	21.50	0.014877	57.192
21.49	21.50	0.014894	57.293
21.49	21.50	0.014911	57.396
21.49	21.50	0.014927	57.491
21.49	21.50	0.014944	57.568
21.49	21.50	0.014961	57.695
21.49	21.50	0.014977	57.789
21.49	21.50	0.014994	57.869
21.52	21.50	0.015011	57.993
21.52	21.50	0.015027	58.088
21.52	21.50	0.015044	58.192
21.52	21.50	0.015061	58.292
21.52	21.50	0.015077	58.387
21.52	21.50	0.015094	58.491
21.52	21.50	0.015111	58.591
21.52	21.50	0.015127	58.685
21.52	21.50	0.015144	58.790
21.52	21.50	0.015161	58.889
21.52	21.50	0.015177	58.984
21.49	21.50	0.015194	59.089
21.49	21.50	0.015211	59.183
21.49	21.50	0.015227	59.283
21.49	21.50	0.015244	59.387
21.49	21.50	0.015261	59.482
21.49	21.50	0.015277	59.581
21.49	21.50	0.015294	59.686
21.49	21.50	0.015311	59.780
21.49	21.50	0.015327	59.880
21.49	21.50	0.015344	59.985
21.49	21.50	0.015361	00.079
21.49	21.50	0.015377	00.179
21.49	21.50	0.015394	00.283
21.49	21.50	0.015410	00.378
21.49	21.50	0.015427	00.478
21.49	21.50	0.015444	00.581
21.49	21.50	0.015460	00.676
21.49	21.50	0.015477	00.776
21.49	21.50	0.015494	00.881
21.52	21.50	0.015510	00.976
21.52	21.50	0.015527	01.075
21.52	21.50	0.015544	01.180
21.52	21.50	0.015560	01.274
21.52	21.50	0.015577	01.374
21.52	21.50	0.015594	01.478
21.52	21.50	0.015610	01.573
21.52	21.50	0.015627	01.674
21.52	21.50	0.015644	01.777
21.52	21.50	0.015660	01.872
21.52	21.50	0.015677	01.974
21.49	21.50	0.015694	02.076
21.49	21.50	0.015710	02.170
21.49	21.50	0.015727	02.274
21.49	21.50	0.015744	02.374
21.49	21.50	0.015760	02.469
21.49	21.50	0.015777	02.574
21.49	21.50	0.015794	02.673
21.49	21.50	0.015810	02.769
21.49	21.50	0.015827	02.872
21.49	21.50	0.015844	02.972
21.49	21.50	0.015860	03.069
21.49	21.50	0.015877	03.170
21.49	21.50	0.015894	03.270
21.49	21.50	0.015910	03.369
21.49	21.50	0.015927	03.470
21.49	21.50	0.015944	03.569
21.49	21.50	0.015960	03.669
21.49	21.50	0.015977	03.769
21.49	21.50	0.015994	03.869
21.52	21.50	0.016010	03.969
21.52	21.50	0.016027	04.069
21.52	21.50	0.016044	04.170
21.52	21.50	0.016060	04.269
21.52	21.50	0.016077	04.369
21.52	21.50	0.016094	04.470
21.52	21.50	0.016110	04.569
21.52	21.50	0.016127	04.669
21.52	21.50	0.016144	04.770
21.49	21.50	0.016160	04.869
21.49	21.50	0.016177	04.969
21.49	21.50	0.016194	05.069
21.49	21.50	0.016210	05.169
21.49	21.50	0.016227	05.269
21.49	21.50	0.016244	05.369
21.49	21.50	0.016260	05.469
21.49	21.50	0.016277	05.569
21.49	21.50	0.016293	05.670
21.49	21.50	0.016310	05.769
21.49	21.50	0.016327	05.869
21.49	21.50	0.016343	05.970
21.49	21.50	0.016360	06.069
21.49	21.50	0.016377	06.169
21.49	21.50	0.016393	06.269
21.49	21.50	0.016410	06.369
21.49	21.50	0.016427	06.469
21.49	21.50	0.016443	06.570
21.49	21.50	0.016460	06.669
21.49	21.50	0.016477	06.769
21.49	21.50	0.016493	06.870
21.49	21.50	0.016510	06.969
21.49	21.50	0.016527	07.069
21.52	21.50	0.016543	07.169
21.52	21.50	0.016560	07.269
21.52	21.50	0.016577	07.370
21.52	21.50	0.016593	07.470
21.52	21.50	0.016610	07.569
21.52	21.50	0.016627	07.669
21.52	21.50	0.016643	07.770
21.52	21.50	0.016660	07.869
21.52	21.50	0.016677	07.969
21.49	21.50	0.016693	08.070
21.49	21.50	0.016710	08.169
21.49	21.50	0.016727	08.269
21.49	21.50	0.016743	08.370
21.49	21.50	0.016760	08.469
21.49	21.50	0.016777	08.592
21.49	21.50	0.016793	08.670
21.49	21.50	0.016810	08.797
21.49	21.50	0.016827	08.891
21.49	21.50	0.016843	08.969
21.49	21.50	0.016860	09.095
21.49	21.50	0.016877	09.191
21.49	21.50	0.016893	09.295
21.49	21.50	0.016910	09.395
21.49	21.50	0.016927	09.489
21.49	21.50	0.016943	09.594
21.52	21.50	0.016960	09.693
21.52	21.50	0.016977	09.788
21.52	21.50	0.016993	09.892
21.52	21.50	0.017010	09.992
21.52	21.50	0.017027	10.087
21.52	21.50	0.017043	10.191
21.52	21.50	0.017060	10.291
21.52	21.50	0.017077	10.385
21.52	21.50	0.017093	10.489
21.52	21.50	0.017110	10.584
21.52	21.50	0.017126	10.683
21.52	21.50	0.017143	10.788
21.49	21.50	0.017160	10.883
21.49	21.50	0.017176	10.982
21.49	21.50	0.017193	11.087
21.49	21.50	0.017210	11.181
21.49	21.50	0.017226	11.281
21.49	21.50	0.017243	11.385
21.49	21.50	0.017260	11.480
21.49	21.50	0.017276	11.580
21.49	21.50	0.017293	11.684
21.49	21.50	0.017310	11.779
21.49	21.50	0.017326	11.878
21.49	21.50	0.017343	11.983
21.49	21.50	0.017360	12.077
21.49	21.50	0.017376	12.177
21.49	21.50	0.017393	12.281
21.49	21.50	0.017410	12.376
21.49	21.50	0.017426	12.476
21.49	21.50	0.017443	12.580
21.49	21.50	0.017460	12.675
21.52	21.50	0.017476	12.775
21.52	21.50	0.017493	12.879
21.52	21.50	0.017510	12.973
21.52	21.50	0.017526	13.075
21.52	21.50	0.017543	13.177
21.52	21.50	0.017560	13.272
21.52	21.50	0.017576	13.376
21.52	21.50	0.017593	13.477
21.52	21.50	0.017610	13.571
21.52	21.50	0.017626	13.675
21.49	21.50	0.017643	13.776
21.49	21.50	0.017660	13.869
21.49	21.50	0.017676	13.974
21.49	21.50	0.017693	14.074
21.49	21.50	0.017710	14.169
21.49	21.50	0.017726	14.273
21.49	21.50	0.017743	14.372
21.49	21.50	0.017760	14.469
21.49	21.50	0.017776	14.571
21.49	21.50	0.017793	14.671
21.49	21.50	0.017810	14.769
21.49	21.50	0.017826	14.870
21.49	21.50	0.017843	14.971
21.49	21.50	0.017860	15.069
21.49	21.50	0.017876	15.169
21.49	21.50	0.017893	15.271
21.49	21.50	0.017910	15.369
21.49	21.50	0.017926	15.469
21.49	21.50	0.017943	15.571
21.49	21.50	0.017959	15.669
21.52	21.50	0.017976	15.769
21.52	21.50	0.017993	15.871
21.52	21.50	0.018009	15.969
21.52	21.50	0.018026	16.069
21.52	21.50	0.018043	16.171
21.52	21.50	0.018059	16.269
21.52	21.50	0.018076	16.369
21.52	21.50	0.018093	16.471
21.52	21.50	0.018109	16.570
21.52	21.50	0.018126	16.669
21.52	21.50	0.018143	16.771
21.52	21.50	0.018159	16.869
21.52	21.50	0.018176	16.969
21.52	21.50	0.018193	17.071
21.49	21.50	0.018209	17.169
21.49	21.50	0.018226	17.269
21.49	21.50	0.018243	17.371
21.49	21.50	0.018259	17.469
21.49	21.50	0.018276	17.569
21.49	21.50	0.018293	17.671
21.49	21.50	0.018309	17.769
21.49	21.50	0.018326	17.869
21.49	21.50	0.018343	17.971
21.49	21.50	0.018359	18.069
21.49	21.50	0.018376	18.169
21.49	21.50	0.018393	18.271
21.49	21.50	0.018409	18.368
21.49	21.50	0.018426	18.470
21.49	21.50	0.018443	18.572
21.49	21.50	0.018459	18.670
21.49	21.50	0.018476	18.770
21.49	21.50	0.018493	18.871
21.49	21.50	0.018509	18.970
21.49	21.50	0.018526	19.071
21.49	21.50	0.018543	19.171
21.49	21.50	0.018559	19.270
21.52	21.50	0.018576	19.370
21.52	21.50	0.018593	19.472
21.52	21.50	0.018609	19.570
21.52	21.50	0.018626	19.670
21.52	21.50	0.018643	19.771
21.52	21.50	0.018659	19.869
21.52	21.50	0.018676	19.993
21.52	21.50	0.018693	20.071
21.49	21.50	0.018709	20.198
21.49	21.50	0.018726	20.292
21.49	21.50	0.018743	20.372
21.49	21.50	0.018759	20.496
21.49	21.50	0.018776	20.591
21.49	21.50	0.018792	20.695
21.49	21.50	0.018809	20.795
21.49	21.50	0.018826	20.890
21.49	21.50	0.018842	20.994
21.49	21.50	0.018859	21.094
21.49	21.50	0.018876	21.188
21.49	21.50	0.018892	21.293
21.49	21.50	0.018909	21.392
21.49	21.50	0.018926	21.487
21.49	21.50	0.018942	21.591
21.49	21.50	0.018959	21.686
21.49	21.50	0.018976	21.786
21.49	21.50	0.018992	21.890
21.49	21.50	0.019009	21.985
21.49	21.50	0.019026	22.084
21.49	21.50	0.019042	22.189
21.49	21.50	0.019059	22.283
21.52	21.50	0.019076	22.384
21.52	21.50	0.019092	22.488
21.52	21.50	0.019109	22.583
21.52	21.50	0.019126	22.683
21.52	21.50	0.019142	22.787
21.52	21.50	0.019159	22.882
21.52	21.50	0.019176	22.981
21.52	21.50	0.019192	23.086
21.52	21.50	0.019209	23.180
21.52	21.50	0.019226	23.280
21.52	21.50	0.019242	23.385
21.52	21.50	0.019259	23.479
21.49	21.50	0.019276	23.578
21.49	21.50	0.019292	23.683
21.49	21.50	0.019309	23.777
21.49	21.50	0.019326	23.877
21.49	21.50	0.019342	23.981
21.49	21.50	0.019359	24.076
21.49	21.50	0.019376	24.177
21.49	21.50	0.019392	24.280
21.49	21.50	0.019409	24.375
21.49	21.50	0.019426	24.477
21.49	21.50	0.019442	24.579
21.49	21.50	0.019459	24.674
21.49	21.50	0.019476	24.776
21.49	21.50	0.019492	24.878
21.49	21.50	0.019509	24.974
21.49	21.50	0.019526	25.076
21.49	21.50	0.019542	25.177
21.52	21.50	0.019559	25.273
21.52	21.50	0.019576	25.376
21.52	21.50	0.019592	25.475
21.52	21.50	0.019609	25.573
21.52	21.50	0.019625	25.674
21.52	21.50	0.019642	25.774
21.52	21.50	0.019659	25.873
21.52	21.50	0.019675	25.973
21.52	21.50	0.019692	26.073
21.52	21.50	0.019709	26.173
21.52	21.50	0.019725	26.273
21.49	21.50	0.019742	26.373
21.49	21.50	0.019759	26.473
21.49	21.50	0.019775	26.573
21.49	21.50	0.019792	26.673
21.49	21.50	0.019809	26.773
21.49	21.50	0.019825	26.873
21.49	21.50	0.019842	26.973
21.49	21.50	0.019859	27.073
21.49	21.50	0.019875	27.173
21.49	21.50	0.019892	27.273
21.49	21.50	0.019909	27.373
21.49	21.50	0.019925	27.474
21.49	21.50	0.019942	27.573
21.49	21.50	0.019959	27.673
21.49	21.50	0.019975	27.773
21.49	21.50	0.019992	27.873
21.49	21.50	0.020009	27.973
21.49	21.50	0.020025	28.073
21.49	21.50	0.020042	28.173
21.52	21.50	0.020059	28.273
21.52	21.50	0.020075	28.373
21.52	21.50	0.020092	28.473
21.52	21.50	0.020109	28.573
21.52	21.50	0.020125	28.673
21.52	21.50	0.020142	28.773
21.52	21.50	0.020159	28.873
21.52	21.50	0.020175	28.973
21.52	21.50	0.020192	29.073
21.52	21.50	0.020209	29.173
21.52	21.50	0.020225	29.273
21.52	21.50	0.020242	29.374
21.49	21.50	0.020259	29.474
21.49	21.50	0.020275	29.574
21.49	21.50	0.020292	29.674
21.49	21.50	0.020309	29.774
21.49	21.50	0.020325	29.874
21.49	21.50	0.020342	29.975
21.49	21.50	0.020359	30.074
21.49	21.50	0.020375	30.174
21.49	21.50	0.020392	30.274
21.49	21.50	0.020409	30.374
21.49	21.50	0.020425	30.498
21.49	21.50	0.020442	30.598
21.49	21.50	0.020458	30.702
21.49	21.50	0.020475	30.797
21.49	21.50	0.020492	30.897
21.49	21.50	0.020508	31.001
21.49	21.50	0.020525	31.096
21.49	21.50	0.020542	31.197
21.49	21.50	0.020558	31.300
21.49	21.50	0.020575	31.395
21.52	21.50	0.020592	31.497
21.52	21.50	0.020608	31.599
21.52	21.50	0.020625	31.693
21.52	21.50	0.020642	31.798
21.52	21.50	0.020658	31.897
21.52	21.50	0.020675	31.992
21.52	21.50	0.020692	32.097
21.52	21.50	0.020708	32.196
21.52	21.50	0.020725	32.291
21.52	21.50	0.020742	32.395
21.52	21.50	0.020758	32.495
21.52	21.50	0.020775	32.589
21.49	21.50	0.020792	32.694
21.49	21.50	0.020808	32.793
21.49	21.50	0.020825	32.888
21.49	21.50	0.020842	32.993
21.49	21.50	0.020858	33.087
21.49	21.50	0.020875	33.187
21.49	21.50	0.020892	33.291
21.49	21.50	0.020908	33.386
21.49	21.50	0.020925	33.485
21.49	21.50	0.020942	33.590
21.49	21.50	0.020958	33.685
21.49	21.50	0.020975	33.784
21.49	21.50	0.020992	33.889
21.49	21.50	0.021008	33.983
21.49	21.50	0.021025	34.083
21.49	21.50	0.021042	34.188
21.49	21.50	0.021058	34.282
21.49	21.50	0.021075	34.382
21.49	21.50	0.021092	34.486
21.49	21.50	0.021108	34.581
21.49	21.50	0.021125	34.681
21.49	21.50	0.021142	34.785
21.49	21.50	0.021158	34.880
21.52	21.50	0.021175	34.979
21.52	21.50	0.021192	35.084
21.52	21.50	0.021208	35.178
21.52	21.50	0.021225	35.278
21.52	21.50	0.021242	35.383
21.52	21.50	0.021258	35.477
21.52	21.50	0.021275	35.578
21.52	21.50	0.021291	35.681
21.52	21.50	0.021308	35.776
21.52	21.50	0.021325	35.877
21.52	21.50	0.021341	35.980
21.49	21.50	0.021358	36.075
21.49	21.50	0.021375	36.178
21.49	21.50	0.021391	36.278
21.49	21.50	0.021408	36.375
21.49	21.50	0.021425	36.477
21.49	21.50	0.021441	36.577
21.49	21.50	0.021458	36.675
21.49	21.50	0.021475	36.776
21.49	21.50	0.021491	36.876
21.49	21.50	0.021508	36.975
21.49	21.50	0.021525	37.075
21.49	21.50	0.021541	37.175
21.49	21.50	0.021558	37.275
21.49	21.50	0.021575	37.376
21.49	21.50	0.021591	37.475
21.49	21.50	0.021608	37.575
21.49	21.50	0.021625	37.675
21.49	21.50	0.021641	37.775
21.52	21.50	0.021658	37.875
21.52	21.50	0.021675	37.975
21.52	21.50	0.021691	38.075
21.52	21.50	0.021708	38.175
21.52	21.50	0.021725	38.276
21.52	21.50	0.021741	38.375
21.52	21.50	0.021758	38.475
21.52	21.50	0.021775	38.575
21.52	21.50	0.021791	38.675
21.52	21.50	0.021808	38.775
21.52	21.50	0.021825	38.875
21.49	21.50	0.021841	38.975
21.49	21.50	0.021858	39.075
21.49	21.50	0.021875	39.175
21.49	21.50	0.021891	39.275
21.49	21.50	0.021908	39.375
21.49	21.50	0.021925	39.475
21.49	21.50	0.021941	39.575
21.49	21.50	0.021958	39.675
21.49	21.50	0.021975	39.775
21.49	21.50	0.021991	39.875
21.49	21.50	0.022008	39.975
21.49	21.50	0.022025	40.075
21.49	21.50	0.022041	40.175
21.49	21.50	0.022058	40.275
21.49	21.50	0.022075	40.375
21.49	21.50	0.022091	40.475
21.49	21.50	0.022108	40.575
21.49	21.50	0.022124	40.675
21.49	21.50	0.022141	40.776
21.49	21.50	0.022158	40.875
21.49	21.50	0.022174	40.976
21.52	21.50	0.022191	41.075
21.52	21.50	0.022208	41.175
21.52	21.50	0.022224	41.275
21.52	21.50	0.022241	41.375
21.52	21.50	0.022258	41.475
21.52	21.50	0.022274	41.575
21.52	21.50	0.022291	41.675
21.52	21.50	0.022308	41.775
21.52	21.50	0.022324	41.875
21.49	21.50	0.022341	41.999
21.49	21.50	0.022358	42.104
21.49	21.50	0.022374	42.199
21.49	21.50	0.022391	42.298
21.49	21.50	0.022408	42.403
21.49	21.50	0.022424	42.497
21.49	21.50	0.022441	42.599
21.49	21.50	0.022458	42.701
21.49	21.50	0.022474	42.796
21.49	21.50	0.022491	42.874
21.49	21.50	0.022508	43.000
21.49	21.50	0.022524	43.095
21.49	21.50	0.022541	43.198
21.49	21.50	0.022558	43.299
21.49	21.50	0.022574	43.393
21.49	21.50	0.022591	43.498
21.49	21.50	0.022608	43.597
21.49	21.50	0.022624	43.692
21.49	21.50	0.022641	43.797
21.52	21.50	0.022658	43.896
21.52	21.50	0.022674	43.991
21.52	21.50	0.022691	44.095
21.52	21.50	0.022708	44.195
21.52	21.50	0.022724	44.289
21.52	21.50	0.022741	44.394
21.52	21.50	0.022758	44.488
21.52	21.50	0.022774	44.588
21.52	21.50	0.022791	44.693
21.52	21.50	0.022808	44.787
21.49	21.50	0.022824	44.887
21.49	21.50	0.022841	44.991
21.49	21.50	0.022858	45.086
21.49	21.50	0.022874	45.185
21.49	21.50	0.022891	45.290
21.49	21.50	0.022908	45.385
21.49	21.50	0.022924	45.484
21.49	21.50	0.022941	45.589
21.49	21.50	0.022957	45.683
21.49	21.50	0.022974	45.783
21.49	21.50	0.022991	45.887
21.49	21.50	0.023007	45.982
21.49	21.50	0.023024	46.081
21.49	21.50	0.023041	46.186
21.49	21.50	0.023057	46.281
21.49	21.50	0.023074	46.380
21.49	21.50	0.023091	46.485
21.49	21.50	0.023107	46.579
21.52	21.50	0.023124	46.679
21.52	21.50	0.023141	46.783
21.52	21.50	0.023157	46.878
21.52	21.50	0.023174	46.979
21.52	21.50	0.023191	47.082
21.52	21.50	0.023207	47.177
21.52	21.50	0.023224	47.279
21.52	21.50	0.023241	47.381
21.52	21.50	0.023257	47.476
21.52	21.50	0.023274	47.579
21.52	21.50	0.023291	47.680
21.49	21.50	0.023307	47.775
21.49	21.50	0.023324	47.879
21.49	21.50	0.023341	47.979
21.49	21.50	0.023357	48.075
21.49	21.50	0.023374	48.178
21.49	21.50	0.023391	48.277
21.49	21.50	0.023407	48.375
21.49	21.50	0.023424	48.476
21.49	21.50	0.023441	48.576
21.49	21.50	0.023457	48.676
21.49	21.50	0.023474	48.775
21.49	21.50	0.023491	48.875
21.49	21.50	0.023507	48.975
21.49	21.50	0.023524	49.075
21.49	21.50	0.023541	49.175
21.49	21.50	0.023557	49.275
21.49	21.50	0.023574	49.375
21.49	21.50	0.023591	49.475
21.49	21.50	0.023607	49.575
21.49	21.50	0.023624	49.675
21.49	21.50	0.023641	49.775
21.52	21.50	0.023657	49.875
21.52	21.50	0.023674	49.975
21.52	21.50	0.023691	50.075
21.52	21.50	0.023707	50.175
21.52	21.50	0.023724	50.275
21.52	21.50	0.023741	50.375
21.52	21.50	0.023757	50.475
21.52	21.50	0.023774	50.575
21.52	21.50	0.023790	50.675
21.49	21.50	0.023807	50.775
21.49	21.50	0.023824	50.875
21.49	21.50	0.023840	50.975
21.49	21.50	0.023857	51.075
21.49	21.50	0.023874	51.176
21.49	21.50	0.023890	51.275
21.49	21.50	0.023907	51.375
21.49	21.50	0.023924	51.475
21.49	21.50	0.023940	51.575
21.49	21.50	0.023957	51.675
21.49	21.50	0.023974	51.775
21.49	21.50	0.023990	51.875
21.49	21.50	0.024007	51.975
21.49	21.50	0.024024	52.075
21.49	21.50	0.024040	52.175
21.52	21.50	0.024057	52.275
21.52	21.50	0.024074	52.376
21.52	21.50	0.024090	52.475
21.52	21.50	0.024107	52.575
21.52	21.50	0.024124	52.675
21.52	21.50	0.024140	52.776
21.52	21.50	0.024157	52.875
21.52	21.50	0.024174	52.975
21.49	21.50	0.024190	53.075
21.49	21.50	0.024207	53.175
21.49	21.50	0.024224	53.275
21.49	21.50	0.024240	53.375
21.49	21.50	0.024257	53.475
21.49	21.50	0.024274	53.574
21.49	21.50	0.024290	53.676
21.49	21.50	0.024307	53.803
21.49	21.50	0.024324	53.898
21.49	21.50	0.024340	53.975
21.49	21.50	0.024357	54.102
21.49	21.50	0.024374	54.197
21.49	21.50	0.024390	54.275
21.49	21.50	0.024407	54.401
21.49	21.50	0.024424	54.495
21.49	21.50	0.024440	54.576
21.49	21.50	0.024457	54.699
21.49	21.50	0.024474	54.794
21.49	21.50	0.024490	54.898
21.49	21.50	0.024507	54.998
21.49	21.50	0.024524	55.093
21.52	21.50	0.024540	55.198
21.52	21.50	0.024557	55.298
21.52	21.50	0.024574	55.392
21.52	21.50	0.024590	55.497
21.52	21.50	0.024607	55.596
21.52	21.50	0.024623	55.690
21.52	21.50	0.024640	55.795
21.52	21.50	0.024657	55.889
21.52	21.50	0.024673	55.989
21.52	21.50	0.024690	56.093
21.49	21.50	0.024707	56.188
21.49	21.50	0.024723	56.287
21.49	21.50	0.024740	56.392
21.49	21.50	0.024757	56.487
21.49	21.50	0.024773	56.586
21.49	21.50	0.024790	56.691
21.49	21.50	0.024807	56.785
21.49	21.50	0.024823	56.885
21.49	21.50	0.024840	56.989
21.49	21.50	0.024857	57.084
21.49	21.50	0.024873	57.184
21.49	21.50	0.024890	57.289
21.49	21.50	0.024907	57.383
21.49	21.50	0.024923	57.483
21.49	21.50	0.024940	57.587
21.49	21.50	0.024957	57.682
21.49	21.50	0.024973	57.781
21.49	21.50	0.024990	57.886
21.49	21.50	0.025007	57.980
21.52	21.50	0.025023	58.081
21.52	21.50	0.025040	58.184
21.52	21.50	0.025057	58.279
21.52	21.50	0.025073	58.381
21.52	21.50	0.025090	58.483
21.52	21.50	0.025107	58.578
21.52	21.50	0.025123	58.680
21.52	21.50	0.025140	58.782
21.52	21.50	0.025157	58.876
21.52	21.50	0.025173	58.981
21.52	21.50	0.025190	59.080
21.49	21.50	0.025207	59.176
21.49	21.50	0.025223	59.280
21.49	21.50	0.025240	59.379
21.49	21.50	0.025257	59.476
21.49	21.50	0.025273	59.578
21.49	21.50	0.025290	59.678
21.49	21.50	0.025307	59.776
21.49	21.50	0.025323	59.877
21.49	21.50	0.025340	59.977
21.49	21.50	0.025357	00.076
21.49	21.50	0.025373	00.176
21.49	21.50	0.025390	00.276
21.49	21.50	0.025407	00.376
21.49	21.50	0.025423	00.476
21.49	21.50	0.025440	00.576
21.49	21.50	0.025456	00.677
21.49	21.50	0.025473	00.776
21.49	21.50	0.025490	00.877
21.49	21.50	0.025506	00.976
21.49	21.50	0.025523	01.076
21.52	21.50	0.025540	01.176
21.52	21.50	0.025556	01.276
21.52	21.50	0.025573	01.376
21.52	21.50	0.025590	01.476
21.52	21.50	0.025606	01.576
21.52	21.50	0.025623	01.676
21.52	21.50	0.025640	01.777
21.52	21.50	0.025656	01.876
21.52	21.50	0.025673	01.976
21.49	21.50	0.025690	02.077
21.49	21.50	0.025706	02.177
21.49	21.50	0.025723	02.277
21.49	21.50	0.025740	02.377
21.49	21.50	0.025756	02.477
21.49	21.50	0.025773	02.577
21.49	21.50	0.025790	02.677
21.49	21.50	0.025806	02.777
21.49	21.50	0.025823	02.877
21.49	21.50	0.025840	02.977
21.49	21.50	0.025856	03.077
21.49	21.50	0.025873	03.177
21.49	21.50	0.025890	03.277
21.49	21.50	0.025906	03.377
21.49	21.50	0.025923	03.477
21.49	21.50	0.025940	03.577
21.52	21.50	0.025956	03.677
21.52	21.50	0.025973	03.777
21.52	21.50	0.025990	03.877
21.52	21.50	0.026006	03.977
21.52	21.50	0.026023	04.077
21.52	21.50	0.026040	04.177
21.52	21.50	0.026056	04.278
21.52	21.50	0.026073	04.378
21.52	21.50	0.026090	04.478
21.52	21.50	0.026106	04.607
21.49	21.50	0.026123	04.702
21.49	21.50	0.026140	04.801
21.49	21.50	0.026156	04.906
21.49	21.50	0.026173	05.000
21.49	21.50	0.026190	05.101
21.49	21.50	0.026206	05.204
21.49	21.50	0.026223	05.299
21.49	21.50	0.026240	05.402
21.49	21.50	0.026256	05.503
21.49	21.50	0.026273	05.598
21.49	21.50	0.026289	05.701
21.49	21.50	0.026306	05.802
21.49	21.50	0.026323	05.896
21.49	21.50	0.026339	06.001
21.49	21.50	0.026356	06.100
21.49	21.50	0.026373	06.195
21.49	21.50	0.026389	06.300
21.49	21.50	0.026406	06.400
21.52	21.50	0.026423	06.494
21.52	21.50	0.026439	06.599
21.52	21.50	0.026456	06.698
21.52	21.50	0.026473	06.793
21.52	21.50	0.026489	06.897
21.52	21.50	0.026506	06.997
21.52	21.50	0.026523	07.092
21.52	21.50	0.026539	07.196
21.52	21.50	0.026556	07.291
21.52	21.50	0.026573	07.390
21.49	21.50	0.026589	07.495
21.49	21.50	0.026606	07.590
21.49	21.50	0.026623	07.689
21.49	21.50	0.026639	07.794
21.49	21.50	0.026656	07.888
21.49	21.50	0.026673	07.988
21.49	21.50	0.026689	08.092
21.49	21.50	0.026706	08.187
21.49	21.50	0.026723	08.287
21.49	21.50	0.026739	08.391
21.49	21.50	0.026756	08.486
21.49	21.50	0.026773	08.585
21.49	21.50	0.026789	08.690
21.49	21.50	0.026806	08.784
21.49	21.50	0.026823	08.884
21.49	21.50	0.026839	08.988
21.49	21.50	0.026856	09.083
21.49	21.50	0.026873	09.183
21.49	21.50	0.026889	09.287
21.52	21.50	0.026906	09.382
21.52	21.50	0.026923	09.481
21.52	21.50	0.026939	09.586
21.52	21.50	0.026956	09.680
21.52	21.50	0.026973	09.782
21.52	21.50	0.026989	09.885
21.52	21.50	0.027006	09.979
21.52	21.50	0.027023	10.082
21.52	21.50	0.027039	10.183
21.52	21.50	0.027056	10.278
21.49	21.50	0.027073	10.382
21.49	21.50	0.027089	10.482
21.49	21.50	0.027106	10.578
21.49	21.50	0.027122	10.681
21.49	21.50	0.027139	10.781
21.49	21.50	0.027156	10.878
21.49	21.50	0.027172	10.980
21.49	21.50	0.027189	11.079
21.49	21.50	0.027206	11.178
21.49	21.50	0.027222	11.278
21.49	21.50	0.027239	11.378
21.49	21.50	0.027256	11.478
21.49	21.50	0.027272	11.578
21.49	21.50	0.027289	11.678
21.49	21.50	0.027306	11.778
21.49	21.50	0.027322	11.878
21.49	21.50	0.027339	11.978
21.49	21.50	0.027356	12.078
21.49	21.50	0.027372	12.178
21.49	21.50	0.027389	12.279
21.49	21.50	0.027406	12.379
21.49	21.50	0.027422	12.479
21.52	21.50	0.027439	12.579
21.52	21.50	0.027456	12.680
21.52	21.50	0.027472	12.779
21.52	21.50	0.027489	12.879
21.52	21.50	0.027506	12.979
21.52	21.50	0.027522	13.079
21.52	21.50	0.027539	13.179
21.52	21.50	0.027556	13.279
21.52	21.50	0.027572	13.379
21.52	21.50	0.027589	13.479
21.52	21.50	0.027606	13.580
21.52	21.50	0.027622	13.679
21.49	21.50	0.027639	13.779
21.49	21.50	0.027656	13.879
21.49	21.50	0.027672	13.979
21.49	21.50	0.027689	14.079
21.49	21.50	0.027706	14.179
21.49	21.50	0.027722	14.279
21.49	21.50	0.027739	14.379
21.49	21.50	0.027756	14.479
21.49	21.50	0.027772	14.579
21.49	21.50	0.027789	14.679
21.49	21.50	0.027806	14.779
21.49	21.50	0.027822	14.879
21.49	21.50	0.027839	14.979
21.49	21.50	0.027856	15.079
21.49	21.50	0.027872	15.179
21.49	21.50	0.027889	15.279
21.49	21.50	0.027906	15.379
21.49	21.50	0.027922	15.479
21.52	21.50	0.027939	15.579
21.52	21.50	0.027955	15.679
21.52	21.50	0.027972	15.779
21.52	21.50	0.027989	15.879
21.52	21.50	0.028005	15.978
21.52	21.50	0.028022	16.078
21.52	21.50	0.028039	16.202
21.52	21.50	0.028055	16.307
21.52	21.50	0.028072	16.402
21.49	21.50	0.028089	16.478
21.49	21.50	0.028105	16.606
21.49	21.50	0.028122	16.701
21.49	21.50	0.028139	16.802
21.49	21.50	0.028155	16.904
21.49	21.50	0.028172	16.999
21.49	21.50	0.028189	17.102
21.49	21.50	0.028205	17.203
21.49	21.50	0.028222	17.297
21.49	21.50	0.028239	17.402
21.49	21.50	0.028255	17.501
21.49	21.50	0.028272	17.596
21.49	21.50	0.028289	17.701
21.49	21.50	0.028305	17.800
21.49	21.50	0.028322	17.895
21.49	21.50	0.028339	17.999
21.49	21.50	0.028355	18.099
21.49	21.50	0.028372	18.193
21.49	21.50	0.028389	18.298
21.49	21.50	0.028405	18.393
21.49	21.50	0.028422	18.492
21.49	21.50	0.028439	18.597
21.52	21.50	0.028455	18.691
21.52	21.50	0.028472	18.792
21.52	21.50	0.028489	18.896
21.52	21.50	0.028505	18.990
21.52	21.50	0.028522	19.090
21.52	21.50	0.028539	19.195
21.52	21.50	0.028555	19.290
21.52	21.50	0.028572	19.389
21.52	21.50	0.028589	19.494
21.52	21.50	0.028605	19.588
21.52	21.50	0.028622	19.688
21.49	21.50	0.028639	19.792
21.49	21.50	0.028655	19.886
21.49	21.50	0.028672	19.986
21.49	21.50	0.028689	20.091
21.49	21.50	0.028705	20.185
21.49	21.50	0.028722	20.284
21.49	21.50	0.028739	20.390
21.49	21.50	0.028755	20.484
21.49	21.50	0.028772	20.583
21.49	21.50	0.028788	20.688
21.49	21.50	0.028805	20.782
21.49	21.50	0.028822	20.883
21.49	21.50	0.028838	20.987
21.49	21.50	0.028855	21.082
21.49	21.50	0.028872	21.183
21.49	21.50	0.028888	21.285
21.49	21.50	0.028905	21.380
21.49	21.50	0.028922	21.482
21.52	21.50	0.028938	21.584
21.52	21.50	0.028955	21.681
21.52	21.50	0.028972	21.783
21.52	21.50	0.028988	21.883
21.52	21.50	0.029005	21.981
21.52	21.50	0.029022	22.082
21.52	21.50	0.029038	22.181
21.52	21.50	0.029055	22.281
21.52	21.50	0.029072	22.382
21.52	21.50	0.029088	22.481
21.49	21.50	0.029105	22.581
21.49	21.50	0.029122	22.681
21.49	21.50	0.029138	22.781
21.49	21.50	0.029155	22.882
21.49	21.50	0.029172	22.982
21.49	21.50	0.029188	23.082
21.49	21.50	0.029205	23.182
21.49	21.50	0.029222	23.282
21.49	21.50	0.029238	23.382
21.49	21.50	0.029255	23.482
21.49	21.50	0.029272	23.583
21.49	21.50	0.029288	23.682
21.49	21.50	0.029305	23.782
21.49	21.50	0.029322	23.882
21.49	21.50	0.029338	23.982
21.49	21.50	0.029355	24.084
21.49	21.50	0.029372	24.184
21.49	21.50	0.029388	24.284
21.49	21.50	0.029405	24.385
21.49	21.50	0.029422	24.484
21.52	21.50	0.029438	24.584
21.52	21.50	0.029455	24.684
21.52	21.50	0.029472	24.784
21.52	21.50	0.029488	24.884
21.52	21.50	0.029505	24.984
21.52	21.50	0.029522	25.084
21.52	21.50	0.029538	25.184
21.52	21.50	0.029555	25.284
21.52	21.50	0.029572	25.384
21.49	21.50	0.029588	25.484
21.49	21.50	0.029605	25.584
21.49	21.50	0.029621	25.684
21.49	21.50	0.029638	25.784
21.49	21.50	0.029655	25.884
21.49	21.50	0.029671	25.984
21.49	21.50	0.029688	26.084
21.49	21.50	0.029705	26.185
21.49	21.50	0.029721	26.284
21.49	21.50	0.029738	26.384
21.49	21.50	0.029755	26.513
21.49	21.50	0.029771	26.608
21.49	21.50	0.029788	26.707
21.49	21.50	0.029805	26.812
21.49	21.50	0.029821	26.906
21.49	21.50	0.029838	27.006
21.49	21.50	0.029855	27.110
21.52	21.50	0.029871	27.206
21.52	21.50	0.029888	27.305
21.52	21.50	0.029905	27.410
21.52	21.50	0.029921	27.504
21.52	21.50	0.029938	27.604
21.52	21.50	0.029955	27.708
21.52	21.50	0.029971	27.802
21.52	21.50	0.029988	27.904
21.52	21.50	0.030005	28.006
21.52	21.50	0.030021	28.101
21.49	21.50	0.030038	28.204
21.49	21.50	0.030055	28.305
21.49	21.50	0.030071	28.400
21.49	21.50	0.030088	28.504
21.49	21.51	0.030105	28.604
21.49	21.51	0.030121	28.698
21.49	21.51	0.030138	28.803
21.49	21.51	0.030155	28.902
21.49	21.51	0.030171	28.997
21.49	21.51	0.030188	29.102
21.49	21.51	0.030205	29.201
21.49	21.51	0.030221	29.296
21.49	21.51	0.030238	29.400
21.52	21.51	0.030255	29.500
21.52	21.51	0.030271	29.594
21.52	21.51	0.030288	29.700
21.52	21.51	0.030305	29.794
21.52	21.52	0.030321	29.894
21.52	21.52	0.030338	29.998
21.52	21.52	0.030355	30.093
21.52	21.52	0.030371	30.192
21.52	21.52	0.030388	30.297
21.52	21.52	0.030405	30.391
21.52	21.52	0.030421	30.491
21.52	21.52	0.030438	30.595
21.52	21.52	0.030454	30.690
21.52	21.52	0.030471	30.790
21.52	21.52	0.030488	30.894
21.52	21.52	0.030504	30.989
21.52	21.52	0.030521	31.088
21.52	21.53	0.030538	31.193
21.52	21.53	0.030554	31.287
21.52	21.53	0.030571	31.387
21.52	21.53	0.030588	31.491
21.52	21.53	0.030604	31.586
21.52	21.53	0.030621	31.686
21.52	21.53	0.030638	31.790
21.54	21.53	0.030654	31.885
21.54	21.53	0.030671	31.984
21.54	21.53	0.030688	32.089
21.54	21.53	0.030704	32.184
21.54	21.53	0.030721	32.285
21.54	21.53	0.030738	32.388
21.54	21.54	0.030754	32.484
21.54	21.54	0.030771	32.584
21.54	21.54	0.030788	32.686
21.54	21.54	0.030804	32.785
21.54	21.54	0.030821	32.884
21.54	21.54	0.030838	32.985
21.54	21.54	0.030854	33.084
21.54	21.54	0.030871	33.184
21.54	21.54	0.030888	33.284
21.54	21.54	0.030904	33.384
21.54	21.54	0.030921	33.484
21.54	21.54	0.030938	33.584
21.54	21.54	0.030954	33.684
21.54	21.55	0.030971	33.784
21.54	21.55	0.030988	33.884
21.54	21.55	0.031004	33.984
21.54	21.55	0.031021	34.084
21.54	21.55	0.031038	34.184
21.54	21.55	0.031054	34.284
21.54	21.55	0.031071	34.384
21.54	21.55	0.031088	34.484
21.54	21.55	0.031104	34.584
21.54	21.55	0.031121	34.685
21.54	21.55	0.031138	34.785
21.54	21.55	0.031154	34.885
21.54	21.55	0.031171	34.985
21.57	21.56	0.031188	35.085
21.57	21.56	0.031204	35.185
21.57	21.56	0.031221	35.286
21.57	21.56	0.031238	35.385
21.57	21.56	0.031254	35.485
21.57	21.56	0.031271	35.585
21.57	21.56	0.031287	35.685
21.57	21.56	0.031304	35.785
21.57	21.56	0.031321	35.885
21.57	21.56	0.031337	35.985
21.57	21.56	0.031354	36.085
21.57	21.56	0.031371	36.186
21.57	21.56	0.031387	36.285
21.57	21.57	0.031404	36.385
21.57	21.57	0.031421	36.485
21.57	21.57	0.031437	36.585
21.57	21.57	0.031454	36.685
21.57	21.57	0.031471	36.785
21.57	21.57	0.031487	36.884
21.57	21.57	0.031504	36.984
21.57	21.57	0.031521	37.084
21.57	21.57	0.031537	37.185
21.57	21.57	0.031554	37.285
21.57	21.57	0.031571	37.385
21.57	21.57	0.031587	37.485
21.57	21.57	0.031604	37.585
21.57	21.58	0.031621	37.685
21.57	21.58	0.031637	37.785
21.57	21.58	0.031654	37.914
21.57	21.58	0.031671	38.009
21.57	21.58	0.031687	38.108
21.57	21.58	0.031704	38.213
21.57	21.58	0.031721	38.308
21.57	21.58	0.031737	38.407
21.57	21.58	0.031754	38.512
21.57	21.58	0.031771	38.606
21.57	21.58	0.031787	38.706
21.60	21.58	0.031804	38.810
21.60	21.58	0.031821	38.905
21.60	21.59	0.031837	39.006
21.60	21.59	0.031854	39.109
21.60	21.59	0.031871	39.204
21.60	21.59	0.031887	39.305
21.60	21.59	0.031904	39.408
21.60	21.59	0.031921	39.503
21.60	21.59	0.031937	39.605
21.60	21.59	0.031954	39.707
21.60	21.59	0.031971	39.801
21.60	21.59	0.031987	39.905
21.60	21.59	0.032004	40.005
21.60	21.59	0.032021	40.100
21.60	21.59	0.032037	40.205
21.60	21.60	0.032054	40.304
21.57	21.60	0.032071	40.399
21.57	21.60	0.032087	40.503
21.57	21.60	0.032104	40.602
21.57	21.60	0.032120	40.697
21.57	21.60	0.032137	40.801
21.57	21.60	0.032154	40.901
21.57	21.60	0.032170	40.995
21.60	21.60	0.032187	41.101
21.60	21.60	0.032204	41.196
21.60	21.60	0.032220	41.295
21.60	21.60	0.032237	41.400
21.60	21.60	0.032254	41.494
21.60	21.61	0.032270	41.594
21.60	21.61	0.032287	41.698
21.60	21.61	0.032304	41.792
21.60	21.61	0.032320	41.892
21.60	21.61	0.032337	41.996
21.62	21.61	0.032354	42.091
21.62	21.61	0.032370	42.191
21.62	21.61	0.032387	42.295
21.62	21.61	0.032404	42.390
21.62	21.61	0.032420	42.489
21.62	21.61	0.032437	42.594
21.62	21.61	0.032454	42.688
21.62	21.61	0.032470	42.788
21.62	21.62	0.032487	42.892
21.62	21.62	0.032504	42.987
21.62	21.62	0.032520	43.087
21.62	21.62	0.032537	43.191
21.62	21.62	0.032554	43.286
21.62	21.62	0.032570	43.385
21.62	21.62	0.032587	43.490
21.62	21.62	0.032604	43.585
21.62	21.62	0.032620	43.686
21.62	21.62	0.032637	43.788
21.62	21.62	0.032654	43.885
21.62	21.62	0.032670	43.986
21.62	21.62	0.032687	44.087
21.62	21.62	0.032704	44.185
21.62	21.63	0.032720	44.285
21.62	21.63	0.032737	44.386
21.62	21.63	0.032754	44.485
21.62	21.63	0.032770	44.585
21.62	21.63	0.032787	44.686
21.65	21.63	0.032804	44.785
21.65	21.63	0.032820	44.885
21.65	21.63	0.032837	44.985
21.65	21.63	0.032854	45.085
21.65	21.63	0.032870	45.185
21.65	21.63	0.032887	45.285
21.65	21.63	0.032904	45.385
21.65	21.63	0.032920	45.485
21.65	21.64	0.032937	45.585
21.65	21.64	0.032953	45.685
21.65	21.64	0.032970	45.785
21.65	21.64	0.032987	45.885
21.62	21.64	0.033003	45.985
21.62	21.64	0.033020	46.085
21.62	21.64	0.033037	46.185
21.62	21.64	0.033053	46.285
21.62	21.64	0.033070	46.385
21.62	21.64	0.033087	46.485
21.62	21.64	0.033103	46.585
21.62	21.64	0.033120	46.685
21.62	21.64	0.033137	46.785
21.62	21.65	0.033153	46.885
21.65	21.65	0.033170	46.985
21.65	21.65	0.033187	47.085
21.65	21.65	0.033203	47.186
21.65	21.65	0.033220	47.285
21.65	21.65	0.033237	47.385
21.65	21.65	0.033253	47.485
21.65	21.65	0.033270	47.585
21.65	21.65	0.033287	47.685
21.65	21.65	0.033303	47.785
21.65	21.65	0.033320	47.885
21.65	21.65	0.033337	47.985
21.65	21.65	0.033353	48.086
21.65	21.66	0.033370	48.185
21.65	21.66	0.033387	48.285
21.65	21.66	0.033403	48.385
21.67	21.66	0.033420	48.485
21.67	21.66	0.033437	48.585
21.67	21.66	0.033453	48.685
21.67	21.66	0.033470	48.785
21.67	21.66	0.033487	48.885
21.67	21.66	0.033503	48.985
21.67	21.66	0.033520	49.085
21.67	21.66	0.033537	49.185
21.67	21.66	0.033553	49.285
21.67	21.66	0.033570	49.385
21.67	21.67	0.033587	49.509
21.67	21.67	0.033603	49.614
21.67	21.67	0.033620	49.708
21.67	21.67	0.033637	49.808
21.67	21.67	0.033653	49.912
21.67	21.67	0.033670	50.007
21.67	21.67	0.033687	50.107
21.67	21.67	0.033703	50.211
21.67	21.67	0.033720	50.306
21.67	21.67	0.033737	50.406
21.67	21.67	0.033753	50.510
21.67	21.67	0.033770	50.604
21.67	21.67	0.033786	50.707
21.67	21.68	0.033803	50.809
21.67	21.68	0.033820	50.903
21.67	21.68	0.033836	51.007
21.67	21.68	0.033853	51.107
21.67	21.68	0.033870	51.202
21.67	21.68	0.033886	51.306
21.67	21.68	0.033903	51.406
21.67	21.68	0.033920	51.501
21.67	21.68	0.033936	51.605
21.67	21.68	0.033953	51.705
21.70	21.68	0.033970	51.799
21.70	21.68	0.033986	51.904
21.70	21.68	0.034003	52.004
21.70	21.69	0.034020	52.098
21.70	21.69	0.034036	52.202
21.70	21.69	0.034053	52.302
21.70	21.69	0.034070	52.398
21.70	21.69	0.034086	52.502
21.70	21.69	0.034103	52.596
21.70	21.69	0.034120	52.695
21.70	21.69	0.034136	52.800
21.70	21.69	0.034153	52.894
21.70	21.69	0.034170	52.994
21.70	21.69	0.034186	53.099
21.70	21.69	0.034203	53.194
21.70	21.69	0.034220	53.293
21.70	21.70	0.034236	53.398
21.67	21.70	0.034253	53.493
21.67	21.70	0.034270	53.591
21.67	21.70	0.034286	53.697
21.67	21.70	0.034303	53.790
21.67	21.70	0.034320	53.890
21.67	21.70	0.034336	53.995
21.70	21.70	0.034353	54.090
21.70	21.70	0.034370	54.189
21.70	21.70	0.034386	54.294
21.70	21.70	0.034403	54.389
21.70	21.70	0.034420	54.488
21.70	21.70	0.034436	54.593
21.70	21.71	0.034453	54.687
21.70	21.71	0.034470	54.787
21.70	21.71	0.034486	54.891
21.70	21.71	0.034503	54.986
21.73	21.71	0.034520	55.088
21.73	21.71	0.034536	55.190
21.73	21.71	0.034553	55.286
21.73	21.71	0.034570	55.387
21.73	21.71	0.034586	55.489
21.73	21.71	0.034603	55.586
21.73	21.71	0.034619	55.687
21.73	21.71	0.034636	55.787
21.73	21.71	0.034653	55.886
21.73	21.72	0.034669	55.987
21.73	21.72	0.034686	56.086
21.73	21.72	0.034703	56.186
21.73	21.72	0.034719	56.286
21.70	21.72	0.034736	56.386
21.70	21.72	0.034753	56.486
21.70	21.72	0.034769	56.586
21.70	21.72	0.034786	56.687
21.70	21.72	0.034803	56.786
21.70	21.72	0.034819	56.886
21.70	21.72	0.034836	56.986
21.70	21.72	0.034853	57.086
21.70	21.72	0.034869	57.186
21.70	21.73	0.034886	57.286
21.73	21.73	0.034903	57.386
21.73	21.73	0.034919	57.486
21.73	21.73	0.034936	57.586
21.73	21.73	0.034953	57.686
21.73	21.73	0.034969	57.786
21.73	21.73	0.034986	57.886
21.73	21.73	0.035003	57.987
21.73	21.73	0.035019	58.086
21.73	21.73	0.035036	58.186
21.73	21.73	0.035053	58.286
21.73	21.73	0.035069	58.386
21.73	21.73	0.035086	58.486
21.73	21.74	0.035103	58.586
21.73	21.74	0.035119	58.686
21.75	21.74	0.035136	58.786
21.75	21.74	0.035153	58.886
21.75	21.74	0.035169	58.986
21.75	21.74	0.035186	59.086
21.75	21.74	0.035203	59.186
21.75	21.74	0.035219	59.286
21.75	21.74	0.035236	59.386
21.75	21.74	0.035253	59.486
21.75	21.74	0.035269	59.586
21.75	21.74	0.035286	59.686
21.75	21.74	0.035303	59.786
21.75	21.75	0.035319	59.886
21.75	21.75	0.035336	59.986
21.75	21.75	0.035353	00.086
21.75	21.75	0.035369	00.186
21.75	21.75	0.035386	00.286
21.75	21.75	0.035403	00.386
21.75	21.75	0.035419	00.487
21.75	21.75	0.035436	00.586
21.75	21.75	0.035452	00.686
21.75	21.75	0.035469	00.786
21.75	21.75	0.035486	00.886
21.75	21.75	0.035502	01.015
21.75	21.75	0.035519	01.110
21.75	21.76	0.035536	01.209
21.75	21.76	0.035552	01.314
21.75	21.76	0.035569	01.408
21.75	21.76	0.035586	01.508
21.75	21.76	0.035602	01.613
21.75	21.76	0.035619	01.707
21.75	21.76	0.035636	01.808
21.75	21.76	0.035652	01.911
21.75	21.76	0.035669	02.006
21.75	21.76	0.035686	02.108
21.75	21.76	0.035702	02.210
21.75	21.76	0.035719	02.305
21.75	21.76	0.035736	02.408
21.75	21.77	0.035752	02.509
21.75	21.77	0.035769	02.603
21.78	21.77	0.035786	02.707
21.78	21.77	0.035802	02.807
21.78	21.77	0.035819	02.902
21.78	21.77	0.035836	03.006
21.78	21.77	0.035852	03.106
21.78	21.77	0.035869	03.200
21.78	21.77	0.035886	03.305
21.78	21.77	0.035902	03.404
21.78	21.77	0.035919	03.499
21.78	21.77	0.035936	03.604
21.78	21.77	0.035952	03.698
21.78	21.78	0.035969	03.798
21.78	21.78	0.035986	03.902
21.78	21.78	0.036002	03.997
21.78	21.78	0.036019	04.097
21.78	21.78	0.036036	04.201
21.78	21.78	0.036052	04.296
21.78	21.78	0.036069	04.395
21.78	21.78	0.036086	04.500
21.78	21.78	0.036102	04.594
21.78	21.78	0.036119	04.694
21.78	21.78	0.036136	04.799
21.78	21.78	0.036152	04.893
21.78	21.78	0.036169	04.993
21.78	21.79	0.036186	05.097
21.78	21.79	0.036202	05.192
21.78	21.79	0.036219	05.291
21.78	21.79	0.036236	05.396
21.78	21.79	0.036252	05.491
21.78	21.79	0.036269	05.590
21.78	21.79	0.036285	05.695
21.78	21.79	0.036302	05.789
21.78	21.79	0.036319	05.889
21.78	21.79	0.036335	05.993
21.78	21.79	0.036352	06.088
21.78	21.79	0.036369	06.188
21.78	21.79	0.036385	06.292
21.80	21.80	0.036402	06.387
21.80	21.80	0.036419	06.488
21.80	21.80	0.036435	06.591
21.80	21.80	0.036452	06.687
21.80	21.80	0.036469	06.788
21.80	21.80	0.036485	06.890
21.80	21.80	0.036502	06.986
21.80	21.80	0.036519	07.088
21.80	21.80	0.036535	07.188
21.80	21.80	0.036552	07.286
21.80	21.80	0.036569	07.388
21.80	21.80	0.036585	07.487
21.80	21.80	0.036602	07.587
21.80	21.81	0.036619	07.686
21.80	21.81	0.036635	07.786
21.80	21.81	0.036652	07.886
21.80	21.81	0.036669	07.986
21.83	21.81	0.036685	08.086
21.83	21.81	0.036702	08.186
21.83	21.81	0.036719	08.286
21.83	21.81	0.036735	08.386
21.83	21.81	0.036752	08.486
21.83	21.81	0.036769	08.586
21.83	21.81	0.036785	08.686
21.83	21.81	0.036802	08.786
21.83	21.81	0.036819	08.886
21.83	21.82	0.036835	08.986
21.83	21.82	0.036852	09.086
21.83	21.82	0.036869	09.186
21.83	21.82	0.036885	09.286
21.83	21.82	0.036902	09.386
21.80	21.82	0.036919	09.486
21.80	21.82	0.036935	09.586
21.80	21.82	0.036952	09.686
21.80	21.82	0.036969	09.786
21.80	21.82	0.036985	09.886
21.80	21.82	0.037002	09.986
21.80	21.82	0.037019	10.087
21.83	21.82	0.037035	10.186
21.83	21.83	0.037052	10.286
21.83	21.83	0.037069	10.386
21.83	21.83	0.037085	10.486
21.83	21.83	0.037102	10.586
21.83	21.83	0.037118	10.686
21.83	21.83	0.037135	10.786
21.83	21.83	0.037152	10.886
21.83	21.83	0.037168	10.987
21.83	21.83	0.037185	11.086
21.83	21.83	0.037202	11.186
21.83	21.83	0.037218	11.286
21.83	21.83	0.037235	11.386
21.83	21.83	0.037252	11.486
21.83	21.84	0.037268	11.586
21.86	21.84	0.037285	11.686
21.86	21.84	0.037302	11.786
21.86	21.84	0.037318	11.886
21.86	21.84	0.037335	11.986
21.86	21.84	0.037352	12.086
21.86	21.84	0.037368	12.186
21.86	21.84	0.037385	12.286
21.86	21.84	0.037402	12.386
21.86	21.84	0.037418	12.486
21.86	21.84	0.037435	12.586
21.86	21.84	0.037452	12.715
21.86	21.84	0.037468	12.810
21.83	21.84	0.037485	12.909
21.83	21.85	0.037502	13.014
21.83	21.85	0.037518	13.109
21.83	21.85	0.037535	13.209
21.83	21.85	0.037552	13.313
21.83	21.85	0.037568	13.407
21.83	21.85	0.037585	13.510
21.83	21.85	0.037602	13.611
21.83	21.85	0.037618	13.706
21.83	21.85	0.037635	13.809
21.83	21.85	0.037652	13.910
21.86	21.85	0.037668	14.005
21.86	21.85	0.037685	14.109
21.86	21.85	0.037702	14.209
21.86	21.86	0.037718	14.303
21.86	21.86	0.037735	14.408
21.86	21.86	0.037752	14.507
21.86	21.86	0.037768	14.602
21.86	21.86	0.037785	14.707
21.86	21.86	0.037802	14.806
21.86	21.86	0.037818	14.901
21.86	21.86	0.037835	15.005
21.86	21.86	0.037852	15.100
21.86	21.86	0.037868	15.199
21.86	21.86	0.037885	15.304
21.86	21.86	0.037902	15.398
21.86	21.86	0.037918	15.498
21.86	21.87	0.037935	15.603
21.86	21.87	0.037951	15.697
21.86	21.87	0.037968	15.797
21.86	21.87	0.037985	15.901
21.86	21.87	0.038001	15.996
21.88	21.87	0.038018	16.095
21.88	21.87	0.038035	16.200
21.88	21.87	0.038051	16.294
21.88	21.87	0.038068	16.394
21.88	21.87	0.038085	16.499
21.88	21.87	0.038101	16.594
21.88	21.87	0.038118	16.693
21.88	21.87	0.038135	16.798
21.88	21.88	0.038151	16.892
21.88	21.88	0.038168	16.992
21.88	21.88	0.038185	17.096
21.88	21.88	0.038201	17.190
21.88	21.88	0.038218	17.290
21.88	21.88	0.038235	17.395
21.88	21.88	0.038251	17.489
21.88	21.88	0.038268	17.590
21.88	21.88	0.038285	17.694
21.88	21.88	0.038301	17.787
21.88	21.88	0.038318	17.890
21.88	21.88	0.038335	17.991
21.88	21.88	0.038351	18.087
21.88	21.89	0.038368	18.190
21.88	21.89	0.038385	18.291
21.88	21.89	0.038401	18.386
21.88	21.89	0.038418	18.489
21.88	21.89	0.038435	18.590
21.88	21.89	0.038451	18.687
21.88	21.89	0.038468	18.789
21.88	21.89	0.038485	18.888
21.88	21.89	0.038501	18.987
21.88	21.89	0.038518	19.088
21.88	21.89	0.038535	19.187
21.88	21.89	0.038551	19.287
21.88	21.89	0.038568	19.387
21.88	21.90	0.038585	19.487
21.88	21.90	0.038601	19.587
21.88	21.90	0.038618	19.687
21.88	21.90	0.038635	19.788
21.91	21.90	0.038651	19.887
21.91	21.90	0.038668	19.987
21.91	21.90	0.038685	20.087
21.91	21.90	0.038701	20.187
21.91	21.90	0.038718	20.287
21.91	21.90	0.038735	20.387
21.91	21.90	0.038751	20.487
21.91	21.90	0.038768	20.587
21.91	21.90	0.038784	20.687
21.91	21.91	0.038801	20.787
21.91	21.91	0.038818	20.887
21.91	21.91	0.038834	20.987
21.91	21.91	0.038851	21.087
21.91	21.91	0.038868	21.187
21.91	21.91	0.038884	21.287
21.91	21.91	0.038901	21.387
21.91	21.91	0.038918	21.487
21.91	21.91	0.038934	21.587
21.91	21.91	0.038951	21.687
21.91	21.91	0.038968	21.787
21.91	21.91	0.038984	21.887
21.91	21.91	0.039001	21.987
21.91	21.92	0.039018	22.087
21.91	21.92	0.039034	22.187
21.91	21.92	0.039051	22.288
21.91	21.92	0.039068	22.387
21.93	21.92	0.039084	22.487
21.93	21.92	0.039101	22.587
21.93	21.92	0.039118	22.687
21.93	21.92	0.039134	22.787
21.93	21.92	0.039151	22.887
21.93	21.92	0.039168	22.987
21.93	21.92	0.039184	23.087
21.93	21.92	0.039201	23.187
21.93	21.92	0.039218	23.287
21.93	21.93	0.039234	23.387
21.93	21.93	0.039251	23.487
21.93	21.93	0.039268	23.587
21.93	21.93	0.039284	23.687
21.93	21.93	0.039301	23.787
21.93	21.93	0.039318	23.887
21.93	21.93	0.039334	24.011
21.93	21.93	0.039351	24.116
21.93	21.93	0.039368	24.211
21.93	21.93	0.039384	24.311
21.93	21.93	0.039401	24.415
21.93	21.93	0.039418	24.509
21.93	21.93	0.039434	24.586
21.93	21.94	0.039451	24.713
21.93	21.94	0.039468	24.808
21.93	21.94	0.039484	24.910
21.93	21.94	0.039501	25.012
21.93	21.94	0.039518	25.107
21.93	21.94	0.039534	25.211
21.93	21.94	0.039551	25.311
21.93	21.94	0.039568	25.405
21.93	21.94	0.039584	25.510
21.96	21.94	0.039601	25.609
21.96	21.94	0.039617	25.704
21.96	21.94	0.039634	25.808
21.96	21.94	0.039651	25.908
21.96	21.95	0.039667	26.003
21.96	21.95	0.039684	26.107
21.96	21.95	0.039701	26.207
21.96	21.95	0.039717	26.301
21.96	21.95	0.039734	26.406
21.96	21.95	0.039751	26.500
21.96	21.95	0.039767	26.600
21.96	21.95	0.039784	26.705
21.96	21.95	0.039801	26.799
21.96	21.95	0.039817	26.899
21.93	21.95	0.039834	27.003
21.93	21.95	0.039851	27.098
21.93	21.95	0.039867	27.198
21.93	21.96	0.039884	27.302
21.93	21.96	0.039901	27.397
21.93	21.96	0.039917	27.497
21.93	21.96	0.039934	27.601
21.96	21.96	0.039951	27.696
21.96	21.96	0.039967	27.795
21.96	21.96	0.039984	27.900
21.96	21.96	0.040001	27.994
21.96	21.96	0.040017	28.094
21.96	21.96	0.040034	28.198
21.96	21.96	0.040051	28.293
21.96	21.96	0.040067	28.393
21.96	21.96	0.040084	28.497
21.96	21.97	0.040101	28.592
21.99	21.97	0.040117	28.691
21.99	21.97	0.040134	28.796
21.99	21.97	0.040151	28.890
21.99	21.97	0.040167	28.991
21.99	21.97	0.040184	29.095
21.99	21.97	0.040201	29.189
21.99	21.97	0.040217	29.292
21.99	21.97	0.040234	29.393
21.99	21.97	0.040251	29.488
21.99	21.97	0.040267	29.591
21.99	21.97	0.040284	29.692
21.99	21.97	0.040301	29.787
21.99	21.98	0.040317	29.891
21.96	21.98	0.040334	29.990
21.96	21.98	0.040351	30.087
21.96	21.98	0.040367	30.190
21.96	21.98	0.040384	30.289
21.96	21.98	0.040401	30.387
21.96	21.98	0.040417	30.488
21.96	21.98	0.040434	30.588
21.96	21.98	0.040450	30.687
21.96	21.98	0.040467	30.787
21.96	21.98	0.040484	30.887
21.96	21.98	0.040500	30.987
21.96	21.98	0.040517	31.087
21.99	21.99	0.040534	31.187
21.99	21.99	0.040550	31.287
21.99	21.99	0.040567	31.387
21.99	21.99	0.040584	31.487
21.99	21.99	0.040600	31.587
21.99	21.99	0.040617	31.688
21.99	21.99	0.040634	31.787
21.99	21.99	0.040650	31.887
21.99	21.99	0.040667	31.987
21.99	21.99	0.040684	32.088
21.99	21.99	0.040700	32.187
21.99	21.99	0.040717	32.287
22.01	21.99	0.040734	32.387
22.01	22.00	0.040750	32.487
22.01	22.00	0.040767	32.587
22.01	22.00	0.040784	32.688
22.01	22.00	0.040800	32.787
22.01	22.00	0.040817	32.887
22.01	22.00	0.040834	32.988
22.01	22.00	0.040850	33.087
22.01	22.00	0.040867	33.187
22.01	22.00	0.040884	33.287
22.01	22.00	0.040900	33.387
22.01	22.00	0.040917	33.487
22.01	22.00	0.040934	33.588
22.01	22.00	0.040950	33.688
22.01	22.01	0.040967	33.787
22.01	22.01	0.040984	33.888
21.99	22.01	0.041000	33.987
21.99	22.01	0.041017	34.087
21.99	22.01	0.041034	34.188
21.99	22.01	0.041050	34.287
21.99	22.01	0.041067	34.387
21.99	22.01	0.041084	34.487
21.99	22.01	0.041100	34.587
22.01	22.01	0.041117	34.687
22.01	22.01	0.041134	34.788
22.01	22.01	0.041150	34.887
22.01	22.01	0.041167	34.987
22.01	22.02	0.041184	35.088
22.01	22.02	0.041200	35.187
22.01	22.02	0.041217	35.287
22.01	22.02	0.041234	35.388
22.01	22.02	0.041250	35.487
22.01	22.02	0.041267	35.611
22.01	22.02	0.041283	35.688
22.01	22.02	0.041300	35.786
22.04	22.02	0.041317	35.910
22.04	22.02	0.041333	35.988
22.04	22.02	0.041350	36.114
22.04	22.02	0.041367	36.209
22.04	22.02	0.041383	36.288
22.04	22.03	0.041400	36.413
22.04	22.03	0.041417	36.507
22.04	22.03	0.041433	36.612
22.04	22.03	0.041450	36.712
22.04	22.03	0.041467	36.806
22.04	22.03	0.041483	36.911
22.04	22.03	0.041500	37.011
22.04	22.03	0.041517	37.105
22.04	22.03	0.041533	37.210
22.04	22.03	0.041550	37.309
22.04	22.03	0.041567	37.404
22.01	22.03	0.041583	37.508
22.01	22.03	0.041600	37.603
22.01	22.04	0.041617	37.702
22.01	22.04	0.041633	37.807
22.01	22.04	0.041650	37.901
22.01	22.04	0.041667	38.001
22.01	22.04	0.041683	38.106
22.01	22.04	0.041700	38.200
22.04	22.04	0.041717	38.300
22.04	22.04	0.041733	38.404
22.04	22.04	0.041750	38.499
22.04	22.04	0.041767	38.598
22.04	22.04	0.041783	38.703
22.04	22.04	0.041800	38.797
22.04	22.04	0.041817	38.897
22.04	22.05	0.041833	39.002
22.04	22.05	0.041850	39.096
22.06	22.05	0.041867	39.196
22.06	22.05	0.041883	39.300
22.06	22.05	0.041900	39.395
22.06	22.05	0.041917	39.494
22.06	22.05	0.041933	39.600
22.06	22.05	0.041950	39.694
22.06	22.05	0.041967	39.793
22.06	22.05	0.041983	39.899
22.06	22.05	0.042000	39.992
22.06	22.05	0.042017	40.093
22.06	22.05	0.042033	40.197
22.06	22.06	0.042050	40.291
22.06	22.06	0.042067	40.393
22.06	22.06	0.042083	40.495
22.06	22.06	0.042100	40.590
22.06	22.06	0.042116	40.693
22.06	22.06	0.042133	40.794
22.06	22.06	0.042150	40.889
22.06	22.06	0.042166	40.993
22.06	22.06	0.042183	41.093
22.06	22.06	0.042200	41.187
22.06	22.06	0.042216	41.292
22.06	22.06	0.042233	41.391
22.06	22.06	0.042250	41.487
22.06	22.07	0.042266	41.590
22.06	22.07	0.042283	41.690
22.06	22.07	0.042300	41.787
22.06	22.07	0.042316	41.889
22.06	22.07	0.042333	41.989
22.06	22.07	0.042350	42.087
22.06	22.07	0.042366	42.188
22.06	22.07	0.042383	42.288
22.06	22.07	0.042400	42.387
22.06	22.07	0.042416	42.487
22.06	22.07	0.042433	42.589
22.06	22.07	0.042450	42.687
22.06	22.07	0.042466	42.787
22.09	22.08	0.042483	42.889
22.09	22.08	0.042500	42.987
22.09	22.08	0.042516	43.087
22.09	22.08	0.042533	43.189
22.09	22.08	0.042550	43.287
22.09	22.08	0.042566	43.388
22.09	22.08	0.042583	43.489
22.09	22.08	0.042600	43.587
22.09	22.08	0.042616	43.687
22.09	22.08	0.042633	43.789
22.09	22.08	0.042650	43.887
22.09	22.08	0.042666	43.987
22.09	22.08	0.042683	44.089
22.09	22.08	0.042700	44.187
22.09	22.09	0.042716	44.287
22.09	22.09	0.042733	44.389
22.09	22.09	0.042750	44.487
22.09	22.09	0.042766	44.587
22.09	22.09	0.042783	44.689
22.09	22.09	0.042800	44.787
22.09	22.09	0.042816	44.887
22.09	22.09	0.042833	44.990
22.09	22.09	0.042850	45.087
22.09	22.09	0.042866	45.187
22.09	22.09	0.042883	45.289
22.09	22.09	0.042900	45.387
22.09	22.09	0.042916	45.487
22.09	22.10	0.042933	45.589
22.09	22.10	0.042949	45.687
22.09	22.10	0.042966	45.787
22.09	22.10	0.042983	45.890
22.09	22.10	0.042999	45.987
22.09	22.10	0.043016	46.087
22.09	22.10	0.043033	46.190
22.09	22.10	0.043049	46.287
22.09	22.10	0.043066	46.387
22.09	22.10	0.043083	46.489
22.09	22.10	0.043099	46.587
22.09	22.10	0.043116	46.687
22.09	22.10	0.043133	46.790
22.09	22.11	0.043149	46.887
22.09	22.11	0.043166	46.987
22.09	22.11	0.043183	47.090
22.09	22.11	0.043199	47.187
22.09	22.11	0.043216	47.287
22.09	22.11	0.043233	47.389
22.12	22.11	0.043249	47.516
22.12	22.11	0.043266	47.610
22.12	22.11	0.043283	47.690
22.12	22.11	0.043299	47.814
22.12	22.11	0.043316	47.909
22.12	22.11	0.043333	48.013
22.12	22.11	0.043349	48.113
22.12	22.12	0.043366	48.208
22.12	22.12	0.043383	48.312
22.12	22.12	0.043399	48.412
22.12	22.12	0.043416	48.506
22.12	22.12	0.043433	48.611
22.12	22.12	0.043449	48.710
22.12	22.12	0.043466	48.805
22.12	22.12	0.043483	48.910
22.12	22.12	0.043499	49.004
22.12	22.12	0.043516	49.104
22.12	22.12	0.043533	49.208
22.12	22.12	0.043549	49.303
22.12	22.12	0.043566	49.402
22.14	22.13	0.043583	49.507
22.14	22.13	0.043599	49.601
22.14	22.13	0.043616	49.701
22.14	22.13	0.043633	49.806
22.14	22.13	0.043649	49.900
22.14	22.13	0.043666	50.000
22.14	22.13	0.043683	50.104
22.14	22.13	0.043699	50.199
22.14	22.13	0.043716	50.298
22.14	22.13	0.043733	50.403
22.14	22.13	0.043749	50.498
22.14	22.13	0.043766	50.597
22.14	22.13	0.043782	50.702
22.12	22.14	0.043799	50.796
22.12	22.14	0.043816	50.896
22.12	22.14	0.043832	51.000
22.12	22.14	0.043849	51.095
22.12	22.14	0.043866	51.194
22.12	22.14	0.043882	51.299
22.12	22.14	0.043899	51.394
22.14	22.14	0.043916	51.494
22.14	22.14	0.043932	51.598
22.14	22.14	0.043949	51.692
22.14	22.14	0.043966	51.795
22.14	22.14	0.043982	51.896
22.14	22.14	0.043999	51.991
22.14	22.15	0.044016	52.095
22.14	22.15	0.044032	52.195
22.14	22.15	0.044049	52.290
22.14	22.15	0.044066	52.394
22.14	22.15	0.044082	52.494
22.14	22.15	0.044099	52.588
22.17	22.15	0.044116	52.693
22.17	22.15	0.044132	52.792
22.17	22.15	0.044149	52.888
22.17	22.15	0.044166	52.992
22.17	22.15	0.044182	53.091
22.17	22.15	0.044199	53.188
22.17	22.15	0.044216	53.290
22.17	22.16	0.044232	53.391
22.17	22.16	0.044249	53.488
22.17	22.16	0.044266	53.589
22.17	22.16	0.044282	53.691
22.17	22.16	0.044299	53.788
22.14	22.16	0.044316	53.888
22.14	22.16	0.044332	53.990
22.14	22.16	0.044349	54.088
22.14	22.16	0.044366	54.188
22.14	22.16	0.044382	54.291
22.14	22.16	0.044399	54.388
22.14	22.16	0.044416	54.488
22.14	22.16	0.044432	54.591
22.14	22.17	0.044449	54.688
22.17	22.17	0.044466	54.788
22.17	22.17	0.044482	54.890
22.17	22.17	0.044499	54.988
22.17	22.17	0.044516	55.088
22.17	22.17	0.044532	55.191
22.17	22.17	0.044549	55.288
22.17	22.17	0.044566	55.388
22.17	22.17	0.044582	55.491
22.17	22.17	0.044599	55.588
22.17	22.17	0.044615	55.688
22.17	22.17	0.044632	55.790
22.17	22.17	0.044649	55.888
22.17	22.18	0.044665	55.988
22.19	22.18	0.044682	56.091
22.19	22.18	0.044699	56.189
22.19	22.18	0.044715	56.288
22.19	22.18	0.044732	56.391
22.19	22.18	0.044749	56.488
22.19	22.18	0.044765	56.588
22.19	22.18	0.044782	56.690
22.19	22.18	0.044799	56.788
22.19	22.18	0.044815	56.888
22.19	22.18	0.044832	56.991
22.19	22.18	0.044849	57.089
22.19	22.18	0.044865	57.189
22.19	22.19	0.044882	57.291
22.19	22.19	0.044899	57.388
22.19	22.19	0.044915	57.488
22.19	22.19	0.044932	57.590
22.19	22.19	0.044949	57.688
22.19	22.19	0.044965	57.788
22.19	22.19	0.044982	57.891
22.19	22.19	0.044999	57.988
22.19	22.19	0.045015	58.088
22.19	22.19	0.045032	58.191
22.19	22.19	0.045049	58.289
22.19	22.19	0.045065	58.389
22.19	22.19	0.045082	58.490
22.19	22.20	0.045099	58.588
22.19	22.20	0.045115	58.712
22.19	22.20	0.045132	58.791
22.19	22.20	0.045149	58.916
22.19	22.20	0.045165	59.011
22.19	22.20	0.045182	59.091
22.19	22.20	0.045199	59.215
22.22	22.20	0.045215	59.310
22.22	22.20	0.045232	59.414
22.22	22.20	0.045249	59.514
22.22	22.20	0.045265	59.608
22.22	22.20	0.045282	59.713
22.22	22.20	0.045299	59.812
22.22	22.21	0.045315	59.907
22.22	22.21	0.045332	00.012
22.22	22.21	0.045349	00.111
22.22	22.21	0.045365	00.206
22.22	22.21	0.045382	00.311
22.22	22.21	0.045399	00.405
22.22	22.21	0.045415	00.505
22.19	22.21	0.045432	00.609
22.19	22.21	0.045448	00.704
22.19	22.21	0.045465	00.804
22.19	22.21	0.045482	00.908
22.19	22.21	0.045498	01.003
22.19	22.21	0.045515	01.102
22.19	22.22	0.045532	01.207
22.19	22.22	0.045548	01.302
22.19	22.22	0.045565	01.401
22.19	22.22	0.045582	01.506
22.22	22.22	0.045598	01.600
22.22	22.22	0.045615	01.700
22.22	22.22	0.045632	01.804
22.22	22.22	0.045648	01.899
22.22	22.22	0.045665	01.998
22.22	22.22	0.045682	02.103
22.22	22.22	0.045698	02.197
22.22	22.22	0.045715	02.297
22.22	22.22	0.045732	02.401
22.22	22.23	0.045748	02.496
22.25	22.23	0.045765	02.595
22.25	22.23	0.045782	02.700
22.25	22.23	0.045798	02.794
22.25	22.23	0.045815	02.896
22.25	22.23	0.045832	02.999
22.25	22.23	0.045848	03.093
22.25	22.23	0.045865	03.196
22.25	22.23	0.045882	03.297
22.25	22.23	0.045898	03.393
22.25	22.23	0.045915	03.495
22.25	22.23	0.045932	03.596
22.25	22.23	0.045948	03.694
22.25	22.24	0.045965	03.795
22.22	22.24	0.045982	03.895
22.22	22.24	0.045998	03.993
22.22	22.24	0.046015	04.094
22.22	22.24	0.046032	04.193
22.22	22.24	0.046048	04.293
22.22	22.24	0.046065	04.393
22.22	22.24	0.046082	04.493
22.22	22.24	0.046098	04.593
22.22	22.24	0.046115	04.693
22.22	22.24	0.046132	04.793
22.25	22.24	0.046148	04.893
22.25	22.24	0.046165	04.993
22.25	22.25	0.046182	05.093
22.25	22.25	0.046198	05.193
22.25	22.25	0.046215	05.294
22.25	22.25	0.046232	05.393
22.25	22.25	0.046248	05.493
22.25	22.25	0.046265	05.593
22.25	22.25	0.046281	05.693
22.25	22.25	0.046298	05.793
22.25	22.25	0.046315	05.893
22.25	22.25	0.046331	05.993
22.25	22.25	0.046348	06.093
22.25	22.25	0.046365	06.193
22.25	22.25	0.046381	06.293
22.25	22.26	0.046398	06.393
22.25	22.26	0.046415	06.493
22.27	22.26	0.046431	06.594
22.27	22.26	0.046448	06.693
22.27	22.26	0.046465	06.793
22.27	22.26	0.046481	06.893
22.27	22.26	0.046498	06.993
22.27	22.26	0.046515	07.093
22.27	22.26	0.046531	07.193
22.27	22.26	0.046548	07.293
22.27	22.26	0.046565	07.393
22.27	22.26	0.046581	07.493
22.27	22.26	0.046598	07.593
22.27	22.27	0.046615	07.693
22.27	22.27	0.046631	07.793
22.27	22.27	0.046648	07.893
22.27	22.27	0.046665	07.993
22.27	22.27	0.046681	08.093
22.27	22.27	0.046698	08.193
22.27	22.27	0.046715	08.293
22.27	22.27	0.046731	08.393
22.27	22.27	0.046748	08.493
22.27	22.27	0.046765	08.593
22.27	22.27	0.046781	08.693
22.27	22.27	0.046798	08.793
22.27	22.27	0.046815	08.893
22.27	22.28	0.046831	08.993
22.27	22.28	0.046848	09.093
22.27	22.28	0.046865	09.217
22.27	22.28	0.046881	09.316
22.27	22.28	0.046898	09.422
22.27	22.28	0.046915	09.516
22.27	22.28	0.046931	09.617
22.27	22.28	0.046948	09.720
22.27	22.28	0.046965	09.814
22.27	22.28	0.046981	09.917
22.27	22.28	0.046998	10.018
22.27	22.28	0.047015	10.113
22.30	22.28	0.047031	10.216
22.30	22.29	0.047048	10.318
22.30	22.29	0.047065	10.413
22.30	22.29	0.047081	10.517
22.30	22.29	0.047098	10.617
22.30	22.29	0.047114	10.711
22.30	22.29	0.047131	10.816
22.30	22.29	0.047148	10.915
22.30	22.29	0.047164	11.010
22.30	22.29	0.047181	11.114
22.30	22.29	0.047198	11.214
22.30	22.29	0.047214	11.309
22.30	22.29	0.047231	11.413
22.30	22.29	0.047248	11.513
22.30	22.30	0.047264	11.607
22.30	22.30	0.047281	11.712
22.30	22.30	0.047298	11.806
22.30	22.30	0.047314	11.906
22.30	22.30	0.047331	12.011
22.30	22.30	0.047348	12.105
22.30	22.30	0.047364	12.205
22.30	22.30	0.047381	12.309
22.30	22.30	0.047398	12.404
22.30	22.30	0.047414	12.503
22.30	22.30	0.047431	12.608
22.30	22.30	0.047448	12.702
22.30	22.30	0.047464	12.802
22.30	22.30	0.047481	12.907
22.30	22.31	0.047498	13.001
22.30	22.31	0.047514	13.101
22.30	22.31	0.047531	13.205
22.30	22.31	0.047548	13.300
22.30	22.31	0.047564	13.399
22.30	22.31	0.047581	13.504
22.30	22.31	0.047598	13.598
22.30	22.31	0.047614	13.698
22.30	22.31	0.047631	13.802
22.30	22.31	0.047648	13.897
22.30	22.31	0.047664	13.997
22.30	22.31	0.047681	14.101
22.30	22.31	0.047698	14.196
22.30	22.32	0.047714	14.297
22.30	22.32	0.047731	14.400
22.30	22.32	0.047748	14.494
22.30	22.32	0.047764	14.597
22.30	22.32	0.047781	14.699
22.30	22.32	0.047798	14.794
22.32	22.32	0.047814	14.897
22.32	22.32	0.047831	14.997
22.32	22.32	0.047848	15.094
22.32	22.32	0.047864	15.196
22.32	22.32	0.047881	15.296
22.32	22.32	0.047898	15.394
22.32	22.32	0.047914	15.495
22.32	22.33	0.047931	15.595
22.32	22.33	0.047947	15.694
22.32	22.33	0.047964	15.794
22.32	22.33	0.047981	15.894
22.32	22.33	0.047997	15.994
22.32	22.33	0.048014	16.094
22.35	22.33	0.048031	16.194
22.35	22.33	0.048047	16.294
22.35	22.33	0.048064	16.394
22.35	22.33	0.048081	16.494
22.35	22.33	0.048097	16.594
22.35	22.33	0.048114	16.694
22.35	22.33	0.048131	16.794
22.35	22.34	0.048147	16.894
22.35	22.34	0.048164	16.995
22.35	22.34	0.048181	17.094
22.35	22.34	0.048197	17.194
22.35	22.34	0.048214	17.294
22.35	22.34	0.048231	17.394
22.35	22.34	0.048247	17.494
22.35	22.34	0.048264	17.594
22.35	22.34	0.048281	17.694
22.35	22.34	0.048297	17.794
22.35	22.34	0.048314	17.894
22.35	22.34	0.048331	17.994
22.32	22.34	0.048347	18.095
22.32	22.35	0.048364	18.194
22.32	22.35	0.048381	18.294
22.32	22.35	0.048397	18.394
22.32	22.35	0.048414	18.494
22.32	22.35	0.048431	18.594
22.35	22.35	0.048447	18.694
22.35	22.35	0.048464	18.794
22.35	22.35	0.048481	18.894
22.35	22.35	0.048497	18.994
22.35	22.35	0.048514	19.094
22.35	22.35	0.048531	19.194
22.35	22.35	0.048547	19.294
22.35	22.35	0.048564	19.394
22.35	22.36	0.048581	19.494
22.35	22.36	0.048597	19.594
22.35	22.36	0.048614	19.694
22.35	22.36	0.048631	19.794
22.35	22.36	0.048647	19.894
22.38	22.36	0.048664	19.995
22.38	22.36	0.048681	20.094
22.38	22.36	0.048697	20.194
22.38	22.36	0.048714	20.294
22.38	22.36	0.048731	20.394
22.38	22.36	0.048747	20.494
22.38	22.36	0.048764	20.618
22.38	22.36	0.048780	20.693
22.38	22.37	0.048797	20.822
22.38	22.37	0.048814	20.917
22.38	22.37	0.048830	20.994
22.38	22.37	0.048847	21.121
22.38	22.37	0.048864	21.216
22.35	22.37	0.048880	21.318
22.35	22.37	0.048897	21.420
22.35	22.37	0.048914	21.514
22.35	22.37	0.048930	21.593
22.35	22.37	0.048947	21.718
22.35	22.37	0.048964	21.813
22.35	22.37	0.048980	21.918
22.35	22.37	0.048997	22.017
22.35	22.38	0.049014	22.112
22.35	22.38	0.049030	22.216
22.38	22.38	0.049047	22.316
22.38	22.38	0.049064	22.410
22.38	22.38	0.049080	22.515
22.38	22.38	0.049097	22.614
22.38	22.38	0.049114	22.709
22.38	22.38	0.049130	22.814
22.38	22.38	0.049147	22.908
22.38	22.38	0.049164	23.008
22.38	22.38	0.049180	23.112
22.38	22.38	0.049197	23.207
22.40	22.38	0.049214	23.306
22.40	22.39	0.049230	23.411
22.40	22.39	0.049247	23.506
22.40	22.39	0.049264	23.605
22.40	22.39	0.049280	23.710
22.40	22.39	0.049297	23.804
22.40	22.39	0.049314	23.905
22.40	22.39	0.049330	24.008
22.40	22.39	0.049347	24.103
22.40	22.39	0.049364	24.202
22.40	22.39	0.049380	24.307
22.40	22.39	0.049397	24.402
22.40	22.39	0.049414	24.501
22.40	22.39	0.049430	24.606
22.40	22.40	0.049447	24.700
22.40	22.40	0.049464	24.800
22.40	22.40	0.049480	24.904
22.40	22.40	0.049497	24.999
22.40	22.40	0.049514	25.099
22.40	22.40	0.049530	25.203
22.40	22.40	0.049547	25.298
22.40	22.40	0.049564	25.398
22.40	22.40	0.049580	25.502
22.40	22.40	0.049597	25.596
22.40	22.40	0.049613	25.698
22.40	22.40	0.049630	25.800
22.40	22.40	0.049647	25.895
22.40	22.41	0.049663	25.999
22.40	22.41	0.049680	26.099
22.40	22.41	0.049697	26.194
22.40	22.41	0.049713	26.298
22.40	22.41	0.049730	26.399
22.40	22.41	0.049747	26.494
22.40	22.41	0.049763	26.597
22.40	22.41	0.049780	26.697
22.40	22.41	0.049797	26.794
22.40	22.41	0.049813	26.896
22.40	22.41	0.049830	26.995
22.40	22.41	0.049847	27.094
22.40	22.41	0.049863	27.194
22.40	22.42	0.049880	27.294
22.40	22.42	0.049897	27.394
22.40	22.42	0.049913	27.494
22.40	22.42	0.049930	27.595
22.40	22.42	0.049947	27.695
22.40	22.42	0.049963	27.794
22.43	22.42	0.049980	27.895
22.43	22.42	0.049997	27.994
22.43	22.42	0.050013	28.094
22.43	22.42	0.050030	28.194
22.43	22.42	0.050047	28.294
22.43	22.42	0.050063	28.394
22.43	22.42	0.050080	28.494
22.43	22.43	0.050097	28.595
22.43	22.43	0.050113	28.694
22.43	22.43	0.050130	28.795
22.43	22.43	0.050147	28.894
22.43	22.43	0.050163	28.994
22.43	22.43	0.050180	29.094
22.43	22.43	0.050197	29.194
22.43	22.43	0.050213	29.294
22.43	22.43	0.050230	29.394
22.43	22.43	0.050247	29.494
22.43	22.43	0.050263	29.594
22.43	22.43	0.050280	29.695
22.43	22.43	0.050297	29.794
22.43	22.44	0.050313	29.894
22.43	22.44	0.050330	29.995
22.45	22.44	0.050347	30.094
22.45	22.44	0.050363	30.194
22.45	22.44	0.050380	30.295
22.45	22.44	0.050397	30.394
22.45	22.44	0.050413	30.494
22.45	22.44	0.050430	30.594
22.45	22.44	0.050446	30.694
22.45	22.44	0.050463	30.794
22.45	22.44	0.050480	30.895
22.45	22.44	0.050496	30.994
22.45	22.44	0.050513	31.094
22.45	22.45	0.050530	31.195
22.45	22.45	0.050546	31.294
22.45	22.45	0.050563	31.394
22.45	22.45	0.050580	31.495
22.45	22.45	0.050596	31.594
22.45	22.45	0.050613	31.694
22.45	22.45	0.050630	31.795
22.45	22.45	0.050646	31.894
22.45	22.45	0.050663	31.995
22.45	22.45	0.050680	32.095
22.45	22.45	0.050696	32.194
22.45	22.45	0.050713	32.318
22.45	22.45	0.050730	32.395
22.45	22.46	0.050746	32.522
22.45	22.46	0.050763	32.617
22.45	22.46	0.050780	32.695
22.45	22.46	0.050796	32.821
22.45	22.46	0.050813	32.915
22.45	22.46	0.050830	32.995
22.45	22.46	0.050846	33.120
22.45	22.46	0.050863	33.214
22.45	22.46	0.050880	33.319
22.45	22.46	0.050896	33.418
22.45	22.46	0.050913	33.513
22.45	22.46	0.050930	33.617
22.45	22.46	0.050946	33.717
22.45	22.47	0.050963	33.812
22.45	22.47	0.050980	33.916
22.45	22.47	0.050996	34.016
22.48	22.47	0.051013	34.110
22.48	22.47	0.051030	34.215
22.48	22.47	0.051046	34.309
22.48	22.47	0.051063	34.409
22.48	22.47	0.051080	34.513
22.48	22.47	0.051096	34.609
22.48	22.47	0.051113	34.708
22.48	22.47	0.051130	34.813
22.48	22.47	0.051146	34.907
22.48	22.47	0.051163	35.007
22.48	22.48	0.051180	35.111
22.48	22.48	0.051196	35.205
22.48	22.48	0.051213	35.306
22.48	22.48	0.051230	35.410
22.48	22.48	0.051246	35.504
22.48	22.48	0.051263	35.604
22.48	22.48	0.051279	35.708
22.48	22.48	0.051296	35.803
22.48	22.48	0.051313	35.902
22.48	22.48	0.051329	36.007
22.48	22.48	0.051346	36.102
22.48	22.48	0.051363	36.201
22.48	22.48	0.051379	36.306
22.48	22.49	0.051396	36.400
22.48	22.49	0.051413	36.500
22.48	22.49	0.051429	36.604
22.48	22.49	0.051446	36.699
22.48	22.49	0.051463	36.800
22.48	22.49	0.051479	36.903
22.50	22.49	0.051496	36.998
22.50	22.49	0.051513	37.100
22.50	22.49	0.051529	37.202
22.50	22.49	0.051546	37.296
22.50	22.49	0.051563	37.400
22.50	22.49	0.051579	37.500
22.50	22.49	0.051596	37.596
22.50	22.50	0.051613	37.700
22.50	22.50	0.051629	37.799
22.50	22.50	0.051646	37.896
22.50	22.50	0.051663	37.999
22.50	22.50	0.051679	38.098
22.50	22.50	0.051696	38.196
22.50	22.50	0.051713	38.297
22.50	22.50	0.051729	38.397
