100.00	0.00	7.23	30.00	150.00	2.70	97.30	2.70	

14.99	17.00	0.000000	42.989
14.99	17.00	0.000017	43.083
15.04	17.00	0.000033	43.183
15.14	17.00	0.000050	43.287
15.47	17.00	0.000067	43.382
15.99	17.00	0.000083	43.482
16.27	17.00	0.000100	43.586
16.86	17.00	0.000117	43.681
17.37	17.00	0.000133	43.780
17.58	17.00	0.000150	43.885
17.86	17.00	0.000167	43.980
17.99	17.00	0.000183	44.080
17.99	17.00	0.000200	44.185
17.91	17.00	0.000217	44.279
17.70	17.00	0.000233	44.379
17.60	17.00	0.000250	44.483
17.37	17.00	0.000267	44.578
17.14	17.00	0.000283	44.677
17.06	17.00	0.000300	44.782
16.88	17.00	0.000317	44.877
16.81	17.00	0.000333	44.976
16.81	17.00	0.000350	45.081
16.81	17.00	0.000367	45.175
16.86	17.00	0.000383	45.275
16.91	17.00	0.000400	45.379
17.01	17.00	0.000416	45.474
17.14	17.00	0.000433	45.573
17.19	17.00	0.000450	45.678
17.29	17.00	0.000466	45.774
17.29	17.00	0.000483	45.873
17.32	17.00	0.000500	45.978
17.32	17.00	0.000516	46.072
17.32	17.00	0.000533	46.174
17.29	17.00	0.000550	46.276
17.22	17.00	0.000566	46.371
17.14	17.00	0.000583	46.474
17.09	17.00	0.000600	46.575
17.01	17.00	0.000616	46.672
16.99	17.00	0.000633	46.773
16.99	17.00	0.000650	46.874
16.99	17.00	0.000666	46.971
16.96	17.00	0.000683	47.073
16.96	17.00	0.000700	47.172
16.96	17.00	0.000716	47.271
16.96	17.00	0.000733	47.372
16.99	17.00	0.000750	47.471
16.99	17.00	0.000766	47.572
16.99	17.00	0.000783	47.671
17.01	17.00	0.000800	47.771
17.01	17.00	0.000816	47.871
17.01	17.00	0.000833	47.971
17.04	17.00	0.000850	48.072
17.04	17.00	0.000866	48.171
17.06	17.00	0.000883	48.272
17.06	17.00	0.000900	48.371
17.06	17.00	0.000916	48.472
17.06	17.00	0.000933	48.571
17.06	17.00	0.000950	48.671
17.06	17.00	0.000966	48.772
17.06	17.00	0.000983	48.871
17.06	17.00	0.001000	48.972
17.06	17.00	0.001016	49.071
17.06	17.00	0.001033	49.172
17.06	17.00	0.001050	49.271
17.06	17.00	0.001066	49.371
17.04	17.00	0.001083	49.471
17.04	17.00	0.001100	49.571
17.04	17.00	0.001116	49.672
17.04	17.00	0.001133	49.771
17.01	17.00	0.001150	49.872
17.01	17.00	0.001166	49.971
17.01	17.00	0.001183	50.072
17.01	17.00	0.001200	50.171
16.99	17.00	0.001216	50.271
16.99	17.00	0.001233	50.372
16.99	17.00	0.001250	50.474
16.99	17.00	0.001266	50.573
16.99	17.00	0.001283	50.673
16.96	17.00	0.001299	50.773
16.96	17.00	0.001316	50.873
16.96	17.00	0.001333	50.974
16.96	17.00	0.001349	51.073
16.96	17.00	0.001366	51.174
16.96	17.00	0.001383	51.273
16.96	17.00	0.001399	51.374
16.96	17.00	0.001416	51.473
16.96	17.00	0.001433	51.573
16.96	17.00	0.001449	51.673
16.99	17.00	0.001466	51.773
16.99	17.00	0.001483	51.874
16.99	17.00	0.001499	51.973
16.99	17.00	0.001516	52.074
16.99	17.00	0.001533	52.173
16.99	17.00	0.001549	52.274
16.99	17.00	0.001566	52.373
17.01	17.00	0.001583	52.472
17.01	17.00	0.001599	52.573
17.01	17.00	0.001616	52.702
17.01	17.00	0.001633	52.797
17.01	17.00	0.001649	52.897
17.01	17.00	0.001666	53.001
17.01	17.00	0.001683	53.096
17.01	17.00	0.001699	53.195
17.01	17.00	0.001716	53.299
17.01	17.00	0.001733	53.394
17.01	17.00	0.001749	53.494
17.01	17.00	0.001766	53.598
17.01	17.00	0.001783	53.694
17.01	17.00	0.001799	53.792
17.01	17.00	0.001816	53.898
17.01	17.00	0.001833	53.992
17.01	17.00	0.001849	54.092
16.99	17.00	0.001866	54.196
16.99	17.00	0.001883	54.291
16.99	17.00	0.001899	54.391
16.99	17.00	0.001916	54.495
16.99	17.00	0.001933	54.590
16.99	17.00	0.001949	54.690
16.99	17.00	0.001966	54.794
16.99	17.00	0.001983	54.888
16.99	17.00	0.001999	54.990
16.99	17.00	0.002016	55.093
16.99	17.00	0.002033	55.187
16.99	17.00	0.002049	55.291
16.99	17.00	0.002066	55.391
16.99	17.00	0.002082	55.486
16.99	17.00	0.002099	55.590
16.99	17.00	0.002116	55.690
16.99	17.00	0.002132	55.785
16.99	17.00	0.002149	55.890
17.01	17.00	0.002166	55.989
17.01	17.00	0.002182	56.084
17.01	17.00	0.002199	56.188
17.01	17.00	0.002216	56.289
17.01	17.00	0.002232	56.383
17.01	17.00	0.002249	56.488
17.01	17.00	0.002266	56.588
17.01	17.00	0.002282	56.682
17.01	17.00	0.002299	56.787
17.01	17.00	0.002316	56.886
17.01	17.00	0.002332	56.981
17.01	17.00	0.002349	57.085
17.01	17.00	0.002366	57.180
16.99	17.00	0.002382	57.279
16.99	17.00	0.002399	57.384
16.99	17.00	0.002416	57.479
16.99	17.00	0.002432	57.578
16.99	17.00	0.002449	57.683
16.99	17.00	0.002466	57.777
16.99	17.00	0.002482	57.877
16.99	17.00	0.002499	57.981
16.99	17.00	0.002516	58.076
16.99	17.00	0.002532	58.176
16.99	17.00	0.002549	58.280
17.01	17.00	0.002566	58.376
17.01	17.00	0.002582	58.475
17.01	17.00	0.002599	58.580
17.01	17.00	0.002616	58.675
17.01	17.00	0.002632	58.775
17.01	17.00	0.002649	58.878
17.01	17.00	0.002666	58.975
17.01	17.00	0.002682	59.076
17.01	17.00	0.002699	59.177
17.01	17.00	0.002716	59.276
17.01	17.00	0.002732	59.375
17.01	17.00	0.002749	59.476
17.01	17.00	0.002766	59.575
17.01	17.00	0.002782	59.675
17.01	17.00	0.002799	59.776
17.01	17.00	0.002816	59.875
17.01	17.00	0.002832	59.976
17.01	17.00	0.002849	00.075
17.01	17.00	0.002866	00.176
17.01	17.00	0.002882	00.275
17.01	17.00	0.002899	00.375
16.99	17.00	0.002915	00.475
16.99	17.00	0.002932	00.575
16.99	17.00	0.002949	00.676
16.99	17.00	0.002965	00.775
16.99	17.00	0.002982	00.876
16.99	17.00	0.002999	00.975
16.99	17.00	0.003015	01.075
16.99	17.00	0.003032	01.175
16.99	17.00	0.003049	01.275
16.99	17.00	0.003065	01.377
16.99	17.00	0.003082	01.476
16.99	17.00	0.003099	01.577
16.99	17.00	0.003115	01.676
16.99	17.00	0.003132	01.776
17.01	17.00	0.003149	01.876
17.01	17.00	0.003165	01.976
17.01	17.00	0.003182	02.077
17.01	17.00	0.003199	02.176
17.01	17.00	0.003215	02.277
17.01	17.00	0.003232	02.376
17.01	17.00	0.003249	02.477
17.01	17.00	0.003265	02.576
17.01	17.00	0.003282	02.676
17.01	17.00	0.003299	02.776
17.01	17.00	0.003315	02.876
17.01	17.00	0.003332	02.977
17.01	17.00	0.003349	03.076
17.01	17.00	0.003365	03.177
17.01	17.00	0.003382	03.276
17.01	17.00	0.003399	03.377
16.99	17.00	0.003415	03.476
16.99	17.00	0.003432	03.576
16.99	17.00	0.003449	03.677
16.99	17.00	0.003465	03.776
16.99	17.00	0.003482	03.877
16.99	17.00	0.003499	03.976
16.99	17.00	0.003515	04.077
16.99	17.00	0.003532	04.176
16.99	17.00	0.003549	04.276
16.99	17.00	0.003565	04.376
16.99	17.00	0.003582	04.476
16.99	17.00	0.003599	04.577
17.01	17.00	0.003615	04.676
17.01	17.00	0.003632	04.777
17.01	17.00	0.003649	04.876
17.01	17.00	0.003665	05.006
17.01	17.00	0.003682	05.105
17.01	17.00	0.003699	05.200
17.01	17.00	0.003715	05.304
17.01	17.00	0.003732	05.405
17.01	17.00	0.003748	05.498
17.01	17.00	0.003765	05.604
17.01	17.00	0.003782	05.703
17.01	17.00	0.003798	05.798
17.01	17.00	0.003815	05.902
17.01	17.00	0.003832	05.997
17.01	17.00	0.003848	06.096
17.01	17.00	0.003865	06.201
16.99	17.00	0.003882	06.296
16.99	17.00	0.003898	06.395
16.99	17.00	0.003915	06.500
16.99	17.00	0.003932	06.594
16.99	17.00	0.003948	06.694
16.99	17.00	0.003965	06.798
16.99	17.00	0.003982	06.893
16.99	17.00	0.003998	06.993
16.99	17.00	0.004015	07.097
16.99	17.00	0.004032	07.192
16.99	17.00	0.004048	07.291
16.99	17.00	0.004065	07.396
16.99	17.00	0.004082	07.490
16.99	17.00	0.004098	07.591
16.99	17.00	0.004115	07.695
17.01	17.00	0.004132	07.790
17.01	17.00	0.004148	07.890
17.01	17.00	0.004165	07.994
17.01	17.00	0.004182	08.089
17.01	17.00	0.004198	08.188
17.01	17.00	0.004215	08.293
17.01	17.00	0.004232	08.388
17.01	17.00	0.004248	08.488
17.01	17.00	0.004265	08.592
17.01	17.00	0.004282	08.687
17.01	17.00	0.004298	08.786
17.01	17.00	0.004315	08.891
17.01	17.00	0.004332	08.985
17.01	17.00	0.004348	09.086
17.01	17.00	0.004365	09.190
17.01	17.00	0.004382	09.284
16.99	17.00	0.004398	09.386
16.99	17.00	0.004415	09.488
16.99	17.00	0.004432	09.583
16.99	17.00	0.004448	09.685
16.99	17.00	0.004465	09.787
16.99	17.00	0.004482	09.881
16.99	17.00	0.004498	09.985
16.99	17.00	0.004515	10.086
16.99	17.00	0.004532	10.180
16.99	17.00	0.004548	10.285
16.99	17.00	0.004565	10.385
16.99	17.00	0.004581	10.480
17.01	17.00	0.004598	10.584
17.01	17.00	0.004615	10.684
17.01	17.00	0.004631	10.779
17.01	17.00	0.004648	10.883
17.01	17.00	0.004665	10.983
17.01	17.00	0.004681	11.077
17.01	17.00	0.004698	11.182
17.01	17.00	0.004715	11.281
17.01	17.00	0.004731	11.376
17.01	17.00	0.004748	11.480
17.01	17.00	0.004765	11.581
17.01	17.00	0.004781	11.677
16.99	17.00	0.004798	11.779
16.99	17.00	0.004815	11.881
16.99	17.00	0.004831	11.976
16.99	17.00	0.004848	12.079
16.99	17.00	0.004865	12.180
16.99	17.00	0.004881	12.276
16.99	17.00	0.004898	12.378
16.99	17.00	0.004915	12.480
16.99	17.00	0.004931	12.577
16.99	17.00	0.004948	12.676
16.99	17.00	0.004965	12.780
17.01	17.00	0.004981	12.876
17.01	17.00	0.004998	12.976
17.01	17.00	0.005015	13.080
17.01	17.00	0.005031	13.176
17.01	17.00	0.005048	13.277
17.01	17.00	0.005065	13.380
17.01	17.00	0.005081	13.477
17.01	17.00	0.005098	13.576
17.01	17.00	0.005115	13.680
17.01	17.00	0.005131	13.776
17.01	17.00	0.005148	13.876
17.01	17.00	0.005165	13.980
17.01	17.00	0.005181	14.076
17.01	17.00	0.005198	14.177
17.01	17.00	0.005215	14.280
16.99	17.00	0.005231	14.377
16.99	17.00	0.005248	14.476
16.99	17.00	0.005265	14.580
16.99	17.00	0.005281	14.676
16.99	17.00	0.005298	14.776
16.99	17.00	0.005315	14.880
16.99	17.00	0.005331	14.976
16.99	17.00	0.005348	15.077
16.99	17.00	0.005365	15.179
16.99	17.00	0.005381	15.276
16.99	17.00	0.005398	15.376
17.01	17.00	0.005414	15.479
17.01	17.00	0.005431	15.577
17.01	17.00	0.005448	15.676
17.01	17.00	0.005464	15.780
17.01	17.00	0.005481	15.876
17.01	17.00	0.005498	15.976
17.01	17.00	0.005514	16.079
17.01	17.00	0.005531	16.176
17.01	17.00	0.005548	16.277
17.01	17.00	0.005564	16.380
17.01	17.00	0.005581	16.476
17.01	17.00	0.005598	16.577
17.01	17.00	0.005614	16.679
17.01	17.00	0.005631	16.776
16.99	17.00	0.005648	16.876
16.99	17.00	0.005664	16.979
16.99	17.00	0.005681	17.076
16.99	17.00	0.005698	17.177
16.99	17.00	0.005714	17.279
16.99	17.00	0.005731	17.377
16.99	17.00	0.005748	17.476
16.99	17.00	0.005764	17.579
16.99	17.00	0.005781	17.676
16.99	17.00	0.005798	17.776
16.99	17.00	0.005814	17.879
16.99	17.00	0.005831	17.976
16.99	17.00	0.005848	18.101
17.01	17.00	0.005864	18.178
17.01	17.00	0.005881	18.276
17.01	17.00	0.005898	18.400
17.01	17.00	0.005914	18.478
17.01	17.00	0.005931	18.604
17.01	17.00	0.005948	18.699
17.01	17.00	0.005964	18.778
17.01	17.00	0.005981	18.903
17.01	17.00	0.005998	18.998
17.01	17.00	0.006014	19.102
17.01	17.00	0.006031	19.202
17.01	17.00	0.006048	19.296
17.01	17.00	0.006064	19.401
17.01	17.00	0.006081	19.501
17.01	17.00	0.006098	19.595
17.01	17.00	0.006114	19.700
17.01	17.00	0.006131	19.799
16.99	17.00	0.006148	19.894
16.99	17.00	0.006164	19.998
16.99	17.00	0.006181	20.098
16.99	17.00	0.006198	20.193
16.99	17.00	0.006214	20.297
16.99	17.00	0.006231	20.392
16.99	17.00	0.006247	20.491
16.99	17.00	0.006264	20.597
16.99	17.00	0.006281	20.691
16.99	17.00	0.006297	20.790
16.99	17.00	0.006314	20.895
16.99	17.00	0.006331	20.990
16.99	17.00	0.006347	21.089
16.99	17.00	0.006364	21.194
16.99	17.00	0.006381	21.288
17.01	17.00	0.006397	21.389
17.01	17.00	0.006414	21.493
17.01	17.00	0.006431	21.588
17.01	17.00	0.006447	21.687
17.01	17.00	0.006464	21.792
17.01	17.00	0.006481	21.887
17.01	17.00	0.006497	21.986
17.01	17.00	0.006514	22.091
17.01	17.00	0.006531	22.185
17.01	17.00	0.006547	22.285
17.01	17.00	0.006564	22.389
17.01	17.00	0.006581	22.484
17.01	17.00	0.006597	22.584
17.01	17.00	0.006614	22.688
17.01	17.00	0.006631	22.783
17.01	17.00	0.006647	22.883
16.99	17.00	0.006664	22.987
16.99	17.00	0.006681	23.082
16.99	17.00	0.006697	23.182
16.99	17.00	0.006714	23.286
16.99	17.00	0.006731	23.381
16.99	17.00	0.006747	23.481
16.99	17.00	0.006764	23.585
16.99	17.00	0.006781	23.679
16.99	17.00	0.006797	23.781
16.99	17.00	0.006814	23.883
16.99	17.00	0.006831	23.978
17.01	17.00	0.006847	24.081
17.01	17.00	0.006864	24.183
17.01	17.00	0.006881	24.278
17.01	17.00	0.006897	24.381
17.01	17.00	0.006914	24.481
17.01	17.00	0.006931	24.577
17.01	17.00	0.006947	24.680
17.01	17.00	0.006964	24.780
17.01	17.00	0.006981	24.878
17.01	17.00	0.006997	24.980
17.01	17.00	0.007014	25.080
17.01	17.00	0.007031	25.177
17.01	17.00	0.007047	25.279
16.99	17.00	0.007064	25.378
16.99	17.00	0.007080	25.477
16.99	17.00	0.007097	25.578
16.99	17.00	0.007114	25.677
16.99	17.00	0.007130	25.778
16.99	17.00	0.007147	25.877
16.99	17.00	0.007164	25.978
16.99	17.00	0.007180	26.077
16.99	17.00	0.007197	26.177
16.99	17.00	0.007214	26.277
16.99	17.00	0.007230	26.377
16.99	17.00	0.007247	26.478
16.99	17.00	0.007264	26.577
16.99	17.00	0.007280	26.678
16.99	17.00	0.007297	26.777
17.01	17.00	0.007314	26.877
17.01	17.00	0.007330	26.977
17.01	17.00	0.007347	27.077
17.01	17.00	0.007364	27.178
17.01	17.00	0.007380	27.277
17.01	17.00	0.007397	27.378
17.01	17.00	0.007414	27.477
17.01	17.00	0.007430	27.578
17.01	17.00	0.007447	27.677
17.01	17.00	0.007464	27.777
17.01	17.00	0.007480	27.877
17.01	17.00	0.007497	27.977
17.01	17.00	0.007514	28.078
17.01	17.00	0.007530	28.177
17.01	17.00	0.007547	28.279
17.01	17.00	0.007564	28.378
17.01	17.00	0.007580	28.478
17.01	17.00	0.007597	28.578
16.99	17.00	0.007614	28.678
16.99	17.00	0.007630	28.779
16.99	17.00	0.007647	28.878
16.99	17.00	0.007664	28.979
16.99	17.00	0.007680	29.078
16.99	17.00	0.007697	29.179
16.99	17.00	0.007714	29.278
16.99	17.00	0.007730	29.378
16.99	17.00	0.007747	29.478
16.99	17.00	0.007764	29.578
16.99	17.00	0.007780	29.679
16.99	17.00	0.007797	29.778
16.99	17.00	0.007814	29.879
16.99	17.00	0.007830	29.978
16.99	17.00	0.007847	30.078
17.01	17.00	0.007864	30.178
17.01	17.00	0.007880	30.278
17.01	17.00	0.007897	30.379
17.01	17.00	0.007913	30.478
17.01	17.00	0.007930	30.579
17.01	17.00	0.007947	30.678
17.01	17.00	0.007963	30.803
17.01	17.00	0.007980	30.907
17.01	17.00	0.007997	31.002
17.01	17.00	0.008013	31.101
17.01	17.00	0.008030	31.206
17.01	17.00	0.008047	31.301
16.99	17.00	0.008063	31.400
16.99	17.00	0.008080	31.506
16.99	17.00	0.008097	31.600
16.99	17.00	0.008113	31.700
16.99	17.00	0.008130	31.804
16.99	17.00	0.008147	31.899
16.99	17.00	0.008163	31.998
16.99	17.00	0.008180	32.103
16.99	17.00	0.008197	32.198
16.99	17.00	0.008213	32.298
16.99	17.00	0.008230	32.402
17.01	17.00	0.008247	32.496
17.01	17.00	0.008263	32.598
17.01	17.00	0.008280	32.700
17.01	17.00	0.008297	32.795
17.01	17.00	0.008313	32.899
17.01	17.00	0.008330	33.000
17.01	17.00	0.008347	33.095
17.01	17.00	0.008363	33.198
17.01	17.00	0.008380	33.299
17.01	17.00	0.008397	33.393
17.01	17.00	0.008413	33.498
17.01	17.00	0.008430	33.597
17.01	17.00	0.008447	33.692
17.01	17.00	0.008463	33.797
17.01	17.00	0.008480	33.896
16.99	17.00	0.008497	33.991
16.99	17.00	0.008513	34.095
16.99	17.00	0.008530	34.195
16.99	17.00	0.008547	34.289
16.99	17.00	0.008563	34.394
16.99	17.00	0.008580	34.494
16.99	17.00	0.008597	34.588
16.99	17.00	0.008613	34.693
16.99	17.00	0.008630	34.787
16.99	17.00	0.008647	34.887
16.99	17.00	0.008663	34.991
16.99	17.00	0.008680	35.086
17.01	17.00	0.008697	35.187
17.01	17.00	0.008713	35.291
17.01	17.00	0.008730	35.386
17.01	17.00	0.008746	35.485
17.01	17.00	0.008763	35.590
17.01	17.00	0.008780	35.684
17.01	17.00	0.008796	35.784
17.01	17.00	0.008813	35.888
17.01	17.00	0.008830	35.984
17.01	17.00	0.008846	36.083
17.01	17.00	0.008863	36.188
17.01	17.00	0.008880	36.282
17.01	17.00	0.008896	36.382
17.01	17.00	0.008913	36.486
17.01	17.00	0.008930	36.582
16.99	17.00	0.008946	36.683
16.99	17.00	0.008963	36.785
16.99	17.00	0.008980	36.883
16.99	17.00	0.008996	36.982
16.99	17.00	0.009013	37.084
16.99	17.00	0.009030	37.182
16.99	17.00	0.009046	37.282
16.99	17.00	0.009063	37.382
16.99	17.00	0.009080	37.482
16.99	17.00	0.009096	37.583
16.99	17.00	0.009113	37.682
16.99	17.00	0.009130	37.784
16.99	17.00	0.009146	37.883
16.99	17.00	0.009163	37.983
16.99	17.00	0.009180	38.083
17.01	17.00	0.009196	38.183
17.01	17.00	0.009213	38.284
17.01	17.00	0.009230	38.383
17.01	17.00	0.009246	38.484
17.01	17.00	0.009263	38.583
17.01	17.00	0.009280	38.684
17.01	17.00	0.009296	38.783
17.01	17.00	0.009313	38.883
17.01	17.00	0.009330	38.983
17.01	17.00	0.009346	39.083
17.01	17.00	0.009363	39.184
17.01	17.00	0.009380	39.283
17.01	17.00	0.009396	39.384
17.01	17.00	0.009413	39.483
17.01	17.00	0.009430	39.583
17.01	17.00	0.009446	39.683
17.01	17.00	0.009463	39.783
16.99	17.00	0.009480	39.884
16.99	17.00	0.009496	39.984
16.99	17.00	0.009513	40.083
16.99	17.00	0.009530	40.184
16.99	17.00	0.009546	40.283
16.99	17.00	0.009563	40.383
16.99	17.00	0.009579	40.483
16.99	17.00	0.009596	40.583
16.99	17.00	0.009613	40.684
16.99	17.00	0.009629	40.783
16.99	17.00	0.009646	40.884
17.01	17.00	0.009663	40.983
17.01	17.00	0.009679	41.084
17.01	17.00	0.009696	41.183
17.01	17.00	0.009713	41.283
17.01	17.00	0.009729	41.383
17.01	17.00	0.009746	41.483
17.01	17.00	0.009763	41.584
17.01	17.00	0.009779	41.683
17.01	17.00	0.009796	41.784
17.01	17.00	0.009813	41.883
17.01	17.00	0.009829	41.983
17.01	17.00	0.009846	42.083
17.01	17.00	0.009863	42.183
17.01	17.00	0.009879	42.284
17.01	17.00	0.009896	42.383
17.01	17.00	0.009913	42.484
17.01	17.00	0.009929	42.583
16.99	17.00	0.009946	42.713
16.99	17.00	0.009963	42.807
16.99	17.00	0.009979	42.883
16.99	17.00	0.009996	43.011
16.99	17.00	0.010013	43.106
16.99	17.00	0.010029	43.211
16.99	17.00	0.010046	43.310
16.99	17.00	0.010063	43.406
16.99	17.00	0.010079	43.510
16.99	17.00	0.010096	43.605
16.99	17.00	0.010113	43.704
16.99	17.00	0.010129	43.809
16.99	17.00	0.010146	43.903
16.99	17.00	0.010163	44.003
16.99	17.00	0.010179	44.108
16.99	17.00	0.010196	44.202
16.99	17.00	0.010213	44.302
17.01	17.00	0.010229	44.406
17.01	17.00	0.010246	44.501
17.01	17.00	0.010263	44.600
17.01	17.00	0.010279	44.705
17.01	17.00	0.010296	44.800
17.01	17.00	0.010313	44.899
17.01	17.00	0.010329	45.005
17.01	17.00	0.010346	45.099
17.01	17.00	0.010363	45.199
17.01	17.00	0.010379	45.303
17.01	17.00	0.010396	45.398
17.01	17.00	0.010412	45.497
16.99	17.00	0.010429	45.602
16.99	17.00	0.010446	45.696
16.99	17.00	0.010462	45.796
16.99	17.00	0.010479	45.900
16.99	17.00	0.010496	45.995
16.99	17.00	0.010512	46.095
16.99	17.00	0.010529	46.199
16.99	17.00	0.010546	46.294
16.99	17.00	0.010562	46.393
16.99	17.00	0.010579	46.498
16.99	17.00	0.010596	46.593
16.99	17.00	0.010612	46.693
16.99	17.00	0.010629	46.798
16.99	17.00	0.010646	46.892
17.01	17.00	0.010662	46.994
17.01	17.00	0.010679	47.096
17.01	17.00	0.010696	47.191
17.01	17.00	0.010712	47.293
17.01	17.00	0.010729	47.395
17.01	17.00	0.010746	47.490
17.01	17.00	0.010762	47.593
17.01	17.00	0.010779	47.694
17.01	17.00	0.010796	47.788
17.01	17.00	0.010812	47.893
17.01	17.00	0.010829	47.992
17.01	17.00	0.010846	48.087
17.01	17.00	0.010862	48.192
17.01	17.00	0.010879	48.292
17.01	17.00	0.010896	48.386
16.99	17.00	0.010912	48.491
16.99	17.00	0.010929	48.590
16.99	17.00	0.010946	48.685
16.99	17.00	0.010962	48.789
16.99	17.00	0.010979	48.889
16.99	17.00	0.010996	48.985
16.99	17.00	0.011012	49.088
16.99	17.00	0.011029	49.189
16.99	17.00	0.011046	49.284
16.99	17.00	0.011062	49.388
16.99	17.00	0.011079	49.488
16.99	17.00	0.011096	49.584
17.01	17.00	0.011112	49.686
17.01	17.00	0.011129	49.788
17.01	17.00	0.011146	49.885
17.01	17.00	0.011162	49.985
17.01	17.00	0.011179	50.088
17.01	17.00	0.011196	50.184
17.01	17.00	0.011212	50.284
17.01	17.00	0.011229	50.388
17.01	17.00	0.011245	50.484
17.01	17.00	0.011262	50.584
17.01	17.00	0.011279	50.688
17.01	17.00	0.011295	50.784
17.01	17.00	0.011312	50.885
17.01	17.00	0.011329	50.987
16.99	17.00	0.011345	51.084
16.99	17.00	0.011362	51.184
16.99	17.00	0.011379	51.288
16.99	17.00	0.011395	51.385
16.99	17.00	0.011412	51.484
16.99	17.00	0.011429	51.588
16.99	17.00	0.011445	51.684
16.99	17.00	0.011462	51.784
16.99	17.00	0.011479	51.887
16.99	17.00	0.011495	51.984
16.99	17.00	0.011512	52.085
16.99	17.00	0.011529	52.187
16.99	17.00	0.011545	52.285
16.99	17.00	0.011562	52.384
17.01	17.00	0.011579	52.488
17.01	17.00	0.011595	52.584
17.01	17.00	0.011612	52.684
17.01	17.00	0.011629	52.787
17.01	17.00	0.011645	52.884
17.01	17.00	0.011662	52.985
17.01	17.00	0.011679	53.087
17.01	17.00	0.011695	53.187
17.01	17.00	0.011712	53.287
17.01	17.00	0.011729	53.388
17.01	17.00	0.011745	53.487
17.01	17.00	0.011762	53.587
17.01	17.00	0.011779	53.688
17.01	17.00	0.011795	53.787
17.01	17.00	0.011812	53.888
17.01	17.00	0.011829	53.987
17.01	17.00	0.011845	54.088
16.99	17.00	0.011862	54.187
16.99	17.00	0.011879	54.287
16.99	17.00	0.011895	54.388
16.99	17.00	0.011912	54.487
16.99	17.00	0.011929	54.588
16.99	17.00	0.011945	54.687
16.99	17.00	0.011962	54.788
16.99	17.00	0.011979	54.887
16.99	17.00	0.011995	54.987
16.99	17.00	0.012012	55.110
16.99	17.00	0.012029	55.186
16.99	17.00	0.012045	55.315
16.99	17.00	0.012062	55.410
17.01	17.00	0.012078	55.511
17.01	17.00	0.012095	55.614
17.01	17.00	0.012112	55.709
17.01	17.00	0.012128	55.810
17.01	17.00	0.012145	55.913
17.01	17.00	0.012162	56.007
17.01	17.00	0.012178	56.111
17.01	17.00	0.012195	56.212
17.01	17.00	0.012212	56.306
17.01	17.00	0.012228	56.411
17.01	17.00	0.012245	56.510
17.01	17.00	0.012262	56.605
17.01	17.00	0.012278	56.710
17.01	17.00	0.012295	56.810
16.99	17.00	0.012312	56.905
16.99	17.00	0.012328	57.009
16.99	17.00	0.012345	57.109
16.99	17.00	0.012362	57.203
16.99	17.00	0.012378	57.308
16.99	17.00	0.012395	57.407
16.99	17.00	0.012412	57.502
16.99	17.00	0.012428	57.606
16.99	17.00	0.012445	57.706
16.99	17.00	0.012462	57.801
16.99	17.00	0.012478	57.905
16.99	17.00	0.012495	58.000
16.99	17.00	0.012512	58.100
16.99	17.00	0.012528	58.204
16.99	17.00	0.012545	58.299
16.99	17.00	0.012562	58.398
16.99	17.00	0.012578	58.503
17.01	17.00	0.012595	58.598
17.01	17.00	0.012612	58.697
17.01	17.00	0.012628	58.802
17.01	17.00	0.012645	58.896
17.01	17.00	0.012662	58.996
17.01	17.00	0.012678	59.100
17.01	17.00	0.012695	59.195
17.01	17.00	0.012712	59.296
17.01	17.00	0.012728	59.400
17.01	17.00	0.012745	59.495
17.01	17.00	0.012762	59.594
17.01	17.00	0.012778	59.699
17.01	17.00	0.012795	59.793
17.01	17.00	0.012812	59.893
17.01	17.00	0.012828	59.998
17.01	17.00	0.012845	00.092
17.01	17.00	0.012862	00.192
17.01	17.00	0.012878	00.296
17.01	17.00	0.012895	00.391
16.99	17.00	0.012911	00.490
16.99	17.00	0.012928	00.595
16.99	17.00	0.012945	00.690
16.99	17.00	0.012961	00.789
16.99	17.00	0.012978	00.894
16.99	17.00	0.012995	00.988
16.99	17.00	0.013011	01.089
16.99	17.00	0.013028	01.192
16.99	17.00	0.013045	01.287
16.99	17.00	0.013061	01.389
16.99	17.00	0.013078	01.492
16.99	17.00	0.013095	01.587
16.99	17.00	0.013111	01.689
16.99	17.00	0.013128	01.790
17.01	17.00	0.013145	01.888
17.01	17.00	0.013161	01.988
17.01	17.00	0.013178	02.089
17.01	17.00	0.013195	02.187
17.01	17.00	0.013211	02.289
17.01	17.00	0.013228	02.388
17.01	17.00	0.013245	02.489
17.01	17.00	0.013261	02.588
17.01	17.00	0.013278	02.688
17.01	17.00	0.013295	02.788
17.01	17.00	0.013311	02.889
17.01	17.00	0.013328	02.989
17.01	17.00	0.013345	03.088
17.01	17.00	0.013361	03.188
16.99	17.00	0.013378	03.289
16.99	17.00	0.013395	03.388
16.99	17.00	0.013411	03.488
16.99	17.00	0.013428	03.589
16.99	17.00	0.013445	03.689
16.99	17.00	0.013461	03.788
16.99	17.00	0.013478	03.888
16.99	17.00	0.013495	03.988
16.99	17.00	0.013511	04.088
16.99	17.00	0.013528	04.188
16.99	17.00	0.013545	04.289
16.99	17.00	0.013561	04.389
16.99	17.00	0.013578	04.488
16.99	17.00	0.013595	04.589
17.01	17.00	0.013611	04.688
17.01	17.00	0.013628	04.788
17.01	17.00	0.013645	04.888
17.01	17.00	0.013661	04.989
17.01	17.00	0.013678	05.089
17.01	17.00	0.013695	05.188
17.01	17.00	0.013711	05.289
17.01	17.00	0.013728	05.388
17.01	17.00	0.013744	05.488
17.01	17.00	0.013761	05.589
17.01	17.00	0.013778	05.689
17.01	17.00	0.013794	05.789
17.01	17.00	0.013811	05.888
17.01	17.00	0.013828	05.989
16.99	17.00	0.013844	06.088
16.99	17.00	0.013861	06.188
16.99	17.00	0.013878	06.288
16.99	17.00	0.013894	06.389
16.99	17.00	0.013911	06.489
16.99	17.00	0.013928	06.588
16.99	17.00	0.013944	06.688
16.99	17.00	0.013961	06.788
16.99	17.00	0.013978	06.888
16.99	17.00	0.013994	06.989
16.99	17.00	0.014011	07.089
17.01	17.00	0.014028	07.188
17.01	17.00	0.014044	07.288
17.01	17.00	0.014061	07.388
17.01	17.00	0.014078	07.488
17.01	17.00	0.014094	07.588
17.01	17.00	0.014111	07.689
17.01	17.00	0.014128	07.789
17.01	17.00	0.014144	07.888
17.01	17.00	0.014161	07.987
17.01	17.00	0.014178	08.112
17.01	17.00	0.014194	08.217
16.99	17.00	0.014211	08.311
16.99	17.00	0.014228	08.411
16.99	17.00	0.014244	08.516
16.99	17.00	0.014261	08.610
16.99	17.00	0.014278	08.710
16.99	17.00	0.014294	08.814
16.99	17.00	0.014311	08.909
16.99	17.00	0.014328	09.008
16.99	17.00	0.014344	09.112
16.99	17.00	0.014361	09.208
16.99	17.00	0.014378	09.308
17.01	17.00	0.014394	09.412
17.01	17.00	0.014411	09.507
17.01	17.00	0.014428	09.606
17.01	17.00	0.014444	09.711
17.01	17.00	0.014461	09.805
17.01	17.00	0.014478	09.906
17.01	17.00	0.014494	10.010
17.01	17.00	0.014511	10.104
17.01	17.00	0.014528	10.206
17.01	17.00	0.014544	10.308
17.01	17.00	0.014561	10.403
17.01	17.00	0.014577	10.506
17.01	17.00	0.014594	10.607
16.99	17.00	0.014611	10.702
16.99	17.00	0.014627	10.806
16.99	17.00	0.014644	10.906
16.99	17.00	0.014661	11.001
16.99	17.00	0.014677	11.106
16.99	17.00	0.014694	11.205
16.99	17.00	0.014711	11.300
16.99	17.00	0.014727	11.404
16.99	17.00	0.014744	11.504
16.99	17.00	0.014761	11.599
16.99	17.00	0.014777	11.703
16.99	17.00	0.014794	11.803
16.99	17.00	0.014811	11.897
16.99	17.00	0.014827	12.002
16.99	17.00	0.014844	12.101
17.01	17.00	0.014861	12.196
17.01	17.00	0.014877	12.301
17.01	17.00	0.014894	12.395
17.01	17.00	0.014911	12.495
17.01	17.00	0.014927	12.599
17.01	17.00	0.014944	12.694
17.01	17.00	0.014961	12.794
17.01	17.00	0.014977	12.899
17.01	17.00	0.014994	12.994
17.01	17.00	0.015011	13.093
17.01	17.00	0.015027	13.198
17.01	17.00	0.015044	13.292
17.01	17.00	0.015061	13.392
17.01	17.00	0.015077	13.496
17.01	17.00	0.015094	13.591
16.99	17.00	0.015111	13.691
16.99	17.00	0.015127	13.795
16.99	17.00	0.015144	13.889
16.99	17.00	0.015161	13.989
16.99	17.00	0.015177	14.094
16.99	17.00	0.015194	14.189
16.99	17.00	0.015211	14.290
16.99	17.00	0.015227	14.393
16.99	17.00	0.015244	14.490
16.99	17.00	0.015261	14.589
16.99	17.00	0.015277	14.692
16.99	17.00	0.015294	14.789
16.99	17.00	0.015311	14.889
16.99	17.00	0.015327	14.990
16.99	17.00	0.015344	15.089
17.01	17.00	0.015361	15.190
17.01	17.00	0.015377	15.289
17.01	17.00	0.015394	15.391
17.01	17.00	0.015410	15.490
17.01	17.00	0.015427	15.590
17.01	17.00	0.015444	15.690
17.01	17.00	0.015460	15.790
17.01	17.00	0.015477	15.891
17.01	17.00	0.015494	15.990
17.01	17.00	0.015510	16.091
17.01	17.00	0.015527	16.190
17.01	17.00	0.015544	16.291
17.01	17.00	0.015560	16.390
17.01	17.00	0.015577	16.490
17.01	17.00	0.015594	16.591
17.01	17.00	0.015610	16.690
16.99	17.00	0.015627	16.791
16.99	17.00	0.015644	16.890
16.99	17.00	0.015660	16.991
16.99	17.00	0.015677	17.090
16.99	17.00	0.015694	17.190
16.99	17.00	0.015710	17.290
16.99	17.00	0.015727	17.390
16.99	17.00	0.015744	17.491
16.99	17.00	0.015760	17.590
16.99	17.00	0.015777	17.691
16.99	17.00	0.015794	17.790
16.99	17.00	0.015810	17.891
16.99	17.00	0.015827	17.990
17.01	17.00	0.015844	18.090
17.01	17.00	0.015860	18.190
17.01	17.00	0.015877	18.290
17.01	17.00	0.015894	18.391
17.01	17.00	0.015910	18.490
17.01	17.00	0.015927	18.591
17.01	17.00	0.015944	18.690
17.01	17.00	0.015960	18.790
17.01	17.00	0.015977	18.890
17.01	17.00	0.015994	18.990
17.01	17.00	0.016010	19.091
17.01	17.00	0.016027	19.190
17.01	17.00	0.016044	19.291
17.01	17.00	0.016060	19.390
17.01	17.00	0.016077	19.491
17.01	17.00	0.016094	19.590
17.01	17.00	0.016110	19.690
16.99	17.00	0.016127	19.790
16.99	17.00	0.016144	19.890
16.99	17.00	0.016160	19.991
16.99	17.00	0.016177	20.090
16.99	17.00	0.016194	20.191
16.99	17.00	0.016210	20.290
16.99	17.00	0.016227	20.390
16.99	17.00	0.016244	20.490
16.99	17.00	0.016260	20.590
16.99	17.00	0.016277	20.714
16.99	17.00	0.016293	20.819
16.99	17.00	0.016310	20.919
17.01	17.00	0.016327	21.013
17.01	17.00	0.016343	21.118
17.01	17.00	0.016360	21.212
17.01	17.00	0.016377	21.312
17.01	17.00	0.016393	21.416
17.01	17.00	0.016410	21.511
17.01	17.00	0.016427	21.611
17.01	17.00	0.016443	21.715
17.01	17.00	0.016460	21.810
17.01	17.00	0.016477	21.909
17.01	17.00	0.016493	22.014
17.01	17.00	0.016510	22.108
17.01	17.00	0.016527	22.209
17.01	17.00	0.016543	22.313
17.01	17.00	0.016560	22.408
16.99	17.00	0.016577	22.508
16.99	17.00	0.016593	22.612
16.99	17.00	0.016610	22.707
16.99	17.00	0.016627	22.806
16.99	17.00	0.016643	22.911
16.99	17.00	0.016660	23.005
16.99	17.00	0.016677	23.105
16.99	17.00	0.016693	23.210
16.99	17.00	0.016710	23.304
16.99	17.00	0.016727	23.404
16.99	17.00	0.016743	23.508
16.99	17.00	0.016760	23.603
16.99	17.00	0.016777	23.703
16.99	17.00	0.016793	23.807
16.99	17.00	0.016810	23.902
16.99	17.00	0.016827	24.002
17.01	17.00	0.016843	24.106
17.01	17.00	0.016860	24.201
17.01	17.00	0.016877	24.301
17.01	17.00	0.016893	24.405
17.01	17.00	0.016910	24.499
17.01	17.00	0.016927	24.601
17.01	17.00	0.016943	24.704
17.01	17.00	0.016960	24.799
17.01	17.00	0.016977	24.901
17.01	17.00	0.016993	25.003
17.01	17.00	0.017010	25.098
17.01	17.00	0.017027	25.201
17.01	17.00	0.017043	25.302
17.01	17.00	0.017060	25.397
17.01	17.00	0.017077	25.501
16.99	17.00	0.017093	25.601
16.99	17.00	0.017110	25.695
16.99	17.00	0.017126	25.800
16.99	17.00	0.017143	25.899
16.99	17.00	0.017160	25.994
16.99	17.00	0.017176	26.098
16.99	17.00	0.017193	26.198
16.99	17.00	0.017210	26.293
16.99	17.00	0.017226	26.397
16.99	17.00	0.017243	26.497
16.99	17.00	0.017260	26.591
16.99	17.00	0.017276	26.697
16.99	17.00	0.017293	26.790
17.01	17.00	0.017310	26.891
17.01	17.00	0.017326	26.996
17.01	17.00	0.017343	27.090
17.01	17.00	0.017360	27.191
17.01	17.00	0.017376	27.294
17.01	17.00	0.017393	27.391
17.01	17.00	0.017410	27.490
17.01	17.00	0.017426	27.593
17.01	17.00	0.017443	27.690
17.01	17.00	0.017460	27.790
17.01	17.00	0.017476	27.892
17.01	17.00	0.017493	27.990
17.01	17.00	0.017510	28.091
17.01	17.00	0.017526	28.190
17.01	17.00	0.017543	28.290
17.01	17.00	0.017560	28.390
17.01	17.00	0.017576	28.490
17.01	17.00	0.017593	28.591
17.01	17.00	0.017610	28.690
16.99	17.00	0.017626	28.791
16.99	17.00	0.017643	28.890
16.99	17.00	0.017660	28.990
16.99	17.00	0.017676	29.090
16.99	17.00	0.017693	29.190
16.99	17.00	0.017710	29.291
16.99	17.00	0.017726	29.390
16.99	17.00	0.017743	29.496
16.99	17.00	0.017760	29.590
16.99	17.00	0.017776	29.691
16.99	17.00	0.017793	29.790
16.99	17.00	0.017810	29.890
16.99	17.00	0.017826	29.990
16.99	17.00	0.017843	30.090
17.01	17.00	0.017860	30.191
17.01	17.00	0.017876	30.290
17.01	17.00	0.017893	30.395
17.01	17.00	0.017910	30.490
17.01	17.00	0.017926	30.591
17.01	17.00	0.017943	30.694
17.01	17.00	0.017959	30.790
17.01	17.00	0.017976	30.891
17.01	17.00	0.017993	30.995
17.01	17.00	0.018009	31.091
17.01	17.00	0.018026	31.190
17.01	17.00	0.018043	31.295
16.99	17.00	0.018059	31.390
16.99	17.00	0.018076	31.490
16.99	17.00	0.018093	31.595
16.99	17.00	0.018109	31.690
16.99	17.00	0.018126	31.791
16.99	17.00	0.018143	31.894
16.99	17.00	0.018159	31.991
16.99	17.00	0.018176	32.090
16.99	17.00	0.018193	32.195
16.99	17.00	0.018209	32.290
16.99	17.00	0.018226	32.390
16.99	17.00	0.018243	32.495
16.99	17.00	0.018259	32.590
16.99	17.00	0.018276	32.691
16.99	17.00	0.018293	32.794
16.99	17.00	0.018309	32.891
17.01	17.00	0.018326	32.990
17.01	17.00	0.018343	33.094
17.01	17.00	0.018359	33.190
17.01	17.00	0.018376	33.290
17.01	17.00	0.018393	33.394
17.01	17.00	0.018409	33.490
17.01	17.00	0.018426	33.591
17.01	17.00	0.018443	33.694
17.01	17.00	0.018459	33.790
17.01	17.00	0.018476	33.914
17.01	17.00	0.018493	33.994
17.01	17.00	0.018509	34.118
17.01	17.00	0.018526	34.213
17.01	17.00	0.018543	34.318
17.01	17.00	0.018559	34.417
17.01	17.00	0.018576	34.512
17.01	17.00	0.018593	34.616
16.99	17.00	0.018609	34.716
16.99	17.00	0.018626	34.810
16.99	17.00	0.018643	34.915
16.99	17.00	0.018659	35.016
16.99	17.00	0.018676	35.109
16.99	17.00	0.018693	35.215
16.99	17.00	0.018709	35.314
16.99	17.00	0.018726	35.409
16.99	17.00	0.018743	35.513
16.99	17.00	0.018759	35.608
16.99	17.00	0.018776	35.707
16.99	17.00	0.018792	35.812
16.99	17.00	0.018809	35.907
16.99	17.00	0.018826	36.006
16.99	17.00	0.018842	36.111
17.01	17.00	0.018859	36.205
17.01	17.00	0.018876	36.305
17.01	17.00	0.018892	36.409
17.01	17.00	0.018909	36.504
17.01	17.00	0.018926	36.605
17.01	17.00	0.018942	36.709
17.01	17.00	0.018959	36.804
17.01	17.00	0.018976	36.903
17.01	17.00	0.018992	37.008
17.01	17.00	0.019009	37.102
17.01	17.00	0.019026	37.202
17.01	17.00	0.019042	37.306
17.01	17.00	0.019059	37.401
17.01	17.00	0.019076	37.501
17.01	17.00	0.019092	37.605
17.01	17.00	0.019109	37.700
17.01	17.00	0.019126	37.799
17.01	17.00	0.019142	37.904
16.99	17.00	0.019159	37.998
16.99	17.00	0.019176	38.098
16.99	17.00	0.019192	38.203
16.99	17.00	0.019209	38.297
16.99	17.00	0.019226	38.397
16.99	17.00	0.019242	38.501
16.99	17.00	0.019259	38.597
16.99	17.00	0.019276	38.696
16.99	17.00	0.019292	38.801
16.99	17.00	0.019309	38.896
16.99	17.00	0.019326	38.996
16.99	17.00	0.019342	39.100
16.99	17.00	0.019359	39.194
16.99	17.00	0.019376	39.297
16.99	17.00	0.019392	39.398
17.01	17.00	0.019409	39.493
17.01	17.00	0.019426	39.596
17.01	17.00	0.019442	39.697
17.01	17.00	0.019459	39.792
17.01	17.00	0.019476	39.896
17.01	17.00	0.019492	39.996
17.01	17.00	0.019509	40.091
17.01	17.00	0.019526	40.196
17.01	17.00	0.019542	40.295
17.01	17.00	0.019559	40.391
17.01	17.00	0.019576	40.495
17.01	17.00	0.019592	40.594
17.01	17.00	0.019609	40.692
17.01	17.00	0.019625	40.793
17.01	17.00	0.019642	40.893
17.01	17.00	0.019659	40.991
16.99	17.00	0.019675	41.092
16.99	17.00	0.019692	41.191
16.99	17.00	0.019709	41.291
16.99	17.00	0.019725	41.392
16.99	17.00	0.019742	41.491
16.99	17.00	0.019759	41.592
16.99	17.00	0.019775	41.691
16.99	17.00	0.019792	41.792
16.99	17.00	0.019809	41.891
16.99	17.00	0.019825	41.991
16.99	17.00	0.019842	42.092
16.99	17.00	0.019859	42.191
16.99	17.00	0.019875	42.292
16.99	17.00	0.019892	42.391
16.99	17.00	0.019909	42.492
17.01	17.00	0.019925	42.591
17.01	17.00	0.019942	42.691
17.01	17.00	0.019959	42.791
17.01	17.00	0.019975	42.891
17.01	17.00	0.019992	42.992
17.01	17.00	0.020009	43.091
17.01	17.00	0.020025	43.192
17.01	17.00	0.020042	43.291
17.01	17.00	0.020059	43.392
17.01	17.00	0.020075	43.491
17.01	17.00	0.020092	43.591
17.01	17.00	0.020109	43.692
17.01	17.00	0.020125	43.792
16.99	17.00	0.020142	43.893
16.99	17.00	0.020159	43.992
16.99	17.00	0.020175	44.093
16.99	17.00	0.020192	44.192
16.99	17.00	0.020209	44.292
16.99	17.00	0.020225	44.392
16.99	17.00	0.020242	44.492
16.99	17.00	0.020259	44.593
16.99	17.00	0.020275	44.692
16.99	17.00	0.020292	44.793
16.99	17.00	0.020309	44.892
16.99	17.00	0.020325	44.993
16.99	17.00	0.020342	45.092
16.99	17.00	0.020359	45.192
16.99	17.00	0.020375	45.293
16.99	17.00	0.020392	45.393
17.01	17.00	0.020409	45.494
17.01	17.00	0.020425	45.593
17.01	17.00	0.020442	45.694
17.01	17.00	0.020458	45.793
17.01	17.00	0.020475	45.893
17.01	17.00	0.020492	45.993
17.01	17.00	0.020508	46.093
17.01	17.00	0.020525	46.193
17.01	17.00	0.020542	46.317
17.01	17.00	0.020558	46.423
17.01	17.00	0.020575	46.516
17.01	17.00	0.020592	46.616
17.01	17.00	0.020608	46.721
17.01	17.00	0.020625	46.816
17.01	17.00	0.020642	46.915
17.01	17.00	0.020658	47.019
17.01	17.00	0.020675	47.114
16.99	17.00	0.020692	47.214
16.99	17.00	0.020708	47.318
16.99	17.00	0.020725	47.413
16.99	17.00	0.020742	47.514
16.99	17.00	0.020758	47.618
16.99	17.00	0.020775	47.712
16.99	17.00	0.020792	47.814
16.99	17.00	0.020808	47.917
16.99	17.00	0.020825	48.011
16.99	17.00	0.020842	48.113
16.99	17.00	0.020858	48.215
16.99	17.00	0.020875	48.309
17.01	17.00	0.020892	48.414
17.01	17.00	0.020908	48.514
17.01	17.00	0.020925	48.609
17.01	17.00	0.020942	48.714
17.01	17.00	0.020958	48.813
17.01	17.00	0.020975	48.908
17.01	17.00	0.020992	49.012
17.01	17.00	0.021008	49.112
17.01	17.00	0.021025	49.206
17.01	17.00	0.021042	49.311
17.01	17.00	0.021058	49.411
17.01	17.00	0.021075	49.505
17.01	17.00	0.021092	49.610
17.01	17.00	0.021108	49.709
17.01	17.00	0.021125	49.804
17.01	17.00	0.021142	49.908
16.99	17.00	0.021158	50.003
16.99	17.00	0.021175	50.103
16.99	17.00	0.021192	50.207
16.99	17.00	0.021208	50.302
16.99	17.00	0.021225	50.402
16.99	17.00	0.021242	50.506
16.99	17.00	0.021258	50.601
16.99	17.00	0.021275	50.700
16.99	17.00	0.021291	50.805
16.99	17.00	0.021308	50.900
16.99	17.00	0.021325	50.999
16.99	17.00	0.021341	51.104
16.99	17.00	0.021358	51.199
17.01	17.00	0.021375	51.298
17.01	17.00	0.021391	51.403
17.01	17.00	0.021408	51.497
17.01	17.00	0.021425	51.597
17.01	17.00	0.021441	51.702
17.01	17.00	0.021458	51.796
17.01	17.00	0.021475	51.897
17.01	17.00	0.021491	52.000
17.01	17.00	0.021508	52.096
17.01	17.00	0.021525	52.196
17.01	17.00	0.021541	52.300
17.01	17.00	0.021558	52.397
17.01	17.00	0.021575	52.496
17.01	17.00	0.021591	52.599
17.01	17.00	0.021608	52.696
17.01	17.00	0.021625	52.797
17.01	17.00	0.021641	52.897
17.01	17.00	0.021658	52.996
16.99	17.00	0.021675	53.096
16.99	17.00	0.021691	53.196
16.99	17.00	0.021708	53.297
16.99	17.00	0.021725	53.396
16.99	17.00	0.021741	53.497
16.99	17.00	0.021758	53.596
16.99	17.00	0.021775	53.696
16.99	17.00	0.021791	53.796
16.99	17.00	0.021808	53.896
16.99	17.00	0.021825	53.997
16.99	17.00	0.021841	54.096
16.99	17.00	0.021858	54.197
16.99	17.00	0.021875	54.296
16.99	17.00	0.021891	54.397
17.01	17.00	0.021908	54.496
17.01	17.00	0.021925	54.596
17.01	17.00	0.021941	54.698
17.01	17.00	0.021958	54.797
17.01	17.00	0.021975	54.898
17.01	17.00	0.021991	54.997
17.01	17.00	0.022008	55.098
17.01	17.00	0.022025	55.197
17.01	17.00	0.022041	55.297
17.01	17.00	0.022058	55.397
17.01	17.00	0.022075	55.497
17.01	17.00	0.022091	55.598
16.99	17.00	0.022108	55.697
16.99	17.00	0.022124	55.798
16.99	17.00	0.022141	55.897
16.99	17.00	0.022158	55.998
16.99	17.00	0.022174	56.097
16.99	17.00	0.022191	56.197
16.99	17.00	0.022208	56.297
16.99	17.00	0.022224	56.397
16.99	17.00	0.022241	56.498
16.99	17.00	0.022258	56.597
16.99	17.00	0.022274	56.698
16.99	17.00	0.022291	56.797
16.99	17.00	0.022308	56.897
16.99	17.00	0.022324	56.997
17.01	17.00	0.022341	57.097
17.01	17.00	0.022358	57.198
17.01	17.00	0.022374	57.298
17.01	17.00	0.022391	57.397
17.01	17.00	0.022408	57.498
17.01	17.00	0.022424	57.597
17.01	17.00	0.022441	57.697
17.01	17.00	0.022458	57.797
17.01	17.00	0.022474	57.897
17.01	17.00	0.022491	57.998
17.01	17.00	0.022508	58.097
17.01	17.00	0.022524	58.198
17.01	17.00	0.022541	58.297
17.01	17.00	0.022558	58.427
17.01	17.00	0.022574	58.526
16.99	17.00	0.022591	58.621
16.99	17.00	0.022608	58.725
16.99	17.00	0.022624	58.820
16.99	17.00	0.022641	58.919
16.99	17.00	0.022658	59.024
16.99	17.00	0.022674	59.119
16.99	17.00	0.022691	59.218
16.99	17.00	0.022708	59.323
16.99	17.00	0.022724	59.417
16.99	17.00	0.022741	59.517
16.99	17.00	0.022758	59.621
16.99	17.00	0.022774	59.717
17.01	17.00	0.022791	59.817
17.01	17.00	0.022808	59.921
17.01	17.00	0.022824	00.016
17.01	17.00	0.022841	00.115
17.01	17.00	0.022858	00.220
17.01	17.00	0.022874	00.314
17.01	17.00	0.022891	00.414
17.01	17.00	0.022908	00.518
17.01	17.00	0.022924	00.613
17.01	17.00	0.022941	00.713
17.01	17.00	0.022957	00.817
17.01	17.00	0.022974	00.912
17.01	17.00	0.022991	01.011
17.01	17.00	0.023007	01.116
16.99	17.00	0.023024	01.211
16.99	17.00	0.023041	01.310
16.99	17.00	0.023057	01.416
16.99	17.00	0.023074	01.510
16.99	17.00	0.023091	01.610
16.99	17.00	0.023107	01.714
16.99	17.00	0.023124	01.809
16.99	17.00	0.023141	01.909
16.99	17.00	0.023157	02.013
16.99	17.00	0.023174	02.108
16.99	17.00	0.023191	02.209
16.99	17.00	0.023207	02.312
16.99	17.00	0.023224	02.406
16.99	17.00	0.023241	02.509
16.99	17.00	0.023257	02.610
17.01	17.00	0.023274	02.705
17.01	17.00	0.023291	02.809
17.01	17.00	0.023307	02.909
17.01	17.00	0.023324	03.004
17.01	17.00	0.023341	03.109
17.01	17.00	0.023357	03.209
17.01	17.00	0.023374	03.303
17.01	17.00	0.023391	03.408
17.01	17.00	0.023407	03.508
17.01	17.00	0.023424	03.602
17.01	17.00	0.023441	03.706
17.01	17.00	0.023457	03.806
17.01	17.00	0.023474	03.901
17.01	17.00	0.023491	04.005
16.99	17.00	0.023507	04.105
16.99	17.00	0.023524	04.200
16.99	17.00	0.023541	04.304
16.99	17.00	0.023557	04.404
16.99	17.00	0.023574	04.499
16.99	17.00	0.023591	04.603
16.99	17.00	0.023607	04.704
16.99	17.00	0.023624	04.799
16.99	17.00	0.023641	04.901
16.99	17.00	0.023657	04.999
16.99	17.00	0.023674	05.100
16.99	17.00	0.023691	05.201
16.99	17.00	0.023707	05.304
16.99	17.00	0.023724	05.399
16.99	17.00	0.023741	05.500
16.99	17.00	0.023757	05.603
17.01	17.00	0.023774	05.699
17.01	17.00	0.023790	05.800
17.01	17.00	0.023807	05.903
17.01	17.00	0.023824	06.000
17.01	17.00	0.023840	06.099
17.01	17.00	0.023857	06.204
17.01	17.00	0.023874	06.299
17.01	17.00	0.023890	06.399
17.01	17.00	0.023907	06.503
17.01	17.00	0.023924	06.599
17.01	17.00	0.023940	06.700
17.01	17.00	0.023957	06.803
17.01	17.00	0.023974	06.900
17.01	17.00	0.023990	06.999
17.01	17.00	0.024007	07.103
17.01	17.00	0.024024	07.199
17.01	17.00	0.024040	07.299
17.01	17.00	0.024057	07.403
16.99	17.00	0.024074	07.499
16.99	17.00	0.024090	07.600
16.99	17.00	0.024107	07.703
16.99	17.00	0.024124	07.800
16.99	17.00	0.024140	07.899
16.99	17.00	0.024157	08.003
16.99	17.00	0.024174	08.099
16.99	17.00	0.024190	08.199
16.99	17.00	0.024207	08.303
16.99	17.00	0.024224	08.399
16.99	17.00	0.024240	08.500
16.99	17.00	0.024257	08.602
16.99	17.00	0.024274	08.700
16.99	17.00	0.024290	08.799
17.01	17.00	0.024307	08.903
17.01	17.00	0.024324	09.001
17.01	17.00	0.024340	09.100
17.01	17.00	0.024357	09.203
17.01	17.00	0.024374	09.300
17.01	17.00	0.024390	09.401
17.01	17.00	0.024407	09.502
17.01	17.00	0.024424	09.600
17.01	17.00	0.024440	09.701
17.01	17.00	0.024457	09.802
17.01	17.00	0.024474	09.901
17.01	17.00	0.024490	10.000
17.01	17.00	0.024507	10.103
17.01	17.00	0.024524	10.200
17.01	17.00	0.024540	10.300
17.01	17.00	0.024557	10.402
17.01	17.00	0.024574	10.500
17.01	17.00	0.024590	10.601
16.99	17.00	0.024607	10.702
16.99	17.00	0.024623	10.830
16.99	17.00	0.024640	10.924
16.99	17.00	0.024657	11.002
16.99	17.00	0.024673	11.128
16.99	17.00	0.024690	11.223
16.99	17.00	0.024707	11.302
16.99	17.00	0.024723	11.427
16.99	17.00	0.024740	11.522
16.99	17.00	0.024757	11.601
16.99	17.00	0.024773	11.726
16.99	17.00	0.024790	11.821
16.99	17.00	0.024807	11.926
16.99	17.00	0.024823	12.025
16.99	17.00	0.024840	12.120
17.01	17.00	0.024857	12.225
17.01	17.00	0.024873	12.324
17.01	17.00	0.024890	12.419
17.01	17.00	0.024907	12.523
17.01	17.00	0.024923	12.623
17.01	17.00	0.024940	12.717
17.01	17.00	0.024957	12.822
17.01	17.00	0.024973	12.922
17.01	17.00	0.024990	13.016
17.01	17.00	0.025007	13.121
17.01	17.00	0.025023	13.215
17.01	17.00	0.025040	13.315
16.99	17.00	0.025057	13.419
16.99	17.00	0.025073	13.514
16.99	17.00	0.025090	13.614
16.99	17.00	0.025107	13.719
16.99	17.00	0.025123	13.814
16.99	17.00	0.025140	13.913
16.99	17.00	0.025157	14.018
16.99	17.00	0.025173	14.112
16.99	17.00	0.025190	14.212
16.99	17.00	0.025207	14.316
16.99	17.00	0.025223	14.411
17.01	17.00	0.025240	14.511
17.01	17.00	0.025257	14.615
17.01	17.00	0.025273	14.710
17.01	17.00	0.025290	14.809
17.01	17.00	0.025307	14.914
17.01	17.00	0.025323	15.008
17.01	17.00	0.025340	15.108
17.01	17.00	0.025357	15.214
17.01	17.00	0.025373	15.308
17.01	17.00	0.025390	15.408
17.01	17.00	0.025407	15.512
17.01	17.00	0.025423	15.607
17.01	17.00	0.025440	15.706
17.01	17.00	0.025456	15.811
17.01	17.00	0.025473	15.906
16.99	17.00	0.025490	16.005
16.99	17.00	0.025506	16.110
16.99	17.00	0.025523	16.204
16.99	17.00	0.025540	16.305
16.99	17.00	0.025556	16.408
16.99	17.00	0.025573	16.503
16.99	17.00	0.025590	16.605
16.99	17.00	0.025606	16.707
16.99	17.00	0.025623	16.802
17.01	17.00	0.025640	16.904
17.01	17.00	0.025656	17.006
17.01	17.00	0.025673	17.101
17.01	17.00	0.025690	17.205
17.01	17.00	0.025706	17.305
17.01	17.00	0.025723	17.401
17.01	17.00	0.025740	17.505
17.01	17.00	0.025756	17.604
17.01	17.00	0.025773	17.702
17.01	17.00	0.025790	17.803
17.01	17.00	0.025806	17.903
17.01	17.00	0.025823	18.001
17.01	17.00	0.025840	18.103
17.01	17.00	0.025856	18.203
16.99	17.00	0.025873	18.303
16.99	17.00	0.025890	18.404
16.99	17.00	0.025906	18.503
16.99	17.00	0.025923	18.604
16.99	17.00	0.025940	18.704
16.99	17.00	0.025956	18.804
16.99	17.00	0.025973	18.904
16.99	17.00	0.025990	19.004
16.99	17.00	0.026006	19.105
16.99	17.00	0.026023	19.204
16.99	17.00	0.026040	19.305
16.99	17.00	0.026056	19.404
16.99	17.00	0.026073	19.505
16.99	17.00	0.026090	19.604
17.01	17.00	0.026106	19.704
17.01	17.00	0.026123	19.805
17.01	17.00	0.026140	19.904
17.01	17.00	0.026156	20.005
17.01	17.00	0.026173	20.104
17.01	17.00	0.026190	20.205
17.01	17.00	0.026206	20.304
17.01	17.00	0.026223	20.404
17.01	17.00	0.026240	20.504
17.01	17.00	0.026256	20.604
17.01	17.00	0.026273	20.705
17.01	17.00	0.026289	20.804
17.01	17.00	0.026306	20.905
17.01	17.00	0.026323	21.004
17.01	17.00	0.026339	21.105
16.99	17.00	0.026356	21.204
16.99	17.00	0.026373	21.304
16.99	17.00	0.026389	21.404
16.99	17.00	0.026406	21.504
16.99	17.00	0.026423	21.605
16.99	17.00	0.026439	21.704
16.99	17.00	0.026456	21.805
16.99	17.00	0.026473	21.904
16.99	17.00	0.026489	22.004
16.99	17.00	0.026506	22.104
16.99	17.00	0.026523	22.204
16.99	17.00	0.026539	22.305
17.01	17.00	0.026556	22.404
17.01	17.00	0.026573	22.505
17.01	17.00	0.026589	22.604
17.01	17.00	0.026606	22.705
17.01	17.00	0.026623	22.804
17.01	17.00	0.026639	22.904
17.01	17.00	0.026656	23.003
17.01	17.00	0.026673	23.133
17.01	17.00	0.026689	23.227
17.01	17.00	0.026706	23.328
17.01	17.00	0.026723	23.433
17.01	17.00	0.026739	23.526
16.99	17.00	0.026756	23.627
16.99	17.00	0.026773	23.731
16.99	17.00	0.026789	23.826
16.99	17.00	0.026806	23.926
16.99	17.00	0.026823	24.030
16.99	17.00	0.026839	24.125
16.99	17.00	0.026856	24.224
16.99	17.00	0.026873	24.329
16.99	17.00	0.026889	24.423
16.99	17.00	0.026906	24.523
16.99	17.00	0.026923	24.627
16.99	17.00	0.026939	24.722
16.99	17.00	0.026956	24.822
16.99	17.00	0.026973	24.926
17.01	17.00	0.026989	25.021
17.01	17.00	0.027006	25.122
17.01	17.00	0.027023	25.225
17.01	17.00	0.027039	25.319
17.01	17.00	0.027056	25.422
17.01	17.00	0.027073	25.525
17.01	17.00	0.027089	25.619
17.01	17.00	0.027106	25.722
17.01	17.00	0.027122	25.823
17.01	17.00	0.027139	25.918
17.01	17.00	0.027156	26.021
17.01	17.00	0.027172	26.122
17.01	17.00	0.027189	26.217
16.99	17.00	0.027206	26.321
16.99	17.00	0.027222	26.421
16.99	17.00	0.027239	26.515
16.99	17.00	0.027256	26.620
16.99	17.00	0.027272	26.719
16.99	17.00	0.027289	26.814
16.99	17.00	0.027306	26.918
16.99	17.00	0.027322	27.018
16.99	17.00	0.027339	27.113
16.99	17.00	0.027356	27.218
16.99	17.00	0.027372	27.317
16.99	17.00	0.027389	27.412
16.99	17.00	0.027406	27.516
16.99	17.00	0.027422	27.611
17.01	17.00	0.027439	27.711
17.01	17.00	0.027456	27.815
17.01	17.00	0.027472	27.910
17.01	17.00	0.027489	28.009
17.01	17.00	0.027506	28.115
17.01	17.00	0.027522	28.209
17.01	17.00	0.027539	28.309
17.01	17.00	0.027556	28.413
17.01	17.00	0.027572	28.508
17.01	17.00	0.027589	28.608
17.01	17.00	0.027606	28.712
17.01	17.00	0.027622	28.807
17.01	17.00	0.027639	28.906
17.01	17.00	0.027656	29.011
16.99	17.00	0.027672	29.105
16.99	17.00	0.027689	29.205
16.99	17.00	0.027706	29.310
16.99	17.00	0.027722	29.404
16.99	17.00	0.027739	29.506
16.99	17.00	0.027756	29.608
16.99	17.00	0.027772	29.705
16.99	17.00	0.027789	29.805
16.99	17.00	0.027806	29.907
16.99	17.00	0.027822	30.005
16.99	17.00	0.027839	30.106
16.99	17.00	0.027856	30.206
16.99	17.00	0.027872	30.306
16.99	17.00	0.027889	30.405
17.01	17.00	0.027906	30.505
17.01	17.00	0.027922	30.605
17.01	17.00	0.027939	30.705
17.01	17.00	0.027955	30.806
17.01	17.00	0.027972	30.905
17.01	17.00	0.027989	31.006
17.01	17.00	0.028005	31.105
17.01	17.00	0.028022	31.206
17.01	17.00	0.028039	31.305
17.01	17.00	0.028055	31.405
17.01	17.00	0.028072	31.505
17.01	17.00	0.028089	31.605
17.01	17.00	0.028105	31.706
17.01	17.00	0.028122	31.805
17.01	17.00	0.028139	31.906
17.01	17.00	0.028155	32.005
17.01	17.00	0.028172	32.105
16.99	17.00	0.028189	32.205
16.99	17.00	0.028205	32.305
16.99	17.00	0.028222	32.406
16.99	17.00	0.028239	32.505
16.99	17.00	0.028255	32.606
16.99	17.00	0.028272	32.705
16.99	17.00	0.028289	32.806
16.99	17.00	0.028305	32.905
16.99	17.00	0.028322	33.005
16.99	17.00	0.028339	33.105
16.99	17.00	0.028355	33.205
16.99	17.00	0.028372	33.306
16.99	17.00	0.028389	33.405
16.99	17.00	0.028405	33.506
16.99	17.00	0.028422	33.605
17.01	17.00	0.028439	33.705
17.01	17.00	0.028455	33.805
17.01	17.00	0.028472	33.905
17.01	17.00	0.028489	34.006
17.01	17.00	0.028505	34.105
17.01	17.00	0.028522	34.206
17.01	17.00	0.028539	34.305
17.01	17.00	0.028555	34.406
17.01	17.00	0.028572	34.505
17.01	17.00	0.028589	34.605
17.01	17.00	0.028605	34.705
17.01	17.00	0.028622	34.805
17.01	17.00	0.028639	34.906
17.01	17.00	0.028655	35.005
17.01	17.00	0.028672	35.106
17.01	17.00	0.028689	35.205
16.99	17.00	0.028705	35.305
16.99	17.00	0.028722	35.405
16.99	17.00	0.028739	35.505
16.99	17.00	0.028755	35.606
16.99	17.00	0.028772	35.705
16.99	17.00	0.028788	35.806
16.99	17.00	0.028805	35.905
16.99	17.00	0.028822	36.035
16.99	17.00	0.028838	36.134
16.99	17.00	0.028855	36.229
16.99	17.00	0.028872	36.333
16.99	17.00	0.028888	36.428
17.01	17.00	0.028905	36.528
17.01	17.00	0.028922	36.633
17.01	17.00	0.028938	36.727
17.01	17.00	0.028955	36.827
17.01	17.00	0.028972	36.931
17.01	17.00	0.028988	37.026
17.01	17.00	0.029005	37.125
17.01	17.00	0.029022	37.230
17.01	17.00	0.029038	37.325
17.01	17.00	0.029055	37.424
17.01	17.00	0.029072	37.529
17.01	17.00	0.029088	37.623
17.01	17.00	0.029105	37.723
17.01	17.00	0.029122	37.827
17.01	17.00	0.029138	37.922
17.01	17.00	0.029155	38.021
17.01	17.00	0.029172	38.126
17.01	17.00	0.029188	38.221
16.99	17.00	0.029205	38.320
16.99	17.00	0.029222	38.426
16.99	17.00	0.029238	38.519
16.99	17.00	0.029255	38.620
16.99	17.00	0.029272	38.724
16.99	17.00	0.029288	38.819
16.99	17.00	0.029305	38.919
16.99	17.00	0.029322	39.023
16.99	17.00	0.029338	39.118
16.99	17.00	0.029355	39.217
16.99	17.00	0.029372	39.322
16.99	17.00	0.029388	39.416
16.99	17.00	0.029405	39.517
16.99	17.00	0.029422	39.621
16.99	17.00	0.029438	39.715
17.01	17.00	0.029455	39.818
17.01	17.00	0.029472	39.919
17.01	17.00	0.029488	40.015
17.01	17.00	0.029505	40.117
17.01	17.00	0.029522	40.219
17.01	17.00	0.029538	40.313
17.01	17.00	0.029555	40.417
17.01	17.00	0.029572	40.518
17.01	17.00	0.029588	40.612
17.01	17.00	0.029605	40.717
17.01	17.00	0.029621	40.816
17.01	17.00	0.029638	40.911
17.01	17.00	0.029655	41.015
16.99	17.00	0.029671	41.115
16.99	17.00	0.029688	41.210
16.99	17.00	0.029705	41.314
16.99	17.00	0.029721	41.414
16.99	17.00	0.029738	41.508
16.99	17.00	0.029755	41.613
16.99	17.00	0.029771	41.712
16.99	17.00	0.029788	41.807
16.99	17.00	0.029805	41.911
16.99	17.00	0.029821	42.007
16.99	17.00	0.029838	42.108
16.99	17.00	0.029855	42.211
16.99	17.00	0.029871	42.312
17.01	17.00	0.029888	42.407
17.01	17.00	0.029905	42.510
17.01	17.00	0.029921	42.612
17.01	17.00	0.029938	42.707
17.01	17.00	0.029955	42.809
17.01	17.00	0.029971	42.912
17.01	17.00	0.029988	43.007
17.01	17.00	0.030005	43.108
17.01	17.00	0.030021	43.211
17.01	17.00	0.030038	43.307
17.01	17.00	0.030055	43.407
17.01	17.00	0.030071	43.512
17.01	17.00	0.030088	43.608
17.01	17.01	0.030105	43.707
17.01	17.01	0.030121	43.812
16.99	17.01	0.030138	43.907
16.99	17.01	0.030155	44.007
16.99	17.01	0.030171	44.111
16.99	17.01	0.030188	44.207
16.99	17.01	0.030205	44.308
16.99	17.01	0.030221	44.411
16.99	17.01	0.030238	44.508
17.01	17.01	0.030255	44.607
17.01	17.01	0.030271	44.712
17.01	17.01	0.030288	44.807
17.01	17.01	0.030305	44.907
17.01	17.02	0.030321	45.011
17.01	17.02	0.030338	45.107
17.01	17.02	0.030355	45.208
17.01	17.02	0.030371	45.311
17.01	17.02	0.030388	45.408
17.01	17.02	0.030405	45.507
17.01	17.02	0.030421	45.611
17.01	17.02	0.030438	45.707
17.01	17.02	0.030454	45.808
17.01	17.02	0.030471	45.911
17.04	17.02	0.030488	46.008
17.04	17.02	0.030504	46.107
17.04	17.02	0.030521	46.211
17.04	17.03	0.030538	46.307
17.04	17.03	0.030554	46.407
17.04	17.03	0.030571	46.511
17.04	17.03	0.030588	46.607
17.04	17.03	0.030604	46.708
17.04	17.03	0.030621	46.811
17.04	17.03	0.030638	46.908
17.04	17.03	0.030654	47.007
17.04	17.03	0.030671	47.111
17.04	17.03	0.030688	47.207
17.04	17.03	0.030704	47.307
17.04	17.03	0.030721	47.411
17.04	17.03	0.030738	47.507
17.01	17.04	0.030754	47.608
17.01	17.04	0.030771	47.710
17.01	17.04	0.030788	47.808
17.01	17.04	0.030804	47.907
17.01	17.04	0.030821	48.010
17.01	17.04	0.030838	48.107
17.01	17.04	0.030854	48.208
17.04	17.04	0.030871	48.311
17.04	17.04	0.030888	48.407
17.04	17.04	0.030904	48.508
17.04	17.04	0.030921	48.610
17.04	17.04	0.030938	48.707
17.04	17.04	0.030954	48.831
17.04	17.05	0.030971	48.910
17.04	17.05	0.030988	49.035
17.04	17.05	0.031004	49.130
17.04	17.05	0.031021	49.210
17.06	17.05	0.031038	49.334
17.06	17.05	0.031054	49.429
17.06	17.05	0.031071	49.533
17.06	17.05	0.031088	49.633
17.06	17.05	0.031104	49.727
17.06	17.05	0.031121	49.832
17.06	17.05	0.031138	49.932
17.06	17.05	0.031154	50.026
17.06	17.05	0.031171	50.132
17.06	17.06	0.031188	50.230
17.06	17.06	0.031204	50.325
17.06	17.06	0.031221	50.430
17.06	17.06	0.031238	50.530
17.06	17.06	0.031254	50.625
17.06	17.06	0.031271	50.729
17.06	17.06	0.031287	50.824
17.06	17.06	0.031304	50.923
17.06	17.06	0.031321	51.028
17.06	17.06	0.031337	51.122
17.06	17.06	0.031354	51.222
17.06	17.06	0.031371	51.326
17.06	17.06	0.031387	51.422
17.06	17.07	0.031404	51.521
17.06	17.07	0.031421	51.626
17.06	17.07	0.031437	51.720
17.06	17.07	0.031454	51.820
17.06	17.07	0.031471	51.924
17.06	17.07	0.031487	52.019
17.06	17.07	0.031504	52.119
17.06	17.07	0.031521	52.223
17.06	17.07	0.031537	52.318
17.06	17.07	0.031554	52.417
17.06	17.07	0.031571	52.522
17.06	17.07	0.031587	52.616
17.06	17.07	0.031604	52.716
17.06	17.08	0.031621	52.820
17.06	17.08	0.031637	52.915
17.09	17.08	0.031654	53.016
17.09	17.08	0.031671	53.120
17.09	17.08	0.031687	53.215
17.09	17.08	0.031704	53.314
17.09	17.08	0.031721	53.419
17.09	17.08	0.031737	53.513
17.09	17.08	0.031754	53.613
17.09	17.08	0.031771	53.717
17.09	17.08	0.031787	53.812
17.09	17.08	0.031804	53.913
17.09	17.08	0.031821	54.016
17.09	17.09	0.031837	54.111
17.09	17.09	0.031854	54.213
17.09	17.09	0.031871	54.315
17.09	17.09	0.031887	54.409
17.09	17.09	0.031904	54.513
17.09	17.09	0.031921	54.614
17.09	17.09	0.031937	54.708
17.09	17.09	0.031954	54.813
17.09	17.09	0.031971	54.913
17.09	17.09	0.031987	55.008
17.09	17.09	0.032004	55.112
17.09	17.09	0.032021	55.212
17.09	17.09	0.032037	55.309
17.09	17.10	0.032054	55.411
17.09	17.10	0.032071	55.511
17.09	17.10	0.032087	55.608
17.09	17.10	0.032104	55.710
17.09	17.10	0.032120	55.809
17.09	17.10	0.032137	55.908
17.09	17.10	0.032154	56.008
17.09	17.10	0.032170	56.108
17.09	17.10	0.032187	56.209
17.09	17.10	0.032204	56.308
17.09	17.10	0.032220	56.409
17.09	17.10	0.032237	56.508
17.09	17.10	0.032254	56.608
17.09	17.11	0.032270	56.708
17.09	17.11	0.032287	56.808
17.09	17.11	0.032304	56.909
17.12	17.11	0.032320	57.008
17.12	17.11	0.032337	57.109
17.12	17.11	0.032354	57.208
17.12	17.11	0.032370	57.309
17.12	17.11	0.032387	57.408
17.12	17.11	0.032404	57.508
17.12	17.11	0.032420	57.608
17.12	17.11	0.032437	57.708
17.12	17.11	0.032454	57.809
17.12	17.11	0.032470	57.908
17.12	17.11	0.032487	58.009
17.12	17.12	0.032504	58.108
17.12	17.12	0.032520	58.208
17.12	17.12	0.032537	58.308
17.12	17.12	0.032554	58.408
17.12	17.12	0.032570	58.509
17.12	17.12	0.032587	58.608
17.12	17.12	0.032604	58.709
17.12	17.12	0.032620	58.808
17.12	17.12	0.032637	58.909
17.12	17.12	0.032654	59.008
17.12	17.12	0.032670	59.108
17.12	17.12	0.032687	59.208
17.12	17.12	0.032704	59.308
17.12	17.13	0.032720	59.409
17.12	17.13	0.032737	59.508
17.12	17.13	0.032754	59.609
17.12	17.13	0.032770	59.708
17.12	17.13	0.032787	59.808
17.12	17.13	0.032804	59.908
17.14	17.13	0.032820	00.008
17.14	17.13	0.032837	00.109
17.14	17.13	0.032854	00.208
17.14	17.13	0.032870	00.309
17.14	17.13	0.032887	00.408
17.14	17.13	0.032904	00.509
17.14	17.13	0.032920	00.608
17.14	17.14	0.032937	00.708
17.14	17.14	0.032953	00.808
17.14	17.14	0.032970	00.908
17.14	17.14	0.032987	01.009
17.14	17.14	0.033003	01.108
17.14	17.14	0.033020	01.209
17.14	17.14	0.033037	01.308
17.14	17.14	0.033053	01.408
17.14	17.14	0.033070	01.508
17.14	17.14	0.033087	01.608
17.14	17.14	0.033103	01.732
17.14	17.14	0.033120	01.832
17.14	17.14	0.033137	01.937
17.14	17.15	0.033153	02.031
17.14	17.15	0.033170	02.131
17.14	17.15	0.033187	02.235
17.14	17.15	0.033203	02.330
17.14	17.15	0.033220	02.430
17.14	17.15	0.033237	02.534
17.14	17.15	0.033253	02.629
17.14	17.15	0.033270	02.730
17.14	17.15	0.033287	02.833
17.14	17.15	0.033303	02.927
17.14	17.15	0.033320	03.030
17.14	17.15	0.033337	03.132
17.14	17.15	0.033353	03.227
17.14	17.16	0.033370	03.330
17.17	17.16	0.033387	03.431
17.17	17.16	0.033403	03.526
17.17	17.16	0.033420	03.630
17.17	17.16	0.033437	03.730
17.17	17.16	0.033453	03.824
17.17	17.16	0.033470	03.929
17.17	17.16	0.033487	04.028
17.17	17.16	0.033503	04.123
17.17	17.16	0.033520	04.228
17.17	17.16	0.033537	04.327
17.17	17.16	0.033553	04.422
17.17	17.16	0.033570	04.527
17.17	17.17	0.033587	04.626
17.17	17.17	0.033603	04.721
17.17	17.17	0.033620	04.825
17.17	17.17	0.033637	04.925
17.17	17.17	0.033653	05.020
17.17	17.17	0.033670	05.124
17.17	17.17	0.033687	05.219
17.17	17.17	0.033703	05.318
17.17	17.17	0.033720	05.423
17.17	17.17	0.033737	05.517
17.17	17.17	0.033753	05.617
17.17	17.17	0.033770	05.723
17.17	17.17	0.033786	05.817
17.17	17.18	0.033803	05.917
17.17	17.18	0.033820	06.021
17.17	17.18	0.033836	06.116
17.17	17.18	0.033853	06.215
17.17	17.18	0.033870	06.320
17.17	17.18	0.033886	06.414
17.17	17.18	0.033903	06.514
17.17	17.18	0.033920	06.619
17.17	17.18	0.033936	06.713
17.17	17.18	0.033953	06.813
17.17	17.18	0.033970	06.917
17.17	17.18	0.033986	07.012
17.19	17.18	0.034003	07.111
17.19	17.19	0.034020	07.216
17.19	17.19	0.034036	07.311
17.19	17.19	0.034053	07.410
17.19	17.19	0.034070	07.515
17.19	17.19	0.034086	07.610
17.19	17.19	0.034103	07.710
17.19	17.19	0.034120	07.814
17.19	17.19	0.034136	07.909
17.19	17.19	0.034153	08.009
17.19	17.19	0.034170	08.113
17.19	17.19	0.034186	08.210
17.19	17.19	0.034203	08.309
17.19	17.19	0.034220	08.412
17.19	17.20	0.034236	08.509
17.19	17.20	0.034253	08.609
17.19	17.20	0.034270	08.710
17.19	17.20	0.034286	08.809
17.19	17.20	0.034303	08.910
17.22	17.20	0.034320	09.010
17.22	17.20	0.034336	09.110
17.22	17.20	0.034353	09.209
17.22	17.20	0.034370	09.310
17.22	17.20	0.034386	09.409
17.22	17.20	0.034403	09.509
17.22	17.20	0.034420	09.609
17.22	17.20	0.034436	09.710
17.22	17.21	0.034453	09.809
17.22	17.21	0.034470	09.910
17.22	17.21	0.034486	10.009
17.22	17.21	0.034503	10.109
17.22	17.21	0.034520	10.209
17.19	17.21	0.034536	10.309
17.19	17.21	0.034553	10.410
17.19	17.21	0.034570	10.509
17.19	17.21	0.034586	10.610
17.19	17.21	0.034603	10.709
17.19	17.21	0.034619	10.810
17.19	17.21	0.034636	10.909
17.19	17.21	0.034653	11.009
17.19	17.22	0.034669	11.109
17.22	17.22	0.034686	11.209
17.22	17.22	0.034703	11.310
17.22	17.22	0.034719	11.409
17.22	17.22	0.034736	11.510
17.22	17.22	0.034753	11.609
17.22	17.22	0.034769	11.709
17.22	17.22	0.034786	11.809
17.22	17.22	0.034803	11.909
17.22	17.22	0.034819	12.010
17.22	17.22	0.034836	12.109
17.22	17.22	0.034853	12.210
17.22	17.22	0.034869	12.309
17.22	17.23	0.034886	12.410
17.22	17.23	0.034903	12.509
17.22	17.23	0.034919	12.609
17.22	17.23	0.034936	12.709
17.22	17.23	0.034953	12.809
17.24	17.23	0.034969	12.910
17.24	17.23	0.034986	13.009
17.24	17.23	0.035003	13.110
17.24	17.23	0.035019	13.209
17.24	17.23	0.035036	13.309
17.24	17.23	0.035053	13.409
17.24	17.23	0.035069	13.509
17.24	17.23	0.035086	13.610
17.24	17.24	0.035103	13.709
17.24	17.24	0.035119	13.810
17.24	17.24	0.035136	13.909
17.24	17.24	0.035153	14.010
17.24	17.24	0.035169	14.109
17.24	17.24	0.035186	14.209
17.24	17.24	0.035203	14.309
17.24	17.24	0.035219	14.409
17.24	17.24	0.035236	14.510
17.24	17.24	0.035253	14.609
17.24	17.24	0.035269	14.734
17.24	17.24	0.035286	14.838
17.24	17.24	0.035303	14.933
17.24	17.25	0.035319	15.032
17.24	17.25	0.035336	15.137
17.24	17.25	0.035353	15.231
17.24	17.25	0.035369	15.331
17.24	17.25	0.035386	15.436
17.24	17.25	0.035403	15.530
17.24	17.25	0.035419	15.630
17.24	17.25	0.035436	15.734
17.24	17.25	0.035452	15.829
17.24	17.25	0.035469	15.928
17.24	17.25	0.035486	16.033
17.24	17.25	0.035502	16.128
17.27	17.25	0.035519	16.228
17.27	17.26	0.035536	16.332
17.27	17.26	0.035552	16.427
17.27	17.26	0.035569	16.526
17.27	17.26	0.035586	16.631
17.27	17.26	0.035602	16.725
17.27	17.26	0.035619	16.826
17.27	17.26	0.035636	16.930
17.27	17.26	0.035652	17.024
17.27	17.26	0.035669	17.126
17.27	17.26	0.035686	17.229
17.27	17.26	0.035702	17.323
17.27	17.26	0.035719	17.425
17.27	17.26	0.035736	17.528
17.27	17.27	0.035752	17.622
17.27	17.27	0.035769	17.725
17.27	17.27	0.035786	17.827
17.27	17.27	0.035802	17.921
17.27	17.27	0.035819	18.025
17.27	17.27	0.035836	18.125
17.24	17.27	0.035852	18.220
17.24	17.27	0.035869	18.324
17.24	17.27	0.035886	18.424
17.24	17.27	0.035902	18.519
17.27	17.27	0.035919	18.623
17.27	17.27	0.035936	18.723
17.27	17.27	0.035952	18.817
17.27	17.28	0.035969	18.922
17.27	17.28	0.035986	19.021
17.27	17.28	0.036002	19.117
17.27	17.28	0.036019	19.221
17.27	17.28	0.036036	19.321
17.27	17.28	0.036052	19.416
17.27	17.28	0.036069	19.520
17.27	17.28	0.036086	19.615
17.27	17.28	0.036102	19.714
17.27	17.28	0.036119	19.819
17.29	17.28	0.036136	19.913
17.29	17.28	0.036152	20.013
17.29	17.28	0.036169	20.118
17.29	17.29	0.036186	20.212
17.29	17.29	0.036202	20.312
17.29	17.29	0.036219	20.417
17.29	17.29	0.036236	20.511
17.29	17.29	0.036252	20.611
17.29	17.29	0.036269	20.715
17.29	17.29	0.036285	20.810
17.29	17.29	0.036302	20.910
17.29	17.29	0.036319	21.014
17.29	17.29	0.036335	21.110
17.29	17.29	0.036352	21.209
17.29	17.29	0.036369	21.313
17.29	17.29	0.036385	21.409
17.29	17.30	0.036402	21.509
17.29	17.30	0.036419	21.612
17.29	17.30	0.036435	21.709
17.29	17.30	0.036452	21.810
17.32	17.30	0.036469	21.911
17.32	17.30	0.036485	22.010
17.32	17.30	0.036502	22.109
17.32	17.30	0.036519	22.210
17.32	17.30	0.036535	22.309
17.32	17.30	0.036552	22.409
17.32	17.30	0.036569	22.510
17.32	17.30	0.036585	22.609
17.32	17.30	0.036602	22.710
17.32	17.31	0.036619	22.809
17.32	17.31	0.036635	22.909
17.32	17.31	0.036652	23.009
17.29	17.31	0.036669	23.109
17.29	17.31	0.036685	23.210
17.29	17.31	0.036702	23.309
17.29	17.31	0.036719	23.410
17.29	17.31	0.036735	23.509
17.29	17.31	0.036752	23.610
17.29	17.31	0.036769	23.709
17.29	17.31	0.036785	23.809
17.29	17.31	0.036802	23.909
17.32	17.31	0.036819	24.009
17.32	17.32	0.036835	24.110
17.32	17.32	0.036852	24.209
17.32	17.32	0.036869	24.311
17.32	17.32	0.036885	24.410
17.32	17.32	0.036902	24.510
17.32	17.32	0.036919	24.610
17.32	17.32	0.036935	24.710
17.32	17.32	0.036952	24.811
17.32	17.32	0.036969	24.910
17.32	17.32	0.036985	25.011
17.32	17.32	0.037002	25.110
17.32	17.32	0.037019	25.211
17.32	17.32	0.037035	25.310
17.32	17.33	0.037052	25.410
17.32	17.33	0.037069	25.510
17.32	17.33	0.037085	25.610
17.32	17.33	0.037102	25.711
17.35	17.33	0.037118	25.810
17.35	17.33	0.037135	25.911
17.35	17.33	0.037152	26.010
17.35	17.33	0.037168	26.111
17.35	17.33	0.037185	26.210
17.35	17.33	0.037202	26.310
17.35	17.33	0.037218	26.410
17.35	17.33	0.037235	26.510
17.35	17.33	0.037252	26.611
17.35	17.34	0.037268	26.710
17.35	17.34	0.037285	26.811
17.35	17.34	0.037302	26.910
17.32	17.34	0.037318	27.010
17.32	17.34	0.037335	27.110
17.32	17.34	0.037352	27.210
17.32	17.34	0.037368	27.311
17.32	17.34	0.037385	27.410
17.32	17.34	0.037402	27.540
17.32	17.34	0.037418	27.634
17.32	17.34	0.037435	27.739
17.32	17.34	0.037452	27.838
17.32	17.34	0.037468	27.933
17.32	17.34	0.037485	28.038
17.35	17.35	0.037502	28.138
17.35	17.35	0.037518	28.233
17.35	17.35	0.037535	28.337
17.35	17.35	0.037552	28.432
17.35	17.35	0.037568	28.531
17.35	17.35	0.037585	28.636
17.35	17.35	0.037602	28.730
17.35	17.35	0.037618	28.830
17.35	17.35	0.037635	28.934
17.35	17.35	0.037652	29.029
17.35	17.35	0.037668	29.129
17.37	17.35	0.037685	29.233
17.37	17.35	0.037702	29.328
17.37	17.36	0.037718	29.427
17.37	17.36	0.037735	29.532
17.37	17.36	0.037752	29.626
17.37	17.36	0.037768	29.726
17.37	17.36	0.037785	29.831
17.37	17.36	0.037802	29.925
17.37	17.36	0.037818	30.026
17.37	17.36	0.037835	30.130
17.37	17.36	0.037852	30.225
17.37	17.36	0.037868	30.324
17.37	17.36	0.037885	30.429
17.37	17.36	0.037902	30.523
17.35	17.36	0.037918	30.623
17.35	17.37	0.037935	30.727
17.35	17.37	0.037951	30.822
17.35	17.37	0.037968	30.922
17.35	17.37	0.037985	31.026
17.35	17.37	0.038001	31.121
17.35	17.37	0.038018	31.221
17.35	17.37	0.038035	31.325
17.35	17.37	0.038051	31.420
17.37	17.37	0.038068	31.520
17.37	17.37	0.038085	31.624
17.37	17.37	0.038101	31.718
17.37	17.37	0.038118	31.820
17.37	17.37	0.038135	31.924
17.37	17.38	0.038151	32.018
17.37	17.38	0.038168	32.120
17.37	17.38	0.038185	32.222
17.37	17.38	0.038201	32.317
17.37	17.38	0.038218	32.420
17.37	17.38	0.038235	32.521
17.37	17.38	0.038251	32.615
17.40	17.38	0.038268	32.720
17.40	17.38	0.038285	32.820
17.40	17.38	0.038301	32.914
17.40	17.38	0.038318	33.019
17.40	17.38	0.038335	33.118
17.40	17.38	0.038351	33.213
17.40	17.39	0.038368	33.317
17.40	17.39	0.038385	33.418
17.40	17.39	0.038401	33.512
17.40	17.39	0.038418	33.617
17.37	17.39	0.038435	33.717
17.37	17.39	0.038451	33.811
17.37	17.39	0.038468	33.916
17.37	17.39	0.038485	34.015
17.37	17.39	0.038501	34.111
17.37	17.39	0.038518	34.214
17.37	17.39	0.038535	34.315
17.37	17.39	0.038551	34.412
17.40	17.39	0.038568	34.513
17.40	17.40	0.038585	34.615
17.40	17.40	0.038601	34.712
17.40	17.40	0.038618	34.812
17.40	17.40	0.038635	34.914
17.40	17.40	0.038651	35.012
17.40	17.40	0.038668	35.113
17.40	17.40	0.038685	35.215
17.40	17.40	0.038701	35.313
17.40	17.40	0.038718	35.412
17.40	17.40	0.038735	35.515
17.40	17.40	0.038751	35.612
17.40	17.40	0.038768	35.712
17.40	17.40	0.038784	35.814
17.40	17.41	0.038801	35.912
17.40	17.41	0.038818	36.013
17.40	17.41	0.038834	36.114
17.40	17.41	0.038851	36.213
17.40	17.41	0.038868	36.312
17.40	17.41	0.038884	36.414
17.42	17.41	0.038901	36.512
17.42	17.41	0.038918	36.612
17.42	17.41	0.038934	36.715
17.42	17.41	0.038951	36.812
17.42	17.41	0.038968	36.913
17.42	17.41	0.038984	37.014
17.42	17.41	0.039001	37.112
17.42	17.42	0.039018	37.212
17.42	17.42	0.039034	37.314
17.42	17.42	0.039051	37.413
17.42	17.42	0.039068	37.512
17.42	17.42	0.039084	37.614
17.42	17.42	0.039101	37.712
17.42	17.42	0.039118	37.813
17.42	17.42	0.039134	37.913
17.42	17.42	0.039151	38.012
17.42	17.42	0.039168	38.112
17.42	17.42	0.039184	38.214
17.42	17.42	0.039201	38.313
17.42	17.42	0.039218	38.412
17.42	17.43	0.039234	38.514
17.42	17.43	0.039251	38.613
17.42	17.43	0.039268	38.712
17.42	17.43	0.039284	38.813
17.42	17.43	0.039301	38.912
17.42	17.43	0.039318	39.012
17.42	17.43	0.039334	39.114
17.42	17.43	0.039351	39.212
17.42	17.43	0.039368	39.313
17.42	17.43	0.039384	39.413
17.42	17.43	0.039401	39.512
17.45	17.43	0.039418	39.612
17.45	17.43	0.039434	39.713
17.45	17.44	0.039451	39.813
17.45	17.44	0.039468	39.912
17.45	17.44	0.039484	40.013
17.45	17.44	0.039501	40.112
17.45	17.44	0.039518	40.237
17.45	17.44	0.039534	40.312
17.45	17.44	0.039551	40.411
17.45	17.44	0.039568	40.535
17.45	17.44	0.039584	40.613
17.45	17.44	0.039601	40.740
17.45	17.44	0.039617	40.834
17.45	17.44	0.039634	40.913
17.45	17.44	0.039651	41.039
17.45	17.45	0.039667	41.134
17.45	17.45	0.039684	41.212
17.45	17.45	0.039701	41.338
17.42	17.45	0.039717	41.432
17.42	17.45	0.039734	41.512
17.42	17.45	0.039751	41.637
17.42	17.45	0.039767	41.731
17.42	17.45	0.039784	41.836
17.42	17.45	0.039801	41.935
17.45	17.45	0.039817	42.030
17.45	17.45	0.039834	42.134
17.45	17.45	0.039851	42.234
17.45	17.45	0.039867	42.329
17.45	17.46	0.039884	42.433
17.45	17.46	0.039901	42.533
17.45	17.46	0.039917	42.627
17.45	17.46	0.039934	42.732
17.45	17.46	0.039951	42.832
17.45	17.46	0.039967	42.926
17.45	17.46	0.039984	43.032
17.47	17.46	0.040001	43.126
17.47	17.46	0.040017	43.226
17.47	17.46	0.040034	43.330
17.47	17.46	0.040051	43.425
17.47	17.46	0.040067	43.524
17.47	17.46	0.040084	43.629
17.47	17.47	0.040101	43.724
17.47	17.47	0.040117	43.823
17.47	17.47	0.040134	43.928
17.47	17.47	0.040151	44.022
17.47	17.47	0.040167	44.122
17.47	17.47	0.040184	44.226
17.47	17.47	0.040201	44.321
17.47	17.47	0.040217	44.421
17.47	17.47	0.040234	44.525
17.47	17.47	0.040251	44.620
17.47	17.47	0.040267	44.720
17.47	17.47	0.040284	44.825
17.47	17.47	0.040301	44.919
17.47	17.48	0.040317	45.019
17.47	17.48	0.040334	45.123
17.47	17.48	0.040351	45.218
17.47	17.48	0.040367	45.318
17.47	17.48	0.040384	45.422
17.50	17.48	0.040401	45.517
17.50	17.48	0.040417	45.616
17.50	17.48	0.040434	45.721
17.50	17.48	0.040450	45.815
17.50	17.48	0.040467	45.915
17.50	17.48	0.040484	46.019
17.50	17.48	0.040500	46.114
17.50	17.48	0.040517	46.216
17.50	17.49	0.040534	46.319
17.50	17.49	0.040550	46.414
17.47	17.49	0.040567	46.515
17.47	17.49	0.040584	46.618
17.47	17.49	0.040600	46.713
17.47	17.49	0.040617	46.815
17.47	17.49	0.040634	46.917
17.47	17.49	0.040650	47.013
17.47	17.49	0.040667	47.115
17.47	17.49	0.040684	47.215
17.47	17.49	0.040700	47.314
17.47	17.49	0.040717	47.414
17.50	17.49	0.040734	47.514
17.50	17.50	0.040750	47.613
17.50	17.50	0.040767	47.713
17.50	17.50	0.040784	47.814
17.50	17.50	0.040800	47.913
17.50	17.50	0.040817	48.014
17.50	17.50	0.040834	48.113
17.50	17.50	0.040850	48.213
17.50	17.50	0.040867	48.313
17.50	17.50	0.040884	48.413
17.50	17.50	0.040900	48.514
17.50	17.50	0.040917	48.613
17.50	17.50	0.040934	48.714
17.50	17.50	0.040950	48.813
17.50	17.51	0.040967	48.914
17.53	17.51	0.040984	49.013
17.53	17.51	0.041000	49.113
17.53	17.51	0.041017	49.213
17.53	17.51	0.041034	49.313
17.53	17.51	0.041050	49.415
17.53	17.51	0.041067	49.514
17.53	17.51	0.041084	49.615
17.53	17.51	0.041100	49.714
17.53	17.51	0.041117	49.814
17.53	17.51	0.041134	49.914
17.53	17.51	0.041150	50.015
17.50	17.51	0.041167	50.114
17.50	17.52	0.041184	50.215
17.50	17.52	0.041200	50.314
17.50	17.52	0.041217	50.415
17.50	17.52	0.041234	50.514
17.50	17.52	0.041250	50.614
17.50	17.52	0.041267	50.714
17.50	17.52	0.041283	50.815
17.50	17.52	0.041300	50.914
17.50	17.52	0.041317	51.015
17.50	17.52	0.041333	51.114
17.53	17.52	0.041350	51.215
17.53	17.52	0.041367	51.314
17.53	17.52	0.041383	51.414
17.53	17.53	0.041400	51.514
17.53	17.53	0.041417	51.614
17.53	17.53	0.041433	51.715
17.53	17.53	0.041450	51.814
17.53	17.53	0.041467	51.915
17.53	17.53	0.041483	52.014
17.53	17.53	0.041500	52.114
17.53	17.53	0.041517	52.214
17.53	17.53	0.041533	52.314
17.53	17.53	0.041550	52.415
17.53	17.53	0.041567	52.514
17.53	17.53	0.041583	52.615
17.53	17.53	0.041600	52.714
17.55	17.54	0.041617	52.815
17.55	17.54	0.041633	52.914
17.55	17.54	0.041650	53.014
17.55	17.54	0.041667	53.138
17.55	17.54	0.041683	53.238
17.55	17.54	0.041700	53.343
17.55	17.54	0.041717	53.437
17.55	17.54	0.041733	53.537
17.55	17.54	0.041750	53.641
17.55	17.54	0.041767	53.736
17.55	17.54	0.041783	53.836
17.55	17.54	0.041800	53.940
17.55	17.54	0.041817	54.035
17.55	17.55	0.041833	54.135
17.53	17.55	0.041850	54.239
17.53	17.55	0.041867	54.334
17.53	17.55	0.041883	54.433
17.53	17.55	0.041900	54.538
17.53	17.55	0.041917	54.632
17.53	17.55	0.041933	54.732
17.53	17.55	0.041950	54.837
17.53	17.55	0.041967	54.932
17.55	17.55	0.041983	55.032
17.55	17.55	0.042000	55.136
17.55	17.55	0.042017	55.230
17.55	17.55	0.042033	55.332
17.55	17.56	0.042050	55.434
17.55	17.56	0.042067	55.529
17.55	17.56	0.042083	55.632
17.55	17.56	0.042100	55.733
17.55	17.56	0.042116	55.828
17.55	17.56	0.042133	55.932
17.55	17.56	0.042150	56.032
17.55	17.56	0.042166	56.126
17.55	17.56	0.042183	56.231
17.55	17.56	0.042200	56.330
17.58	17.56	0.042216	56.426
17.58	17.56	0.042233	56.531
17.58	17.56	0.042250	56.630
17.58	17.57	0.042266	56.725
17.58	17.57	0.042283	56.829
17.58	17.57	0.042300	56.929
17.58	17.57	0.042316	57.023
17.58	17.57	0.042333	57.128
17.58	17.57	0.042350	57.228
17.58	17.57	0.042366	57.323
17.58	17.57	0.042383	57.427
17.58	17.57	0.042400	57.521
17.58	17.57	0.042416	57.621
17.58	17.57	0.042433	57.725
17.58	17.57	0.042450	57.820
17.58	17.57	0.042466	57.920
17.58	17.58	0.042483	58.024
17.58	17.58	0.042500	58.119
17.55	17.58	0.042516	58.219
17.55	17.58	0.042533	58.324
17.55	17.58	0.042550	58.418
17.55	17.58	0.042566	58.518
17.55	17.58	0.042583	58.622
17.55	17.58	0.042600	58.717
17.58	17.58	0.042616	58.817
17.58	17.58	0.042633	58.921
17.58	17.58	0.042650	59.016
17.58	17.58	0.042666	59.115
17.58	17.58	0.042683	59.220
17.58	17.58	0.042700	59.314
17.58	17.59	0.042716	59.414
17.58	17.59	0.042733	59.519
17.58	17.59	0.042750	59.614
17.58	17.59	0.042766	59.715
17.58	17.59	0.042783	59.817
17.60	17.59	0.042800	59.915
17.60	17.59	0.042816	00.014
17.60	17.59	0.042833	00.117
17.60	17.59	0.042850	00.213
17.60	17.59	0.042866	00.314
17.60	17.59	0.042883	00.416
17.60	17.59	0.042900	00.514
17.60	17.59	0.042916	00.615
17.60	17.60	0.042933	00.714
17.60	17.60	0.042949	00.815
17.60	17.60	0.042966	00.913
17.60	17.60	0.042983	01.014
17.60	17.60	0.042999	01.114
17.60	17.60	0.043016	01.213
17.60	17.60	0.043033	01.314
17.60	17.60	0.043049	01.414
17.60	17.60	0.043066	01.515
17.60	17.60	0.043083	01.614
17.60	17.60	0.043099	01.714
17.60	17.60	0.043116	01.814
17.60	17.60	0.043133	01.914
17.60	17.61	0.043149	02.015
17.60	17.61	0.043166	02.114
17.60	17.61	0.043183	02.215
17.60	17.61	0.043199	02.314
17.60	17.61	0.043216	02.415
17.60	17.61	0.043233	02.514
17.60	17.61	0.043249	02.614
17.60	17.61	0.043266	02.714
17.60	17.61	0.043283	02.814
17.60	17.61	0.043299	02.915
17.60	17.61	0.043316	03.014
17.63	17.61	0.043333	03.115
17.63	17.61	0.043349	03.214
17.63	17.62	0.043366	03.314
17.63	17.62	0.043383	03.414
17.63	17.62	0.043399	03.514
17.63	17.62	0.043416	03.615
17.63	17.62	0.043433	03.714
17.63	17.62	0.043449	03.815
17.63	17.62	0.043466	03.914
17.63	17.62	0.043483	04.013
17.63	17.62	0.043499	04.114
17.63	17.62	0.043516	04.214
17.63	17.62	0.043533	04.315
17.63	17.62	0.043549	04.414
17.63	17.62	0.043566	04.515
17.63	17.63	0.043583	04.614
17.63	17.63	0.043599	04.714
17.63	17.63	0.043616	04.814
17.63	17.63	0.043633	04.914
17.63	17.63	0.043649	05.015
17.60	17.63	0.043666	05.115
17.60	17.63	0.043683	05.214
17.60	17.63	0.043699	05.315
17.60	17.63	0.043716	05.414
17.60	17.63	0.043733	05.514
17.60	17.63	0.043749	05.614
17.63	17.63	0.043766	05.714
17.63	17.63	0.043782	05.815
17.63	17.64	0.043799	05.914
17.63	17.64	0.043816	06.015
17.63	17.64	0.043832	06.114
17.63	17.64	0.043849	06.244
17.63	17.64	0.043866	06.338
17.65	17.64	0.043882	06.438
17.65	17.64	0.043899	06.542
17.65	17.64	0.043916	06.637
17.65	17.64	0.043932	06.737
17.65	17.64	0.043949	06.841
17.65	17.64	0.043966	06.936
17.65	17.64	0.043982	07.035
17.65	17.64	0.043999	07.140
17.65	17.65	0.044016	07.234
17.65	17.65	0.044032	07.334
17.65	17.65	0.044049	07.438
17.65	17.65	0.044066	07.534
17.65	17.65	0.044082	07.634
17.65	17.65	0.044099	07.738
17.65	17.65	0.044116	07.833
17.65	17.65	0.044132	07.932
17.65	17.65	0.044149	08.037
17.65	17.65	0.044166	08.131
17.65	17.65	0.044182	08.231
17.65	17.65	0.044199	08.336
17.65	17.65	0.044216	08.430
17.65	17.66	0.044232	08.530
17.65	17.66	0.044249	08.634
17.65	17.66	0.044266	08.729
17.68	17.66	0.044282	08.829
17.68	17.66	0.044299	08.933
17.68	17.66	0.044316	09.028
17.68	17.66	0.044332	09.128
17.68	17.66	0.044349	09.233
17.68	17.66	0.044366	09.327
17.68	17.66	0.044382	09.427
17.68	17.66	0.044399	09.531
17.68	17.66	0.044416	09.626
17.65	17.66	0.044432	09.726
17.65	17.67	0.044449	09.830
17.65	17.67	0.044466	09.924
17.65	17.67	0.044482	10.027
17.65	17.67	0.044499	10.129
17.65	17.67	0.044516	10.224
17.65	17.67	0.044532	10.326
17.65	17.67	0.044549	10.428
17.65	17.67	0.044566	10.522
17.65	17.67	0.044582	10.626
17.65	17.67	0.044599	10.727
17.68	17.67	0.044615	10.822
17.68	17.67	0.044632	10.926
17.68	17.67	0.044649	11.026
17.68	17.68	0.044665	11.120
17.68	17.68	0.044682	11.225
17.68	17.68	0.044699	11.324
17.68	17.68	0.044715	11.419
17.68	17.68	0.044732	11.524
17.68	17.68	0.044749	11.623
17.68	17.68	0.044765	11.718
17.68	17.68	0.044782	11.822
17.68	17.68	0.044799	11.922
17.68	17.68	0.044815	12.016
17.68	17.68	0.044832	12.121
17.68	17.68	0.044849	12.216
17.68	17.68	0.044865	12.315
17.68	17.69	0.044882	12.420
17.68	17.69	0.044899	12.515
17.68	17.69	0.044915	12.616
17.68	17.69	0.044932	12.718
17.70	17.69	0.044949	12.815
17.70	17.69	0.044965	12.915
17.70	17.69	0.044982	13.018
17.70	17.69	0.044999	13.116
17.70	17.69	0.045015	13.215
17.70	17.69	0.045032	13.317
17.70	17.69	0.045049	13.415
17.70	17.69	0.045065	13.515
17.70	17.69	0.045082	13.615
17.70	17.70	0.045099	13.715
17.70	17.70	0.045115	13.816
17.70	17.70	0.045132	13.915
17.70	17.70	0.045149	14.016
17.70	17.70	0.045165	14.115
17.70	17.70	0.045182	14.216
17.70	17.70	0.045199	14.315
17.70	17.70	0.045215	14.415
17.70	17.70	0.045232	14.515
17.70	17.70	0.045249	14.616
17.70	17.70	0.045265	14.715
17.70	17.70	0.045282	14.816
17.70	17.70	0.045299	14.915
17.70	17.71	0.045315	15.015
17.70	17.71	0.045332	15.115
17.70	17.71	0.045349	15.215
17.70	17.71	0.045365	15.316
17.70	17.71	0.045382	15.415
17.70	17.71	0.045399	15.516
17.70	17.71	0.045415	15.615
17.70	17.71	0.045432	15.716
17.70	17.71	0.045448	15.815
17.70	17.71	0.045465	15.915
17.70	17.71	0.045482	16.015
17.70	17.71	0.045498	16.115
17.70	17.71	0.045515	16.216
17.70	17.72	0.045532	16.315
17.70	17.72	0.045548	16.421
17.73	17.72	0.045565	16.515
17.73	17.72	0.045582	16.617
17.73	17.72	0.045598	16.720
17.73	17.72	0.045615	16.816
17.73	17.72	0.045632	16.918
17.73	17.72	0.045648	17.020
17.73	17.72	0.045665	17.118
17.73	17.72	0.045682	17.217
17.73	17.72	0.045698	17.320
17.73	17.72	0.045715	17.417
17.73	17.72	0.045732	17.517
17.73	17.73	0.045748	17.619
17.73	17.73	0.045765	17.717
17.73	17.73	0.045782	17.818
17.73	17.73	0.045798	17.920
17.73	17.73	0.045815	18.018
17.73	17.73	0.045832	18.117
17.73	17.73	0.045848	18.220
17.73	17.73	0.045865	18.317
17.73	17.73	0.045882	18.417
17.73	17.73	0.045898	18.519
17.73	17.73	0.045915	18.617
17.73	17.73	0.045932	18.742
17.73	17.73	0.045948	18.819
17.73	17.74	0.045965	18.946
17.73	17.74	0.045982	19.040
17.73	17.74	0.045998	19.119
17.73	17.74	0.046015	19.244
17.73	17.74	0.046032	19.339
17.73	17.74	0.046048	19.419
17.73	17.74	0.046065	19.543
17.73	17.74	0.046082	19.638
17.73	17.74	0.046098	19.742
17.73	17.74	0.046115	19.842
17.73	17.74	0.046132	19.936
17.73	17.74	0.046148	20.041
17.73	17.74	0.046165	20.140
17.73	17.75	0.046182	20.236
17.73	17.75	0.046198	20.341
17.73	17.75	0.046215	20.440
17.76	17.75	0.046232	20.535
17.76	17.75	0.046248	20.639
17.76	17.75	0.046265	20.739
17.76	17.75	0.046281	20.833
17.76	17.75	0.046298	20.938
17.76	17.75	0.046315	21.032
17.76	17.75	0.046331	21.132
17.76	17.75	0.046348	21.237
17.76	17.75	0.046365	21.331
17.76	17.75	0.046381	21.431
17.76	17.76	0.046398	21.535
17.76	17.76	0.046415	21.630
17.76	17.76	0.046431	21.730
17.76	17.76	0.046448	21.835
17.76	17.76	0.046465	21.930
17.76	17.76	0.046481	22.029
17.76	17.76	0.046498	22.134
17.76	17.76	0.046515	22.228
17.76	17.76	0.046531	22.328
17.76	17.76	0.046548	22.432
17.76	17.76	0.046565	22.527
17.76	17.76	0.046581	22.626
17.76	17.76	0.046598	22.731
17.76	17.77	0.046615	22.826
17.76	17.77	0.046631	22.925
17.76	17.77	0.046648	23.030
17.76	17.77	0.046665	23.124
17.78	17.77	0.046681	23.224
17.78	17.77	0.046698	23.329
17.78	17.77	0.046715	23.424
17.78	17.77	0.046731	23.524
17.78	17.77	0.046748	23.628
17.78	17.77	0.046765	23.722
17.78	17.77	0.046781	23.822
17.78	17.77	0.046798	23.926
17.78	17.77	0.046815	24.021
17.78	17.78	0.046831	24.121
17.78	17.78	0.046848	24.225
17.78	17.78	0.046865	24.320
17.78	17.78	0.046881	24.422
17.78	17.78	0.046898	24.525
17.78	17.78	0.046915	24.619
17.78	17.78	0.046931	24.722
17.78	17.78	0.046948	24.823
17.78	17.78	0.046965	24.918
17.78	17.78	0.046981	25.022
17.78	17.78	0.046998	25.122
17.78	17.78	0.047015	25.219
17.78	17.78	0.047031	25.321
17.78	17.79	0.047048	25.421
17.78	17.79	0.047065	25.518
17.78	17.79	0.047081	25.620
17.78	17.79	0.047098	25.719
17.78	17.79	0.047114	25.819
17.78	17.79	0.047131	25.920
17.78	17.79	0.047148	26.019
17.78	17.79	0.047164	26.120
17.78	17.79	0.047181	26.219
17.78	17.79	0.047198	26.319
17.78	17.79	0.047214	26.419
17.78	17.79	0.047231	26.519
17.78	17.79	0.047248	26.620
17.78	17.80	0.047264	26.719
17.78	17.80	0.047281	26.820
17.78	17.80	0.047298	26.919
17.78	17.80	0.047314	27.020
17.78	17.80	0.047331	27.119
17.81	17.80	0.047348	27.219
17.81	17.80	0.047364	27.320
17.81	17.80	0.047381	27.419
17.81	17.80	0.047398	27.520
17.81	17.80	0.047414	27.619
17.81	17.80	0.047431	27.720
17.81	17.80	0.047448	27.819
17.81	17.80	0.047464	27.919
17.81	17.80	0.047481	28.019
17.81	17.81	0.047498	28.119
17.81	17.81	0.047514	28.220
17.81	17.81	0.047531	28.319
17.81	17.81	0.047548	28.420
17.81	17.81	0.047564	28.519
17.81	17.81	0.047581	28.620
17.81	17.81	0.047598	28.719
17.81	17.81	0.047614	28.819
17.81	17.81	0.047631	28.919
17.81	17.81	0.047648	29.019
17.81	17.81	0.047664	29.120
17.81	17.81	0.047681	29.219
17.81	17.81	0.047698	29.320
17.81	17.82	0.047714	29.418
17.81	17.82	0.047731	29.519
17.81	17.82	0.047748	29.619
17.81	17.82	0.047764	29.719
17.81	17.82	0.047781	29.820
17.81	17.82	0.047798	29.919
17.83	17.82	0.047814	30.020
17.83	17.82	0.047831	30.119
17.83	17.82	0.047848	30.220
17.83	17.82	0.047864	30.319
17.83	17.82	0.047881	30.419
17.83	17.82	0.047898	30.519
17.83	17.82	0.047914	30.619
17.83	17.83	0.047931	30.720
17.83	17.83	0.047947	30.819
17.83	17.83	0.047964	30.920
17.83	17.83	0.047981	31.019
17.83	17.83	0.047997	31.119
17.83	17.83	0.048014	31.219
17.83	17.83	0.048031	31.319
17.83	17.83	0.048047	31.444
17.83	17.83	0.048064	31.548
17.83	17.83	0.048081	31.643
17.83	17.83	0.048097	31.742
17.83	17.83	0.048114	31.847
17.83	17.83	0.048131	31.941
17.83	17.84	0.048147	32.041
17.83	17.84	0.048164	32.145
17.83	17.84	0.048181	32.240
17.83	17.84	0.048197	32.340
17.83	17.84	0.048214	32.444
17.83	17.84	0.048231	32.539
17.83	17.84	0.048247	32.639
17.83	17.84	0.048264	32.744
17.83	17.84	0.048281	32.838
17.83	17.84	0.048297	32.939
17.83	17.84	0.048314	33.042
17.83	17.84	0.048331	33.137
17.86	17.84	0.048347	33.239
17.86	17.85	0.048364	33.341
17.86	17.85	0.048381	33.436
17.86	17.85	0.048397	33.539
17.86	17.85	0.048414	33.640
17.86	17.85	0.048431	33.734
17.86	17.85	0.048447	33.839
17.86	17.85	0.048464	33.939
17.86	17.85	0.048481	34.033
17.86	17.85	0.048497	34.138
17.86	17.85	0.048514	34.238
17.86	17.85	0.048531	34.332
17.86	17.85	0.048547	34.437
17.86	17.85	0.048564	34.537
17.86	17.86	0.048581	34.631
17.86	17.86	0.048597	34.736
17.86	17.86	0.048614	34.835
17.86	17.86	0.048631	34.930
17.86	17.86	0.048647	35.034
17.86	17.86	0.048664	35.134
17.86	17.86	0.048681	35.228
17.86	17.86	0.048697	35.333
17.86	17.86	0.048714	35.429
17.86	17.86	0.048731	35.528
17.86	17.86	0.048747	35.632
17.86	17.86	0.048764	35.727
17.86	17.86	0.048780	35.826
17.86	17.87	0.048797	35.931
17.86	17.87	0.048814	36.026
17.86	17.87	0.048830	36.125
17.86	17.87	0.048847	36.230
17.86	17.87	0.048864	36.324
17.86	17.87	0.048880	36.424
17.86	17.87	0.048897	36.529
17.86	17.87	0.048914	36.624
17.86	17.87	0.048930	36.724
17.86	17.87	0.048947	36.828
17.86	17.87	0.048964	36.922
17.86	17.87	0.048980	37.022
17.86	17.87	0.048997	37.126
17.86	17.88	0.049014	37.221
17.86	17.88	0.049030	37.320
17.86	17.88	0.049047	37.425
17.88	17.88	0.049064	37.521
17.88	17.88	0.049080	37.620
17.88	17.88	0.049097	37.725
17.88	17.88	0.049114	37.819
17.88	17.88	0.049130	37.919
17.88	17.88	0.049147	38.023
17.88	17.88	0.049164	38.119
17.88	17.88	0.049180	38.220
17.88	17.88	0.049197	38.322
17.88	17.88	0.049214	38.420
17.88	17.89	0.049230	38.519
17.88	17.89	0.049247	38.621
17.91	17.89	0.049264	38.719
17.91	17.89	0.049280	38.819
17.91	17.89	0.049297	38.920
17.91	17.89	0.049314	39.019
17.91	17.89	0.049330	39.120
17.91	17.89	0.049347	39.219
17.91	17.89	0.049364	39.320
17.91	17.89	0.049380	39.419
17.91	17.89	0.049397	39.519
17.91	17.89	0.049414	39.619
17.91	17.89	0.049430	39.719
17.91	17.90	0.049447	39.820
17.88	17.90	0.049464	39.919
17.88	17.90	0.049480	40.021
17.88	17.90	0.049497	40.120
17.88	17.90	0.049514	40.220
17.88	17.90	0.049530	40.320
17.88	17.90	0.049547	40.420
17.88	17.90	0.049564	40.521
17.88	17.90	0.049580	40.620
17.88	17.90	0.049597	40.721
17.88	17.90	0.049613	40.820
17.91	17.90	0.049630	40.921
17.91	17.90	0.049647	41.020
17.91	17.91	0.049663	41.120
17.91	17.91	0.049680	41.220
17.91	17.91	0.049697	41.320
17.91	17.91	0.049713	41.421
17.91	17.91	0.049730	41.520
17.91	17.91	0.049747	41.621
17.91	17.91	0.049763	41.720
17.91	17.91	0.049780	41.820
17.91	17.91	0.049797	41.920
17.91	17.91	0.049813	42.020
17.91	17.91	0.049830	42.121
17.91	17.91	0.049847	42.220
17.91	17.91	0.049863	42.321
17.91	17.92	0.049880	42.420
17.94	17.92	0.049897	42.521
17.94	17.92	0.049913	42.620
17.94	17.92	0.049930	42.720
17.94	17.92	0.049947	42.820
17.94	17.92	0.049963	42.920
17.94	17.92	0.049980	43.021
17.94	17.92	0.049997	43.120
17.94	17.92	0.050013	43.221
17.94	17.92	0.050030	43.320
17.94	17.92	0.050047	43.420
17.91	17.92	0.050063	43.520
17.91	17.92	0.050080	43.620
17.91	17.93	0.050097	43.721
17.91	17.93	0.050113	43.820
17.91	17.93	0.050130	43.921
17.91	17.93	0.050147	44.020
17.91	17.93	0.050163	44.121
17.91	17.93	0.050180	44.220
17.91	17.93	0.050197	44.320
17.91	17.93	0.050213	44.449
17.94	17.93	0.050230	44.544
17.94	17.93	0.050247	44.644
17.94	17.93	0.050263	44.748
17.94	17.93	0.050280	44.843
17.94	17.93	0.050297	44.942
17.94	17.94	0.050313	45.047
17.94	17.94	0.050330	45.141
17.94	17.94	0.050347	45.241
17.94	17.94	0.050363	45.346
17.94	17.94	0.050380	45.440
17.94	17.94	0.050397	45.540
17.94	17.94	0.050413	45.644
17.94	17.94	0.050430	45.739
17.94	17.94	0.050446	45.838
17.94	17.94	0.050463	45.944
17.94	17.94	0.050480	46.039
17.94	17.94	0.050496	46.138
17.94	17.94	0.050513	46.243
17.94	17.95	0.050530	46.337
17.94	17.95	0.050546	46.437
17.94	17.95	0.050563	46.541
17.94	17.95	0.050580	46.636
17.94	17.95	0.050596	46.735
17.94	17.95	0.050613	46.840
17.94	17.95	0.050630	46.935
17.94	17.95	0.050646	47.034
17.94	17.95	0.050663	47.139
17.94	17.95	0.050680	47.233
17.96	17.95	0.050696	47.334
17.96	17.95	0.050713	47.438
17.96	17.95	0.050730	47.533
17.96	17.96	0.050746	47.634
17.96	17.96	0.050763	47.737
17.96	17.96	0.050780	47.832
17.96	17.96	0.050796	47.934
17.96	17.96	0.050813	48.036
17.96	17.96	0.050830	48.130
17.96	17.96	0.050846	48.234
17.96	17.96	0.050863	48.334
17.96	17.96	0.050880	48.429
17.96	17.96	0.050896	48.534
17.96	17.96	0.050913	48.633
17.96	17.96	0.050930	48.728
17.96	17.96	0.050946	48.832
17.96	17.97	0.050963	48.932
17.96	17.97	0.050980	49.026
17.96	17.97	0.050996	49.131
17.96	17.97	0.051013	49.231
17.96	17.97	0.051030	49.325
17.96	17.97	0.051046	49.431
17.96	17.97	0.051063	49.530
17.96	17.97	0.051080	49.625
17.96	17.97	0.051096	49.729
17.96	17.97	0.051113	49.824
17.96	17.97	0.051130	49.924
17.96	17.97	0.051146	50.028
17.99	17.97	0.051163	50.123
17.99	17.98	0.051180	50.222
17.99	17.98	0.051196	50.327
17.99	17.98	0.051213	50.421
17.99	17.98	0.051230	50.521
17.99	17.98	0.051246	50.625
17.99	17.98	0.051263	50.720
17.99	17.98	0.051279	50.821
17.99	17.98	0.051296	50.924
17.99	17.98	0.051313	51.021
17.99	17.98	0.051329	51.120
17.99	17.98	0.051346	51.224
17.99	17.98	0.051363	51.320
17.99	17.98	0.051379	51.420
17.99	17.99	0.051396	51.523
17.99	17.99	0.051413	51.620
17.99	17.99	0.051429	51.721
17.99	17.99	0.051446	51.821
17.99	17.99	0.051463	51.921
17.99	17.99	0.051479	52.020
17.99	17.99	0.051496	52.120
17.99	17.99	0.051513	52.220
17.99	17.99	0.051529	52.320
17.99	17.99	0.051546	52.421
17.99	17.99	0.051563	52.520
17.99	17.99	0.051579	52.621
17.99	17.99	0.051596	52.720
17.99	18.00	0.051613	52.820
17.99	18.00	0.051629	52.920
17.99	18.00	0.051646	53.020
17.99	18.00	0.051663	53.121
17.99	18.00	0.051679	53.220
17.99	18.00	0.051696	53.321
17.99	18.00	0.051713	53.420
17.99	18.00	0.051729	53.521
