100.00	0.00	7.23	30.00	150.00	2.70	97.30	3.00	

25.00	17.00	0.000000	50.610
25.00	17.00	0.000017	50.691
24.85	17.00	0.000033	50.814
24.42	17.00	0.000050	50.909
24.11	17.00	0.000067	50.990
22.02	17.00	0.000083	51.116
21.50	17.00	0.000100	51.210
21.16	17.00	0.000117	51.315
19.34	17.00	0.000133	51.414
19.00	17.00	0.000150	51.509
18.83	17.00	0.000167	51.614
18.47	17.00	0.000183	51.713
18.18	17.00	0.000200	51.808
18.06	17.00	0.000217	51.912
17.85	17.00	0.000233	52.012
17.67	17.00	0.000250	52.106
17.59	17.00	0.000267	52.211
17.44	17.00	0.000283	52.311
17.29	17.00	0.000300	52.405
17.21	17.00	0.000317	52.510
17.03	17.00	0.000333	52.604
16.85	17.00	0.000350	52.704
16.77	17.00	0.000367	52.808
16.57	17.00	0.000383	52.903
16.42	17.00	0.000400	53.003
16.34	17.00	0.000416	53.107
16.18	17.00	0.000433	53.202
16.06	17.00	0.000450	53.301
16.00	17.00	0.000466	53.406
15.93	17.00	0.000483	53.500
15.90	17.00	0.000500	53.600
15.90	17.00	0.000516	53.704
15.90	17.00	0.000533	53.799
15.88	17.00	0.000550	53.899
15.88	17.00	0.000566	54.003
15.88	17.00	0.000583	54.098
15.85	17.00	0.000600	54.198
15.85	17.00	0.000616	54.302
15.80	17.00	0.000633	54.397
15.77	17.00	0.000650	54.496
15.72	17.00	0.000666	54.601
15.72	17.00	0.000683	54.696
15.70	17.00	0.000700	54.795
15.70	17.00	0.000716	54.900
15.70	17.00	0.000733	54.994
15.67	17.00	0.000750	55.094
15.67	17.00	0.000766	55.198
15.67	17.00	0.000783	55.293
15.67	17.00	0.000800	55.395
15.70	17.00	0.000816	55.497
15.70	17.00	0.000833	55.592
15.77	17.00	0.000850	55.694
15.80	17.00	0.000866	55.797
15.88	17.00	0.000883	55.891
15.93	17.00	0.000900	55.994
15.93	17.00	0.000916	56.095
15.98	17.00	0.000933	56.192
15.98	17.00	0.000950	56.294
15.98	17.00	0.000966	56.394
16.00	17.00	0.000983	56.492
16.00	17.00	0.001000	56.593
16.00	17.00	0.001016	56.693
16.06	17.00	0.001033	56.792
16.08	17.00	0.001050	56.893
16.16	17.00	0.001066	56.992
16.16	17.00	0.001083	57.093
16.21	17.00	0.001100	57.193
16.21	17.00	0.001116	57.293
16.24	17.00	0.001133	57.393
16.24	17.00	0.001150	57.493
16.26	17.00	0.001166	57.593
16.31	17.00	0.001183	57.692
16.34	17.00	0.001200	57.793
16.36	17.00	0.001216	57.893
16.39	17.00	0.001233	57.993
16.39	17.00	0.001250	58.093
16.42	17.00	0.001266	58.193
16.44	17.00	0.001283	58.293
16.44	17.00	0.001299	58.392
16.49	17.00	0.001316	58.493
16.52	17.00	0.001333	58.592
16.52	17.00	0.001349	58.693
16.57	17.00	0.001366	58.793
16.57	17.00	0.001383	58.893
16.57	17.00	0.001399	58.993
16.59	17.00	0.001416	59.092
16.59	17.00	0.001433	59.193
16.62	17.00	0.001449	59.292
16.65	17.00	0.001466	59.393
16.67	17.00	0.001483	59.493
16.67	17.00	0.001499	59.593
16.67	17.00	0.001516	59.693
16.72	17.00	0.001533	59.793
16.72	17.00	0.001549	59.893
16.75	17.00	0.001566	59.992
16.75	17.00	0.001583	00.093
16.75	17.00	0.001599	00.192
16.77	17.00	0.001616	00.293
16.77	17.00	0.001633	00.393
16.80	17.00	0.001649	00.493
16.80	17.00	0.001666	00.593
16.80	17.00	0.001683	00.694
16.83	17.00	0.001699	00.794
16.83	17.00	0.001716	00.893
16.85	17.00	0.001733	00.994
16.85	17.00	0.001749	01.093
16.85	17.00	0.001766	01.194
16.88	17.00	0.001783	01.294
16.88	17.00	0.001799	01.394
16.88	17.00	0.001816	01.494
16.90	17.00	0.001833	01.623
16.90	17.00	0.001849	01.718
16.90	17.00	0.001866	01.817
16.93	17.00	0.001883	01.922
16.93	17.00	0.001899	02.016
16.93	17.00	0.001916	02.116
16.95	17.00	0.001933	02.221
16.95	17.00	0.001949	02.315
16.95	17.00	0.001966	02.415
16.95	17.00	0.001983	02.519
16.95	17.00	0.001999	02.614
16.98	17.00	0.002016	02.713
16.98	17.00	0.002033	02.818
16.98	17.00	0.002049	02.912
16.98	17.00	0.002066	03.013
16.98	17.00	0.002082	03.117
16.98	17.00	0.002099	03.211
16.98	17.00	0.002116	03.313
16.98	17.00	0.002132	03.415
16.98	17.00	0.002149	03.510
17.00	17.00	0.002166	03.612
17.00	17.00	0.002182	03.714
17.00	17.00	0.002199	03.809
17.00	17.00	0.002216	03.913
17.00	17.00	0.002232	04.013
17.00	17.00	0.002249	04.107
17.00	17.00	0.002266	04.212
17.00	17.00	0.002282	04.311
17.00	17.00	0.002299	04.406
17.00	17.00	0.002316	04.512
16.98	17.00	0.002332	04.610
16.98	17.00	0.002349	04.706
16.98	17.00	0.002366	04.810
16.98	17.00	0.002382	04.910
16.98	17.00	0.002399	05.004
16.98	17.00	0.002416	05.109
16.98	17.00	0.002432	05.208
16.98	17.00	0.002449	05.303
16.98	17.00	0.002466	05.408
16.98	17.00	0.002482	05.502
16.98	17.00	0.002499	05.602
16.98	17.00	0.002516	05.706
16.98	17.00	0.002532	05.801
16.98	17.00	0.002549	05.900
16.98	17.00	0.002566	06.005
17.00	17.00	0.002582	06.100
17.00	17.00	0.002599	06.199
17.00	17.00	0.002616	06.304
17.00	17.00	0.002632	06.398
17.00	17.00	0.002649	06.498
17.00	17.00	0.002666	06.602
17.00	17.00	0.002682	06.697
17.00	17.00	0.002699	06.796
17.00	17.00	0.002716	06.901
17.00	17.00	0.002732	06.996
17.00	17.00	0.002749	07.095
17.00	17.00	0.002766	07.200
17.00	17.00	0.002782	07.295
17.00	17.00	0.002799	07.395
17.00	17.00	0.002816	07.498
17.00	17.00	0.002832	07.595
17.00	17.00	0.002849	07.695
17.00	17.00	0.002866	07.797
17.00	17.00	0.002882	07.895
17.00	17.00	0.002899	07.995
17.00	17.00	0.002915	08.097
17.00	17.00	0.002932	08.194
16.98	17.00	0.002949	08.295
16.98	17.00	0.002965	08.395
16.98	17.00	0.002982	08.495
16.98	17.00	0.002999	08.595
16.98	17.00	0.003015	08.695
16.98	17.00	0.003032	08.795
16.98	17.00	0.003049	08.895
16.98	17.00	0.003065	08.994
16.98	17.00	0.003082	09.095
16.98	17.00	0.003099	09.194
16.98	17.00	0.003115	09.295
16.98	17.00	0.003132	09.395
16.98	17.00	0.003149	09.495
17.00	17.00	0.003165	09.595
17.00	17.00	0.003182	09.695
17.00	17.00	0.003199	09.795
17.00	17.00	0.003215	09.894
17.00	17.00	0.003232	09.994
17.00	17.00	0.003249	10.095
17.00	17.00	0.003265	10.195
17.00	17.00	0.003282	10.295
17.00	17.00	0.003299	10.395
17.00	17.00	0.003315	10.495
17.00	17.00	0.003332	10.595
17.00	17.00	0.003349	10.694
17.00	17.00	0.003365	10.795
17.00	17.00	0.003382	10.894
17.00	17.00	0.003399	10.995
17.00	17.00	0.003415	11.095
17.00	17.00	0.003432	11.195
17.00	17.00	0.003449	11.295
17.00	17.00	0.003465	11.394
17.00	17.00	0.003482	11.495
16.98	17.00	0.003499	11.594
16.98	17.00	0.003515	11.695
16.98	17.00	0.003532	11.795
16.98	17.00	0.003549	11.895
16.98	17.00	0.003565	11.995
16.98	17.00	0.003582	12.095
16.98	17.00	0.003599	12.195
16.98	17.00	0.003615	12.294
17.00	17.00	0.003632	12.395
17.00	17.00	0.003649	12.494
17.00	17.00	0.003665	12.595
17.00	17.00	0.003682	12.695
17.00	17.00	0.003699	12.795
17.00	17.00	0.003715	12.895
17.00	17.00	0.003732	12.995
17.00	17.00	0.003748	13.095
17.00	17.00	0.003765	13.194
17.00	17.00	0.003782	13.295
17.00	17.00	0.003798	13.395
17.00	17.00	0.003815	13.495
17.00	17.00	0.003832	13.595
17.00	17.00	0.003848	13.719
17.00	17.00	0.003865	13.819
16.98	17.00	0.003882	13.923
16.98	17.00	0.003898	14.018
16.98	17.00	0.003915	14.117
16.98	17.00	0.003932	14.222
16.98	17.00	0.003948	14.316
16.98	17.00	0.003965	14.416
16.98	17.00	0.003982	14.521
16.98	17.00	0.003998	14.615
16.98	17.00	0.004015	14.715
16.98	17.00	0.004032	14.819
16.98	17.00	0.004048	14.914
16.98	17.00	0.004065	15.013
17.00	17.00	0.004082	15.118
17.00	17.00	0.004098	15.213
17.00	17.00	0.004115	15.312
17.00	17.00	0.004132	15.417
17.00	17.00	0.004148	15.511
17.00	17.00	0.004165	15.611
17.00	17.00	0.004182	15.715
17.00	17.00	0.004198	15.810
17.00	17.00	0.004215	15.910
17.00	17.00	0.004232	16.014
17.00	17.00	0.004248	16.109
17.00	17.00	0.004265	16.210
17.00	17.00	0.004282	16.313
17.00	17.00	0.004298	16.407
17.00	17.00	0.004315	16.511
17.00	17.00	0.004332	16.611
17.00	17.00	0.004348	16.706
17.00	17.00	0.004365	16.811
17.00	17.00	0.004382	16.911
17.00	17.00	0.004398	17.006
17.00	17.00	0.004415	17.110
17.00	17.00	0.004432	17.210
17.00	17.00	0.004448	17.304
17.00	17.00	0.004465	17.409
17.00	17.00	0.004482	17.508
17.00	17.00	0.004498	17.603
17.00	17.00	0.004515	17.708
17.00	17.00	0.004532	17.807
17.00	17.00	0.004548	17.902
17.00	17.00	0.004565	18.006
17.00	17.00	0.004581	18.101
17.00	17.00	0.004598	18.200
17.00	17.00	0.004615	18.305
17.00	17.00	0.004631	18.400
16.98	17.00	0.004648	18.499
16.98	17.00	0.004665	18.604
16.98	17.00	0.004681	18.698
16.98	17.00	0.004698	18.798
16.98	17.00	0.004715	18.902
16.98	17.00	0.004731	18.997
16.98	17.00	0.004748	19.096
16.98	17.00	0.004765	19.201
16.98	17.00	0.004781	19.296
16.98	17.00	0.004798	19.396
16.98	17.00	0.004815	19.500
17.00	17.00	0.004831	19.595
17.00	17.00	0.004848	19.696
17.00	17.00	0.004865	19.798
17.00	17.00	0.004881	19.896
17.00	17.00	0.004898	19.996
17.00	17.00	0.004915	20.098
17.00	17.00	0.004931	20.196
17.00	17.00	0.004948	20.296
17.00	17.00	0.004965	20.397
17.00	17.00	0.004981	20.495
17.00	17.00	0.004998	20.596
17.00	17.00	0.005015	20.695
17.00	17.00	0.005031	20.796
17.00	17.00	0.005048	20.896
17.00	17.00	0.005065	20.996
17.00	17.00	0.005081	21.096
17.00	17.00	0.005098	21.196
17.00	17.00	0.005115	21.296
17.00	17.00	0.005131	21.395
17.00	17.00	0.005148	21.496
17.00	17.00	0.005165	21.596
17.00	17.00	0.005181	21.696
17.00	17.00	0.005198	21.796
17.00	17.00	0.005215	21.896
17.00	17.00	0.005231	21.996
17.00	17.00	0.005248	22.095
17.00	17.00	0.005265	22.196
17.00	17.00	0.005281	22.295
17.00	17.00	0.005298	22.396
17.00	17.00	0.005315	22.496
17.00	17.00	0.005331	22.596
17.00	17.00	0.005348	22.696
17.00	17.00	0.005365	22.796
17.00	17.00	0.005381	22.896
17.00	17.00	0.005398	22.995
17.00	17.00	0.005414	23.096
17.00	17.00	0.005431	23.195
17.00	17.00	0.005448	23.296
17.00	17.00	0.005464	23.396
17.00	17.00	0.005481	23.496
17.00	17.00	0.005498	23.596
17.00	17.00	0.005514	23.696
17.00	17.00	0.005531	23.796
17.00	17.00	0.005548	23.895
17.00	17.00	0.005564	23.996
17.00	17.00	0.005581	24.096
17.00	17.00	0.005598	24.196
17.00	17.00	0.005614	24.296
17.00	17.00	0.005631	24.396
17.00	17.00	0.005648	24.496
16.98	17.00	0.005664	24.595
16.98	17.00	0.005681	24.696
16.98	17.00	0.005698	24.795
16.98	17.00	0.005714	24.896
16.98	17.00	0.005731	24.996
16.98	17.00	0.005748	25.096
16.98	17.00	0.005764	25.196
16.98	17.00	0.005781	25.296
17.00	17.00	0.005798	25.396
17.00	17.00	0.005814	25.495
17.00	17.00	0.005831	25.596
17.00	17.00	0.005848	25.696
17.00	17.00	0.005864	25.820
17.00	17.00	0.005881	25.924
17.00	17.00	0.005898	26.019
17.00	17.00	0.005914	26.119
17.00	17.00	0.005931	26.223
17.00	17.00	0.005948	26.318
17.00	17.00	0.005964	26.417
17.00	17.00	0.005981	26.522
17.00	17.00	0.005998	26.616
17.00	17.00	0.006014	26.716
17.00	17.00	0.006031	26.821
17.00	17.00	0.006048	26.915
17.00	17.00	0.006064	27.015
17.00	17.00	0.006081	27.119
17.00	17.00	0.006098	27.214
17.00	17.00	0.006114	27.313
17.00	17.00	0.006131	27.418
17.00	17.00	0.006148	27.512
17.00	17.00	0.006164	27.612
17.00	17.00	0.006181	27.717
17.00	17.00	0.006198	27.811
17.00	17.00	0.006214	27.911
17.00	17.00	0.006231	28.015
17.00	17.00	0.006247	28.110
17.00	17.00	0.006264	28.209
17.00	17.00	0.006281	28.314
17.00	17.00	0.006297	28.409
17.00	17.00	0.006314	28.509
17.00	17.00	0.006331	28.614
17.00	17.00	0.006347	28.708
17.00	17.00	0.006364	28.809
17.00	17.00	0.006381	28.912
17.00	17.00	0.006397	29.007
17.00	17.00	0.006414	29.108
17.00	17.00	0.006431	29.211
17.00	17.00	0.006447	29.305
17.00	17.00	0.006464	29.409
17.00	17.00	0.006481	29.509
17.00	17.00	0.006497	29.604
17.00	17.00	0.006514	29.708
17.00	17.00	0.006531	29.808
17.00	17.00	0.006547	29.903
17.00	17.00	0.006564	30.008
17.00	17.00	0.006581	30.107
17.00	17.00	0.006597	30.202
17.00	17.00	0.006614	30.306
16.98	17.00	0.006631	30.406
16.98	17.00	0.006647	30.500
16.98	17.00	0.006664	30.605
16.98	17.00	0.006681	30.704
16.98	17.00	0.006697	30.799
16.98	17.00	0.006714	30.904
16.98	17.00	0.006731	30.998
17.00	17.00	0.006747	31.098
17.00	17.00	0.006764	31.202
17.00	17.00	0.006781	31.297
17.00	17.00	0.006797	31.396
17.00	17.00	0.006814	31.501
17.00	17.00	0.006831	31.597
17.00	17.00	0.006847	31.697
17.00	17.00	0.006864	31.800
17.00	17.00	0.006881	31.897
17.00	17.00	0.006897	31.997
17.00	17.00	0.006914	32.098
17.00	17.00	0.006931	32.197
17.00	17.00	0.006947	32.297
17.00	17.00	0.006964	32.398
17.00	17.00	0.006981	32.497
17.00	17.00	0.006997	32.597
17.00	17.00	0.007014	32.697
17.00	17.00	0.007031	32.796
17.00	17.00	0.007047	32.897
17.00	17.00	0.007064	32.996
17.00	17.00	0.007080	33.097
17.00	17.00	0.007097	33.197
17.00	17.00	0.007114	33.297
17.00	17.00	0.007130	33.397
17.00	17.00	0.007147	33.497
17.00	17.00	0.007164	33.597
17.00	17.00	0.007180	33.696
17.00	17.00	0.007197	33.797
17.00	17.00	0.007214	33.896
17.00	17.00	0.007230	33.997
17.00	17.00	0.007247	34.097
17.00	17.00	0.007264	34.197
17.00	17.00	0.007280	34.297
17.00	17.00	0.007297	34.397
17.00	17.00	0.007314	34.497
17.00	17.00	0.007330	34.596
17.00	17.00	0.007347	34.697
17.00	17.00	0.007364	34.797
17.00	17.00	0.007380	34.897
17.00	17.00	0.007397	34.996
17.00	17.00	0.007414	35.097
17.00	17.00	0.007430	35.197
17.00	17.00	0.007447	35.296
17.00	17.00	0.007464	35.397
17.00	17.00	0.007480	35.496
17.00	17.00	0.007497	35.597
17.00	17.00	0.007514	35.697
17.00	17.00	0.007530	35.797
17.00	17.00	0.007547	35.897
17.00	17.00	0.007564	35.998
17.00	17.00	0.007580	36.098
17.00	17.00	0.007597	36.197
17.00	17.00	0.007614	36.298
17.00	17.00	0.007630	36.397
17.00	17.00	0.007647	36.498
17.00	17.00	0.007664	36.598
17.00	17.00	0.007680	36.698
17.00	17.00	0.007697	36.798
17.00	17.00	0.007714	36.898
17.00	17.00	0.007730	36.998
17.00	17.00	0.007747	37.097
17.00	17.00	0.007764	37.198
17.00	17.00	0.007780	37.298
17.00	17.00	0.007797	37.398
17.00	17.00	0.007814	37.498
17.00	17.00	0.007830	37.627
17.00	17.00	0.007847	37.727
17.00	17.00	0.007864	37.821
17.00	17.00	0.007880	37.926
17.00	17.00	0.007897	38.025
17.00	17.00	0.007913	38.120
17.00	17.00	0.007930	38.224
17.00	17.00	0.007947	38.324
17.00	17.00	0.007963	38.419
17.00	17.00	0.007980	38.523
17.00	17.00	0.007997	38.618
17.00	17.00	0.008013	38.717
17.00	17.00	0.008030	38.822
17.00	17.00	0.008047	38.916
17.00	17.00	0.008063	39.016
17.00	17.00	0.008080	39.121
17.00	17.00	0.008097	39.215
17.00	17.00	0.008113	39.315
17.00	17.00	0.008130	39.419
17.00	17.00	0.008147	39.514
17.00	17.00	0.008163	39.613
17.00	17.00	0.008180	39.718
17.00	17.00	0.008197	39.812
17.00	17.00	0.008213	39.912
17.00	17.00	0.008230	40.017
17.00	17.00	0.008247	40.111
17.00	17.00	0.008263	40.211
17.00	17.00	0.008280	40.315
17.00	17.00	0.008297	40.410
17.00	17.00	0.008313	40.510
17.00	17.00	0.008330	40.614
17.00	17.00	0.008347	40.709
17.00	17.00	0.008363	40.809
17.00	17.00	0.008380	40.914
17.00	17.00	0.008397	41.008
17.00	17.00	0.008413	41.108
17.00	17.00	0.008430	41.212
17.00	17.00	0.008447	41.307
17.00	17.00	0.008463	41.406
17.00	17.00	0.008480	41.511
17.00	17.00	0.008497	41.606
17.00	17.00	0.008513	41.707
17.00	17.00	0.008530	41.810
17.00	17.00	0.008547	41.904
17.00	17.00	0.008563	42.007
17.00	17.00	0.008580	42.108
17.00	17.00	0.008597	42.203
17.00	17.00	0.008613	42.307
17.00	17.00	0.008630	42.407
17.00	17.00	0.008647	42.502
17.00	17.00	0.008663	42.606
17.00	17.00	0.008680	42.706
17.00	17.00	0.008697	42.800
17.00	17.00	0.008713	42.905
17.00	17.00	0.008730	43.004
17.00	17.00	0.008746	43.099
17.00	17.00	0.008763	43.204
17.00	17.00	0.008780	43.303
17.00	17.00	0.008796	43.398
17.00	17.00	0.008813	43.502
17.00	17.00	0.008830	43.602
17.00	17.00	0.008846	43.697
17.00	17.00	0.008863	43.801
17.00	17.00	0.008880	43.902
17.00	17.00	0.008896	43.998
17.00	17.00	0.008913	44.101
17.00	17.00	0.008930	44.202
17.00	17.00	0.008946	44.298
17.00	17.00	0.008963	44.399
17.00	17.00	0.008980	44.502
17.00	17.00	0.008996	44.597
17.00	17.00	0.009013	44.698
17.00	17.00	0.009030	44.802
17.00	17.00	0.009046	44.898
17.00	17.00	0.009063	44.998
17.00	17.00	0.009080	45.102
17.00	17.00	0.009096	45.198
17.00	17.00	0.009113	45.297
17.00	17.00	0.009130	45.402
17.00	17.00	0.009146	45.497
17.00	17.00	0.009163	45.598
17.00	17.00	0.009180	45.702
17.00	17.00	0.009196	45.798
17.00	17.00	0.009213	45.898
16.98	17.00	0.009230	46.002
16.98	17.00	0.009246	46.098
16.98	17.00	0.009263	46.197
16.98	17.00	0.009280	46.302
17.00	17.00	0.009296	46.398
17.00	17.00	0.009313	46.498
17.00	17.00	0.009330	46.602
17.00	17.00	0.009346	46.698
17.00	17.00	0.009363	46.798
17.00	17.00	0.009380	46.901
17.00	17.00	0.009396	46.998
17.00	17.00	0.009413	47.097
17.00	17.00	0.009430	47.202
17.00	17.00	0.009446	47.298
17.00	17.00	0.009463	47.398
17.00	17.00	0.009480	47.502
17.00	17.00	0.009496	47.598
17.00	17.00	0.009513	47.698
17.00	17.00	0.009530	47.801
17.00	17.00	0.009546	47.898
17.00	17.00	0.009563	47.997
17.00	17.00	0.009579	48.102
17.00	17.00	0.009596	48.198
17.00	17.00	0.009613	48.298
17.00	17.00	0.009629	48.402
17.00	17.00	0.009646	48.498
17.00	17.00	0.009663	48.598
17.00	17.00	0.009679	48.701
17.00	17.00	0.009696	48.798
17.00	17.00	0.009713	48.898
17.00	17.00	0.009729	49.001
17.00	17.00	0.009746	49.098
17.00	17.00	0.009763	49.198
17.00	17.00	0.009779	49.302
17.00	17.00	0.009796	49.397
17.00	17.00	0.009813	49.498
17.00	17.00	0.009829	49.602
17.00	17.00	0.009846	49.698
17.00	17.00	0.009863	49.798
17.00	17.00	0.009879	49.901
17.00	17.00	0.009896	50.027
17.00	17.00	0.009913	50.121
17.00	17.00	0.009929	50.201
17.00	17.00	0.009946	50.325
17.00	17.00	0.009963	50.420
17.00	17.00	0.009979	50.524
17.00	17.00	0.009996	50.624
17.00	17.00	0.010013	50.719
17.00	17.00	0.010029	50.823
17.00	17.00	0.010046	50.923
17.00	17.00	0.010063	51.017
17.00	17.00	0.010079	51.122
17.00	17.00	0.010096	51.221
17.00	17.00	0.010113	51.316
17.00	17.00	0.010129	51.421
17.00	17.00	0.010146	51.515
17.00	17.00	0.010163	51.615
17.00	17.00	0.010179	51.719
17.00	17.00	0.010196	51.814
17.00	17.00	0.010213	51.913
17.00	17.00	0.010229	52.018
17.00	17.00	0.010246	52.113
17.00	17.00	0.010263	52.212
17.00	17.00	0.010279	52.317
17.00	17.00	0.010296	52.411
17.00	17.00	0.010313	52.511
17.00	17.00	0.010329	52.615
17.00	17.00	0.010346	52.710
17.00	17.00	0.010363	52.809
17.00	17.00	0.010379	52.915
17.00	17.00	0.010396	53.010
17.00	17.00	0.010412	53.109
17.00	17.00	0.010429	53.214
17.00	17.00	0.010446	53.308
17.00	17.00	0.010462	53.408
17.00	17.00	0.010479	53.512
17.00	17.00	0.010496	53.607
17.00	17.00	0.010512	53.707
17.00	17.00	0.010529	53.811
17.00	17.00	0.010546	53.906
17.00	17.00	0.010562	54.005
17.00	17.00	0.010579	54.110
17.00	17.00	0.010596	54.204
17.00	17.00	0.010612	54.305
17.00	17.00	0.010629	54.408
17.00	17.00	0.010646	54.503
17.00	17.00	0.010662	54.605
17.00	17.00	0.010679	54.707
17.00	17.00	0.010696	54.802
17.00	17.00	0.010712	54.905
17.00	17.00	0.010729	55.006
17.00	17.00	0.010746	55.100
17.00	17.00	0.010762	55.205
17.00	17.00	0.010779	55.305
17.00	17.00	0.010796	55.400
17.00	17.00	0.010812	55.504
17.00	17.00	0.010829	55.603
17.00	17.00	0.010846	55.700
17.00	17.00	0.010862	55.802
17.00	17.00	0.010879	55.902
17.00	17.00	0.010896	55.999
17.00	17.00	0.010912	56.101
17.00	17.00	0.010929	56.202
17.00	17.00	0.010946	56.300
17.00	17.00	0.010962	56.401
17.00	17.00	0.010979	56.500
17.00	17.00	0.010996	56.600
17.00	17.00	0.011012	56.699
17.00	17.00	0.011029	56.800
17.00	17.00	0.011046	56.900
17.00	17.00	0.011062	57.000
17.00	17.00	0.011079	57.101
17.00	17.00	0.011096	57.200
17.00	17.00	0.011112	57.300
17.00	17.00	0.011129	57.400
17.00	17.00	0.011146	57.500
17.00	17.00	0.011162	57.599
17.00	17.00	0.011179	57.700
17.00	17.00	0.011196	57.800
17.00	17.00	0.011212	57.900
17.00	17.00	0.011229	58.000
17.00	17.00	0.011245	58.100
17.00	17.00	0.011262	58.200
16.98	17.00	0.011279	58.300
16.98	17.00	0.011295	58.400
16.98	17.00	0.011312	58.499
16.98	17.00	0.011329	58.600
16.98	17.00	0.011345	58.700
16.98	17.00	0.011362	58.800
16.98	17.00	0.011379	58.900
17.00	17.00	0.011395	59.000
17.00	17.00	0.011412	59.100
17.00	17.00	0.011429	59.200
17.00	17.00	0.011445	59.300
17.00	17.00	0.011462	59.400
17.00	17.00	0.011479	59.500
17.00	17.00	0.011495	59.600
17.00	17.00	0.011512	59.700
17.00	17.00	0.011529	59.800
17.00	17.00	0.011545	59.899
17.00	17.00	0.011562	00.000
17.00	17.00	0.011579	00.099
17.00	17.00	0.011595	00.200
17.00	17.00	0.011612	00.300
17.00	17.00	0.011629	00.400
17.00	17.00	0.011645	00.500
17.00	17.00	0.011662	00.600
17.00	17.00	0.011679	00.700
17.00	17.00	0.011695	00.799
17.00	17.00	0.011712	00.900
17.00	17.00	0.011729	00.999
17.00	17.00	0.011745	01.100
17.00	17.00	0.011762	01.200
17.00	17.00	0.011779	01.300
17.00	17.00	0.011795	01.400
17.00	17.00	0.011812	01.500
17.00	17.00	0.011829	01.600
17.00	17.00	0.011845	01.699
17.00	17.00	0.011862	01.824
17.00	17.00	0.011879	01.899
17.00	17.00	0.011895	02.027
17.03	17.00	0.011912	02.122
17.03	17.00	0.011929	02.200
17.03	17.00	0.011945	02.327
17.03	17.00	0.011962	02.422
17.03	17.00	0.011979	02.499
17.03	17.00	0.011995	02.626
17.00	17.00	0.012012	02.719
17.00	17.00	0.012029	02.799
17.00	17.00	0.012045	02.925
17.00	17.00	0.012062	03.019
17.00	17.00	0.012078	03.124
17.00	17.00	0.012095	03.223
17.00	17.00	0.012112	03.318
17.00	17.00	0.012128	03.422
17.00	17.00	0.012145	03.522
17.00	17.00	0.012162	03.616
17.00	17.00	0.012178	03.721
17.00	17.00	0.012195	03.821
17.00	17.00	0.012212	03.915
17.00	17.00	0.012228	04.020
16.98	17.00	0.012245	04.119
16.98	17.00	0.012262	04.214
16.98	17.00	0.012278	04.318
16.98	17.00	0.012295	04.413
16.98	17.00	0.012312	04.513
16.98	17.00	0.012328	04.617
16.98	17.00	0.012345	04.712
16.98	17.00	0.012362	04.811
16.98	17.00	0.012378	04.916
17.00	17.00	0.012395	05.010
17.00	17.00	0.012412	05.110
17.00	17.00	0.012428	05.214
17.00	17.00	0.012445	05.309
17.00	17.00	0.012462	05.409
17.00	17.00	0.012478	05.513
17.00	17.00	0.012495	05.608
17.00	17.00	0.012512	05.707
17.00	17.00	0.012528	05.812
17.00	17.00	0.012545	05.906
17.00	17.00	0.012562	06.006
17.00	17.00	0.012578	06.111
17.00	17.00	0.012595	06.205
17.00	17.00	0.012612	06.305
17.00	17.00	0.012628	06.409
17.00	17.00	0.012645	06.505
17.00	17.00	0.012662	06.604
17.00	17.00	0.012678	06.709
17.00	17.00	0.012695	06.804
17.00	17.00	0.012712	06.903
17.00	17.00	0.012728	07.008
17.00	17.00	0.012745	07.102
17.00	17.00	0.012762	07.203
17.00	17.00	0.012778	07.306
17.00	17.00	0.012795	07.402
17.00	17.00	0.012812	07.503
17.00	17.00	0.012828	07.605
17.00	17.00	0.012845	07.702
17.00	17.00	0.012862	07.803
17.00	17.00	0.012878	07.904
17.00	17.00	0.012895	08.002
17.00	17.00	0.012911	08.103
17.00	17.00	0.012928	08.202
17.00	17.00	0.012945	08.302
17.00	17.00	0.012961	08.401
17.00	17.00	0.012978	08.502
17.00	17.00	0.012995	08.602
17.00	17.00	0.013011	08.702
17.00	17.00	0.013028	08.804
17.00	17.00	0.013045	08.904
17.00	17.00	0.013061	09.004
17.00	17.00	0.013078	09.104
17.00	17.00	0.013095	09.204
17.00	17.00	0.013111	09.304
17.00	17.00	0.013128	09.404
17.00	17.00	0.013145	09.504
17.00	17.00	0.013161	09.604
17.00	17.00	0.013178	09.704
17.00	17.00	0.013195	09.804
17.00	17.00	0.013211	09.903
17.00	17.00	0.013228	10.004
17.00	17.00	0.013245	10.104
17.00	17.00	0.013261	10.204
17.00	17.00	0.013278	10.304
17.00	17.00	0.013295	10.404
17.00	17.00	0.013311	10.504
17.00	17.00	0.013328	10.604
17.00	17.00	0.013345	10.704
17.00	17.00	0.013361	10.804
17.00	17.00	0.013378	10.904
17.00	17.00	0.013395	11.003
17.00	17.00	0.013411	11.104
17.00	17.00	0.013428	11.203
17.00	17.00	0.013445	11.304
17.00	17.00	0.013461	11.404
17.00	17.00	0.013478	11.504
17.00	17.00	0.013495	11.604
17.00	17.00	0.013511	11.704
17.00	17.00	0.013528	11.804
17.00	17.00	0.013545	11.904
17.00	17.00	0.013561	12.004
17.00	17.00	0.013578	12.104
17.00	17.00	0.013595	12.204
17.00	17.00	0.013611	12.304
17.00	17.00	0.013628	12.404
17.00	17.00	0.013645	12.504
17.00	17.00	0.013661	12.603
17.00	17.00	0.013678	12.704
17.00	17.00	0.013695	12.804
17.00	17.00	0.013711	12.904
17.00	17.00	0.013728	13.004
17.00	17.00	0.013744	13.133
17.00	17.00	0.013761	13.227
17.00	17.00	0.013778	13.327
17.00	17.00	0.013794	13.431
17.00	17.00	0.013811	13.526
17.00	17.00	0.013828	13.626
17.00	17.00	0.013844	13.730
17.00	17.00	0.013861	13.825
17.00	17.00	0.013878	13.924
17.00	17.00	0.013894	14.029
17.00	17.00	0.013911	14.123
17.00	17.00	0.013928	14.223
17.00	17.00	0.013944	14.327
17.00	17.00	0.013961	14.422
17.00	17.00	0.013978	14.523
17.00	17.00	0.013994	14.626
17.00	17.00	0.014011	14.721
17.00	17.00	0.014028	14.822
17.00	17.00	0.014044	14.925
17.00	17.00	0.014061	15.019
17.00	17.00	0.014078	15.122
17.00	17.00	0.014094	15.225
17.00	17.00	0.014111	15.319
17.00	17.00	0.014128	15.422
17.00	17.00	0.014144	15.523
17.00	17.00	0.014161	15.618
17.00	17.00	0.014178	15.722
17.00	17.00	0.014194	15.822
17.00	17.00	0.014211	15.916
17.00	17.00	0.014228	16.021
17.00	17.00	0.014244	16.121
17.00	17.00	0.014261	16.215
17.00	17.00	0.014278	16.320
17.00	17.00	0.014294	16.419
17.00	17.00	0.014311	16.514
17.00	17.00	0.014328	16.618
17.00	17.00	0.014344	16.718
17.00	17.00	0.014361	16.813
17.00	17.00	0.014378	16.917
17.00	17.00	0.014394	17.012
17.00	17.00	0.014411	17.111
17.00	17.00	0.014428	17.216
17.00	17.00	0.014444	17.310
17.00	17.00	0.014461	17.410
17.00	17.00	0.014478	17.514
17.00	17.00	0.014494	17.609
17.00	17.00	0.014511	17.709
17.00	17.00	0.014528	17.813
17.00	17.00	0.014544	17.908
17.00	17.00	0.014561	18.007
17.00	17.00	0.014577	18.112
17.00	17.00	0.014594	18.206
17.00	17.00	0.014611	18.306
17.00	17.00	0.014627	18.412
17.00	17.00	0.014644	18.506
17.00	17.00	0.014661	18.606
17.00	17.00	0.014677	18.710
17.00	17.00	0.014694	18.805
17.00	17.00	0.014711	18.904
17.00	17.00	0.014727	19.009
17.00	17.00	0.014744	19.104
17.00	17.00	0.014761	19.204
17.00	17.00	0.014777	19.307
17.00	17.00	0.014794	19.404
17.00	17.00	0.014811	19.504
17.00	17.00	0.014827	19.606
17.00	17.00	0.014844	19.703
17.00	17.00	0.014861	19.804
17.00	17.00	0.014877	19.905
17.00	17.00	0.014894	20.004
17.00	17.00	0.014911	20.104
17.00	17.00	0.014927	20.205
17.00	17.00	0.014944	20.305
17.00	17.00	0.014961	20.404
17.00	17.00	0.014977	20.505
17.00	17.00	0.014994	20.604
17.00	17.00	0.015011	20.705
17.00	17.00	0.015027	20.805
17.00	17.00	0.015044	20.905
17.00	17.00	0.015061	21.005
17.00	17.00	0.015077	21.104
17.00	17.00	0.015094	21.205
17.00	17.00	0.015111	21.304
17.00	17.00	0.015127	21.405
17.00	17.00	0.015144	21.505
17.00	17.00	0.015161	21.605
17.00	17.00	0.015177	21.705
17.00	17.00	0.015194	21.805
17.00	17.00	0.015211	21.905
17.00	17.00	0.015227	22.004
17.00	17.00	0.015244	22.105
17.00	17.00	0.015261	22.204
17.00	17.00	0.015277	22.305
17.00	17.00	0.015294	22.405
17.00	17.00	0.015311	22.505
17.00	17.00	0.015327	22.605
17.00	17.00	0.015344	22.704
17.00	17.00	0.015361	22.805
17.00	17.00	0.015377	22.904
17.00	17.00	0.015394	23.005
17.00	17.00	0.015410	23.105
17.00	17.00	0.015427	23.205
17.00	17.00	0.015444	23.305
17.00	17.00	0.015460	23.405
17.00	17.00	0.015477	23.505
17.00	17.00	0.015494	23.604
17.00	17.00	0.015510	23.705
17.00	17.00	0.015527	23.804
17.00	17.00	0.015544	23.905
17.00	17.00	0.015560	24.005
17.00	17.00	0.015577	24.105
17.00	17.00	0.015594	24.205
17.00	17.00	0.015610	24.305
17.00	17.00	0.015627	24.405
17.00	17.00	0.015644	24.504
17.00	17.00	0.015660	24.605
16.98	17.00	0.015677	24.705
16.98	17.00	0.015694	24.805
16.98	17.00	0.015710	24.905
16.98	17.00	0.015727	25.005
16.98	17.00	0.015744	25.105
16.98	17.00	0.015760	25.204
17.00	17.00	0.015777	25.328
17.00	17.00	0.015794	25.433
17.00	17.00	0.015810	25.528
17.00	17.00	0.015827	25.627
17.00	17.00	0.015844	25.732
17.00	17.00	0.015860	25.827
17.00	17.00	0.015877	25.926
17.00	17.00	0.015894	26.031
17.00	17.00	0.015910	26.125
17.00	17.00	0.015927	26.225
17.00	17.00	0.015944	26.329
17.00	17.00	0.015960	26.424
17.00	17.00	0.015977	26.524
17.00	17.00	0.015994	26.628
17.00	17.00	0.016010	26.723
17.00	17.00	0.016027	26.822
17.00	17.00	0.016044	26.927
17.00	17.00	0.016060	27.021
17.00	17.00	0.016077	27.121
17.00	17.00	0.016094	27.225
17.00	17.00	0.016110	27.320
17.00	17.00	0.016127	27.421
17.00	17.00	0.016144	27.524
17.00	17.00	0.016160	27.619
17.00	17.00	0.016177	27.720
17.00	17.00	0.016194	27.823
17.00	17.00	0.016210	27.917
17.00	17.00	0.016227	28.020
17.00	17.00	0.016244	28.121
17.00	17.00	0.016260	28.216
17.00	17.00	0.016277	28.321
17.00	17.00	0.016293	28.420
17.00	17.00	0.016310	28.515
17.00	17.00	0.016327	28.619
17.00	17.00	0.016343	28.719
17.00	17.00	0.016360	28.813
17.00	17.00	0.016377	28.919
17.00	17.00	0.016393	29.019
17.00	17.00	0.016410	29.113
17.00	17.00	0.016427	29.218
17.00	17.00	0.016443	29.317
17.00	17.00	0.016460	29.412
17.00	17.00	0.016477	29.516
17.00	17.00	0.016493	29.616
17.00	17.00	0.016510	29.711
17.00	17.00	0.016527	29.815
17.00	17.00	0.016543	29.910
17.00	17.00	0.016560	30.009
17.00	17.00	0.016577	30.114
17.00	17.00	0.016593	30.208
17.00	17.00	0.016610	30.308
17.00	17.00	0.016627	30.412
17.00	17.00	0.016643	30.507
17.00	17.00	0.016660	30.607
17.00	17.00	0.016677	30.711
17.00	17.00	0.016693	30.806
17.00	17.00	0.016710	30.905
17.00	17.00	0.016727	31.010
17.00	17.00	0.016743	31.104
17.00	17.00	0.016760	31.205
17.00	17.00	0.016777	31.309
17.00	17.00	0.016793	31.405
17.00	17.00	0.016810	31.505
17.00	17.00	0.016827	31.607
17.00	17.00	0.016843	31.705
17.00	17.00	0.016860	31.804
17.00	17.00	0.016877	31.906
17.03	17.00	0.016893	32.004
17.03	17.00	0.016910	32.105
17.03	17.00	0.016927	32.206
17.03	17.00	0.016943	32.305
17.00	17.00	0.016960	32.405
17.00	17.00	0.016977	32.505
17.00	17.00	0.016993	32.605
17.00	17.00	0.017010	32.704
17.00	17.00	0.017027	32.805
17.00	17.00	0.017043	32.905
17.00	17.00	0.017060	33.005
17.00	17.00	0.017077	33.105
17.00	17.00	0.017093	33.205
17.00	17.00	0.017110	33.305
17.00	17.00	0.017126	33.404
17.00	17.00	0.017143	33.505
17.00	17.00	0.017160	33.604
17.00	17.00	0.017176	33.705
17.00	17.00	0.017193	33.805
17.00	17.00	0.017210	33.905
17.00	17.00	0.017226	34.005
17.00	17.00	0.017243	34.105
17.00	17.00	0.017260	34.205
16.98	17.00	0.017276	34.304
16.98	17.00	0.017293	34.405
16.98	17.00	0.017310	34.505
16.98	17.00	0.017326	34.605
16.98	17.00	0.017343	34.705
16.98	17.00	0.017360	34.805
16.98	17.00	0.017376	34.905
16.98	17.00	0.017393	35.004
17.00	17.00	0.017410	35.105
17.00	17.00	0.017426	35.204
17.00	17.00	0.017443	35.305
17.00	17.00	0.017460	35.405
17.00	17.00	0.017476	35.505
17.00	17.00	0.017493	35.605
17.00	17.00	0.017510	35.705
17.00	17.00	0.017526	35.805
17.00	17.00	0.017543	35.904
17.00	17.00	0.017560	36.005
17.00	17.00	0.017576	36.104
17.00	17.00	0.017593	36.205
17.00	17.00	0.017610	36.305
17.00	17.00	0.017626	36.405
17.00	17.00	0.017643	36.505
17.00	17.00	0.017660	36.606
17.00	17.00	0.017676	36.706
17.00	17.00	0.017693	36.805
17.00	17.00	0.017710	36.906
17.00	17.00	0.017726	37.005
17.00	17.00	0.017743	37.106
17.00	17.00	0.017760	37.206
17.00	17.00	0.017776	37.329
17.00	17.00	0.017793	37.434
17.00	17.00	0.017810	37.528
17.00	17.00	0.017826	37.629
17.00	17.00	0.017843	37.733
17.00	17.00	0.017860	37.828
17.00	17.00	0.017876	37.927
17.00	17.00	0.017893	38.032
17.00	17.00	0.017910	38.127
17.00	17.00	0.017926	38.226
17.00	17.00	0.017943	38.331
17.00	17.00	0.017959	38.425
17.00	17.00	0.017976	38.525
17.00	17.00	0.017993	38.629
17.00	17.00	0.018009	38.724
17.00	17.00	0.018026	38.823
17.00	17.00	0.018043	38.928
17.00	17.00	0.018059	39.023
17.00	17.00	0.018076	39.122
17.00	17.00	0.018093	39.227
17.00	17.00	0.018109	39.321
17.03	17.00	0.018126	39.421
17.03	17.00	0.018143	39.525
17.03	17.00	0.018159	39.620
17.03	17.00	0.018176	39.720
17.03	17.00	0.018193	39.824
17.00	17.00	0.018209	39.919
17.00	17.00	0.018226	40.019
17.00	17.00	0.018243	40.123
17.00	17.00	0.018259	40.218
17.00	17.00	0.018276	40.318
17.00	17.00	0.018293	40.422
17.00	17.00	0.018309	40.517
17.00	17.00	0.018326	40.618
17.00	17.00	0.018343	40.721
17.00	17.00	0.018359	40.815
17.00	17.00	0.018376	40.919
17.00	17.00	0.018393	41.019
17.00	17.00	0.018409	41.114
17.00	17.00	0.018426	41.218
17.00	17.00	0.018443	41.318
16.98	17.00	0.018459	41.413
16.98	17.00	0.018476	41.517
16.98	17.00	0.018493	41.617
16.98	17.00	0.018509	41.711
16.98	17.00	0.018526	41.816
16.98	17.00	0.018543	41.915
16.98	17.00	0.018559	42.010
16.98	17.00	0.018576	42.115
16.98	17.00	0.018593	42.214
17.00	17.00	0.018609	42.309
17.00	17.00	0.018626	42.413
17.00	17.00	0.018643	42.509
17.00	17.00	0.018659	42.608
17.00	17.00	0.018676	42.713
17.00	17.00	0.018693	42.808
17.00	17.00	0.018709	42.908
17.00	17.00	0.018726	43.012
17.00	17.00	0.018743	43.108
17.00	17.00	0.018759	43.208
17.00	17.00	0.018776	43.310
17.00	17.00	0.018792	43.408
17.00	17.00	0.018809	43.507
17.00	17.00	0.018826	43.609
17.00	17.00	0.018842	43.708
17.00	17.00	0.018859	43.808
17.00	17.00	0.018876	43.908
17.00	17.00	0.018892	44.008
17.00	17.00	0.018909	44.108
17.00	17.00	0.018926	44.207
17.00	17.00	0.018942	44.308
17.00	17.00	0.018959	44.408
17.00	17.00	0.018976	44.508
17.00	17.00	0.018992	44.608
17.00	17.00	0.019009	44.708
17.00	17.00	0.019026	44.808
17.00	17.00	0.019042	44.907
17.00	17.00	0.019059	45.008
17.00	17.00	0.019076	45.107
17.00	17.00	0.019092	45.208
17.00	17.00	0.019109	45.308
17.00	17.00	0.019126	45.408
17.00	17.00	0.019142	45.508
17.00	17.00	0.019159	45.609
17.00	17.00	0.019176	45.709
17.00	17.00	0.019192	45.808
17.00	17.00	0.019209	45.909
17.00	17.00	0.019226	46.008
17.00	17.00	0.019242	46.113
17.00	17.00	0.019259	46.209
17.00	17.00	0.019276	46.309
17.00	17.00	0.019292	46.413
17.00	17.00	0.019309	46.510
17.00	17.00	0.019326	46.611
17.00	17.00	0.019342	46.713
17.00	17.00	0.019359	46.811
17.00	17.00	0.019376	46.911
17.00	17.00	0.019392	47.013
17.03	17.00	0.019409	47.111
17.03	17.00	0.019426	47.211
17.03	17.00	0.019442	47.313
17.03	17.00	0.019459	47.410
17.00	17.00	0.019476	47.511
17.00	17.00	0.019492	47.613
17.00	17.00	0.019509	47.711
17.00	17.00	0.019526	47.811
17.00	17.00	0.019542	47.913
17.00	17.00	0.019559	48.011
17.00	17.00	0.019576	48.111
17.00	17.00	0.019592	48.213
17.00	17.00	0.019609	48.310
17.00	17.00	0.019625	48.409
17.00	17.00	0.019642	48.513
17.00	17.00	0.019659	48.638
17.00	17.00	0.019675	48.733
17.00	17.00	0.019692	48.813
17.00	17.00	0.019709	48.937
17.00	17.00	0.019725	49.032
17.00	17.00	0.019742	49.136
17.00	17.00	0.019759	49.236
17.00	17.00	0.019775	49.330
17.00	17.00	0.019792	49.435
17.00	17.00	0.019809	49.535
17.00	17.00	0.019825	49.630
17.00	17.00	0.019842	49.734
16.98	17.00	0.019859	49.834
16.98	17.00	0.019875	49.928
16.98	17.00	0.019892	50.033
16.98	17.00	0.019909	50.132
16.98	17.00	0.019925	50.227
16.98	17.00	0.019942	50.332
16.98	17.00	0.019959	50.426
17.00	17.00	0.019975	50.526
17.00	17.00	0.019992	50.630
17.00	17.00	0.020009	50.725
17.00	17.00	0.020025	50.824
17.00	17.00	0.020042	50.929
17.00	17.00	0.020059	51.024
17.00	17.00	0.020075	51.124
17.00	17.00	0.020092	51.228
17.00	17.00	0.020109	51.322
17.00	17.00	0.020125	51.423
17.00	17.00	0.020142	51.527
17.00	17.00	0.020159	51.622
17.00	17.00	0.020175	51.721
17.00	17.00	0.020192	51.826
17.00	17.00	0.020209	51.921
17.00	17.00	0.020225	52.020
17.00	17.00	0.020242	52.125
17.00	17.00	0.020259	52.219
17.00	17.00	0.020275	52.319
17.00	17.00	0.020292	52.423
17.00	17.00	0.020309	52.518
17.00	17.00	0.020325	52.617
17.00	17.00	0.020342	52.722
17.00	17.00	0.020359	52.817
17.00	17.00	0.020375	52.916
17.00	17.00	0.020392	53.021
17.00	17.00	0.020409	53.115
17.00	17.00	0.020425	53.217
17.00	17.00	0.020442	53.319
17.00	17.00	0.020458	53.414
17.00	17.00	0.020475	53.516
17.00	17.00	0.020492	53.618
17.00	17.00	0.020508	53.713
17.00	17.00	0.020525	53.816
17.00	17.00	0.020542	53.917
17.00	17.00	0.020558	54.011
17.00	17.00	0.020575	54.116
17.00	17.00	0.020592	54.215
17.03	17.00	0.020608	54.312
17.03	17.00	0.020625	54.416
17.03	17.00	0.020642	54.515
17.03	17.00	0.020658	54.612
17.03	17.00	0.020675	54.714
17.03	17.00	0.020692	54.814
17.00	17.00	0.020708	54.911
17.00	17.00	0.020725	55.013
17.00	17.00	0.020742	55.113
17.00	17.00	0.020758	55.212
17.00	17.00	0.020775	55.312
17.00	17.00	0.020792	55.412
17.00	17.00	0.020808	55.512
17.00	17.00	0.020825	55.611
17.00	17.00	0.020842	55.712
17.00	17.00	0.020858	55.811
17.00	17.00	0.020875	55.912
17.00	17.00	0.020892	56.012
17.00	17.00	0.020908	56.112
17.00	17.00	0.020925	56.212
17.00	17.00	0.020942	56.312
16.98	17.00	0.020958	56.413
16.98	17.00	0.020975	56.512
16.98	17.00	0.020992	56.613
16.98	17.00	0.021008	56.713
16.98	17.00	0.021025	56.813
16.98	17.00	0.021042	56.913
16.98	17.00	0.021058	57.013
16.98	17.00	0.021075	57.113
16.98	17.00	0.021092	57.212
17.00	17.00	0.021108	57.313
17.00	17.00	0.021125	57.412
17.00	17.00	0.021142	57.513
17.00	17.00	0.021158	57.613
17.00	17.00	0.021175	57.713
17.00	17.00	0.021192	57.813
17.00	17.00	0.021208	57.913
17.00	17.00	0.021225	58.013
17.00	17.00	0.021242	58.112
17.00	17.00	0.021258	58.213
17.00	17.00	0.021275	58.312
17.00	17.00	0.021291	58.413
17.00	17.00	0.021308	58.513
17.00	17.00	0.021325	58.613
17.00	17.00	0.021341	58.713
17.00	17.00	0.021358	58.813
17.00	17.00	0.021375	58.913
17.00	17.00	0.021391	59.012
17.00	17.00	0.021408	59.113
17.00	17.00	0.021425	59.213
17.00	17.00	0.021441	59.313
17.00	17.00	0.021458	59.413
17.00	17.00	0.021475	59.513
17.00	17.00	0.021491	59.613
17.00	17.00	0.021508	59.712
17.00	17.00	0.021525	59.813
17.00	17.00	0.021541	59.912
17.00	17.00	0.021558	00.013
17.00	17.00	0.021575	00.113
17.00	17.00	0.021591	00.237
17.00	17.00	0.021608	00.342
17.00	17.00	0.021625	00.436
17.00	17.00	0.021641	00.536
17.00	17.00	0.021658	00.640
17.00	17.00	0.021675	00.735
17.00	17.00	0.021691	00.835
17.00	17.00	0.021708	00.939
17.00	17.00	0.021725	01.034
17.00	17.00	0.021741	01.135
17.00	17.00	0.021758	01.238
17.03	17.00	0.021775	01.332
17.03	17.00	0.021791	01.436
17.03	17.00	0.021808	01.536
17.03	17.00	0.021825	01.631
17.00	17.00	0.021841	01.735
17.00	17.00	0.021858	01.835
17.00	17.00	0.021875	01.930
17.00	17.00	0.021891	02.035
17.00	17.00	0.021908	02.134
17.00	17.00	0.021925	02.229
17.00	17.00	0.021941	02.333
17.00	17.00	0.021958	02.433
17.00	17.00	0.021975	02.527
17.00	17.00	0.021991	02.632
17.00	17.00	0.022008	02.732
17.00	17.00	0.022025	02.826
17.00	17.00	0.022041	02.931
17.00	17.00	0.022058	03.025
17.00	17.00	0.022075	03.125
17.00	17.00	0.022091	03.229
17.00	17.00	0.022108	03.324
17.00	17.00	0.022124	03.424
17.00	17.00	0.022141	03.528
17.00	17.00	0.022158	03.623
17.00	17.00	0.022174	03.722
17.00	17.00	0.022191	03.827
17.00	17.00	0.022208	03.921
17.00	17.00	0.022224	04.021
17.00	17.00	0.022241	04.125
17.00	17.00	0.022258	04.220
17.00	17.00	0.022274	04.320
17.00	17.00	0.022291	04.424
17.00	17.00	0.022308	04.519
17.00	17.00	0.022324	04.619
17.00	17.00	0.022341	04.723
16.98	17.00	0.022358	04.818
16.98	17.00	0.022374	04.918
16.98	17.00	0.022391	05.022
16.98	17.00	0.022408	05.117
16.98	17.00	0.022424	05.216
16.98	17.00	0.022441	05.321
16.98	17.00	0.022458	05.415
17.00	17.00	0.022474	05.515
17.00	17.00	0.022491	05.619
17.00	17.00	0.022508	05.714
17.00	17.00	0.022524	05.815
17.00	17.00	0.022541	05.918
17.00	17.00	0.022558	06.013
17.00	17.00	0.022574	06.114
17.00	17.00	0.022591	06.217
17.00	17.00	0.022608	06.312
17.00	17.00	0.022624	06.415
17.00	17.00	0.022641	06.516
17.00	17.00	0.022658	06.613
17.00	17.00	0.022674	06.715
17.00	17.00	0.022691	06.814
17.00	17.00	0.022708	06.913
17.00	17.00	0.022724	07.013
17.00	17.00	0.022741	07.114
17.00	17.00	0.022758	07.212
17.00	17.00	0.022774	07.313
17.00	17.00	0.022791	07.413
17.00	17.00	0.022808	07.513
17.00	17.00	0.022824	07.613
17.00	17.00	0.022841	07.713
17.00	17.00	0.022858	07.813
17.00	17.00	0.022874	07.912
17.00	17.00	0.022891	08.013
17.00	17.00	0.022908	08.112
17.00	17.00	0.022924	08.213
17.03	17.00	0.022941	08.313
17.03	17.00	0.022957	08.413
17.03	17.00	0.022974	08.513
17.03	17.00	0.022991	08.612
17.00	17.00	0.023007	08.713
17.00	17.00	0.023024	08.812
17.00	17.00	0.023041	08.913
17.00	17.00	0.023057	09.013
17.00	17.00	0.023074	09.113
17.00	17.00	0.023091	09.213
17.00	17.00	0.023107	09.313
17.00	17.00	0.023124	09.413
17.00	17.00	0.023141	09.512
17.00	17.00	0.023157	09.614
17.00	17.00	0.023174	09.714
17.00	17.00	0.023191	09.814
17.00	17.00	0.023207	09.914
17.00	17.00	0.023224	10.014
17.00	17.00	0.023241	10.113
17.00	17.00	0.023257	10.214
17.00	17.00	0.023274	10.313
17.00	17.00	0.023291	10.414
17.00	17.00	0.023307	10.514
17.00	17.00	0.023324	10.614
17.00	17.00	0.023341	10.714
17.00	17.00	0.023357	10.814
17.00	17.00	0.023374	10.914
17.00	17.00	0.023391	11.013
17.00	17.00	0.023407	11.114
17.00	17.00	0.023424	11.213
17.00	17.00	0.023441	11.314
17.00	17.00	0.023457	11.414
17.00	17.00	0.023474	11.514
17.00	17.00	0.023491	11.614
17.00	17.00	0.023507	11.713
17.00	17.00	0.023524	11.814
17.00	17.00	0.023541	11.913
17.00	17.00	0.023557	12.014
17.00	17.00	0.023574	12.114
17.00	17.00	0.023591	12.238
17.00	17.00	0.023607	12.343
17.00	17.00	0.023624	12.437
17.00	17.00	0.023641	12.537
17.00	17.00	0.023657	12.641
17.00	17.00	0.023674	12.736
17.00	17.00	0.023691	12.835
17.00	17.00	0.023707	12.940
17.00	17.00	0.023724	13.035
17.00	17.00	0.023741	13.134
17.00	17.00	0.023757	13.239
17.00	17.00	0.023774	13.333
17.00	17.00	0.023790	13.434
17.00	17.00	0.023807	13.537
17.00	17.00	0.023824	13.632
17.00	17.00	0.023840	13.733
17.00	17.00	0.023857	13.836
17.00	17.00	0.023874	13.931
17.00	17.00	0.023890	14.033
17.00	17.00	0.023907	14.135
17.00	17.00	0.023924	14.229
17.00	17.00	0.023940	14.334
17.00	17.00	0.023957	14.434
17.00	17.00	0.023974	14.529
17.00	17.00	0.023990	14.634
17.00	17.00	0.024007	14.733
17.00	17.00	0.024024	14.828
17.00	17.00	0.024040	14.932
17.00	17.00	0.024057	15.032
17.00	17.00	0.024074	15.126
17.00	17.00	0.024090	15.231
17.00	17.00	0.024107	15.330
17.00	17.00	0.024124	15.425
17.00	17.00	0.024140	15.530
17.00	17.00	0.024157	15.629
17.00	17.00	0.024174	15.724
17.00	17.00	0.024190	15.828
17.00	17.00	0.024207	15.923
17.00	17.00	0.024224	16.022
17.00	17.00	0.024240	16.127
17.00	17.00	0.024257	16.222
17.00	17.00	0.024274	16.321
17.00	17.00	0.024290	16.426
17.00	17.00	0.024307	16.520
17.00	17.00	0.024324	16.620
17.00	17.00	0.024340	16.724
17.00	17.00	0.024357	16.819
17.00	17.00	0.024374	16.918
17.00	17.00	0.024390	17.023
17.00	17.00	0.024407	17.118
17.00	17.00	0.024424	17.217
17.00	17.00	0.024440	17.323
17.00	17.00	0.024457	17.417
17.00	17.00	0.024474	17.517
17.00	17.00	0.024490	17.621
17.00	17.00	0.024507	17.716
17.00	17.00	0.024524	17.815
17.00	17.00	0.024540	17.920
17.00	17.00	0.024557	18.015
17.00	17.00	0.024574	18.114
17.00	17.00	0.024590	18.219
17.00	17.00	0.024607	18.313
17.00	17.00	0.024623	18.414
17.00	17.00	0.024640	18.517
17.00	17.00	0.024657	18.614
17.00	17.00	0.024673	18.714
17.00	17.00	0.024690	18.816
17.00	17.00	0.024707	18.914
17.00	17.00	0.024723	19.014
17.00	17.00	0.024740	19.115
17.00	17.00	0.024757	19.213
17.00	17.00	0.024773	19.314
17.00	17.00	0.024790	19.413
17.00	17.00	0.024807	19.514
17.00	17.00	0.024823	19.614
17.00	17.00	0.024840	19.714
17.00	17.00	0.024857	19.814
17.00	17.00	0.024873	19.914
17.00	17.00	0.024890	20.014
17.00	17.00	0.024907	20.113
17.00	17.00	0.024923	20.214
17.00	17.00	0.024940	20.314
17.00	17.00	0.024957	20.414
17.00	17.00	0.024973	20.514
17.00	17.00	0.024990	20.614
17.00	17.00	0.025007	20.714
17.00	17.00	0.025023	20.813
17.00	17.00	0.025040	20.914
17.00	17.00	0.025057	21.013
17.00	17.00	0.025073	21.114
16.98	17.00	0.025090	21.214
16.98	17.00	0.025107	21.314
16.98	17.00	0.025123	21.414
17.00	17.00	0.025140	21.514
17.00	17.00	0.025157	21.614
17.00	17.00	0.025173	21.713
17.00	17.00	0.025190	21.814
17.00	17.00	0.025207	21.913
17.00	17.00	0.025223	22.014
17.00	17.00	0.025240	22.114
17.00	17.00	0.025257	22.214
17.00	17.00	0.025273	22.314
17.00	17.00	0.025290	22.414
17.00	17.00	0.025307	22.514
17.00	17.00	0.025323	22.613
17.00	17.00	0.025340	22.714
17.00	17.00	0.025357	22.814
17.00	17.00	0.025373	22.914
17.00	17.00	0.025390	23.014
17.00	17.00	0.025407	23.114
17.00	17.00	0.025423	23.214
17.00	17.00	0.025440	23.313
17.00	17.00	0.025456	23.414
17.00	17.00	0.025473	23.513
17.00	17.00	0.025490	23.614
17.00	17.00	0.025506	23.714
17.00	17.00	0.025523	23.814
17.00	17.00	0.025540	23.914
17.00	17.00	0.025556	24.014
17.00	17.00	0.025573	24.114
17.00	17.00	0.025590	24.213
17.00	17.00	0.025606	24.314
17.00	17.00	0.025623	24.413
17.00	17.00	0.025640	24.513
17.00	17.00	0.025656	24.642
17.00	17.00	0.025673	24.737
17.00	17.00	0.025690	24.837
17.00	17.00	0.025706	24.941
17.00	17.00	0.025723	25.036
17.00	17.00	0.025740	25.135
17.00	17.00	0.025756	25.240
17.00	17.00	0.025773	25.334
17.00	17.00	0.025790	25.434
17.00	17.00	0.025806	25.539
17.00	17.00	0.025823	25.633
17.00	17.00	0.025840	25.733
17.00	17.00	0.025856	25.838
17.00	17.00	0.025873	25.933
17.00	17.00	0.025890	26.032
17.00	17.00	0.025906	26.137
17.00	17.00	0.025923	26.232
17.00	17.00	0.025940	26.332
17.00	17.00	0.025956	26.436
17.00	17.00	0.025973	26.530
17.00	17.00	0.025990	26.632
17.00	17.00	0.026006	26.734
17.00	17.00	0.026023	26.829
17.00	17.00	0.026040	26.931
17.00	17.00	0.026056	27.033
17.00	17.00	0.026073	27.128
17.00	17.00	0.026090	27.232
17.00	17.00	0.026106	27.332
17.00	17.00	0.026123	27.426
17.00	17.00	0.026140	27.531
17.00	17.00	0.026156	27.630
17.00	17.00	0.026173	27.725
17.00	17.00	0.026190	27.829
17.00	17.00	0.026206	27.929
17.00	17.00	0.026223	28.024
17.00	17.00	0.026240	28.128
17.00	17.00	0.026256	28.228
17.00	17.00	0.026273	28.322
17.00	17.00	0.026289	28.427
17.00	17.00	0.026306	28.521
17.00	17.00	0.026323	28.621
17.00	17.00	0.026339	28.726
17.00	17.00	0.026356	28.820
17.00	17.00	0.026373	28.920
17.00	17.00	0.026389	29.024
17.00	17.00	0.026406	29.119
17.00	17.00	0.026423	29.219
17.00	17.00	0.026439	29.324
17.00	17.00	0.026456	29.418
17.00	17.00	0.026473	29.518
17.00	17.00	0.026489	29.623
17.00	17.00	0.026506	29.717
17.00	17.00	0.026523	29.817
17.00	17.00	0.026539	29.921
17.00	17.00	0.026556	30.016
17.00	17.00	0.026573	30.115
17.00	17.00	0.026589	30.220
17.00	17.00	0.026606	30.316
17.00	17.00	0.026623	30.416
17.00	17.00	0.026639	30.519
17.00	17.00	0.026656	30.616
17.00	17.00	0.026673	30.716
17.00	17.00	0.026689	30.817
17.00	17.00	0.026706	30.916
17.00	17.00	0.026723	31.015
17.00	17.00	0.026739	31.116
17.00	17.00	0.026756	31.216
17.00	17.00	0.026773	31.316
17.00	17.00	0.026789	31.416
17.00	17.00	0.026806	31.516
17.00	17.00	0.026823	31.616
17.00	17.00	0.026839	31.715
17.00	17.00	0.026856	31.816
17.00	17.00	0.026873	31.916
17.00	17.00	0.026889	32.016
17.00	17.00	0.026906	32.116
17.00	17.00	0.026923	32.216
17.00	17.00	0.026939	32.316
17.00	17.00	0.026956	32.415
17.00	17.00	0.026973	32.516
17.00	17.00	0.026989	32.615
17.00	17.00	0.027006	32.716
17.00	17.00	0.027023	32.816
17.00	17.00	0.027039	32.916
17.00	17.00	0.027056	33.016
17.00	17.00	0.027073	33.116
17.00	17.00	0.027089	33.216
17.00	17.00	0.027106	33.315
17.00	17.00	0.027122	33.416
17.00	17.00	0.027139	33.515
17.00	17.00	0.027156	33.616
17.00	17.00	0.027172	33.716
17.00	17.00	0.027189	33.816
17.00	17.00	0.027206	33.916
17.00	17.00	0.027222	34.015
17.00	17.00	0.027239	34.116
17.00	17.00	0.027256	34.215
17.00	17.00	0.027272	34.316
17.00	17.00	0.027289	34.416
17.00	17.00	0.027306	34.516
17.00	17.00	0.027322	34.616
17.00	17.00	0.027339	34.716
17.00	17.00	0.027356	34.816
17.00	17.00	0.027372	34.915
17.00	17.00	0.027389	35.016
17.00	17.00	0.027406	35.115
17.00	17.00	0.027422	35.217
17.00	17.00	0.027439	35.317
17.00	17.00	0.027456	35.417
17.00	17.00	0.027472	35.517
17.00	17.00	0.027489	35.617
17.00	17.00	0.027506	35.717
17.00	17.00	0.027522	35.816
17.00	17.00	0.027539	35.917
17.00	17.00	0.027556	36.017
17.00	17.00	0.027572	36.146
17.00	17.00	0.027589	36.241
17.00	17.00	0.027606	36.345
17.00	17.00	0.027622	36.440
17.00	17.00	0.027639	36.539
17.00	17.00	0.027656	36.644
17.00	17.00	0.027672	36.738
17.03	17.00	0.027689	36.838
17.03	17.00	0.027706	36.943
17.03	17.00	0.027722	37.038
17.03	17.00	0.027739	37.138
17.03	17.00	0.027756	37.242
17.00	17.00	0.027772	37.336
17.00	17.00	0.027789	37.435
17.00	17.00	0.027806	37.541
17.00	17.00	0.027822	37.635
17.00	17.00	0.027839	37.735
17.00	17.00	0.027856	37.840
17.00	17.00	0.027872	37.934
17.00	17.00	0.027889	38.034
17.00	17.00	0.027906	38.138
17.00	17.00	0.027922	38.233
17.00	17.00	0.027939	38.332
17.00	17.00	0.027955	38.437
17.00	17.00	0.027972	38.531
17.00	17.00	0.027989	38.631
17.00	17.00	0.028005	38.736
17.00	17.00	0.028022	38.830
16.98	17.00	0.028039	38.931
16.98	17.00	0.028055	39.034
16.98	17.00	0.028072	39.129
16.98	17.00	0.028089	39.230
16.98	17.00	0.028105	39.333
16.98	17.00	0.028122	39.428
16.98	17.00	0.028139	39.530
16.98	17.00	0.028155	39.632
17.00	17.00	0.028172	39.726
17.00	17.00	0.028189	39.830
17.00	17.00	0.028205	39.930
17.00	17.00	0.028222	40.025
17.00	17.00	0.028239	40.129
17.00	17.00	0.028255	40.229
17.00	17.00	0.028272	40.325
17.00	17.00	0.028289	40.428
17.00	17.00	0.028305	40.529
17.00	17.00	0.028322	40.623
17.00	17.00	0.028339	40.728
17.00	17.00	0.028355	40.827
17.00	17.00	0.028372	40.922
17.00	17.00	0.028389	41.026
17.00	17.00	0.028405	41.126
17.00	17.00	0.028422	41.221
17.00	17.00	0.028439	41.325
17.00	17.00	0.028455	41.420
17.00	17.00	0.028472	41.519
17.00	17.00	0.028489	41.624
17.00	17.00	0.028505	41.718
17.00	17.00	0.028522	41.818
17.00	17.00	0.028539	41.923
17.00	17.00	0.028555	42.017
17.00	17.00	0.028572	42.118
17.00	17.00	0.028589	42.221
17.00	17.00	0.028605	42.318
17.00	17.00	0.028622	42.417
17.00	17.00	0.028639	42.520
17.00	17.00	0.028655	42.617
17.00	17.00	0.028672	42.718
17.00	17.00	0.028689	42.819
17.00	17.00	0.028705	42.918
17.00	17.00	0.028722	43.018
17.00	17.00	0.028739	43.118
17.00	17.00	0.028755	43.218
17.00	17.00	0.028772	43.317
17.00	17.00	0.028788	43.418
17.00	17.00	0.028805	43.518
17.00	17.00	0.028822	43.618
17.00	17.00	0.028838	43.718
17.00	17.00	0.028855	43.818
17.00	17.00	0.028872	43.918
17.00	17.00	0.028888	44.017
17.03	17.00	0.028905	44.118
17.03	17.00	0.028922	44.217
17.03	17.00	0.028938	44.318
17.03	17.00	0.028955	44.418
17.03	17.00	0.028972	44.518
17.03	17.00	0.028988	44.618
17.00	17.00	0.029005	44.718
17.00	17.00	0.029022	44.818
17.00	17.00	0.029038	44.917
17.00	17.00	0.029055	45.018
17.00	17.00	0.029072	45.118
17.00	17.00	0.029088	45.218
17.00	17.00	0.029105	45.318
17.00	17.00	0.029122	45.418
17.00	17.00	0.029138	45.518
17.00	17.00	0.029155	45.617
17.00	17.00	0.029172	45.718
17.00	17.00	0.029188	45.817
17.00	17.00	0.029205	45.918
17.00	17.00	0.029222	46.018
17.00	17.00	0.029238	46.118
17.00	17.00	0.029255	46.218
17.00	17.00	0.029272	46.318
17.00	17.00	0.029288	46.418
17.00	17.00	0.029305	46.517
16.98	17.00	0.029322	46.618
16.98	17.00	0.029338	46.717
16.98	17.00	0.029355	46.818
16.98	17.00	0.029372	46.918
16.98	17.00	0.029388	47.018
16.98	17.00	0.029405	47.118
16.98	17.00	0.029422	47.218
16.98	17.00	0.029438	47.318
17.00	17.00	0.029455	47.417
17.00	17.00	0.029472	47.518
17.00	17.00	0.029488	47.618
17.00	17.00	0.029505	47.718
17.00	17.00	0.029522	47.818
17.00	17.00	0.029538	47.918
17.00	17.00	0.029555	48.018
17.00	17.00	0.029572	48.117
17.00	17.00	0.029588	48.217
17.00	17.00	0.029605	48.317
17.00	17.00	0.029621	48.446
17.00	17.00	0.029638	48.540
17.00	17.00	0.029655	48.645
17.00	17.00	0.029671	48.745
17.00	17.00	0.029688	48.839
17.00	17.00	0.029705	48.944
17.00	17.00	0.029721	49.038
17.00	17.00	0.029738	49.138
17.00	17.00	0.029755	49.243
17.00	17.00	0.029771	49.338
17.00	17.00	0.029788	49.438
17.00	17.00	0.029805	49.542
17.00	17.00	0.029821	49.637
17.00	17.00	0.029838	49.736
17.00	17.00	0.029855	49.841
17.00	17.00	0.029871	49.935
17.00	17.00	0.029888	50.035
17.00	17.00	0.029905	50.139
17.00	17.00	0.029921	50.234
17.00	17.00	0.029938	50.334
17.00	17.00	0.029955	50.438
17.00	17.00	0.029971	50.533
17.00	17.00	0.029988	50.632
17.00	17.00	0.030005	50.737
17.00	17.00	0.030021	50.831
17.00	17.00	0.030038	50.931
17.00	17.00	0.030055	51.036
17.00	17.00	0.030071	51.130
17.00	17.00	0.030088	51.230
17.00	17.01	0.030105	51.334
17.00	17.01	0.030121	51.429
17.00	17.01	0.030138	51.528
17.00	17.01	0.030155	51.633
17.03	17.01	0.030171	51.728
17.03	17.01	0.030188	51.829
17.03	17.01	0.030205	51.933
17.03	17.01	0.030221	52.027
17.03	17.01	0.030238	52.129
17.03	17.01	0.030255	52.231
17.03	17.01	0.030271	52.326
17.03	17.01	0.030288	52.428
17.03	17.01	0.030305	52.530
17.00	17.02	0.030321	52.625
17.00	17.02	0.030338	52.728
17.00	17.02	0.030355	52.829
17.00	17.02	0.030371	52.923
17.00	17.02	0.030388	53.028
17.00	17.02	0.030405	53.127
17.00	17.02	0.030421	53.222
17.00	17.02	0.030438	53.326
17.00	17.02	0.030454	53.426
17.00	17.02	0.030471	53.521
17.00	17.02	0.030488	53.625
17.03	17.02	0.030504	53.725
17.03	17.02	0.030521	53.820
17.03	17.03	0.030538	53.924
17.03	17.03	0.030554	54.019
17.03	17.03	0.030571	54.118
17.03	17.03	0.030588	54.223
17.03	17.03	0.030604	54.318
17.03	17.03	0.030621	54.418
17.03	17.03	0.030638	54.522
17.03	17.03	0.030654	54.618
17.03	17.03	0.030671	54.718
17.03	17.03	0.030688	54.820
17.03	17.03	0.030704	54.918
17.03	17.03	0.030721	55.018
17.03	17.03	0.030738	55.119
17.03	17.04	0.030754	55.218
17.03	17.04	0.030771	55.318
17.03	17.04	0.030788	55.418
17.03	17.04	0.030804	55.517
17.03	17.04	0.030821	55.618
17.03	17.04	0.030838	55.717
17.03	17.04	0.030854	55.818
17.03	17.04	0.030871	55.918
17.06	17.04	0.030888	56.018
17.06	17.04	0.030904	56.118
17.06	17.04	0.030921	56.218
17.06	17.04	0.030938	56.318
17.06	17.04	0.030954	56.417
17.06	17.05	0.030971	56.517
17.06	17.05	0.030988	56.617
17.06	17.05	0.031004	56.718
17.06	17.05	0.031021	56.818
17.06	17.05	0.031038	56.918
17.06	17.05	0.031054	57.018
17.06	17.05	0.031071	57.117
17.03	17.05	0.031088	57.218
17.03	17.05	0.031104	57.317
17.03	17.05	0.031121	57.418
17.03	17.05	0.031138	57.518
17.03	17.05	0.031154	57.618
17.03	17.05	0.031171	57.718
17.03	17.06	0.031188	57.818
17.03	17.06	0.031204	57.918
17.03	17.06	0.031221	58.017
17.06	17.06	0.031238	58.118
17.06	17.06	0.031254	58.218
17.06	17.06	0.031271	58.318
17.06	17.06	0.031287	58.418
17.06	17.06	0.031304	58.518
17.06	17.06	0.031321	58.618
17.06	17.06	0.031337	58.717
17.06	17.06	0.031354	58.818
17.06	17.06	0.031371	58.917
17.06	17.06	0.031387	59.018
17.06	17.07	0.031404	59.118
17.06	17.07	0.031421	59.218
17.08	17.07	0.031437	59.318
17.08	17.07	0.031454	59.423
17.08	17.07	0.031471	59.518
17.08	17.07	0.031487	59.617
17.08	17.07	0.031504	59.718
17.08	17.07	0.031521	59.818
17.08	17.07	0.031537	59.918
17.08	17.07	0.031554	00.018
17.08	17.07	0.031571	00.118
17.08	17.07	0.031587	00.218
17.08	17.07	0.031604	00.317
17.08	17.08	0.031621	00.418
17.08	17.08	0.031637	00.517
17.08	17.08	0.031654	00.647
17.08	17.08	0.031671	00.746
17.08	17.08	0.031687	00.841
17.08	17.08	0.031704	00.946
17.08	17.08	0.031721	01.046
17.08	17.08	0.031737	01.140
17.08	17.08	0.031754	01.245
17.08	17.08	0.031771	01.344
17.08	17.08	0.031787	01.439
17.08	17.08	0.031804	01.543
17.08	17.08	0.031821	01.643
17.08	17.09	0.031837	01.738
17.08	17.09	0.031854	01.842
17.08	17.09	0.031871	01.937
17.08	17.09	0.031887	02.036
17.08	17.09	0.031904	02.141
17.08	17.09	0.031921	02.235
17.08	17.09	0.031937	02.335
17.08	17.09	0.031954	02.440
17.08	17.09	0.031971	02.534
17.08	17.09	0.031987	02.634
17.08	17.09	0.032004	02.738
17.08	17.09	0.032021	02.833
17.08	17.09	0.032037	02.932
17.08	17.10	0.032054	03.037
17.08	17.10	0.032071	03.132
17.08	17.10	0.032087	03.231
17.08	17.10	0.032104	03.336
17.11	17.10	0.032120	03.430
17.11	17.10	0.032137	03.530
17.11	17.10	0.032154	03.635
17.11	17.10	0.032170	03.729
17.11	17.10	0.032187	03.829
17.11	17.10	0.032204	03.934
17.11	17.10	0.032220	04.029
17.11	17.10	0.032237	04.128
17.11	17.10	0.032254	04.233
17.11	17.11	0.032270	04.327
17.11	17.11	0.032287	04.427
17.11	17.11	0.032304	04.531
17.11	17.11	0.032320	04.626
17.11	17.11	0.032337	04.726
17.11	17.11	0.032354	04.830
17.11	17.11	0.032370	04.925
17.11	17.11	0.032387	05.026
17.11	17.11	0.032404	05.129
17.11	17.11	0.032420	05.223
17.11	17.11	0.032437	05.327
17.11	17.11	0.032454	05.427
17.11	17.11	0.032470	05.522
17.11	17.11	0.032487	05.627
17.11	17.12	0.032504	05.726
17.11	17.12	0.032520	05.821
17.11	17.12	0.032537	05.925
17.11	17.12	0.032554	06.025
17.11	17.12	0.032570	06.119
17.11	17.12	0.032587	06.224
17.11	17.12	0.032604	06.324
17.11	17.12	0.032620	06.419
17.11	17.12	0.032637	06.523
17.11	17.12	0.032654	06.622
17.11	17.12	0.032670	06.718
17.11	17.12	0.032687	06.821
17.13	17.12	0.032704	06.922
17.13	17.13	0.032720	07.017
17.13	17.13	0.032737	07.120
17.13	17.13	0.032754	07.222
17.13	17.13	0.032770	07.319
17.13	17.13	0.032787	07.420
17.13	17.13	0.032804	07.521
17.13	17.13	0.032820	07.619
17.13	17.13	0.032837	07.718
17.13	17.13	0.032854	07.822
17.13	17.13	0.032870	07.919
17.13	17.13	0.032887	08.019
17.13	17.13	0.032904	08.122
17.13	17.13	0.032920	08.219
17.13	17.14	0.032937	08.319
17.13	17.14	0.032953	08.421
17.13	17.14	0.032970	08.519
17.13	17.14	0.032987	08.618
17.13	17.14	0.033003	08.722
17.13	17.14	0.033020	08.819
17.13	17.14	0.033037	08.919
17.13	17.14	0.033053	09.022
17.16	17.14	0.033070	09.119
17.16	17.14	0.033087	09.219
17.16	17.14	0.033103	09.321
17.16	17.14	0.033120	09.419
17.16	17.14	0.033137	09.518
17.16	17.15	0.033153	09.621
17.16	17.15	0.033170	09.719
17.16	17.15	0.033187	09.819
17.16	17.15	0.033203	09.922
17.16	17.15	0.033220	10.019
17.16	17.15	0.033237	10.119
17.16	17.15	0.033253	10.221
17.16	17.15	0.033270	10.319
17.16	17.15	0.033287	10.419
17.16	17.15	0.033303	10.521
17.13	17.15	0.033320	10.619
17.13	17.15	0.033337	10.719
17.13	17.15	0.033353	10.822
17.13	17.16	0.033370	10.918
17.13	17.16	0.033387	11.019
17.13	17.16	0.033403	11.121
17.13	17.16	0.033420	11.219
17.13	17.16	0.033437	11.319
17.16	17.16	0.033453	11.421
17.16	17.16	0.033470	11.519
17.16	17.16	0.033487	11.619
17.16	17.16	0.033503	11.722
17.16	17.16	0.033520	11.818
17.16	17.16	0.033537	11.919
17.16	17.16	0.033553	12.021
17.16	17.16	0.033570	12.119
17.16	17.17	0.033587	12.219
17.16	17.17	0.033603	12.321
17.16	17.17	0.033620	12.419
17.18	17.17	0.033637	12.518
17.18	17.17	0.033653	12.621
17.18	17.17	0.033670	12.718
17.18	17.17	0.033687	12.843
17.18	17.17	0.033703	12.921
17.18	17.17	0.033720	13.046
17.18	17.17	0.033737	13.141
17.18	17.17	0.033753	13.221
17.18	17.17	0.033770	13.345
17.18	17.17	0.033786	13.440
17.18	17.18	0.033803	13.544
17.18	17.18	0.033820	13.644
17.18	17.18	0.033836	13.738
17.18	17.18	0.033853	13.843
17.18	17.18	0.033870	13.943
17.18	17.18	0.033886	14.037
17.18	17.18	0.033903	14.143
17.18	17.18	0.033920	14.242
17.18	17.18	0.033936	14.336
17.18	17.18	0.033953	14.441
17.18	17.18	0.033970	14.536
17.18	17.18	0.033986	14.636
17.18	17.18	0.034003	14.740
17.18	17.19	0.034020	14.835
17.18	17.19	0.034036	14.934
17.18	17.19	0.034053	15.039
17.18	17.19	0.034070	15.133
17.18	17.19	0.034086	15.233
17.18	17.19	0.034103	15.337
17.18	17.19	0.034120	15.432
17.18	17.19	0.034136	15.532
17.18	17.19	0.034153	15.636
17.18	17.19	0.034170	15.731
17.18	17.19	0.034186	15.830
17.18	17.19	0.034203	15.935
17.18	17.19	0.034220	16.029
17.18	17.20	0.034236	16.129
17.18	17.20	0.034253	16.234
17.21	17.20	0.034270	16.328
17.21	17.20	0.034286	16.428
17.21	17.20	0.034303	16.532
17.21	17.20	0.034320	16.627
17.21	17.20	0.034336	16.726
17.21	17.20	0.034353	16.831
17.21	17.20	0.034370	16.925
17.21	17.20	0.034386	17.025
17.21	17.20	0.034403	17.131
17.21	17.20	0.034420	17.225
17.21	17.20	0.034436	17.325
17.21	17.21	0.034453	17.429
17.21	17.21	0.034470	17.524
17.21	17.21	0.034486	17.625
17.21	17.21	0.034503	17.728
17.21	17.21	0.034520	17.823
17.21	17.21	0.034536	17.925
17.21	17.21	0.034553	18.027
17.21	17.21	0.034570	18.121
17.21	17.21	0.034586	18.225
17.21	17.21	0.034603	18.325
17.21	17.21	0.034619	18.420
17.21	17.21	0.034636	18.524
17.21	17.21	0.034653	18.624
17.21	17.22	0.034669	18.720
17.21	17.22	0.034686	18.823
17.21	17.22	0.034703	18.923
17.21	17.22	0.034719	19.020
17.21	17.22	0.034736	19.122
17.21	17.22	0.034753	19.221
17.21	17.22	0.034769	19.320
17.21	17.22	0.034786	19.420
17.21	17.22	0.034803	19.520
17.21	17.22	0.034819	19.620
17.21	17.22	0.034836	19.720
17.24	17.22	0.034853	19.821
17.24	17.22	0.034869	19.919
17.24	17.23	0.034886	20.020
17.24	17.23	0.034903	20.120
17.24	17.23	0.034919	20.220
17.24	17.23	0.034936	20.320
17.24	17.23	0.034953	20.420
17.24	17.23	0.034969	20.520
17.24	17.23	0.034986	20.620
17.24	17.23	0.035003	20.720
17.24	17.23	0.035019	20.819
17.24	17.23	0.035036	20.920
17.24	17.23	0.035053	21.020
17.24	17.23	0.035069	21.120
17.24	17.23	0.035086	21.220
17.24	17.24	0.035103	21.320
17.24	17.24	0.035119	21.420
17.24	17.24	0.035136	21.519
17.21	17.24	0.035153	21.620
17.21	17.24	0.035169	21.719
17.21	17.24	0.035186	21.820
17.21	17.24	0.035203	21.920
17.21	17.24	0.035219	22.020
17.21	17.24	0.035236	22.120
17.24	17.24	0.035253	22.220
17.24	17.24	0.035269	22.320
17.24	17.24	0.035286	22.419
17.24	17.24	0.035303	22.520
17.24	17.25	0.035319	22.619
17.24	17.25	0.035336	22.720
17.24	17.25	0.035353	22.820
17.24	17.25	0.035369	22.920
17.24	17.25	0.035386	23.020
17.24	17.25	0.035403	23.121
17.26	17.25	0.035419	23.221
17.26	17.25	0.035436	23.320
17.26	17.25	0.035452	23.421
17.26	17.25	0.035469	23.520
17.26	17.25	0.035486	23.621
17.26	17.25	0.035502	23.721
17.26	17.25	0.035519	23.821
17.26	17.26	0.035536	23.921
17.26	17.26	0.035552	24.020
17.26	17.26	0.035569	24.121
17.26	17.26	0.035586	24.220
17.26	17.26	0.035602	24.321
17.26	17.26	0.035619	24.421
17.26	17.26	0.035636	24.545
17.26	17.26	0.035652	24.620
17.26	17.26	0.035669	24.749
17.26	17.26	0.035686	24.844
17.26	17.26	0.035702	24.944
17.26	17.26	0.035719	25.048
17.26	17.26	0.035736	25.142
17.26	17.27	0.035752	25.244
17.26	17.27	0.035769	25.346
17.26	17.27	0.035786	25.441
17.26	17.27	0.035802	25.544
17.26	17.27	0.035819	25.645
17.26	17.27	0.035836	25.740
17.29	17.27	0.035852	25.844
17.29	17.27	0.035869	25.945
17.29	17.27	0.035886	26.039
17.29	17.27	0.035902	26.144
17.29	17.27	0.035919	26.244
17.29	17.27	0.035936	26.338
17.29	17.27	0.035952	26.443
17.29	17.28	0.035969	26.542
17.29	17.28	0.035986	26.637
17.29	17.28	0.036002	26.741
17.26	17.28	0.036019	26.841
17.26	17.28	0.036036	26.936
17.26	17.28	0.036052	27.040
17.26	17.28	0.036069	27.140
17.26	17.28	0.036086	27.234
17.26	17.28	0.036102	27.339
17.26	17.28	0.036119	27.433
17.26	17.28	0.036136	27.533
17.26	17.28	0.036152	27.637
17.29	17.28	0.036169	27.732
17.29	17.29	0.036186	27.832
17.29	17.29	0.036202	27.936
17.29	17.29	0.036219	28.031
17.29	17.29	0.036236	28.130
17.29	17.29	0.036252	28.235
17.29	17.29	0.036269	28.329
17.29	17.29	0.036285	28.429
17.29	17.29	0.036302	28.534
17.29	17.29	0.036319	28.628
17.29	17.29	0.036335	28.728
17.29	17.29	0.036352	28.832
17.29	17.29	0.036369	28.927
17.29	17.29	0.036385	29.026
17.29	17.30	0.036402	29.131
17.29	17.30	0.036419	29.225
17.29	17.30	0.036435	29.325
17.29	17.30	0.036452	29.430
17.31	17.30	0.036469	29.525
17.31	17.30	0.036485	29.625
17.31	17.30	0.036502	29.729
17.31	17.30	0.036519	29.824
17.31	17.30	0.036535	29.923
17.31	17.30	0.036552	30.028
17.31	17.30	0.036569	30.124
17.31	17.30	0.036585	30.224
17.31	17.30	0.036602	30.327
17.31	17.31	0.036619	30.424
17.31	17.31	0.036635	30.524
17.31	17.31	0.036652	30.625
17.31	17.31	0.036669	30.724
17.31	17.31	0.036685	30.823
17.31	17.31	0.036702	30.925
17.31	17.31	0.036719	31.025
17.31	17.31	0.036735	31.125
17.31	17.31	0.036752	31.225
17.31	17.31	0.036769	31.325
17.31	17.31	0.036785	31.424
17.31	17.31	0.036802	31.525
17.31	17.31	0.036819	31.624
17.31	17.32	0.036835	31.725
17.31	17.32	0.036852	31.825
17.31	17.32	0.036869	31.925
17.31	17.32	0.036885	32.025
17.31	17.32	0.036902	32.125
17.31	17.32	0.036919	32.225
17.31	17.32	0.036935	32.324
17.31	17.32	0.036952	32.425
17.31	17.32	0.036969	32.525
17.31	17.32	0.036985	32.625
17.31	17.32	0.037002	32.725
17.31	17.32	0.037019	32.825
17.31	17.32	0.037035	32.925
17.31	17.33	0.037052	33.024
17.31	17.33	0.037069	33.124
17.31	17.33	0.037085	33.225
17.31	17.33	0.037102	33.325
17.34	17.33	0.037118	33.425
17.34	17.33	0.037135	33.525
17.34	17.33	0.037152	33.625
17.34	17.33	0.037168	33.725
17.34	17.33	0.037185	33.824
17.34	17.33	0.037202	33.925
17.34	17.33	0.037218	34.024
17.34	17.33	0.037235	34.125
17.34	17.33	0.037252	34.225
17.34	17.34	0.037268	34.325
17.34	17.34	0.037285	34.425
17.34	17.34	0.037302	34.525
17.34	17.34	0.037318	34.625
17.34	17.34	0.037335	34.724
17.34	17.34	0.037352	34.825
17.34	17.34	0.037368	34.925
17.34	17.34	0.037385	35.025
17.34	17.34	0.037402	35.125
17.34	17.34	0.037418	35.225
17.34	17.34	0.037435	35.325
17.34	17.34	0.037452	35.424
17.34	17.34	0.037468	35.525
17.34	17.34	0.037485	35.624
17.34	17.35	0.037502	35.725
17.34	17.35	0.037518	35.825
17.34	17.35	0.037535	35.924
17.34	17.35	0.037552	36.048
17.34	17.35	0.037568	36.153
17.34	17.35	0.037585	36.247
17.34	17.35	0.037602	36.347
17.36	17.35	0.037618	36.452
17.36	17.35	0.037635	36.547
17.36	17.35	0.037652	36.646
17.36	17.35	0.037668	36.751
17.36	17.35	0.037685	36.846
17.36	17.35	0.037702	36.945
17.36	17.36	0.037718	37.050
17.36	17.36	0.037735	37.144
17.36	17.36	0.037752	37.244
17.36	17.36	0.037768	37.348
17.36	17.36	0.037785	37.443
17.36	17.36	0.037802	37.543
17.36	17.36	0.037818	37.647
17.36	17.36	0.037835	37.742
17.36	17.36	0.037852	37.842
17.36	17.36	0.037868	37.946
17.36	17.36	0.037885	38.040
17.36	17.36	0.037902	38.142
17.36	17.36	0.037918	38.244
17.36	17.37	0.037935	38.339
17.36	17.37	0.037951	38.442
17.36	17.37	0.037968	38.543
17.36	17.37	0.037985	38.638
17.36	17.37	0.038001	38.742
17.36	17.37	0.038018	38.842
17.36	17.37	0.038035	38.937
17.36	17.37	0.038051	39.041
17.36	17.37	0.038068	39.141
17.36	17.37	0.038085	39.236
17.36	17.37	0.038101	39.340
17.39	17.37	0.038118	39.440
17.39	17.37	0.038135	39.534
17.39	17.38	0.038151	39.639
17.39	17.38	0.038168	39.738
17.39	17.38	0.038185	39.833
17.39	17.38	0.038201	39.938
17.39	17.38	0.038218	40.037
17.39	17.38	0.038235	40.132
17.39	17.38	0.038251	40.236
17.39	17.38	0.038268	40.331
17.39	17.38	0.038285	40.430
17.39	17.38	0.038301	40.535
17.39	17.38	0.038318	40.629
17.39	17.38	0.038335	40.729
17.39	17.38	0.038351	40.834
17.36	17.39	0.038368	40.928
17.36	17.39	0.038385	41.028
17.36	17.39	0.038401	41.132
17.36	17.39	0.038418	41.227
17.36	17.39	0.038435	41.327
17.36	17.39	0.038451	41.431
17.39	17.39	0.038468	41.527
17.39	17.39	0.038485	41.625
17.39	17.39	0.038501	41.731
17.39	17.39	0.038518	41.825
17.39	17.39	0.038535	41.925
17.39	17.39	0.038551	42.029
17.39	17.39	0.038568	42.125
17.39	17.40	0.038585	42.225
17.39	17.40	0.038601	42.328
17.39	17.40	0.038618	42.425
17.39	17.40	0.038635	42.525
17.39	17.40	0.038651	42.627
17.42	17.40	0.038668	42.724
17.42	17.40	0.038685	42.825
17.42	17.40	0.038701	42.925
17.42	17.40	0.038718	43.025
17.42	17.40	0.038735	43.125
17.42	17.40	0.038751	43.225
17.42	17.40	0.038768	43.325
17.42	17.40	0.038784	43.425
17.42	17.41	0.038801	43.525
17.42	17.41	0.038818	43.624
17.42	17.41	0.038834	43.725
17.42	17.41	0.038851	43.824
17.42	17.41	0.038868	43.925
17.39	17.41	0.038884	44.025
17.39	17.41	0.038901	44.125
17.39	17.41	0.038918	44.225
17.39	17.41	0.038934	44.324
17.39	17.41	0.038951	44.425
17.39	17.41	0.038968	44.524
17.39	17.41	0.038984	44.625
17.39	17.41	0.039001	44.725
17.39	17.42	0.039018	44.825
17.39	17.42	0.039034	44.925
17.42	17.42	0.039051	45.025
17.42	17.42	0.039068	45.125
17.42	17.42	0.039084	45.224
17.42	17.42	0.039101	45.325
17.42	17.42	0.039118	45.424
17.42	17.42	0.039134	45.525
17.42	17.42	0.039151	45.626
17.42	17.42	0.039168	45.726
17.42	17.42	0.039184	45.826
17.42	17.42	0.039201	45.926
17.42	17.42	0.039218	46.026
17.42	17.43	0.039234	46.125
17.44	17.43	0.039251	46.226
17.44	17.43	0.039268	46.325
17.44	17.43	0.039284	46.426
17.44	17.43	0.039301	46.526
17.44	17.43	0.039318	46.626
17.44	17.43	0.039334	46.726
17.44	17.43	0.039351	46.825
17.44	17.43	0.039368	46.926
17.44	17.43	0.039384	47.025
17.44	17.43	0.039401	47.126
17.44	17.43	0.039418	47.226
17.44	17.43	0.039434	47.326
17.44	17.44	0.039451	47.426
17.44	17.44	0.039468	47.526
17.44	17.44	0.039484	47.626
17.44	17.44	0.039501	47.725
17.44	17.44	0.039518	47.826
17.44	17.44	0.039534	47.925
17.44	17.44	0.039551	48.050
17.44	17.44	0.039568	48.154
17.44	17.44	0.039584	48.249
17.44	17.44	0.039601	48.349
17.44	17.44	0.039617	48.453
17.44	17.44	0.039634	48.548
17.44	17.44	0.039651	48.647
17.44	17.45	0.039667	48.752
17.44	17.45	0.039684	48.846
17.44	17.45	0.039701	48.946
17.44	17.45	0.039717	49.050
17.44	17.45	0.039734	49.145
17.44	17.45	0.039751	49.245
17.44	17.45	0.039767	49.349
17.44	17.45	0.039784	49.444
17.44	17.45	0.039801	49.543
17.44	17.45	0.039817	49.648
17.44	17.45	0.039834	49.742
17.44	17.45	0.039851	49.842
17.44	17.45	0.039867	49.947
17.44	17.46	0.039884	50.041
17.44	17.46	0.039901	50.141
17.44	17.46	0.039917	50.246
17.47	17.46	0.039934	50.341
17.47	17.46	0.039951	50.440
17.47	17.46	0.039967	50.545
17.47	17.46	0.039984	50.640
17.47	17.46	0.040001	50.740
17.47	17.46	0.040017	50.844
17.47	17.46	0.040034	50.938
17.47	17.46	0.040051	51.041
17.47	17.46	0.040067	51.142
17.47	17.46	0.040084	51.237
17.47	17.47	0.040101	51.340
17.47	17.47	0.040117	51.441
17.47	17.47	0.040134	51.536
17.47	17.47	0.040151	51.640
17.47	17.47	0.040167	51.740
17.47	17.47	0.040184	51.834
17.47	17.47	0.040201	51.939
17.47	17.47	0.040217	52.038
17.47	17.47	0.040234	52.133
17.47	17.47	0.040251	52.238
17.47	17.47	0.040267	52.337
17.47	17.47	0.040284	52.432
17.47	17.47	0.040301	52.536
17.47	17.48	0.040317	52.636
17.47	17.48	0.040334	52.730
17.47	17.48	0.040351	52.835
17.47	17.48	0.040367	52.930
17.47	17.48	0.040384	53.029
17.47	17.48	0.040401	53.134
17.47	17.48	0.040417	53.228
17.49	17.48	0.040434	53.328
17.49	17.48	0.040450	53.432
17.49	17.48	0.040467	53.528
17.49	17.48	0.040484	53.627
17.49	17.48	0.040500	53.732
17.49	17.48	0.040517	53.827
17.49	17.49	0.040534	53.927
17.49	17.49	0.040550	54.031
17.49	17.49	0.040567	54.127
17.49	17.49	0.040584	54.227
17.49	17.49	0.040600	54.329
17.49	17.49	0.040617	54.427
17.49	17.49	0.040634	54.527
17.49	17.49	0.040650	54.628
17.49	17.49	0.040667	54.727
17.49	17.49	0.040684	54.827
17.49	17.49	0.040700	54.927
17.49	17.49	0.040717	55.026
17.49	17.49	0.040734	55.127
17.49	17.50	0.040750	55.226
17.49	17.50	0.040767	55.327
17.49	17.50	0.040784	55.427
17.49	17.50	0.040800	55.527
17.49	17.50	0.040817	55.627
17.49	17.50	0.040834	55.727
17.49	17.50	0.040850	55.827
17.49	17.50	0.040867	55.926
17.49	17.50	0.040884	56.027
17.49	17.50	0.040900	56.126
17.52	17.50	0.040917	56.227
17.52	17.50	0.040934	56.327
17.52	17.50	0.040950	56.427
17.52	17.51	0.040967	56.527
17.52	17.51	0.040984	56.627
17.52	17.51	0.041000	56.727
17.52	17.51	0.041017	56.826
17.52	17.51	0.041034	56.927
17.52	17.51	0.041050	57.027
17.52	17.51	0.041067	57.127
17.52	17.51	0.041084	57.227
17.52	17.51	0.041100	57.327
17.52	17.51	0.041117	57.427
17.52	17.51	0.041134	57.526
17.52	17.51	0.041150	57.627
17.52	17.51	0.041167	57.726
17.52	17.52	0.041184	57.827
17.52	17.52	0.041200	57.927
17.52	17.52	0.041217	58.027
17.52	17.52	0.041234	58.127
17.52	17.52	0.041250	58.227
17.52	17.52	0.041267	58.327
17.52	17.52	0.041283	58.426
17.52	17.52	0.041300	58.527
17.52	17.52	0.041317	58.626
17.52	17.52	0.041333	58.727
17.52	17.52	0.041350	58.827
17.52	17.52	0.041367	58.927
17.52	17.52	0.041383	59.027
17.52	17.53	0.041400	59.127
17.52	17.53	0.041417	59.227
17.52	17.53	0.041433	59.326
17.49	17.53	0.041450	59.427
17.49	17.53	0.041467	59.527
17.49	17.53	0.041483	59.627
17.52	17.53	0.041500	59.727
17.52	17.53	0.041517	59.827
17.52	17.53	0.041533	59.927
17.52	17.53	0.041550	00.026
17.52	17.53	0.041567	00.156
17.52	17.53	0.041583	00.255
17.52	17.53	0.041600	00.350
17.52	17.54	0.041617	00.454
17.54	17.54	0.041633	00.549
17.54	17.54	0.041650	00.649
17.54	17.54	0.041667	00.753
17.54	17.54	0.041683	00.848
17.54	17.54	0.041700	00.947
17.54	17.54	0.041717	01.052
17.54	17.54	0.041733	01.146
17.54	17.54	0.041750	01.246
17.54	17.54	0.041767	01.350
17.54	17.54	0.041783	01.445
17.54	17.54	0.041800	01.545
17.57	17.54	0.041817	01.650
17.57	17.55	0.041833	01.745
17.57	17.55	0.041850	01.844
17.57	17.55	0.041867	01.949
17.57	17.55	0.041883	02.043
17.57	17.55	0.041900	02.143
17.57	17.55	0.041917	02.248
17.57	17.55	0.041933	02.342
17.57	17.55	0.041950	02.442
17.57	17.55	0.041967	02.546
17.57	17.55	0.041983	02.641
17.57	17.55	0.042000	02.740
17.54	17.55	0.042017	02.845
17.54	17.55	0.042033	02.940
17.54	17.56	0.042050	03.039
17.54	17.56	0.042067	03.143
17.54	17.56	0.042083	03.238
17.54	17.56	0.042100	03.338
17.54	17.56	0.042116	03.442
17.54	17.56	0.042133	03.536
17.54	17.56	0.042150	03.638
17.54	17.56	0.042166	03.741
17.54	17.56	0.042183	03.835
17.57	17.56	0.042200	03.939
17.57	17.56	0.042216	04.040
17.57	17.56	0.042233	04.135
17.57	17.56	0.042250	04.238
17.57	17.57	0.042266	04.339
17.57	17.57	0.042283	04.434
17.57	17.57	0.042300	04.538
17.57	17.57	0.042316	04.638
17.57	17.57	0.042333	04.732
17.57	17.57	0.042350	04.837
17.57	17.57	0.042366	04.936
17.57	17.57	0.042383	05.030
17.57	17.57	0.042400	05.135
17.57	17.57	0.042416	05.235
17.57	17.57	0.042433	05.329
17.57	17.57	0.042450	05.434
17.57	17.57	0.042466	05.534
17.57	17.58	0.042483	05.629
17.57	17.58	0.042500	05.732
17.57	17.58	0.042516	05.829
17.57	17.58	0.042533	05.928
17.57	17.58	0.042550	06.032
17.59	17.58	0.042566	06.129
17.59	17.58	0.042583	06.229
17.59	17.58	0.042600	06.331
17.59	17.58	0.042616	06.433
17.59	17.58	0.042633	06.529
17.59	17.58	0.042650	06.629
17.59	17.58	0.042666	06.734
17.59	17.58	0.042683	06.829
17.59	17.58	0.042700	06.929
17.59	17.59	0.042716	07.029
17.59	17.59	0.042733	07.129
17.59	17.59	0.042750	07.229
17.59	17.59	0.042766	07.328
17.59	17.59	0.042783	07.429
17.59	17.59	0.042800	07.528
17.59	17.59	0.042816	07.633
17.59	17.59	0.042833	07.729
17.59	17.59	0.042850	07.829
17.59	17.59	0.042866	07.929
17.59	17.59	0.042883	08.029
17.59	17.59	0.042900	08.129
17.59	17.59	0.042916	08.228
17.59	17.60	0.042933	08.329
17.59	17.60	0.042949	08.428
17.59	17.60	0.042966	08.533
17.59	17.60	0.042983	08.630
17.59	17.60	0.042999	08.730
17.59	17.60	0.043016	08.834
17.59	17.60	0.043033	08.930
17.59	17.60	0.043049	09.030
17.59	17.60	0.043066	09.133
17.59	17.60	0.043083	09.230
17.59	17.60	0.043099	09.330
17.59	17.60	0.043116	09.433
17.59	17.60	0.043133	09.530
17.59	17.61	0.043149	09.630
17.59	17.61	0.043166	09.734
17.59	17.61	0.043183	09.829
17.59	17.61	0.043199	09.930
17.59	17.61	0.043216	10.033
17.62	17.61	0.043233	10.130
17.62	17.61	0.043249	10.230
17.62	17.61	0.043266	10.333
17.62	17.61	0.043283	10.430
17.62	17.61	0.043299	10.530
17.62	17.61	0.043316	10.633
17.62	17.61	0.043333	10.729
17.62	17.61	0.043349	10.830
17.62	17.62	0.043366	10.933
17.62	17.62	0.043383	11.030
17.62	17.62	0.043399	11.130
17.62	17.62	0.043416	11.233
17.62	17.62	0.043433	11.330
17.62	17.62	0.043449	11.430
17.62	17.62	0.043466	11.533
17.62	17.62	0.043483	11.629
17.62	17.62	0.043499	11.754
17.62	17.62	0.043516	11.832
17.62	17.62	0.043533	11.958
17.62	17.62	0.043549	12.053
17.62	17.62	0.043566	12.157
17.62	17.63	0.043583	12.257
17.62	17.63	0.043599	12.351
17.62	17.63	0.043616	12.456
17.62	17.63	0.043633	12.555
17.62	17.63	0.043649	12.650
17.62	17.63	0.043666	12.754
17.62	17.63	0.043683	12.854
17.65	17.63	0.043699	12.949
17.65	17.63	0.043716	13.053
17.65	17.63	0.043733	13.153
17.65	17.63	0.043749	13.247
17.65	17.63	0.043766	13.352
17.65	17.63	0.043782	13.446
17.65	17.64	0.043799	13.546
17.65	17.64	0.043816	13.651
17.65	17.64	0.043832	13.745
17.65	17.64	0.043849	13.846
17.65	17.64	0.043866	13.950
17.62	17.64	0.043882	14.044
17.62	17.64	0.043899	14.143
17.62	17.64	0.043916	14.249
17.62	17.64	0.043932	14.343
17.62	17.64	0.043949	14.443
17.62	17.64	0.043966	14.547
17.62	17.64	0.043982	14.642
17.62	17.64	0.043999	14.741
17.62	17.65	0.044016	14.846
17.65	17.65	0.044032	14.940
17.65	17.65	0.044049	15.040
17.65	17.65	0.044066	15.145
17.65	17.65	0.044082	15.239
17.65	17.65	0.044099	15.339
17.65	17.65	0.044116	15.443
17.65	17.65	0.044132	15.538
17.65	17.65	0.044149	15.637
17.65	17.65	0.044166	15.742
17.65	17.65	0.044182	15.837
17.65	17.65	0.044199	15.937
17.65	17.65	0.044216	16.042
17.65	17.66	0.044232	16.136
17.65	17.66	0.044249	16.237
17.65	17.66	0.044266	16.340
17.67	17.66	0.044282	16.435
17.67	17.66	0.044299	16.536
17.67	17.66	0.044316	16.639
17.67	17.66	0.044332	16.734
17.67	17.66	0.044349	16.837
17.67	17.66	0.044366	16.938
17.67	17.66	0.044382	17.032
17.67	17.66	0.044399	17.137
17.67	17.66	0.044416	17.236
17.67	17.66	0.044432	17.331
17.67	17.67	0.044449	17.435
17.67	17.67	0.044466	17.535
17.67	17.67	0.044482	17.631
17.67	17.67	0.044499	17.734
17.67	17.67	0.044516	17.834
17.67	17.67	0.044532	17.931
17.67	17.67	0.044549	18.033
17.67	17.67	0.044566	18.132
17.67	17.67	0.044582	18.231
17.67	17.67	0.044599	18.331
17.67	17.67	0.044615	18.432
17.67	17.67	0.044632	18.531
17.67	17.67	0.044649	18.631
17.67	17.68	0.044665	18.732
17.67	17.68	0.044682	18.830
17.67	17.68	0.044699	18.931
17.67	17.68	0.044715	19.031
17.67	17.68	0.044732	19.131
17.67	17.68	0.044749	19.231
17.67	17.68	0.044765	19.332
17.67	17.68	0.044782	19.431
17.67	17.68	0.044799	19.531
17.67	17.68	0.044815	19.631
17.67	17.68	0.044832	19.731
17.67	17.68	0.044849	19.830
17.67	17.68	0.044865	19.932
17.67	17.69	0.044882	20.031
17.67	17.69	0.044899	20.131
17.70	17.69	0.044915	20.232
17.70	17.69	0.044932	20.331
17.70	17.69	0.044949	20.431
17.70	17.69	0.044965	20.531
17.70	17.69	0.044982	20.631
17.70	17.69	0.044999	20.730
17.70	17.69	0.045015	20.831
17.70	17.69	0.045032	20.931
17.70	17.69	0.045049	21.031
17.70	17.69	0.045065	21.132
17.70	17.69	0.045082	21.230
17.70	17.70	0.045099	21.331
17.70	17.70	0.045115	21.431
17.70	17.70	0.045132	21.531
17.70	17.70	0.045149	21.631
17.70	17.70	0.045165	21.731
17.70	17.70	0.045182	21.831
17.70	17.70	0.045199	21.931
17.70	17.70	0.045215	22.032
17.70	17.70	0.045232	22.130
17.70	17.70	0.045249	22.231
17.70	17.70	0.045265	22.331
17.70	17.70	0.045282	22.431
17.70	17.70	0.045299	22.531
17.70	17.71	0.045315	22.634
17.70	17.71	0.045332	22.734
17.70	17.71	0.045349	22.834
17.70	17.71	0.045365	22.934
17.70	17.71	0.045382	23.033
17.70	17.71	0.045399	23.157
17.70	17.71	0.045415	23.256
17.70	17.71	0.045432	23.362
17.70	17.71	0.045448	23.456
17.70	17.71	0.045465	23.556
17.70	17.71	0.045482	23.660
17.72	17.71	0.045498	23.755
17.72	17.71	0.045515	23.855
17.72	17.72	0.045532	23.959
17.72	17.72	0.045548	24.053
17.72	17.72	0.045565	24.156
17.72	17.72	0.045582	24.258
17.72	17.72	0.045598	24.352
17.72	17.72	0.045615	24.456
17.72	17.72	0.045632	24.556
17.72	17.72	0.045648	24.651
17.72	17.72	0.045665	24.755
17.72	17.72	0.045682	24.855
17.72	17.72	0.045698	24.950
17.72	17.72	0.045715	25.055
17.72	17.72	0.045732	25.155
17.72	17.73	0.045748	25.249
17.72	17.73	0.045765	25.354
17.72	17.73	0.045782	25.453
17.72	17.73	0.045798	25.548
17.72	17.73	0.045815	25.652
17.75	17.73	0.045832	25.752
17.75	17.73	0.045848	25.847
17.75	17.73	0.045865	25.951
17.75	17.73	0.045882	26.051
17.75	17.73	0.045898	26.145
17.75	17.73	0.045915	26.250
17.75	17.73	0.045932	26.345
17.75	17.73	0.045948	26.445
17.75	17.74	0.045965	26.549
17.75	17.74	0.045982	26.643
17.75	17.74	0.045998	26.743
17.75	17.74	0.046015	26.848
17.72	17.74	0.046032	26.942
17.72	17.74	0.046048	27.042
17.72	17.74	0.046065	27.146
17.72	17.74	0.046082	27.241
17.72	17.74	0.046098	27.341
17.72	17.74	0.046115	27.445
17.72	17.74	0.046132	27.540
17.72	17.74	0.046148	27.639
17.72	17.74	0.046165	27.744
17.75	17.75	0.046182	27.838
17.75	17.75	0.046198	27.938
17.75	17.75	0.046215	28.042
17.75	17.75	0.046232	28.137
17.75	17.75	0.046248	28.237
17.75	17.75	0.046265	28.341
17.75	17.75	0.046281	28.436
17.75	17.75	0.046298	28.535
17.75	17.75	0.046315	28.640
17.75	17.75	0.046331	28.734
17.75	17.75	0.046348	28.835
17.75	17.75	0.046365	28.939
17.75	17.75	0.046381	29.034
17.77	17.76	0.046398	29.135
17.77	17.76	0.046415	29.237
17.77	17.76	0.046431	29.334
17.77	17.76	0.046448	29.434
17.77	17.76	0.046465	29.536
17.77	17.76	0.046481	29.633
17.77	17.76	0.046498	29.735
17.77	17.76	0.046515	29.836
17.77	17.76	0.046531	29.934
17.77	17.76	0.046548	30.035
17.77	17.76	0.046565	30.134
17.77	17.76	0.046581	30.234
17.75	17.76	0.046598	30.333
17.75	17.77	0.046615	30.434
17.75	17.77	0.046631	30.534
17.75	17.77	0.046648	30.634
17.75	17.77	0.046665	30.734
17.75	17.77	0.046681	30.834
17.75	17.77	0.046698	30.934
17.77	17.77	0.046715	31.033
17.77	17.77	0.046731	31.134
17.77	17.77	0.046748	31.233
17.77	17.77	0.046765	31.334
17.77	17.77	0.046781	31.434
17.77	17.77	0.046798	31.534
17.77	17.77	0.046815	31.634
17.77	17.78	0.046831	31.734
17.77	17.78	0.046848	31.834
17.77	17.78	0.046865	31.933
17.77	17.78	0.046881	32.034
17.77	17.78	0.046898	32.133
17.77	17.78	0.046915	32.234
17.77	17.78	0.046931	32.334
17.77	17.78	0.046948	32.434
17.80	17.78	0.046965	32.534
17.80	17.78	0.046981	32.634
17.80	17.78	0.046998	32.734
17.80	17.78	0.047015	32.833
17.80	17.78	0.047031	32.934
17.80	17.79	0.047048	33.034
17.80	17.79	0.047065	33.134
17.80	17.79	0.047081	33.234
17.80	17.79	0.047098	33.334
17.80	17.79	0.047114	33.434
17.80	17.79	0.047131	33.533
17.80	17.79	0.047148	33.634
17.80	17.79	0.047164	33.733
17.80	17.79	0.047181	33.834
17.80	17.79	0.047198	33.934
17.80	17.79	0.047214	34.034
17.80	17.79	0.047231	34.134
17.80	17.79	0.047248	34.234
17.80	17.80	0.047264	34.334
17.80	17.80	0.047281	34.433
17.80	17.80	0.047298	34.534
17.77	17.80	0.047314	34.633
17.77	17.80	0.047331	34.734
17.77	17.80	0.047348	34.834
17.77	17.80	0.047364	34.934
17.77	17.80	0.047381	35.034
17.77	17.80	0.047398	35.133
17.80	17.80	0.047414	35.234
17.80	17.80	0.047431	35.333
17.80	17.80	0.047448	35.458
17.80	17.80	0.047464	35.557
17.80	17.80	0.047481	35.662
17.80	17.81	0.047498	35.757
17.80	17.81	0.047514	35.856
17.80	17.81	0.047531	35.961
17.80	17.81	0.047548	36.055
17.83	17.81	0.047564	36.155
17.83	17.81	0.047581	36.259
17.83	17.81	0.047598	36.354
17.83	17.81	0.047614	36.453
17.83	17.81	0.047631	36.558
17.83	17.81	0.047648	36.653
17.83	17.81	0.047664	36.754
17.83	17.81	0.047681	36.857
17.83	17.81	0.047698	36.951
17.83	17.82	0.047714	37.054
17.83	17.82	0.047731	37.155
17.83	17.82	0.047748	37.250
17.83	17.82	0.047764	37.354
17.80	17.82	0.047781	37.454
17.80	17.82	0.047798	37.549
17.80	17.82	0.047814	37.653
17.80	17.82	0.047831	37.753
17.80	17.82	0.047848	37.847
17.80	17.82	0.047864	37.952
17.80	17.82	0.047881	38.051
17.80	17.82	0.047898	38.146
17.80	17.82	0.047914	38.251
17.83	17.83	0.047931	38.350
17.83	17.83	0.047947	38.445
17.83	17.83	0.047964	38.550
17.83	17.83	0.047981	38.650
17.83	17.83	0.047997	38.744
17.83	17.83	0.048014	38.849
17.83	17.83	0.048031	38.944
17.83	17.83	0.048047	39.043
17.83	17.83	0.048064	39.148
17.83	17.83	0.048081	39.242
17.83	17.83	0.048097	39.342
17.83	17.83	0.048114	39.446
17.83	17.83	0.048131	39.541
17.83	17.84	0.048147	39.640
17.83	17.84	0.048164	39.745
17.85	17.84	0.048181	39.840
17.85	17.84	0.048197	39.939
17.85	17.84	0.048214	40.044
17.85	17.84	0.048231	40.139
17.85	17.84	0.048247	40.238
17.85	17.84	0.048264	40.343
17.85	17.84	0.048281	40.438
17.85	17.84	0.048297	40.537
17.85	17.84	0.048314	40.642
17.85	17.84	0.048331	40.736
17.85	17.84	0.048347	40.836
17.85	17.85	0.048364	40.940
17.85	17.85	0.048381	41.035
17.85	17.85	0.048397	41.134
17.85	17.85	0.048414	41.239
17.85	17.85	0.048431	41.334
17.85	17.85	0.048447	41.434
17.85	17.85	0.048464	41.538
17.85	17.85	0.048481	41.634
17.85	17.85	0.048497	41.734
17.85	17.85	0.048514	41.836
17.85	17.85	0.048531	41.934
17.85	17.85	0.048547	42.034
17.85	17.85	0.048564	42.135
17.85	17.86	0.048581	42.234
17.85	17.86	0.048597	42.334
17.85	17.86	0.048614	42.434
17.85	17.86	0.048631	42.533
17.85	17.86	0.048647	42.634
17.85	17.86	0.048664	42.733
17.85	17.86	0.048681	42.834
17.85	17.86	0.048697	42.934
17.85	17.86	0.048714	43.034
17.85	17.86	0.048731	43.134
17.85	17.86	0.048747	43.234
17.85	17.86	0.048764	43.334
17.85	17.86	0.048780	43.434
17.85	17.87	0.048797	43.535
17.88	17.87	0.048814	43.634
17.88	17.87	0.048830	43.735
17.88	17.87	0.048847	43.835
17.88	17.87	0.048864	43.935
17.88	17.87	0.048880	44.035
17.88	17.87	0.048897	44.135
17.88	17.87	0.048914	44.235
17.88	17.87	0.048930	44.334
17.88	17.87	0.048947	44.435
17.88	17.87	0.048964	44.534
17.88	17.87	0.048980	44.635
17.88	17.87	0.048997	44.735
17.88	17.88	0.049014	44.835
17.88	17.88	0.049030	44.935
17.88	17.88	0.049047	45.034
17.88	17.88	0.049064	45.135
17.88	17.88	0.049080	45.234
17.88	17.88	0.049097	45.335
17.88	17.88	0.049114	45.435
17.88	17.88	0.049130	45.535
17.88	17.88	0.049147	45.635
17.88	17.88	0.049164	45.735
17.88	17.88	0.049180	45.835
17.88	17.88	0.049197	45.934
17.88	17.88	0.049214	46.035
17.88	17.89	0.049230	46.134
17.88	17.89	0.049247	46.236
17.88	17.89	0.049264	46.336
17.88	17.89	0.049280	46.436
17.88	17.89	0.049297	46.536
17.88	17.89	0.049314	46.636
17.88	17.89	0.049330	46.736
17.88	17.89	0.049347	46.835
17.88	17.89	0.049364	46.936
17.88	17.89	0.049380	47.036
17.88	17.89	0.049397	47.160
17.90	17.89	0.049414	47.260
17.90	17.89	0.049430	47.364
17.90	17.90	0.049447	47.459
17.90	17.90	0.049464	47.558
17.90	17.90	0.049480	47.663
17.90	17.90	0.049497	47.757
17.90	17.90	0.049514	47.857
17.90	17.90	0.049530	47.962
17.90	17.90	0.049547	48.056
17.90	17.90	0.049564	48.156
17.90	17.90	0.049580	48.260
17.90	17.90	0.049597	48.355
17.90	17.90	0.049613	48.454
17.90	17.90	0.049630	48.559
17.90	17.90	0.049647	48.653
17.90	17.91	0.049663	48.753
17.90	17.91	0.049680	48.858
17.90	17.91	0.049697	48.952
17.90	17.91	0.049713	49.052
17.90	17.91	0.049730	49.156
17.90	17.91	0.049747	49.252
17.90	17.91	0.049763	49.351
17.93	17.91	0.049780	49.456
17.93	17.91	0.049797	49.551
17.93	17.91	0.049813	49.652
17.93	17.91	0.049830	49.755
17.93	17.91	0.049847	49.849
17.93	17.91	0.049863	49.952
17.93	17.92	0.049880	50.053
17.93	17.92	0.049897	50.148
17.93	17.92	0.049913	50.251
17.93	17.92	0.049930	50.352
17.93	17.92	0.049947	50.447
17.93	17.92	0.049963	50.551
17.93	17.92	0.049980	50.651
17.93	17.92	0.049997	50.745
17.93	17.92	0.050013	50.850
17.93	17.92	0.050030	50.949
17.93	17.92	0.050047	51.044
17.90	17.92	0.050063	51.149
17.90	17.92	0.050080	51.248
17.90	17.93	0.050097	51.343
17.90	17.93	0.050113	51.447
17.90	17.93	0.050130	51.547
17.90	17.93	0.050147	51.641
17.90	17.93	0.050163	51.746
17.93	17.93	0.050180	51.841
17.93	17.93	0.050197	51.940
17.93	17.93	0.050213	52.045
17.93	17.93	0.050230	52.139
17.93	17.93	0.050247	52.239
17.93	17.93	0.050263	52.343
17.93	17.93	0.050280	52.439
17.93	17.93	0.050297	52.538
17.93	17.94	0.050313	52.643
17.93	17.94	0.050330	52.738
17.93	17.94	0.050347	52.837
17.93	17.94	0.050363	52.942
17.93	17.94	0.050380	53.036
17.95	17.94	0.050397	53.136
17.95	17.94	0.050413	53.240
17.95	17.94	0.050430	53.336
17.95	17.94	0.050446	53.436
17.95	17.94	0.050463	53.539
17.95	17.94	0.050480	53.636
17.95	17.94	0.050496	53.736
17.95	17.94	0.050513	53.838
17.95	17.95	0.050530	53.935
17.95	17.95	0.050546	54.036
17.95	17.95	0.050563	54.136
17.95	17.95	0.050580	54.236
17.95	17.95	0.050596	54.336
17.95	17.95	0.050613	54.436
17.95	17.95	0.050630	54.536
17.95	17.95	0.050646	54.636
17.95	17.95	0.050663	54.736
17.95	17.95	0.050680	54.835
17.95	17.95	0.050696	54.936
17.95	17.95	0.050713	55.035
17.95	17.95	0.050730	55.136
17.95	17.96	0.050746	55.236
17.95	17.96	0.050763	55.336
17.95	17.96	0.050780	55.436
17.95	17.96	0.050796	55.535
17.95	17.96	0.050813	55.636
17.95	17.96	0.050830	55.735
17.95	17.96	0.050846	55.836
17.95	17.96	0.050863	55.936
17.95	17.96	0.050880	56.036
17.95	17.96	0.050896	56.136
17.95	17.96	0.050913	56.235
17.95	17.96	0.050930	56.336
17.98	17.96	0.050946	56.436
17.98	17.97	0.050963	56.536
17.98	17.97	0.050980	56.636
17.98	17.97	0.050996	56.736
17.98	17.97	0.051013	56.836
17.98	17.97	0.051030	56.936
17.98	17.97	0.051046	57.035
17.98	17.97	0.051063	57.136
17.98	17.97	0.051080	57.235
17.98	17.97	0.051096	57.336
17.98	17.97	0.051113	57.436
17.98	17.97	0.051130	57.536
17.98	17.97	0.051146	57.636
17.98	17.97	0.051163	57.736
17.98	17.98	0.051180	57.836
17.98	17.98	0.051196	57.935
17.98	17.98	0.051213	58.036
17.98	17.98	0.051230	58.135
17.98	17.98	0.051246	58.236
17.98	17.98	0.051263	58.336
17.98	17.98	0.051279	58.436
17.98	17.98	0.051296	58.536
17.98	17.98	0.051313	58.635
17.95	17.98	0.051329	58.736
17.95	17.98	0.051346	58.835
17.95	17.98	0.051363	58.936
17.95	17.98	0.051379	59.036
17.95	17.99	0.051396	59.136
17.98	17.99	0.051413	59.236
17.98	17.99	0.051429	59.365
17.98	17.99	0.051446	59.436
17.98	17.99	0.051463	59.535
17.98	17.99	0.051479	59.664
17.98	17.99	0.051496	59.759
17.98	17.99	0.051513	59.858
17.98	17.99	0.051529	59.963
18.00	17.99	0.051546	00.058
18.00	17.99	0.051563	00.158
18.00	17.99	0.051579	00.262
18.00	17.99	0.051596	00.357
18.00	18.00	0.051613	00.456
18.00	18.00	0.051629	00.561
18.00	18.00	0.051646	00.655
18.00	18.00	0.051663	00.755
18.00	18.00	0.051679	00.860
18.00	18.00	0.051696	00.954
18.00	18.00	0.051713	01.054
18.00	18.00	0.051729	01.158
