100.00	0.00	7.23	30.00	150.00	2.70	97.30	3.00	

25.00	17.00	0.000000	55.415
25.00	17.00	0.000017	55.519
24.85	17.00	0.000033	55.614
24.44	17.00	0.000050	55.713
24.11	17.00	0.000067	55.818
22.12	17.00	0.000083	55.914
21.63	17.00	0.000100	56.014
21.29	17.00	0.000117	56.118
19.49	17.00	0.000133	56.213
19.21	17.00	0.000150	56.313
19.03	17.00	0.000167	56.417
18.75	17.00	0.000183	56.512
18.49	17.00	0.000200	56.611
18.39	17.00	0.000217	56.716
18.21	17.00	0.000233	56.810
18.03	17.00	0.000250	56.910
17.95	17.00	0.000267	57.015
17.77	17.00	0.000283	57.109
17.57	17.00	0.000300	57.209
17.47	17.00	0.000317	57.314
17.26	17.00	0.000333	57.409
17.06	17.00	0.000350	57.508
16.95	17.00	0.000367	57.612
16.75	17.00	0.000383	57.706
16.57	17.00	0.000400	57.807
16.49	17.00	0.000416	57.912
16.34	17.00	0.000433	58.006
16.24	17.00	0.000450	58.106
16.18	17.00	0.000466	58.210
16.16	17.00	0.000483	58.305
16.13	17.00	0.000500	58.404
16.13	17.00	0.000516	58.509
16.13	17.00	0.000533	58.604
16.11	17.00	0.000550	58.704
16.11	17.00	0.000566	58.808
16.03	17.00	0.000583	58.902
15.98	17.00	0.000600	59.005
15.95	17.00	0.000616	59.106
15.90	17.00	0.000633	59.201
15.85	17.00	0.000650	59.304
15.85	17.00	0.000666	59.405
15.85	17.00	0.000683	59.500
15.83	17.00	0.000700	59.604
15.83	17.00	0.000716	59.704
15.83	17.00	0.000733	59.799
15.83	17.00	0.000750	59.903
15.83	17.00	0.000766	00.003
15.83	17.00	0.000783	00.097
15.83	17.00	0.000800	00.202
15.83	17.00	0.000816	00.302
15.83	17.00	0.000833	00.396
15.83	17.00	0.000850	00.501
15.85	17.00	0.000866	00.600
15.90	17.00	0.000883	00.696
15.93	17.00	0.000900	00.799
16.00	17.00	0.000916	00.900
16.03	17.00	0.000933	00.996
16.06	17.00	0.000950	01.098
16.08	17.00	0.000966	01.200
16.11	17.00	0.000983	01.296
16.11	17.00	0.001000	01.397
16.11	17.00	0.001016	01.499
16.13	17.00	0.001033	01.596
16.13	17.00	0.001050	01.695
16.16	17.00	0.001066	01.800
16.18	17.00	0.001083	01.896
16.21	17.00	0.001100	01.996
16.24	17.00	0.001116	02.100
16.29	17.00	0.001133	02.196
16.29	17.00	0.001150	02.296
16.34	17.00	0.001166	02.399
16.36	17.00	0.001183	02.496
16.36	17.00	0.001200	02.596
16.36	17.00	0.001216	02.699
16.42	17.00	0.001233	02.796
16.42	17.00	0.001250	02.896
16.44	17.00	0.001266	03.000
16.49	17.00	0.001283	03.095
16.49	17.00	0.001299	03.196
16.49	17.00	0.001316	03.299
16.52	17.00	0.001333	03.396
16.52	17.00	0.001349	03.496
16.57	17.00	0.001366	03.600
16.57	17.00	0.001383	03.696
16.59	17.00	0.001399	03.796
16.62	17.00	0.001416	03.899
16.65	17.00	0.001433	03.996
16.65	17.00	0.001449	04.095
16.67	17.00	0.001466	04.199
16.67	17.00	0.001483	04.297
16.67	17.00	0.001499	04.397
16.70	17.00	0.001516	04.499
16.70	17.00	0.001533	04.597
16.75	17.00	0.001549	04.696
16.75	17.00	0.001566	04.799
16.75	17.00	0.001583	04.897
16.77	17.00	0.001599	04.997
16.77	17.00	0.001616	05.099
16.80	17.00	0.001633	05.197
16.80	17.00	0.001649	05.297
16.80	17.00	0.001666	05.399
16.83	17.00	0.001683	05.497
16.83	17.00	0.001699	05.596
16.85	17.00	0.001716	05.699
16.85	17.00	0.001733	05.797
16.85	17.00	0.001749	05.897
16.88	17.00	0.001766	05.999
16.88	17.00	0.001783	06.097
16.88	17.00	0.001799	06.197
16.90	17.00	0.001816	06.298
16.90	17.00	0.001833	06.397
16.90	17.00	0.001849	06.497
16.93	17.00	0.001866	06.599
16.93	17.00	0.001883	06.696
16.93	17.00	0.001899	06.820
16.93	17.00	0.001916	06.899
16.95	17.00	0.001933	07.024
16.95	17.00	0.001949	07.119
16.95	17.00	0.001966	07.198
16.95	17.00	0.001983	07.323
16.95	17.00	0.001999	07.417
16.95	17.00	0.002016	07.522
16.98	17.00	0.002033	07.622
16.98	17.00	0.002049	07.716
16.98	17.00	0.002066	07.821
16.98	17.00	0.002082	07.920
16.98	17.00	0.002099	08.015
16.98	17.00	0.002116	08.119
16.98	17.00	0.002132	08.219
16.98	17.00	0.002149	08.314
16.98	17.00	0.002166	08.418
16.98	17.00	0.002182	08.513
16.98	17.00	0.002199	08.612
16.98	17.00	0.002216	08.718
16.98	17.00	0.002232	08.812
16.98	17.00	0.002249	08.911
16.98	17.00	0.002266	09.015
16.98	17.00	0.002282	09.110
16.98	17.00	0.002299	09.211
16.98	17.00	0.002316	09.315
16.98	17.00	0.002332	09.410
16.98	17.00	0.002349	09.509
16.98	17.00	0.002366	09.614
16.98	17.00	0.002382	09.708
16.98	17.00	0.002399	09.808
16.98	17.00	0.002416	09.913
16.98	17.00	0.002432	10.007
17.00	17.00	0.002449	10.107
17.00	17.00	0.002466	10.211
17.00	17.00	0.002482	10.306
17.00	17.00	0.002499	10.405
17.00	17.00	0.002516	10.510
17.00	17.00	0.002532	10.605
17.00	17.00	0.002549	10.704
17.00	17.00	0.002566	10.809
17.00	17.00	0.002582	10.904
17.00	17.00	0.002599	11.003
17.00	17.00	0.002616	11.108
17.00	17.00	0.002632	11.202
17.00	17.00	0.002649	11.302
17.00	17.00	0.002666	11.407
17.00	17.00	0.002682	11.501
16.98	17.00	0.002699	11.602
16.98	17.00	0.002716	11.705
16.98	17.00	0.002732	11.800
16.98	17.00	0.002749	11.902
16.98	17.00	0.002766	12.004
16.98	17.00	0.002782	12.099
16.98	17.00	0.002799	12.202
16.98	17.00	0.002816	12.303
16.98	17.00	0.002832	12.398
16.98	17.00	0.002849	12.502
16.98	17.00	0.002866	12.601
17.00	17.00	0.002882	12.698
17.00	17.00	0.002899	12.800
17.00	17.00	0.002915	12.900
17.00	17.00	0.002932	12.998
17.00	17.00	0.002949	13.099
17.00	17.00	0.002965	13.199
17.00	17.00	0.002982	13.298
17.00	17.00	0.002999	13.398
17.00	17.00	0.003015	13.497
17.00	17.00	0.003032	13.598
17.00	17.00	0.003049	13.697
17.00	17.00	0.003065	13.798
17.00	17.00	0.003082	13.898
17.00	17.00	0.003099	13.998
17.00	17.00	0.003115	14.098
17.00	17.00	0.003132	14.198
17.00	17.00	0.003149	14.298
17.00	17.00	0.003165	14.397
17.00	17.00	0.003182	14.498
17.00	17.00	0.003199	14.598
17.00	17.00	0.003215	14.698
17.00	17.00	0.003232	14.798
17.00	17.00	0.003249	14.898
17.00	17.00	0.003265	14.998
17.00	17.00	0.003282	15.097
16.98	17.00	0.003299	15.198
16.98	17.00	0.003315	15.297
16.98	17.00	0.003332	15.398
16.98	17.00	0.003349	15.498
16.98	17.00	0.003365	15.598
16.98	17.00	0.003382	15.698
16.98	17.00	0.003399	15.798
16.98	17.00	0.003415	15.898
16.98	17.00	0.003432	15.997
16.98	17.00	0.003449	16.098
16.98	17.00	0.003465	16.197
17.00	17.00	0.003482	16.298
17.00	17.00	0.003499	16.398
17.00	17.00	0.003515	16.498
17.00	17.00	0.003532	16.598
17.00	17.00	0.003549	16.698
17.00	17.00	0.003565	16.798
17.00	17.00	0.003582	16.897
17.00	17.00	0.003599	16.998
17.00	17.00	0.003615	17.098
17.00	17.00	0.003632	17.198
17.00	17.00	0.003649	17.298
17.00	17.00	0.003665	17.398
17.00	17.00	0.003682	17.498
17.00	17.00	0.003699	17.597
17.00	17.00	0.003715	17.698
17.00	17.00	0.003732	17.797
17.00	17.00	0.003748	17.898
17.00	17.00	0.003765	17.998
17.00	17.00	0.003782	18.098
17.00	17.00	0.003798	18.198
17.00	17.00	0.003815	18.298
17.00	17.00	0.003832	18.398
16.98	17.00	0.003848	18.497
16.98	17.00	0.003865	18.597
16.98	17.00	0.003882	18.726
16.98	17.00	0.003898	18.821
16.98	17.00	0.003915	18.921
16.98	17.00	0.003932	19.025
16.98	17.00	0.003948	19.120
16.98	17.00	0.003965	19.221
16.98	17.00	0.003982	19.324
17.00	17.00	0.003998	19.419
17.00	17.00	0.004015	19.521
17.00	17.00	0.004032	19.623
17.00	17.00	0.004048	19.718
17.00	17.00	0.004065	19.821
17.00	17.00	0.004082	19.922
17.00	17.00	0.004098	20.017
17.00	17.00	0.004115	20.120
17.00	17.00	0.004132	20.221
17.00	17.00	0.004148	20.315
17.00	17.00	0.004165	20.420
17.00	17.00	0.004182	20.520
17.00	17.00	0.004198	20.614
17.00	17.00	0.004215	20.719
17.00	17.00	0.004232	20.818
17.00	17.00	0.004248	20.913
17.00	17.00	0.004265	21.017
17.00	17.00	0.004282	21.117
17.00	17.00	0.004298	21.212
17.00	17.00	0.004315	21.316
17.00	17.00	0.004332	21.411
17.00	17.00	0.004348	21.510
17.00	17.00	0.004365	21.615
17.00	17.00	0.004382	21.709
17.00	17.00	0.004398	21.809
17.00	17.00	0.004415	21.913
17.00	17.00	0.004432	22.009
17.00	17.00	0.004448	22.108
17.00	17.00	0.004465	22.213
17.00	17.00	0.004482	22.307
17.00	17.00	0.004498	22.407
17.00	17.00	0.004515	22.511
17.00	17.00	0.004532	22.606
17.00	17.00	0.004548	22.706
17.00	17.00	0.004565	22.810
17.00	17.00	0.004581	22.905
17.00	17.00	0.004598	23.004
17.00	17.00	0.004615	23.109
17.00	17.00	0.004631	23.203
17.00	17.00	0.004648	23.303
17.00	17.00	0.004665	23.407
17.00	17.00	0.004681	23.502
17.00	17.00	0.004698	23.602
16.98	17.00	0.004715	23.706
16.98	17.00	0.004731	23.801
16.98	17.00	0.004748	23.900
16.98	17.00	0.004765	24.005
16.98	17.00	0.004781	24.099
16.98	17.00	0.004798	24.200
16.98	17.00	0.004815	24.304
16.98	17.00	0.004831	24.398
17.00	17.00	0.004848	24.500
17.00	17.00	0.004865	24.602
17.00	17.00	0.004881	24.699
17.00	17.00	0.004898	24.799
17.00	17.00	0.004915	24.902
17.00	17.00	0.004931	24.998
17.00	17.00	0.004948	25.100
17.00	17.00	0.004965	25.201
17.00	17.00	0.004981	25.299
17.00	17.00	0.004998	25.400
17.00	17.00	0.005015	25.499
17.00	17.00	0.005031	25.599
17.00	17.00	0.005048	25.698
17.00	17.00	0.005065	25.799
17.00	17.00	0.005081	25.899
17.00	17.00	0.005098	25.999
17.00	17.00	0.005115	26.099
17.00	17.00	0.005131	26.199
17.00	17.00	0.005148	26.299
17.00	17.00	0.005165	26.398
17.00	17.00	0.005181	26.499
17.00	17.00	0.005198	26.598
17.00	17.00	0.005215	26.699
17.00	17.00	0.005231	26.799
17.00	17.00	0.005248	26.899
17.00	17.00	0.005265	26.999
17.00	17.00	0.005281	27.098
17.00	17.00	0.005298	27.199
17.00	17.00	0.005315	27.298
17.00	17.00	0.005331	27.399
17.00	17.00	0.005348	27.499
17.00	17.00	0.005365	27.599
16.98	17.00	0.005381	27.699
16.98	17.00	0.005398	27.799
16.98	17.00	0.005414	27.899
16.98	17.00	0.005431	27.998
16.98	17.00	0.005448	28.099
16.98	17.00	0.005464	28.198
17.00	17.00	0.005481	28.299
17.00	17.00	0.005498	28.399
17.00	17.00	0.005514	28.499
17.00	17.00	0.005531	28.599
17.00	17.00	0.005548	28.699
17.00	17.00	0.005564	28.799
17.00	17.00	0.005581	28.898
17.00	17.00	0.005598	28.999
17.00	17.00	0.005614	29.099
17.00	17.00	0.005631	29.199
17.00	17.00	0.005648	29.299
17.00	17.00	0.005664	29.399
17.00	17.00	0.005681	29.499
17.00	17.00	0.005698	29.598
17.00	17.00	0.005714	29.699
17.00	17.00	0.005731	29.798
17.00	17.00	0.005748	29.899
17.00	17.00	0.005764	29.999
17.00	17.00	0.005781	30.099
17.00	17.00	0.005798	30.199
17.00	17.00	0.005814	30.299
17.00	17.00	0.005831	30.399
17.00	17.00	0.005848	30.498
17.00	17.00	0.005864	30.599
17.00	17.00	0.005881	30.699
17.00	17.00	0.005898	30.822
17.00	17.00	0.005914	30.923
17.00	17.00	0.005931	31.027
17.00	17.00	0.005948	31.122
17.00	17.00	0.005964	31.221
17.00	17.00	0.005981	31.326
17.00	17.00	0.005998	31.420
17.00	17.00	0.006014	31.520
17.00	17.00	0.006031	31.624
17.00	17.00	0.006048	31.719
17.00	17.00	0.006064	31.819
17.00	17.00	0.006081	31.923
17.00	17.00	0.006098	32.018
17.00	17.00	0.006114	32.118
17.00	17.00	0.006131	32.222
17.00	17.00	0.006148	32.316
17.00	17.00	0.006164	32.419
17.00	17.00	0.006181	32.521
17.00	17.00	0.006198	32.615
17.00	17.00	0.006214	32.719
17.00	17.00	0.006231	32.819
17.00	17.00	0.006247	32.914
17.00	17.00	0.006264	33.018
17.00	17.00	0.006281	33.118
17.00	17.00	0.006297	33.213
17.00	17.00	0.006314	33.317
17.00	17.00	0.006331	33.417
17.00	17.00	0.006347	33.511
17.00	17.00	0.006364	33.616
17.00	17.00	0.006381	33.715
17.00	17.00	0.006397	33.810
17.00	17.00	0.006414	33.914
17.00	17.00	0.006431	34.014
17.00	17.00	0.006447	34.109
17.00	17.00	0.006464	34.214
17.00	17.00	0.006481	34.308
17.00	17.00	0.006497	34.408
17.00	17.00	0.006514	34.513
17.00	17.00	0.006531	34.607
17.00	17.00	0.006547	34.707
17.00	17.00	0.006564	34.811
17.00	17.00	0.006581	34.906
17.00	17.00	0.006597	35.006
17.00	17.00	0.006614	35.110
17.00	17.00	0.006631	35.205
17.00	17.00	0.006647	35.304
17.00	17.00	0.006664	35.409
17.00	17.00	0.006681	35.503
17.00	17.00	0.006697	35.603
17.00	17.00	0.006714	35.708
17.00	17.00	0.006731	35.802
17.00	17.00	0.006747	35.902
17.00	17.00	0.006764	36.006
17.00	17.00	0.006781	36.101
17.00	17.00	0.006797	36.200
17.00	17.00	0.006814	36.305
17.00	17.00	0.006831	36.400
17.00	17.00	0.006847	36.500
17.00	17.00	0.006864	36.604
17.00	17.00	0.006881	36.700
17.00	17.00	0.006897	36.800
17.00	17.00	0.006914	36.902
17.00	17.00	0.006931	37.000
17.00	17.00	0.006947	37.099
17.00	17.00	0.006964	37.201
17.00	17.00	0.006981	37.300
17.00	17.00	0.006997	37.400
17.00	17.00	0.007014	37.500
17.00	17.00	0.007031	37.600
17.00	17.00	0.007047	37.700
17.00	17.00	0.007064	37.799
17.00	17.00	0.007080	37.900
17.00	17.00	0.007097	38.000
17.00	17.00	0.007114	38.100
17.00	17.00	0.007130	38.200
17.00	17.00	0.007147	38.300
17.00	17.00	0.007164	38.400
17.00	17.00	0.007180	38.499
17.00	17.00	0.007197	38.600
17.00	17.00	0.007214	38.699
17.00	17.00	0.007230	38.800
17.00	17.00	0.007247	38.900
17.00	17.00	0.007264	39.000
17.00	17.00	0.007280	39.100
17.00	17.00	0.007297	39.200
17.00	17.00	0.007314	39.300
17.00	17.00	0.007330	39.399
17.00	17.00	0.007347	39.500
17.00	17.00	0.007364	39.599
17.00	17.00	0.007380	39.700
17.00	17.00	0.007397	39.800
17.00	17.00	0.007414	39.900
17.00	17.00	0.007430	40.000
17.00	17.00	0.007447	40.100
17.00	17.00	0.007464	40.200
17.00	17.00	0.007480	40.299
17.00	17.00	0.007497	40.400
17.00	17.00	0.007514	40.500
17.00	17.00	0.007530	40.600
17.00	17.00	0.007547	40.700
17.00	17.00	0.007564	40.800
17.00	17.00	0.007580	40.900
17.00	17.00	0.007597	40.999
17.00	17.00	0.007614	41.100
17.00	17.00	0.007630	41.199
17.00	17.00	0.007647	41.300
17.00	17.00	0.007664	41.400
17.00	17.00	0.007680	41.500
17.00	17.00	0.007697	41.600
17.00	17.00	0.007714	41.700
17.00	17.00	0.007730	41.799
17.00	17.00	0.007747	41.900
17.00	17.00	0.007764	41.999
17.00	17.00	0.007780	42.100
17.00	17.00	0.007797	42.200
17.00	17.00	0.007814	42.300
17.00	17.00	0.007830	42.400
17.00	17.00	0.007847	42.500
17.00	17.00	0.007864	42.600
16.98	17.00	0.007880	42.699
16.98	17.00	0.007897	42.799
16.98	17.00	0.007913	42.899
16.98	17.00	0.007930	43.028
17.00	17.00	0.007947	43.123
17.00	17.00	0.007963	43.222
17.00	17.00	0.007980	43.327
17.00	17.00	0.007997	43.421
17.00	17.00	0.008013	43.521
17.00	17.00	0.008030	43.625
17.00	17.00	0.008047	43.720
17.00	17.00	0.008063	43.819
17.00	17.00	0.008080	43.924
17.00	17.00	0.008097	44.019
17.00	17.00	0.008113	44.118
17.00	17.00	0.008130	44.223
17.00	17.00	0.008147	44.317
17.00	17.00	0.008163	44.417
17.00	17.00	0.008180	44.521
17.00	17.00	0.008197	44.616
17.00	17.00	0.008213	44.717
17.00	17.00	0.008230	44.820
17.00	17.00	0.008247	44.915
17.00	17.00	0.008263	45.016
17.00	17.00	0.008280	45.120
17.00	17.00	0.008297	45.213
17.00	17.00	0.008313	45.316
17.00	17.00	0.008330	45.418
17.00	17.00	0.008347	45.513
17.00	17.00	0.008363	45.617
17.00	17.00	0.008380	45.717
17.00	17.00	0.008397	45.812
17.00	17.00	0.008413	45.916
17.00	17.00	0.008430	46.016
17.00	17.00	0.008447	46.110
17.00	17.00	0.008463	46.215
17.00	17.00	0.008480	46.315
17.00	17.00	0.008497	46.409
17.00	17.00	0.008513	46.514
17.00	17.00	0.008530	46.613
17.00	17.00	0.008547	46.708
17.00	17.00	0.008563	46.812
17.00	17.00	0.008580	46.912
17.00	17.00	0.008597	47.007
17.00	17.00	0.008613	47.111
17.00	17.00	0.008630	47.206
17.00	17.00	0.008647	47.305
17.00	17.00	0.008663	47.410
17.00	17.00	0.008680	47.504
17.00	17.00	0.008697	47.604
17.00	17.00	0.008713	47.708
17.00	17.00	0.008730	47.804
17.00	17.00	0.008746	47.904
17.00	17.00	0.008763	48.007
17.00	17.00	0.008780	48.104
17.00	17.00	0.008796	48.204
17.00	17.00	0.008813	48.306
17.00	17.00	0.008830	48.403
17.00	17.00	0.008846	48.504
17.00	17.00	0.008863	48.606
17.00	17.00	0.008880	48.704
17.00	17.00	0.008896	48.804
17.00	17.00	0.008913	48.904
17.00	17.00	0.008930	49.004
17.00	17.00	0.008946	49.103
17.00	17.00	0.008963	49.204
17.00	17.00	0.008980	49.304
17.00	17.00	0.008996	49.404
17.00	17.00	0.009013	49.504
17.00	17.00	0.009030	49.604
17.00	17.00	0.009046	49.703
17.00	17.00	0.009063	49.804
17.00	17.00	0.009080	49.903
17.00	17.00	0.009096	50.004
17.00	17.00	0.009113	50.104
17.00	17.00	0.009130	50.204
17.00	17.00	0.009146	50.304
17.00	17.00	0.009163	50.404
17.00	17.00	0.009180	50.503
17.00	17.00	0.009196	50.604
17.00	17.00	0.009213	50.704
17.00	17.00	0.009230	50.804
17.00	17.00	0.009246	50.904
17.00	17.00	0.009263	51.004
17.00	17.00	0.009280	51.104
17.00	17.00	0.009296	51.203
17.00	17.00	0.009313	51.304
17.00	17.00	0.009330	51.403
17.00	17.00	0.009346	51.504
17.00	17.00	0.009363	51.604
17.00	17.00	0.009380	51.704
17.00	17.00	0.009396	51.804
17.00	17.00	0.009413	51.904
17.00	17.00	0.009430	52.004
17.00	17.00	0.009446	52.104
17.00	17.00	0.009463	52.204
17.00	17.00	0.009480	52.304
17.00	17.00	0.009496	52.404
17.00	17.00	0.009513	52.504
17.00	17.00	0.009530	52.604
17.00	17.00	0.009546	52.704
17.00	17.00	0.009563	52.804
17.00	17.00	0.009579	52.904
17.00	17.00	0.009596	53.004
17.00	17.00	0.009613	53.104
17.00	17.00	0.009629	53.204
17.00	17.00	0.009646	53.304
17.00	17.00	0.009663	53.404
17.00	17.00	0.009679	53.504
17.00	17.00	0.009696	53.604
17.00	17.00	0.009713	53.704
17.00	17.00	0.009729	53.803
17.00	17.00	0.009746	53.904
17.00	17.00	0.009763	54.004
17.00	17.00	0.009779	54.133
17.00	17.00	0.009796	54.233
17.00	17.00	0.009813	54.327
17.00	17.00	0.009829	54.432
17.00	17.00	0.009846	54.531
17.00	17.00	0.009863	54.626
17.00	17.00	0.009879	54.730
17.00	17.00	0.009896	54.825
17.00	17.00	0.009913	54.925
17.00	17.00	0.009929	55.029
17.00	17.00	0.009946	55.124
17.00	17.00	0.009963	55.223
17.00	17.00	0.009979	55.328
17.00	17.00	0.009996	55.422
17.00	17.00	0.010013	55.522
17.00	17.00	0.010029	55.626
17.00	17.00	0.010046	55.721
17.00	17.00	0.010063	55.821
17.00	17.00	0.010079	55.925
17.00	17.00	0.010096	56.020
17.00	17.00	0.010113	56.119
17.00	17.00	0.010129	56.224
17.00	17.00	0.010146	56.319
17.00	17.00	0.010163	56.418
17.00	17.00	0.010179	56.523
17.00	17.00	0.010196	56.617
17.00	17.00	0.010213	56.717
17.00	17.00	0.010229	56.821
17.00	17.00	0.010246	56.916
17.00	17.00	0.010263	57.017
17.00	17.00	0.010279	57.120
17.00	17.00	0.010296	57.215
17.00	17.00	0.010313	57.315
17.00	17.00	0.010329	57.420
17.00	17.00	0.010346	57.514
17.00	17.00	0.010363	57.614
17.00	17.00	0.010379	57.718
17.00	17.00	0.010396	57.813
17.00	17.00	0.010412	57.914
17.00	17.00	0.010429	58.017
17.00	17.00	0.010446	58.112
17.00	17.00	0.010462	58.214
17.00	17.00	0.010479	58.316
17.00	17.00	0.010496	58.410
17.00	17.00	0.010512	58.514
17.00	17.00	0.010529	58.615
17.00	17.00	0.010546	58.709
17.00	17.00	0.010562	58.814
17.00	17.00	0.010579	58.913
17.00	17.00	0.010596	59.008
17.00	17.00	0.010612	59.112
17.00	17.00	0.010629	59.212
17.00	17.00	0.010646	59.307
17.00	17.00	0.010662	59.411
17.00	17.00	0.010679	59.511
17.00	17.00	0.010696	59.605
17.00	17.00	0.010712	59.710
17.00	17.00	0.010729	59.809
17.00	17.00	0.010746	59.905
17.00	17.00	0.010762	00.008
17.00	17.00	0.010779	00.109
17.00	17.00	0.010796	00.205
17.00	17.00	0.010812	00.307
17.00	17.00	0.010829	00.410
17.00	17.00	0.010846	00.505
17.00	17.00	0.010862	00.606
17.00	17.00	0.010879	00.704
17.00	17.00	0.010896	00.805
17.00	17.00	0.010912	00.905
17.00	17.00	0.010929	01.009
17.00	17.00	0.010946	01.105
17.00	17.00	0.010962	01.205
17.00	17.00	0.010979	01.309
17.00	17.00	0.010996	01.405
17.00	17.00	0.011012	01.505
17.00	17.00	0.011029	01.609
17.00	17.00	0.011046	01.705
17.00	17.00	0.011062	01.805
17.00	17.00	0.011079	01.909
17.00	17.00	0.011096	02.005
17.00	17.00	0.011112	02.105
17.00	17.00	0.011129	02.209
17.00	17.00	0.011146	02.304
17.00	17.00	0.011162	02.405
17.00	17.00	0.011179	02.508
17.00	17.00	0.011196	02.605
17.00	17.00	0.011212	02.705
17.00	17.00	0.011229	02.809
17.00	17.00	0.011245	02.905
17.00	17.00	0.011262	03.005
17.00	17.00	0.011279	03.109
17.00	17.00	0.011295	03.204
17.00	17.00	0.011312	03.305
17.00	17.00	0.011329	03.408
17.00	17.00	0.011345	03.505
17.00	17.00	0.011362	03.605
17.00	17.00	0.011379	03.709
17.00	17.00	0.011395	03.805
17.00	17.00	0.011412	03.905
17.00	17.00	0.011429	04.009
17.00	17.00	0.011445	04.104
17.00	17.00	0.011462	04.205
17.00	17.00	0.011479	04.309
17.00	17.00	0.011495	04.405
17.00	17.00	0.011512	04.505
17.00	17.00	0.011529	04.608
17.00	17.00	0.011545	04.705
17.00	17.00	0.011562	04.804
17.00	17.00	0.011579	04.909
17.00	17.00	0.011595	05.004
17.00	17.00	0.011612	05.105
17.00	17.00	0.011629	05.209
17.00	17.00	0.011645	05.305
17.00	17.00	0.011662	05.405
17.00	17.00	0.011679	05.508
17.00	17.00	0.011695	05.605
17.00	17.00	0.011712	05.704
17.00	17.00	0.011729	05.809
17.00	17.00	0.011745	05.904
17.00	17.00	0.011762	06.005
17.00	17.00	0.011779	06.109
17.00	17.00	0.011795	06.234
17.00	17.00	0.011812	06.329
17.00	17.00	0.011829	06.408
17.00	17.00	0.011845	06.533
17.00	17.00	0.011862	06.627
17.00	17.00	0.011879	06.732
17.00	17.00	0.011895	06.831
17.00	17.00	0.011912	06.926
17.00	17.00	0.011929	07.031
17.00	17.00	0.011945	07.130
17.00	17.00	0.011962	07.224
17.00	17.00	0.011979	07.329
17.00	17.00	0.011995	07.428
17.00	17.00	0.012012	07.523
17.00	17.00	0.012029	07.628
17.00	17.00	0.012045	07.722
17.00	17.00	0.012062	07.822
17.00	17.00	0.012078	07.927
17.00	17.00	0.012095	08.021
17.00	17.00	0.012112	08.120
17.00	17.00	0.012128	08.226
17.00	17.00	0.012145	08.321
17.00	17.00	0.012162	08.420
17.00	17.00	0.012178	08.525
17.00	17.00	0.012195	08.619
17.00	17.00	0.012212	08.719
17.00	17.00	0.012228	08.823
17.00	17.00	0.012245	08.918
17.00	17.00	0.012262	09.018
17.00	17.00	0.012278	09.122
17.00	17.00	0.012295	09.217
17.00	17.00	0.012312	09.316
17.00	17.00	0.012328	09.421
17.00	17.00	0.012345	09.515
17.00	17.00	0.012362	09.615
17.00	17.00	0.012378	09.719
17.00	17.00	0.012395	09.814
17.00	17.00	0.012412	09.914
17.00	17.00	0.012428	10.018
17.00	17.00	0.012445	10.113
17.03	17.00	0.012462	10.212
17.03	17.00	0.012478	10.317
17.03	17.00	0.012495	10.411
17.03	17.00	0.012512	10.512
17.03	17.00	0.012528	10.616
17.03	17.00	0.012545	10.710
17.00	17.00	0.012562	10.812
17.00	17.00	0.012578	10.914
17.00	17.00	0.012595	11.009
17.00	17.00	0.012612	11.111
17.00	17.00	0.012628	11.214
17.00	17.00	0.012645	11.308
17.00	17.00	0.012662	11.412
17.00	17.00	0.012678	11.513
17.00	17.00	0.012695	11.607
17.00	17.00	0.012712	11.712
17.00	17.00	0.012728	11.811
17.00	17.00	0.012745	11.906
17.00	17.00	0.012762	12.010
17.00	17.00	0.012778	12.110
17.00	17.00	0.012795	12.205
17.00	17.00	0.012812	12.309
16.98	17.00	0.012828	12.408
16.98	17.00	0.012845	12.505
16.98	17.00	0.012862	12.607
16.98	17.00	0.012878	12.707
16.98	17.00	0.012895	12.804
16.98	17.00	0.012911	12.906
16.98	17.00	0.012928	13.007
17.00	17.00	0.012945	13.105
17.00	17.00	0.012961	13.205
17.00	17.00	0.012978	13.307
17.00	17.00	0.012995	13.406
17.00	17.00	0.013011	13.505
17.00	17.00	0.013028	13.607
17.00	17.00	0.013045	13.705
17.00	17.00	0.013061	13.806
17.00	17.00	0.013078	13.907
17.00	17.00	0.013095	14.006
17.00	17.00	0.013111	14.106
17.00	17.00	0.013128	14.207
17.00	17.00	0.013145	14.306
17.00	17.00	0.013161	14.405
17.00	17.00	0.013178	14.507
17.00	17.00	0.013195	14.606
17.00	17.00	0.013211	14.706
17.00	17.00	0.013228	14.807
17.00	17.00	0.013245	14.906
17.00	17.00	0.013261	15.006
17.00	17.00	0.013278	15.106
17.00	17.00	0.013295	15.206
17.00	17.00	0.013311	15.305
17.00	17.00	0.013328	15.407
17.00	17.00	0.013345	15.506
17.00	17.00	0.013361	15.606
17.00	17.00	0.013378	15.707
17.00	17.00	0.013395	15.806
17.00	17.00	0.013411	15.906
17.00	17.00	0.013428	16.006
17.00	17.00	0.013445	16.106
17.00	17.00	0.013461	16.205
17.00	17.00	0.013478	16.306
17.03	17.00	0.013495	16.406
17.03	17.00	0.013511	16.506
17.03	17.00	0.013528	16.607
17.03	17.00	0.013545	16.705
17.03	17.00	0.013561	16.806
17.03	17.00	0.013578	16.906
17.00	17.00	0.013595	17.006
17.00	17.00	0.013611	17.106
17.00	17.00	0.013628	17.206
17.00	17.00	0.013645	17.306
17.00	17.00	0.013661	17.406
17.00	17.00	0.013678	17.507
17.00	17.00	0.013695	17.605
17.00	17.00	0.013711	17.706
17.00	17.00	0.013728	17.806
17.00	17.00	0.013744	17.906
17.00	17.00	0.013761	18.006
17.00	17.00	0.013778	18.106
17.00	17.00	0.013794	18.206
17.00	17.00	0.013811	18.329
17.00	17.00	0.013828	18.406
17.00	17.00	0.013844	18.534
17.00	17.00	0.013861	18.628
17.00	17.00	0.013878	18.706
17.00	17.00	0.013894	18.833
17.00	17.00	0.013911	18.928
17.00	17.00	0.013928	19.006
17.00	17.00	0.013944	19.132
17.00	17.00	0.013961	19.226
17.00	17.00	0.013978	19.306
17.00	17.00	0.013994	19.430
17.00	17.00	0.014011	19.525
17.00	17.00	0.014028	19.629
16.98	17.00	0.014044	19.729
16.98	17.00	0.014061	19.824
16.98	17.00	0.014078	19.928
16.98	17.00	0.014094	20.028
16.98	17.00	0.014111	20.122
16.98	17.00	0.014128	20.227
16.98	17.00	0.014144	20.326
17.00	17.00	0.014161	20.421
17.00	17.00	0.014178	20.526
17.00	17.00	0.014194	20.620
17.00	17.00	0.014211	20.720
17.00	17.00	0.014228	20.824
17.00	17.00	0.014244	20.919
17.00	17.00	0.014261	21.018
17.00	17.00	0.014278	21.123
17.00	17.00	0.014294	21.217
17.00	17.00	0.014311	21.317
17.00	17.00	0.014328	21.422
17.00	17.00	0.014344	21.516
17.00	17.00	0.014361	21.616
17.00	17.00	0.014378	21.720
17.00	17.00	0.014394	21.815
17.00	17.00	0.014411	21.914
17.00	17.00	0.014428	22.019
17.00	17.00	0.014444	22.114
17.00	17.00	0.014461	22.213
17.00	17.00	0.014478	22.318
17.00	17.00	0.014494	22.412
17.00	17.00	0.014511	22.513
17.00	17.00	0.014528	22.616
17.00	17.00	0.014544	22.712
17.00	17.00	0.014561	22.812
17.00	17.00	0.014577	22.916
17.00	17.00	0.014594	23.011
17.00	17.00	0.014611	23.110
17.00	17.00	0.014627	23.215
17.00	17.00	0.014644	23.309
17.00	17.00	0.014661	23.409
17.00	17.00	0.014677	23.513
17.00	17.00	0.014694	23.610
17.00	17.00	0.014711	23.710
17.00	17.00	0.014727	23.812
17.00	17.00	0.014744	23.910
17.00	17.00	0.014761	24.009
17.00	17.00	0.014777	24.111
17.03	17.00	0.014794	24.209
17.03	17.00	0.014811	24.310
17.03	17.00	0.014827	24.410
17.03	17.00	0.014844	24.510
17.03	17.00	0.014861	24.611
17.00	17.00	0.014877	24.712
17.00	17.00	0.014894	24.812
17.00	17.00	0.014911	24.911
17.00	17.00	0.014927	25.012
17.00	17.00	0.014944	25.111
17.00	17.00	0.014961	25.212
17.00	17.00	0.014977	25.312
17.00	17.00	0.014994	25.412
17.00	17.00	0.015011	25.512
17.00	17.00	0.015027	25.612
17.00	17.00	0.015044	25.712
17.00	17.00	0.015061	25.811
17.00	17.00	0.015077	25.912
17.00	17.00	0.015094	26.012
17.00	17.00	0.015111	26.112
17.00	17.00	0.015127	26.212
17.00	17.00	0.015144	26.312
17.00	17.00	0.015161	26.412
16.98	17.00	0.015177	26.511
16.98	17.00	0.015194	26.612
16.98	17.00	0.015211	26.711
16.98	17.00	0.015227	26.812
16.98	17.00	0.015244	26.912
16.98	17.00	0.015261	27.012
16.98	17.00	0.015277	27.112
17.00	17.00	0.015294	27.212
17.00	17.00	0.015311	27.312
17.00	17.00	0.015327	27.411
17.00	17.00	0.015344	27.512
17.00	17.00	0.015361	27.611
17.00	17.00	0.015377	27.713
17.00	17.00	0.015394	27.813
17.00	17.00	0.015410	27.913
17.00	17.00	0.015427	28.013
17.00	17.00	0.015444	28.113
17.00	17.00	0.015460	28.213
17.00	17.00	0.015477	28.312
17.00	17.00	0.015494	28.413
17.00	17.00	0.015510	28.513
17.00	17.00	0.015527	28.613
17.00	17.00	0.015544	28.713
17.00	17.00	0.015560	28.837
17.00	17.00	0.015577	28.937
17.00	17.00	0.015594	29.041
17.00	17.00	0.015610	29.136
17.00	17.00	0.015627	29.235
17.00	17.00	0.015644	29.340
17.00	17.00	0.015660	29.434
17.00	17.00	0.015677	29.534
17.00	17.00	0.015694	29.639
17.00	17.00	0.015710	29.733
17.00	17.00	0.015727	29.833
17.00	17.00	0.015744	29.937
17.00	17.00	0.015760	30.032
17.00	17.00	0.015777	30.131
17.00	17.00	0.015794	30.236
17.00	17.00	0.015810	30.331
17.03	17.00	0.015827	30.430
17.03	17.00	0.015844	30.535
17.03	17.00	0.015860	30.629
17.03	17.00	0.015877	30.730
17.03	17.00	0.015894	30.834
17.03	17.00	0.015910	30.929
17.00	17.00	0.015927	31.028
17.00	17.00	0.015944	31.133
17.00	17.00	0.015960	31.228
17.00	17.00	0.015977	31.328
17.00	17.00	0.015994	31.432
17.00	17.00	0.016010	31.526
17.00	17.00	0.016027	31.628
17.00	17.00	0.016044	31.730
17.00	17.00	0.016060	31.825
17.00	17.00	0.016077	31.928
17.00	17.00	0.016094	32.029
17.00	17.00	0.016110	32.124
17.00	17.00	0.016127	32.228
17.00	17.00	0.016144	32.328
17.00	17.00	0.016160	32.422
17.00	17.00	0.016177	32.527
17.00	17.00	0.016194	32.626
17.00	17.00	0.016210	32.721
17.00	17.00	0.016227	32.826
17.00	17.00	0.016244	32.925
16.98	17.00	0.016260	33.020
16.98	17.00	0.016277	33.124
16.98	17.00	0.016293	33.224
16.98	17.00	0.016310	33.318
16.98	17.00	0.016327	33.423
16.98	17.00	0.016343	33.518
17.00	17.00	0.016360	33.617
17.00	17.00	0.016377	33.722
17.00	17.00	0.016393	33.816
17.00	17.00	0.016410	33.916
17.00	17.00	0.016427	34.020
17.00	17.00	0.016443	34.115
17.00	17.00	0.016460	34.214
17.00	17.00	0.016477	34.319
17.00	17.00	0.016493	34.414
17.00	17.00	0.016510	34.514
17.00	17.00	0.016527	34.618
17.00	17.00	0.016543	34.714
17.00	17.00	0.016560	34.814
17.00	17.00	0.016577	34.917
17.00	17.00	0.016593	35.014
17.00	17.00	0.016610	35.114
17.00	17.00	0.016627	35.216
17.00	17.00	0.016643	35.314
17.00	17.00	0.016660	35.414
17.00	17.00	0.016677	35.515
17.00	17.00	0.016693	35.613
17.00	17.00	0.016710	35.714
17.00	17.00	0.016727	35.813
17.00	17.00	0.016743	35.914
17.00	17.00	0.016760	36.014
17.00	17.00	0.016777	36.114
17.00	17.00	0.016793	36.215
17.00	17.00	0.016810	36.315
17.00	17.00	0.016827	36.415
17.00	17.00	0.016843	36.514
17.00	17.00	0.016860	36.615
17.00	17.00	0.016877	36.715
17.00	17.00	0.016893	36.815
17.00	17.00	0.016910	36.915
17.00	17.00	0.016927	37.015
17.00	17.00	0.016943	37.115
17.00	17.00	0.016960	37.214
17.00	17.00	0.016977	37.315
17.00	17.00	0.016993	37.414
17.00	17.00	0.017010	37.515
17.00	17.00	0.017027	37.615
17.00	17.00	0.017043	37.715
17.00	17.00	0.017060	37.815
17.03	17.00	0.017077	37.914
17.03	17.00	0.017093	38.015
17.03	17.00	0.017110	38.114
17.03	17.00	0.017126	38.215
17.03	17.00	0.017143	38.315
17.00	17.00	0.017160	38.415
17.00	17.00	0.017176	38.515
17.00	17.00	0.017193	38.615
17.00	17.00	0.017210	38.715
17.00	17.00	0.017226	38.814
17.00	17.00	0.017243	38.915
17.00	17.00	0.017260	39.014
17.00	17.00	0.017276	39.115
17.00	17.00	0.017293	39.215
17.00	17.00	0.017310	39.315
17.00	17.00	0.017326	39.415
17.00	17.00	0.017343	39.514
17.00	17.00	0.017360	39.615
17.00	17.00	0.017376	39.714
17.00	17.00	0.017393	39.815
17.00	17.00	0.017410	39.915
17.00	17.00	0.017426	40.015
17.00	17.00	0.017443	40.115
17.00	17.00	0.017460	40.215
17.00	17.00	0.017476	40.315
16.98	17.00	0.017493	40.414
16.98	17.00	0.017510	40.515
16.98	17.00	0.017526	40.614
16.98	17.00	0.017543	40.744
16.98	17.00	0.017560	40.843
16.98	17.00	0.017576	40.938
16.98	17.00	0.017593	41.043
17.00	17.00	0.017610	41.142
17.00	17.00	0.017626	41.237
17.00	17.00	0.017643	41.341
17.00	17.00	0.017660	41.436
17.00	17.00	0.017676	41.535
17.00	17.00	0.017693	41.640
17.00	17.00	0.017710	41.735
17.00	17.00	0.017726	41.834
17.00	17.00	0.017743	41.939
17.00	17.00	0.017760	42.033
17.00	17.00	0.017776	42.133
17.00	17.00	0.017793	42.237
17.00	17.00	0.017810	42.332
17.00	17.00	0.017826	42.432
17.00	17.00	0.017843	42.536
17.00	17.00	0.017860	42.631
17.00	17.00	0.017876	42.730
17.00	17.00	0.017893	42.835
17.00	17.00	0.017910	42.929
17.00	17.00	0.017926	43.029
17.00	17.00	0.017943	43.134
17.00	17.00	0.017959	43.228
17.03	17.00	0.017976	43.328
17.03	17.00	0.017993	43.432
17.03	17.00	0.018009	43.528
17.03	17.00	0.018026	43.627
17.03	17.00	0.018043	43.732
17.03	17.00	0.018059	43.826
17.00	17.00	0.018076	43.926
17.00	17.00	0.018093	44.031
17.00	17.00	0.018109	44.125
17.00	17.00	0.018126	44.226
17.00	17.00	0.018143	44.329
17.00	17.00	0.018159	44.424
17.00	17.00	0.018176	44.526
17.00	17.00	0.018193	44.628
17.00	17.00	0.018209	44.723
17.00	17.00	0.018226	44.826
17.00	17.00	0.018243	44.927
17.00	17.00	0.018259	45.021
17.00	17.00	0.018276	45.126
17.00	17.00	0.018293	45.225
17.00	17.00	0.018309	45.320
17.00	17.00	0.018326	45.424
17.00	17.00	0.018343	45.524
17.00	17.00	0.018359	45.619
17.00	17.00	0.018376	45.723
17.00	17.00	0.018393	45.823
16.98	17.00	0.018409	45.917
16.98	17.00	0.018426	46.022
16.98	17.00	0.018443	46.121
16.98	17.00	0.018459	46.216
16.98	17.00	0.018476	46.321
16.98	17.00	0.018493	46.415
17.00	17.00	0.018509	46.515
17.00	17.00	0.018526	46.619
17.00	17.00	0.018543	46.715
17.00	17.00	0.018559	46.814
17.00	17.00	0.018576	46.918
17.00	17.00	0.018593	47.015
17.00	17.00	0.018609	47.115
17.00	17.00	0.018626	47.217
17.00	17.00	0.018643	47.315
17.00	17.00	0.018659	47.415
17.00	17.00	0.018676	47.515
17.00	17.00	0.018693	47.615
17.00	17.00	0.018709	47.714
17.00	17.00	0.018726	47.815
17.00	17.00	0.018743	47.915
17.00	17.00	0.018759	48.015
17.00	17.00	0.018776	48.115
17.00	17.00	0.018792	48.215
17.00	17.00	0.018809	48.315
17.00	17.00	0.018826	48.414
17.00	17.00	0.018842	48.515
17.00	17.00	0.018859	48.615
17.00	17.00	0.018876	48.715
17.00	17.00	0.018892	48.815
17.00	17.00	0.018909	48.915
17.00	17.00	0.018926	49.015
17.00	17.00	0.018942	49.114
17.00	17.00	0.018959	49.215
17.00	17.00	0.018976	49.314
17.00	17.00	0.018992	49.415
17.00	17.00	0.019009	49.515
17.00	17.00	0.019026	49.615
17.00	17.00	0.019042	49.715
17.00	17.00	0.019059	49.815
17.00	17.00	0.019076	49.915
17.00	17.00	0.019092	50.014
17.00	17.00	0.019109	50.115
17.00	17.00	0.019126	50.214
17.00	17.00	0.019142	50.315
17.00	17.00	0.019159	50.415
17.00	17.00	0.019176	50.515
17.00	17.00	0.019192	50.615
17.00	17.00	0.019209	50.714
17.00	17.00	0.019226	50.815
17.00	17.00	0.019242	50.914
17.00	17.00	0.019259	51.015
17.00	17.00	0.019276	51.115
17.00	17.00	0.019292	51.215
17.00	17.00	0.019309	51.315
17.00	17.00	0.019326	51.415
17.00	17.00	0.019342	51.515
17.03	17.00	0.019359	51.614
17.03	17.00	0.019376	51.715
17.03	17.00	0.019392	51.814
17.03	17.00	0.019409	51.915
17.03	17.00	0.019426	52.015
17.00	17.00	0.019442	52.115
17.00	17.00	0.019459	52.215
17.00	17.00	0.019476	52.315
17.00	17.00	0.019492	52.415
17.00	17.00	0.019509	52.514
17.00	17.00	0.019526	52.615
17.00	17.00	0.019542	52.715
17.00	17.00	0.019559	52.815
17.00	17.00	0.019576	52.915
17.00	17.00	0.019592	53.044
17.00	17.00	0.019609	53.144
17.00	17.00	0.019625	53.238
17.00	17.00	0.019642	53.343
17.00	17.00	0.019659	53.442
17.00	17.00	0.019675	53.537
17.00	17.00	0.019692	53.641
16.98	17.00	0.019709	53.741
16.98	17.00	0.019725	53.836
16.98	17.00	0.019742	53.940
16.98	17.00	0.019759	54.035
16.98	17.00	0.019775	54.134
16.98	17.00	0.019792	54.239
17.00	17.00	0.019809	54.333
17.00	17.00	0.019825	54.433
17.00	17.00	0.019842	54.537
17.00	17.00	0.019859	54.632
17.00	17.00	0.019875	54.732
17.00	17.00	0.019892	54.836
17.00	17.00	0.019909	54.931
17.00	17.00	0.019925	55.030
17.00	17.00	0.019942	55.135
17.00	17.00	0.019959	55.229
17.00	17.00	0.019975	55.329
17.00	17.00	0.019992	55.434
17.00	17.00	0.020009	55.528
17.00	17.00	0.020025	55.628
17.00	17.00	0.020042	55.732
17.00	17.00	0.020059	55.827
17.00	17.00	0.020075	55.926
17.00	17.00	0.020092	56.031
17.00	17.00	0.020109	56.125
17.00	17.00	0.020125	56.225
17.00	17.00	0.020142	56.331
17.00	17.00	0.020159	56.424
17.00	17.00	0.020175	56.525
17.00	17.00	0.020192	56.629
17.00	17.00	0.020209	56.724
17.00	17.00	0.020225	56.823
17.00	17.00	0.020242	56.928
17.00	17.00	0.020259	57.023
17.00	17.00	0.020275	57.124
17.00	17.00	0.020292	57.227
17.00	17.00	0.020309	57.321
17.00	17.00	0.020325	57.424
17.03	17.00	0.020342	57.525
17.03	17.00	0.020359	57.620
17.03	17.00	0.020375	57.723
17.03	17.00	0.020392	57.824
17.03	17.00	0.020409	57.919
17.00	17.00	0.020425	58.023
17.00	17.00	0.020442	58.123
17.00	17.00	0.020458	58.218
17.00	17.00	0.020475	58.322
17.00	17.00	0.020492	58.422
17.00	17.00	0.020508	58.517
17.00	17.00	0.020525	58.621
17.00	17.00	0.020542	58.721
17.00	17.00	0.020558	58.815
17.00	17.00	0.020575	58.920
17.00	17.00	0.020592	59.019
17.00	17.00	0.020608	59.115
17.00	17.00	0.020625	59.218
17.00	17.00	0.020642	59.319
17.00	17.00	0.020658	59.415
17.00	17.00	0.020675	59.517
17.00	17.00	0.020692	59.619
17.00	17.00	0.020708	59.715
17.00	17.00	0.020725	59.816
17.00	17.00	0.020742	59.919
17.00	17.00	0.020758	00.015
17.00	17.00	0.020775	00.114
17.00	17.00	0.020792	00.219
17.00	17.00	0.020808	00.315
17.00	17.00	0.020825	00.415
17.00	17.00	0.020842	00.519
17.00	17.00	0.020858	00.615
17.00	17.00	0.020875	00.715
17.00	17.00	0.020892	00.818
17.00	17.00	0.020908	00.915
17.00	17.00	0.020925	01.015
17.00	17.00	0.020942	01.119
17.00	17.00	0.020958	01.215
17.00	17.00	0.020975	01.315
17.00	17.00	0.020992	01.419
17.00	17.00	0.021008	01.514
17.00	17.00	0.021025	01.615
16.98	17.00	0.021042	01.718
16.98	17.00	0.021058	01.815
16.98	17.00	0.021075	01.915
16.98	17.00	0.021092	02.018
16.98	17.00	0.021108	02.115
16.98	17.00	0.021125	02.214
17.00	17.00	0.021142	02.319
17.00	17.00	0.021158	02.415
17.00	17.00	0.021175	02.515
17.00	17.00	0.021192	02.619
17.00	17.00	0.021208	02.715
17.00	17.00	0.021225	02.815
17.00	17.00	0.021242	02.918
17.00	17.00	0.021258	03.015
17.00	17.00	0.021275	03.114
17.00	17.00	0.021291	03.218
17.00	17.00	0.021308	03.315
17.00	17.00	0.021325	03.415
17.00	17.00	0.021341	03.519
17.00	17.00	0.021358	03.615
17.00	17.00	0.021375	03.715
17.00	17.00	0.021391	03.818
17.00	17.00	0.021408	03.915
17.00	17.00	0.021425	04.015
17.00	17.00	0.021441	04.118
17.00	17.00	0.021458	04.215
17.00	17.00	0.021475	04.315
17.00	17.00	0.021491	04.419
17.00	17.00	0.021508	04.514
17.00	17.00	0.021525	04.615
17.00	17.00	0.021541	04.718
17.00	17.00	0.021558	04.815
17.00	17.00	0.021575	04.915
17.00	17.00	0.021591	05.018
17.00	17.00	0.021608	05.115
17.00	17.00	0.021625	05.239
17.00	17.00	0.021641	05.318
17.00	17.00	0.021658	05.443
17.00	17.00	0.021675	05.538
17.00	17.00	0.021691	05.617
17.00	17.00	0.021708	05.742
17.00	17.00	0.021725	05.837
17.00	17.00	0.021741	05.941
17.00	17.00	0.021758	06.041
17.00	17.00	0.021775	06.135
17.00	17.00	0.021791	06.240
17.03	17.00	0.021808	06.339
17.03	17.00	0.021825	06.434
17.03	17.00	0.021841	06.539
17.03	17.00	0.021858	06.639
17.03	17.00	0.021875	06.733
17.00	17.00	0.021891	06.837
17.00	17.00	0.021908	06.932
17.00	17.00	0.021925	07.031
17.00	17.00	0.021941	07.137
17.00	17.00	0.021958	07.231
17.00	17.00	0.021975	07.330
17.00	17.00	0.021991	07.435
17.00	17.00	0.022008	07.529
17.00	17.00	0.022025	07.630
17.00	17.00	0.022041	07.734
17.00	17.00	0.022058	07.829
17.00	17.00	0.022075	07.928
17.00	17.00	0.022091	08.033
17.00	17.00	0.022108	08.128
17.00	17.00	0.022124	08.227
17.00	17.00	0.022141	08.332
17.00	17.00	0.022158	08.426
17.00	17.00	0.022174	08.526
17.00	17.00	0.022191	08.630
17.00	17.00	0.022208	08.725
17.00	17.00	0.022224	08.824
17.00	17.00	0.022241	08.929
17.00	17.00	0.022258	09.024
17.00	17.00	0.022274	09.123
17.00	17.00	0.022291	09.228
16.98	17.00	0.022308	09.322
16.98	17.00	0.022324	09.422
16.98	17.00	0.022341	09.526
16.98	17.00	0.022358	09.621
16.98	17.00	0.022374	09.721
16.98	17.00	0.022391	09.825
17.00	17.00	0.022408	09.920
17.00	17.00	0.022424	10.021
17.00	17.00	0.022441	10.124
17.00	17.00	0.022458	10.218
17.00	17.00	0.022474	10.322
17.00	17.00	0.022491	10.422
17.00	17.00	0.022508	10.517
17.00	17.00	0.022524	10.622
17.00	17.00	0.022541	10.722
17.00	17.00	0.022558	10.816
17.00	17.00	0.022574	10.920
17.00	17.00	0.022591	11.021
17.00	17.00	0.022608	11.114
17.00	17.00	0.022624	11.220
17.00	17.00	0.022641	11.320
17.00	17.00	0.022658	11.415
17.00	17.00	0.022674	11.519
17.00	17.00	0.022691	11.618
17.00	17.00	0.022708	11.715
17.00	17.00	0.022724	11.817
17.03	17.00	0.022741	11.917
17.03	17.00	0.022758	12.014
17.03	17.00	0.022774	12.116
17.03	17.00	0.022791	12.217
17.03	17.00	0.022808	12.315
17.03	17.00	0.022824	12.415
17.00	17.00	0.022841	12.517
17.00	17.00	0.022858	12.615
17.00	17.00	0.022874	12.714
17.00	17.00	0.022891	12.817
17.00	17.00	0.022908	12.915
17.00	17.00	0.022924	13.015
17.00	17.00	0.022941	13.117
17.00	17.00	0.022957	13.215
17.00	17.00	0.022974	13.315
17.00	17.00	0.022991	13.416
17.00	17.00	0.023007	13.515
17.00	17.00	0.023024	13.614
17.00	17.00	0.023041	13.717
17.00	17.00	0.023057	13.815
17.00	17.00	0.023074	13.915
17.00	17.00	0.023091	14.017
17.00	17.00	0.023107	14.115
17.00	17.00	0.023124	14.215
16.98	17.00	0.023141	14.316
16.98	17.00	0.023157	14.415
16.98	17.00	0.023174	14.514
16.98	17.00	0.023191	14.616
16.98	17.00	0.023207	14.715
16.98	17.00	0.023224	14.815
16.98	17.00	0.023241	14.917
17.00	17.00	0.023257	15.014
17.00	17.00	0.023274	15.115
17.00	17.00	0.023291	15.216
17.00	17.00	0.023307	15.314
17.00	17.00	0.023324	15.415
17.00	17.00	0.023341	15.517
17.00	17.00	0.023357	15.615
17.00	17.00	0.023374	15.715
17.00	17.00	0.023391	15.816
17.00	17.00	0.023407	15.915
17.00	17.00	0.023424	16.014
17.00	17.00	0.023441	16.116
17.00	17.00	0.023457	16.214
17.00	17.00	0.023474	16.315
17.00	17.00	0.023491	16.417
17.00	17.00	0.023507	16.515
17.00	17.00	0.023524	16.615
17.00	17.00	0.023541	16.716
17.00	17.00	0.023557	16.815
17.00	17.00	0.023574	16.914
17.00	17.00	0.023591	17.016
17.00	17.00	0.023607	17.114
17.00	17.00	0.023624	17.215
17.00	17.00	0.023641	17.316
17.00	17.00	0.023657	17.415
17.00	17.00	0.023674	17.515
17.00	17.00	0.023691	17.616
17.00	17.00	0.023707	17.743
17.00	17.00	0.023724	17.837
17.00	17.00	0.023741	17.916
17.00	17.00	0.023757	18.043
17.00	17.00	0.023774	18.136
17.00	17.00	0.023790	18.216
17.00	17.00	0.023807	18.341
17.00	17.00	0.023824	18.436
17.00	17.00	0.023840	18.540
17.00	17.00	0.023857	18.640
17.00	17.00	0.023874	18.734
17.00	17.00	0.023890	18.839
17.00	17.00	0.023907	18.939
17.00	17.00	0.023924	19.033
17.00	17.00	0.023940	19.138
17.00	17.00	0.023957	19.237
17.00	17.00	0.023974	19.332
17.00	17.00	0.023990	19.436
17.00	17.00	0.024007	19.536
17.03	17.00	0.024024	19.631
17.03	17.00	0.024040	19.735
17.03	17.00	0.024057	19.830
17.03	17.00	0.024074	19.929
17.03	17.00	0.024090	20.034
17.03	17.00	0.024107	20.128
17.00	17.00	0.024124	20.228
17.00	17.00	0.024140	20.332
17.00	17.00	0.024157	20.427
17.00	17.00	0.024174	20.527
17.00	17.00	0.024190	20.631
17.00	17.00	0.024207	20.726
17.00	17.00	0.024224	20.825
17.00	17.00	0.024240	20.930
17.00	17.00	0.024257	21.024
17.00	17.00	0.024274	21.124
17.00	17.00	0.024290	21.229
17.00	17.00	0.024307	21.323
17.00	17.00	0.024324	21.424
17.00	17.00	0.024340	21.528
17.00	17.00	0.024357	21.623
17.00	17.00	0.024374	21.722
17.00	17.00	0.024390	21.827
17.00	17.00	0.024407	21.922
16.98	17.00	0.024424	22.021
16.98	17.00	0.024440	22.125
16.98	17.00	0.024457	22.220
16.98	17.00	0.024474	22.319
16.98	17.00	0.024490	22.424
16.98	17.00	0.024507	22.518
17.00	17.00	0.024524	22.619
17.00	17.00	0.024540	22.723
17.00	17.00	0.024557	22.817
17.00	17.00	0.024574	22.920
17.00	17.00	0.024590	23.021
17.00	17.00	0.024607	23.116
17.00	17.00	0.024623	23.219
17.00	17.00	0.024640	23.321
17.00	17.00	0.024657	23.416
17.00	17.00	0.024673	23.519
17.00	17.00	0.024690	23.619
17.00	17.00	0.024707	23.716
17.00	17.00	0.024723	23.818
17.00	17.00	0.024740	23.918
17.00	17.00	0.024757	24.016
17.00	17.00	0.024773	24.117
17.00	17.00	0.024790	24.217
17.00	17.00	0.024807	24.316
17.00	17.00	0.024823	24.416
17.00	17.00	0.024840	24.516
17.00	17.00	0.024857	24.616
17.00	17.00	0.024873	24.716
17.00	17.00	0.024890	24.815
17.00	17.00	0.024907	24.916
17.00	17.00	0.024923	25.015
17.00	17.00	0.024940	25.116
17.00	17.00	0.024957	25.216
17.00	17.00	0.024973	25.316
17.00	17.00	0.024990	25.416
17.00	17.00	0.025007	25.516
17.00	17.00	0.025023	25.616
17.00	17.00	0.025040	25.715
17.00	17.00	0.025057	25.816
17.00	17.00	0.025073	25.916
17.00	17.00	0.025090	26.016
17.00	17.00	0.025107	26.116
17.03	17.00	0.025123	26.216
17.03	17.00	0.025140	26.316
17.03	17.00	0.025157	26.415
17.03	17.00	0.025173	26.516
17.00	17.00	0.025190	26.615
17.00	17.00	0.025207	26.716
17.00	17.00	0.025223	26.816
17.00	17.00	0.025240	26.916
17.00	17.00	0.025257	27.016
17.00	17.00	0.025273	27.116
17.00	17.00	0.025290	27.216
17.00	17.00	0.025307	27.315
17.00	17.00	0.025323	27.417
17.00	17.00	0.025340	27.517
17.00	17.00	0.025357	27.617
17.00	17.00	0.025373	27.717
17.00	17.00	0.025390	27.817
17.00	17.00	0.025407	27.917
17.00	17.00	0.025423	28.016
17.00	17.00	0.025440	28.117
17.00	17.00	0.025456	28.216
17.00	17.00	0.025473	28.317
17.00	17.00	0.025490	28.417
17.00	17.00	0.025506	28.517
17.00	17.00	0.025523	28.617
17.00	17.00	0.025540	28.716
17.00	17.00	0.025556	28.817
17.00	17.00	0.025573	28.916
17.00	17.00	0.025590	29.017
17.00	17.00	0.025606	29.117
16.98	17.00	0.025623	29.217
16.98	17.00	0.025640	29.317
16.98	17.00	0.025656	29.446
16.98	17.00	0.025673	29.541
17.00	17.00	0.025690	29.640
17.00	17.00	0.025706	29.745
17.00	17.00	0.025723	29.839
17.00	17.00	0.025740	29.939
17.00	17.00	0.025756	30.043
17.00	17.00	0.025773	30.138
17.00	17.00	0.025790	30.239
17.00	17.00	0.025806	30.342
17.00	17.00	0.025823	30.437
17.00	17.00	0.025840	30.538
17.00	17.00	0.025856	30.641
17.00	17.00	0.025873	30.735
17.00	17.00	0.025890	30.838
17.00	17.00	0.025906	30.940
17.00	17.00	0.025923	31.034
17.00	17.00	0.025940	31.138
17.00	17.00	0.025956	31.238
17.00	17.00	0.025973	31.333
17.00	17.00	0.025990	31.437
17.00	17.00	0.026006	31.537
17.00	17.00	0.026023	31.631
17.00	17.00	0.026040	31.736
17.00	17.00	0.026056	31.836
17.00	17.00	0.026073	31.930
17.00	17.00	0.026090	32.035
17.00	17.00	0.026106	32.134
17.00	17.00	0.026123	32.229
17.00	17.00	0.026140	32.333
17.00	17.00	0.026156	32.433
17.00	17.00	0.026173	32.528
17.00	17.00	0.026190	32.632
17.00	17.00	0.026206	32.727
17.00	17.00	0.026223	32.827
17.00	17.00	0.026240	32.931
17.00	17.00	0.026256	33.025
17.00	17.00	0.026273	33.126
17.00	17.00	0.026289	33.231
17.00	17.00	0.026306	33.325
17.03	17.00	0.026323	33.425
17.03	17.00	0.026339	33.529
17.03	17.00	0.026356	33.624
17.03	17.00	0.026373	33.723
17.03	17.00	0.026389	33.828
17.00	17.00	0.026406	33.922
17.00	17.00	0.026423	34.022
17.00	17.00	0.026439	34.127
17.00	17.00	0.026456	34.221
17.00	17.00	0.026473	34.321
17.00	17.00	0.026489	34.425
17.00	17.00	0.026506	34.520
17.00	17.00	0.026523	34.619
17.00	17.00	0.026539	34.724
17.00	17.00	0.026556	34.819
17.00	17.00	0.026573	34.919
17.00	17.00	0.026589	35.023
17.00	17.00	0.026606	35.118
17.00	17.00	0.026623	35.217
17.00	17.00	0.026639	35.322
17.00	17.00	0.026656	35.416
17.00	17.00	0.026673	35.517
17.00	17.00	0.026689	35.621
17.00	17.00	0.026706	35.717
17.00	17.00	0.026723	35.817
17.00	17.00	0.026739	35.919
17.00	17.00	0.026756	36.017
17.00	17.00	0.026773	36.117
17.00	17.00	0.026789	36.218
17.00	17.00	0.026806	36.316
17.00	17.00	0.026823	36.417
17.00	17.00	0.026839	36.517
17.00	17.00	0.026856	36.617
17.00	17.00	0.026873	36.717
17.00	17.00	0.026889	36.817
17.00	17.00	0.026906	36.917
17.00	17.00	0.026923	37.016
17.00	17.00	0.026939	37.117
16.98	17.00	0.026956	37.217
16.98	17.00	0.026973	37.317
16.98	17.00	0.026989	37.417
16.98	17.00	0.027006	37.517
16.98	17.00	0.027023	37.617
17.00	17.00	0.027039	37.716
17.00	17.00	0.027056	37.817
17.00	17.00	0.027073	37.916
17.00	17.00	0.027089	38.017
17.00	17.00	0.027106	38.117
17.00	17.00	0.027122	38.217
17.00	17.00	0.027139	38.317
17.00	17.00	0.027156	38.416
17.00	17.00	0.027172	38.517
17.00	17.00	0.027189	38.616
17.00	17.00	0.027206	38.717
17.00	17.00	0.027222	38.817
17.00	17.00	0.027239	38.917
17.00	17.00	0.027256	39.017
17.00	17.00	0.027272	39.117
17.00	17.00	0.027289	39.217
17.00	17.00	0.027306	39.316
17.00	17.00	0.027322	39.417
17.00	17.00	0.027339	39.516
17.00	17.00	0.027356	39.617
17.00	17.00	0.027372	39.717
17.00	17.00	0.027389	39.817
17.00	17.00	0.027406	39.917
17.00	17.00	0.027422	40.017
17.00	17.00	0.027439	40.117
17.00	17.00	0.027456	40.216
17.00	17.00	0.027472	40.317
17.00	17.00	0.027489	40.416
17.00	17.00	0.027506	40.517
17.00	17.00	0.027522	40.617
17.00	17.00	0.027539	40.717
17.00	17.00	0.027556	40.817
17.00	17.00	0.027572	40.916
17.00	17.00	0.027589	41.017
17.00	17.00	0.027606	41.116
17.00	17.00	0.027622	41.217
17.00	17.00	0.027639	41.317
17.00	17.00	0.027656	41.417
17.00	17.00	0.027672	41.517
17.03	17.00	0.027689	41.641
17.03	17.00	0.027706	41.746
17.03	17.00	0.027722	41.840
17.03	17.00	0.027739	41.940
17.03	17.00	0.027756	42.044
17.00	17.00	0.027772	42.139
17.00	17.00	0.027789	42.239
17.00	17.00	0.027806	42.343
17.00	17.00	0.027822	42.438
17.00	17.00	0.027839	42.537
17.00	17.00	0.027856	42.642
17.00	17.00	0.027872	42.737
17.00	17.00	0.027889	42.836
17.00	17.00	0.027906	42.941
17.00	17.00	0.027922	43.035
17.00	17.00	0.027939	43.136
17.00	17.00	0.027955	43.239
17.00	17.00	0.027972	43.334
17.00	17.00	0.027989	43.435
17.00	17.00	0.028005	43.538
17.00	17.00	0.028022	43.633
17.00	17.00	0.028039	43.736
17.00	17.00	0.028055	43.837
17.00	17.00	0.028072	43.931
17.00	17.00	0.028089	44.036
17.00	17.00	0.028105	44.135
17.00	17.00	0.028122	44.230
17.00	17.00	0.028139	44.335
17.00	17.00	0.028155	44.434
17.00	17.00	0.028172	44.529
17.00	17.00	0.028189	44.634
17.00	17.00	0.028205	44.733
17.00	17.00	0.028222	44.828
17.00	17.00	0.028239	44.933
17.00	17.00	0.028255	45.032
17.00	17.00	0.028272	45.127
17.00	17.00	0.028289	45.232
17.00	17.00	0.028305	45.326
17.00	17.00	0.028322	45.426
17.00	17.00	0.028339	45.530
17.00	17.00	0.028355	45.625
17.00	17.00	0.028372	45.724
17.00	17.00	0.028389	45.829
17.00	17.00	0.028405	45.924
17.00	17.00	0.028422	46.023
17.00	17.00	0.028439	46.128
17.00	17.00	0.028455	46.222
17.00	17.00	0.028472	46.322
17.00	17.00	0.028489	46.426
17.00	17.00	0.028505	46.521
17.00	17.00	0.028522	46.620
17.00	17.00	0.028539	46.725
17.00	17.00	0.028555	46.820
17.00	17.00	0.028572	46.919
17.00	17.00	0.028589	47.024
17.00	17.00	0.028605	47.118
17.00	17.00	0.028622	47.218
17.00	17.00	0.028639	47.322
17.00	17.00	0.028655	47.418
17.00	17.00	0.028672	47.518
17.00	17.00	0.028689	47.621
17.00	17.00	0.028705	47.718
17.00	17.00	0.028722	47.818
17.00	17.00	0.028739	47.920
17.00	17.00	0.028755	48.017
17.00	17.00	0.028772	48.118
17.00	17.00	0.028788	48.219
17.00	17.00	0.028805	48.318
17.00	17.00	0.028822	48.418
17.00	17.00	0.028838	48.518
17.00	17.00	0.028855	48.618
17.00	17.00	0.028872	48.717
17.00	17.00	0.028888	48.818
17.00	17.00	0.028905	48.917
17.00	17.00	0.028922	49.018
17.00	17.00	0.028938	49.118
17.00	17.00	0.028955	49.218
17.00	17.00	0.028972	49.318
17.00	17.00	0.028988	49.418
17.00	17.00	0.029005	49.518
17.00	17.00	0.029022	49.617
17.00	17.00	0.029038	49.718
17.00	17.00	0.029055	49.817
17.00	17.00	0.029072	49.918
17.00	17.00	0.029088	50.018
17.00	17.00	0.029105	50.118
17.00	17.00	0.029122	50.218
17.00	17.00	0.029138	50.318
17.00	17.00	0.029155	50.418
17.00	17.00	0.029172	50.517
17.00	17.00	0.029188	50.618
17.00	17.00	0.029205	50.717
17.00	17.00	0.029222	50.818
17.00	17.00	0.029238	50.918
17.00	17.00	0.029255	51.018
17.00	17.00	0.029272	51.118
17.00	17.00	0.029288	51.218
17.00	17.00	0.029305	51.318
17.00	17.00	0.029322	51.417
17.00	17.00	0.029338	51.518
17.00	17.00	0.029355	51.618
17.00	17.00	0.029372	51.718
17.00	17.00	0.029388	51.818
17.00	17.00	0.029405	51.918
17.00	17.00	0.029422	52.018
17.00	17.00	0.029438	52.117
17.00	17.00	0.029455	52.218
17.00	17.00	0.029472	52.317
17.00	17.00	0.029488	52.418
17.00	17.00	0.029505	52.518
17.00	17.00	0.029522	52.618
17.00	17.00	0.029538	52.718
17.00	17.00	0.029555	52.818
17.00	17.00	0.029572	52.918
17.00	17.00	0.029588	53.017
17.00	17.00	0.029605	53.118
17.00	17.00	0.029621	53.218
17.00	17.00	0.029638	53.318
17.00	17.00	0.029655	53.418
17.00	17.00	0.029671	53.518
17.00	17.00	0.029688	53.618
17.00	17.00	0.029705	53.717
17.00	17.00	0.029721	53.842
17.00	17.00	0.029738	53.941
17.00	17.00	0.029755	54.046
17.00	17.00	0.029771	54.140
17.00	17.00	0.029788	54.240
17.00	17.00	0.029805	54.345
17.00	17.00	0.029821	54.439
17.00	17.00	0.029838	54.539
17.00	17.00	0.029855	54.644
17.00	17.00	0.029871	54.738
17.00	17.00	0.029888	54.838
17.00	17.00	0.029905	54.942
17.00	17.00	0.029921	55.037
17.00	17.00	0.029938	55.136
17.00	17.00	0.029955	55.241
17.00	17.00	0.029971	55.336
17.00	17.00	0.029988	55.435
17.00	17.00	0.030005	55.540
17.00	17.00	0.030021	55.634
17.00	17.00	0.030038	55.734
17.00	17.00	0.030055	55.838
17.00	17.00	0.030071	55.933
17.00	17.00	0.030088	56.033
17.00	17.01	0.030105	56.137
17.00	17.01	0.030121	56.232
17.00	17.01	0.030138	56.334
17.00	17.01	0.030155	56.436
17.00	17.01	0.030171	56.531
17.00	17.01	0.030188	56.633
17.00	17.01	0.030205	56.735
17.03	17.01	0.030221	56.829
17.03	17.01	0.030238	56.934
17.03	17.01	0.030255	57.033
17.03	17.01	0.030271	57.128
17.03	17.01	0.030288	57.233
17.03	17.01	0.030305	57.332
17.03	17.02	0.030321	57.427
17.03	17.02	0.030338	57.531
17.03	17.02	0.030355	57.631
17.03	17.02	0.030371	57.725
17.03	17.02	0.030388	57.830
17.00	17.02	0.030405	57.930
17.00	17.02	0.030421	58.024
17.00	17.02	0.030438	58.129
17.00	17.02	0.030454	58.223
17.00	17.02	0.030471	58.323
17.00	17.02	0.030488	58.427
17.00	17.02	0.030504	58.522
17.00	17.02	0.030521	58.622
17.00	17.03	0.030538	58.726
17.00	17.03	0.030554	58.821
17.03	17.03	0.030571	58.920
17.03	17.03	0.030588	59.025
17.03	17.03	0.030604	59.119
17.03	17.03	0.030621	59.220
17.03	17.03	0.030638	59.324
17.03	17.03	0.030654	59.419
17.03	17.03	0.030671	59.519
17.03	17.03	0.030688	59.623
17.03	17.03	0.030704	59.718
17.03	17.03	0.030721	59.817
17.03	17.03	0.030738	59.922
17.03	17.04	0.030754	00.017
17.06	17.04	0.030771	00.118
17.06	17.04	0.030788	00.221
17.06	17.04	0.030804	00.318
17.06	17.04	0.030821	00.418
17.06	17.04	0.030838	00.519
17.06	17.04	0.030854	00.618
17.06	17.04	0.030871	00.717
17.06	17.04	0.030888	00.818
17.06	17.04	0.030904	00.917
17.06	17.04	0.030921	01.018
17.03	17.04	0.030938	01.118
17.03	17.04	0.030954	01.218
17.03	17.05	0.030971	01.318
17.03	17.05	0.030988	01.419
17.03	17.05	0.031004	01.519
17.03	17.05	0.031021	01.618
17.03	17.05	0.031038	01.719
17.03	17.05	0.031054	01.818
17.03	17.05	0.031071	01.919
17.03	17.05	0.031088	02.019
17.03	17.05	0.031104	02.119
17.03	17.05	0.031121	02.219
17.06	17.05	0.031138	02.318
17.06	17.05	0.031154	02.419
17.06	17.05	0.031171	02.518
17.06	17.06	0.031188	02.620
17.06	17.06	0.031204	02.720
17.06	17.06	0.031221	02.820
17.06	17.06	0.031238	02.920
17.06	17.06	0.031254	03.020
17.06	17.06	0.031271	03.120
17.06	17.06	0.031287	03.219
17.06	17.06	0.031304	03.320
17.06	17.06	0.031321	03.420
17.06	17.06	0.031337	03.520
17.06	17.06	0.031354	03.620
17.06	17.06	0.031371	03.720
17.06	17.06	0.031387	03.820
17.06	17.07	0.031404	03.919
17.06	17.07	0.031421	04.020
17.08	17.07	0.031437	04.120
17.08	17.07	0.031454	04.220
17.08	17.07	0.031471	04.320
17.08	17.07	0.031487	04.420
17.08	17.07	0.031504	04.520
17.08	17.07	0.031521	04.619
17.08	17.07	0.031537	04.720
17.08	17.07	0.031554	04.819
17.08	17.07	0.031571	04.920
17.08	17.07	0.031587	05.020
17.08	17.07	0.031604	05.120
17.08	17.08	0.031621	05.220
17.08	17.08	0.031637	05.320
17.08	17.08	0.031654	05.420
17.08	17.08	0.031671	05.519
17.08	17.08	0.031687	05.644
17.08	17.08	0.031704	05.748
17.08	17.08	0.031721	05.843
17.08	17.08	0.031737	05.943
17.08	17.08	0.031754	06.047
17.08	17.08	0.031771	06.142
17.08	17.08	0.031787	06.241
17.08	17.08	0.031804	06.346
17.08	17.08	0.031821	06.440
17.08	17.09	0.031837	06.540
17.08	17.09	0.031854	06.644
17.08	17.09	0.031871	06.739
17.08	17.09	0.031887	06.839
17.08	17.09	0.031904	06.943
17.08	17.09	0.031921	07.038
17.08	17.09	0.031937	07.137
17.08	17.09	0.031954	07.242
17.08	17.09	0.031971	07.336
17.08	17.09	0.031987	07.436
17.08	17.09	0.032004	07.541
17.08	17.09	0.032021	07.635
17.08	17.09	0.032037	07.735
17.08	17.10	0.032054	07.839
17.08	17.10	0.032071	07.934
17.11	17.10	0.032087	08.033
17.11	17.10	0.032104	08.138
17.11	17.10	0.032120	08.233
17.11	17.10	0.032137	08.332
17.11	17.10	0.032154	08.438
17.11	17.10	0.032170	08.532
17.11	17.10	0.032187	08.633
17.11	17.10	0.032204	08.736
17.11	17.10	0.032220	08.831
17.11	17.10	0.032237	08.932
17.11	17.10	0.032254	09.035
17.11	17.11	0.032270	09.130
17.11	17.11	0.032287	09.232
17.11	17.11	0.032304	09.334
17.11	17.11	0.032320	09.428
17.11	17.11	0.032337	09.532
17.11	17.11	0.032354	09.632
17.11	17.11	0.032370	09.727
17.11	17.11	0.032387	09.831
17.11	17.11	0.032404	09.931
17.11	17.11	0.032420	10.026
17.11	17.11	0.032437	10.130
17.11	17.11	0.032454	10.230
17.11	17.11	0.032470	10.324
17.11	17.11	0.032487	10.429
17.11	17.12	0.032504	10.528
17.11	17.12	0.032520	10.623
17.11	17.12	0.032537	10.728
17.11	17.12	0.032554	10.822
17.11	17.12	0.032570	10.922
17.11	17.12	0.032587	11.026
17.11	17.12	0.032604	11.122
17.13	17.12	0.032620	11.221
17.13	17.12	0.032637	11.325
17.13	17.12	0.032654	11.421
17.13	17.12	0.032670	11.522
17.13	17.12	0.032687	11.624
17.13	17.12	0.032704	11.722
17.13	17.13	0.032720	11.822
17.13	17.13	0.032737	11.922
17.13	17.13	0.032754	12.022
17.13	17.13	0.032770	12.121
17.13	17.13	0.032787	12.222
17.13	17.13	0.032804	12.322
17.13	17.13	0.032820	12.422
17.13	17.13	0.032837	12.522
17.13	17.13	0.032854	12.627
17.13	17.13	0.032870	12.723
17.13	17.13	0.032887	12.822
17.13	17.13	0.032904	12.927
17.13	17.13	0.032920	13.022
17.13	17.14	0.032937	13.122
17.13	17.14	0.032953	13.227
17.13	17.14	0.032970	13.323
17.13	17.14	0.032987	13.423
17.13	17.14	0.033003	13.527
17.13	17.14	0.033020	13.623
17.13	17.14	0.033037	13.723
17.13	17.14	0.033053	13.827
17.13	17.14	0.033070	13.924
17.16	17.14	0.033087	14.024
17.16	17.14	0.033103	14.127
17.16	17.14	0.033120	14.224
17.16	17.14	0.033137	14.323
17.16	17.15	0.033153	14.427
17.16	17.15	0.033170	14.523
17.16	17.15	0.033187	14.624
17.16	17.15	0.033203	14.727
17.16	17.15	0.033220	14.824
17.16	17.15	0.033237	14.924
17.16	17.15	0.033253	15.026
17.16	17.15	0.033270	15.124
17.16	17.15	0.033287	15.223
17.16	17.15	0.033303	15.327
17.16	17.15	0.033320	15.424
17.16	17.15	0.033337	15.524
17.16	17.15	0.033353	15.627
17.16	17.16	0.033370	15.724
17.13	17.16	0.033387	15.824
17.13	17.16	0.033403	15.926
17.13	17.16	0.033420	16.024
17.13	17.16	0.033437	16.123
17.13	17.16	0.033453	16.227
17.13	17.16	0.033470	16.324
17.13	17.16	0.033487	16.424
17.16	17.16	0.033503	16.527
17.16	17.16	0.033520	16.624
17.16	17.16	0.033537	16.724
17.16	17.16	0.033553	16.826
17.16	17.16	0.033570	16.953
17.16	17.17	0.033587	17.047
17.16	17.17	0.033603	17.126
17.16	17.17	0.033620	17.252
17.16	17.17	0.033637	17.346
17.16	17.17	0.033653	17.451
17.18	17.17	0.033670	17.550
17.18	17.17	0.033687	17.645
17.18	17.17	0.033703	17.749
17.18	17.17	0.033720	17.849
17.18	17.17	0.033737	17.943
17.18	17.17	0.033753	18.048
17.18	17.17	0.033770	18.148
17.18	17.17	0.033786	18.242
17.18	17.18	0.033803	18.347
17.18	17.18	0.033820	18.446
17.18	17.18	0.033836	18.541
17.18	17.18	0.033853	18.645
17.18	17.18	0.033870	18.740
17.18	17.18	0.033886	18.840
17.18	17.18	0.033903	18.944
17.18	17.18	0.033920	19.039
17.18	17.18	0.033936	19.139
17.18	17.18	0.033953	19.243
17.18	17.18	0.033970	19.338
17.18	17.18	0.033986	19.437
17.18	17.18	0.034003	19.542
17.21	17.19	0.034020	19.637
17.21	17.19	0.034036	19.736
17.21	17.19	0.034053	19.841
17.21	17.19	0.034070	19.935
17.21	17.19	0.034086	20.035
17.21	17.19	0.034103	20.139
17.21	17.19	0.034120	20.234
17.21	17.19	0.034136	20.334
17.21	17.19	0.034153	20.438
17.18	17.19	0.034170	20.533
17.18	17.19	0.034186	20.632
17.18	17.19	0.034203	20.737
17.18	17.19	0.034220	20.831
17.18	17.20	0.034236	20.931
17.18	17.20	0.034253	21.035
17.18	17.20	0.034270	21.130
17.18	17.20	0.034286	21.230
17.18	17.20	0.034303	21.334
17.18	17.20	0.034320	21.429
17.18	17.20	0.034336	21.530
17.18	17.20	0.034353	21.633
17.18	17.20	0.034370	21.728
17.18	17.20	0.034386	21.830
17.21	17.20	0.034403	21.933
17.21	17.20	0.034420	22.027
17.21	17.20	0.034436	22.130
17.21	17.21	0.034453	22.231
17.21	17.21	0.034470	22.326
17.21	17.21	0.034486	22.429
17.21	17.21	0.034503	22.530
17.21	17.21	0.034520	22.624
17.21	17.21	0.034536	22.729
17.21	17.21	0.034553	22.829
17.21	17.21	0.034570	22.923
17.21	17.21	0.034586	23.028
17.21	17.21	0.034603	23.127
17.24	17.21	0.034619	23.224
17.24	17.21	0.034636	23.326
17.24	17.21	0.034653	23.426
17.24	17.22	0.034669	23.524
17.24	17.22	0.034686	23.625
17.24	17.22	0.034703	23.726
17.24	17.22	0.034719	23.824
17.24	17.22	0.034736	23.924
17.21	17.22	0.034753	24.025
17.21	17.22	0.034769	24.125
17.21	17.22	0.034786	24.224
17.21	17.22	0.034803	24.325
17.21	17.22	0.034819	24.425
17.21	17.22	0.034836	24.525
17.21	17.22	0.034853	24.625
17.21	17.22	0.034869	24.725
17.21	17.23	0.034886	24.825
17.21	17.23	0.034903	24.925
17.21	17.23	0.034919	25.025
17.21	17.23	0.034936	25.124
17.21	17.23	0.034953	25.225
17.21	17.23	0.034969	25.325
17.24	17.23	0.034986	25.425
17.24	17.23	0.035003	25.525
17.24	17.23	0.035019	25.625
17.24	17.23	0.035036	25.725
17.24	17.23	0.035053	25.824
17.24	17.23	0.035069	25.925
17.24	17.23	0.035086	26.025
17.24	17.24	0.035103	26.125
17.24	17.24	0.035119	26.225
17.24	17.24	0.035136	26.325
17.24	17.24	0.035153	26.425
17.24	17.24	0.035169	26.524
17.24	17.24	0.035186	26.625
17.24	17.24	0.035203	26.724
17.24	17.24	0.035219	26.825
17.24	17.24	0.035236	26.925
17.24	17.24	0.035253	27.025
17.24	17.24	0.035269	27.125
17.24	17.24	0.035286	27.225
17.24	17.24	0.035303	27.325
17.24	17.25	0.035319	27.424
17.24	17.25	0.035336	27.525
17.26	17.25	0.035353	27.624
17.26	17.25	0.035369	27.725
17.26	17.25	0.035386	27.825
17.26	17.25	0.035403	27.925
17.26	17.25	0.035419	28.025
17.26	17.25	0.035436	28.124
17.26	17.25	0.035452	28.225
17.26	17.25	0.035469	28.324
17.26	17.25	0.035486	28.425
17.26	17.25	0.035502	28.525
17.26	17.25	0.035519	28.625
17.26	17.26	0.035536	28.725
17.26	17.26	0.035552	28.849
17.26	17.26	0.035569	28.954
17.26	17.26	0.035586	29.023
17.26	17.26	0.035602	29.124
17.24	17.26	0.035619	29.252
17.24	17.26	0.035636	29.347
17.24	17.26	0.035652	29.425
17.24	17.26	0.035669	29.551
17.24	17.26	0.035686	29.646
17.24	17.26	0.035702	29.724
17.26	17.26	0.035719	29.850
17.26	17.26	0.035736	29.944
17.26	17.27	0.035752	30.049
17.26	17.27	0.035769	30.149
17.26	17.27	0.035786	30.243
17.26	17.27	0.035802	30.348
17.26	17.27	0.035819	30.447
17.26	17.27	0.035836	30.542
17.26	17.27	0.035852	30.646
17.26	17.27	0.035869	30.746
17.26	17.27	0.035886	30.840
17.26	17.27	0.035902	30.945
17.29	17.27	0.035919	31.046
17.29	17.27	0.035936	31.140
17.29	17.27	0.035952	31.245
17.29	17.28	0.035969	31.344
17.29	17.28	0.035986	31.439
17.29	17.28	0.036002	31.543
17.29	17.28	0.036019	31.638
17.29	17.28	0.036036	31.738
17.29	17.28	0.036052	31.842
17.29	17.28	0.036069	31.937
17.29	17.28	0.036086	32.036
17.29	17.28	0.036102	32.141
17.29	17.28	0.036119	32.235
17.29	17.28	0.036136	32.335
17.29	17.28	0.036152	32.439
17.29	17.28	0.036169	32.534
17.29	17.29	0.036186	32.634
17.29	17.29	0.036202	32.738
17.29	17.29	0.036219	32.833
17.29	17.29	0.036236	32.932
17.29	17.29	0.036252	33.037
17.29	17.29	0.036269	33.131
17.29	17.29	0.036285	33.231
17.29	17.29	0.036302	33.336
17.29	17.29	0.036319	33.430
17.29	17.29	0.036335	33.530
17.29	17.29	0.036352	33.634
17.29	17.29	0.036369	33.729
17.29	17.29	0.036385	33.828
17.29	17.30	0.036402	33.933
17.29	17.30	0.036419	34.028
17.29	17.30	0.036435	34.128
17.29	17.30	0.036452	34.232
17.29	17.30	0.036469	34.326
17.29	17.30	0.036485	34.428
17.29	17.30	0.036502	34.530
17.29	17.30	0.036519	34.626
17.29	17.30	0.036535	34.727
17.29	17.30	0.036552	34.830
17.29	17.30	0.036569	34.926
17.29	17.30	0.036585	35.027
17.29	17.30	0.036602	35.129
17.29	17.31	0.036619	35.226
17.29	17.31	0.036635	35.328
17.31	17.31	0.036652	35.427
17.31	17.31	0.036669	35.526
17.31	17.31	0.036685	35.627
17.31	17.31	0.036702	35.726
17.31	17.31	0.036719	35.826
17.31	17.31	0.036735	35.926
17.31	17.31	0.036752	36.026
17.31	17.31	0.036769	36.125
17.31	17.31	0.036785	36.226
17.31	17.31	0.036802	36.325
17.31	17.31	0.036819	36.426
17.31	17.32	0.036835	36.526
17.31	17.32	0.036852	36.626
17.31	17.32	0.036869	36.726
17.31	17.32	0.036885	36.826
17.31	17.32	0.036902	36.926
17.34	17.32	0.036919	37.025
17.34	17.32	0.036935	37.126
17.34	17.32	0.036952	37.226
17.34	17.32	0.036969	37.326
17.34	17.32	0.036985	37.426
17.34	17.32	0.037002	37.526
17.34	17.32	0.037019	37.626
17.34	17.32	0.037035	37.725
17.34	17.33	0.037052	37.826
17.34	17.33	0.037069	37.925
17.34	17.33	0.037085	38.026
17.34	17.33	0.037102	38.126
17.31	17.33	0.037118	38.226
17.31	17.33	0.037135	38.326
17.31	17.33	0.037152	38.425
17.31	17.33	0.037168	38.526
17.31	17.33	0.037185	38.626
17.31	17.33	0.037202	38.726
17.31	17.33	0.037218	38.826
17.31	17.33	0.037235	38.926
17.31	17.33	0.037252	39.026
17.34	17.34	0.037268	39.125
17.34	17.34	0.037285	39.226
17.34	17.34	0.037302	39.325
17.34	17.34	0.037318	39.426
17.34	17.34	0.037335	39.526
17.34	17.34	0.037352	39.626
17.34	17.34	0.037368	39.726
17.34	17.34	0.037385	39.826
17.34	17.34	0.037402	39.926
17.34	17.34	0.037418	40.025
17.34	17.34	0.037435	40.126
17.34	17.34	0.037452	40.226
17.36	17.34	0.037468	40.326
17.36	17.34	0.037485	40.426
17.36	17.35	0.037502	40.526
17.36	17.35	0.037518	40.626
17.36	17.35	0.037535	40.725
17.36	17.35	0.037552	40.826
17.36	17.35	0.037568	40.925
17.36	17.35	0.037585	41.050
17.36	17.35	0.037602	41.149
17.36	17.35	0.037618	41.254
17.36	17.35	0.037635	41.349
17.36	17.35	0.037652	41.448
17.36	17.35	0.037668	41.553
17.36	17.35	0.037685	41.647
17.36	17.35	0.037702	41.747
17.36	17.36	0.037718	41.851
17.36	17.36	0.037735	41.946
17.34	17.36	0.037752	42.047
17.34	17.36	0.037768	42.150
17.34	17.36	0.037785	42.245
17.34	17.36	0.037802	42.346
17.34	17.36	0.037818	42.449
17.34	17.36	0.037835	42.543
17.34	17.36	0.037852	42.647
17.36	17.36	0.037868	42.747
17.36	17.36	0.037885	42.842
17.36	17.36	0.037902	42.947
17.36	17.36	0.037918	43.046
17.36	17.37	0.037935	43.141
17.36	17.37	0.037951	43.245
17.36	17.37	0.037968	43.345
17.36	17.37	0.037985	43.439
17.36	17.37	0.038001	43.544
17.36	17.37	0.038018	43.644
17.36	17.37	0.038035	43.739
17.36	17.37	0.038051	43.843
17.36	17.37	0.038068	43.942
17.39	17.37	0.038085	44.038
17.39	17.37	0.038101	44.142
17.39	17.37	0.038118	44.242
17.39	17.37	0.038135	44.336
17.39	17.38	0.038151	44.441
17.39	17.38	0.038168	44.536
17.39	17.38	0.038185	44.635
17.39	17.38	0.038201	44.740
17.39	17.38	0.038218	44.834
17.39	17.38	0.038235	44.934
17.39	17.38	0.038251	45.038
17.39	17.38	0.038268	45.133
17.39	17.38	0.038285	45.233
17.39	17.38	0.038301	45.337
17.39	17.38	0.038318	45.432
17.39	17.38	0.038335	45.531
17.39	17.38	0.038351	45.636
17.39	17.39	0.038368	45.730
17.39	17.39	0.038385	45.830
17.39	17.39	0.038401	45.935
17.39	17.39	0.038418	46.029
17.39	17.39	0.038435	46.129
17.39	17.39	0.038451	46.233
17.39	17.39	0.038468	46.328
17.39	17.39	0.038485	46.427
17.39	17.39	0.038501	46.532
17.39	17.39	0.038518	46.626
17.39	17.39	0.038535	46.726
17.39	17.39	0.038551	46.831
17.39	17.39	0.038568	46.926
17.39	17.40	0.038585	47.026
17.39	17.40	0.038601	47.129
17.39	17.40	0.038618	47.226
17.39	17.40	0.038635	47.325
17.39	17.40	0.038651	47.428
17.39	17.40	0.038668	47.525
17.39	17.40	0.038685	47.626
17.39	17.40	0.038701	47.727
17.39	17.40	0.038718	47.826
17.39	17.40	0.038735	47.926
17.39	17.40	0.038751	48.026
17.39	17.40	0.038768	48.126
17.39	17.40	0.038784	48.225
17.39	17.41	0.038801	48.326
17.39	17.41	0.038818	48.426
17.39	17.41	0.038834	48.526
17.39	17.41	0.038851	48.626
17.42	17.41	0.038868	48.726
17.42	17.41	0.038884	48.826
17.42	17.41	0.038901	48.925
17.42	17.41	0.038918	49.026
17.42	17.41	0.038934	49.125
17.42	17.41	0.038951	49.226
17.42	17.41	0.038968	49.326
17.42	17.41	0.038984	49.426
17.42	17.41	0.039001	49.526
17.42	17.42	0.039018	49.627
17.42	17.42	0.039034	49.727
17.42	17.42	0.039051	49.826
17.42	17.42	0.039068	49.927
17.42	17.42	0.039084	50.026
17.42	17.42	0.039101	50.127
17.42	17.42	0.039118	50.227
17.42	17.42	0.039134	50.327
17.42	17.42	0.039151	50.427
17.42	17.42	0.039168	50.526
17.42	17.42	0.039184	50.627
17.42	17.42	0.039201	50.726
17.42	17.42	0.039218	50.828
17.42	17.43	0.039234	50.928
17.42	17.43	0.039251	51.028
17.42	17.43	0.039268	51.128
17.42	17.43	0.039284	51.228
17.42	17.43	0.039301	51.328
17.42	17.43	0.039318	51.427
17.42	17.43	0.039334	51.528
17.42	17.43	0.039351	51.627
17.44	17.43	0.039368	51.728
17.44	17.43	0.039384	51.828
17.44	17.43	0.039401	51.928
17.44	17.43	0.039418	52.028
17.44	17.43	0.039434	52.127
17.44	17.44	0.039451	52.228
17.44	17.44	0.039468	52.327
17.44	17.44	0.039484	52.428
17.44	17.44	0.039501	52.528
17.44	17.44	0.039518	52.657
17.44	17.44	0.039534	52.728
17.44	17.44	0.039551	52.852
17.44	17.44	0.039568	52.956
17.44	17.44	0.039584	53.050
17.44	17.44	0.039601	53.151
17.44	17.44	0.039617	53.255
17.44	17.44	0.039634	53.350
17.44	17.44	0.039651	53.449
17.44	17.45	0.039667	53.554
17.44	17.45	0.039684	53.649
17.44	17.45	0.039701	53.748
17.44	17.45	0.039717	53.853
17.44	17.45	0.039734	53.947
17.44	17.45	0.039751	54.047
17.44	17.45	0.039767	54.151
17.44	17.45	0.039784	54.246
17.44	17.45	0.039801	54.346
17.44	17.45	0.039817	54.450
17.44	17.45	0.039834	54.545
17.44	17.45	0.039851	54.644
17.47	17.45	0.039867	54.749
17.47	17.46	0.039884	54.843
17.47	17.46	0.039901	54.945
17.47	17.46	0.039917	55.047
17.47	17.46	0.039934	55.142
17.47	17.46	0.039951	55.245
17.47	17.46	0.039967	55.346
17.47	17.46	0.039984	55.441
17.47	17.46	0.040001	55.544
17.47	17.46	0.040017	55.645
17.47	17.46	0.040034	55.739
17.47	17.46	0.040051	55.844
17.47	17.46	0.040067	55.944
17.47	17.46	0.040084	56.038
17.47	17.47	0.040101	56.143
17.47	17.47	0.040117	56.242
17.47	17.47	0.040134	56.337
17.47	17.47	0.040151	56.441
17.47	17.47	0.040167	56.542
17.47	17.47	0.040184	56.635
17.47	17.47	0.040201	56.741
17.47	17.47	0.040217	56.841
17.47	17.47	0.040234	56.935
17.47	17.47	0.040251	57.040
17.47	17.47	0.040267	57.134
17.47	17.47	0.040284	57.234
17.47	17.47	0.040301	57.338
17.47	17.48	0.040317	57.433
17.47	17.48	0.040334	57.533
17.47	17.48	0.040351	57.637
17.47	17.48	0.040367	57.732
17.47	17.48	0.040384	57.831
17.47	17.48	0.040401	57.936
17.47	17.48	0.040417	58.030
17.47	17.48	0.040434	58.130
17.47	17.48	0.040450	58.235
17.47	17.48	0.040467	58.329
17.47	17.48	0.040484	58.429
17.47	17.48	0.040500	58.533
17.47	17.48	0.040517	58.628
17.47	17.49	0.040534	58.727
17.47	17.49	0.040550	58.832
17.49	17.49	0.040567	58.928
17.49	17.49	0.040584	59.028
17.49	17.49	0.040600	59.131
17.49	17.49	0.040617	59.228
17.49	17.49	0.040634	59.328
17.49	17.49	0.040650	59.429
17.49	17.49	0.040667	59.528
17.49	17.49	0.040684	59.627
17.49	17.49	0.040700	59.728
17.49	17.49	0.040717	59.828
17.49	17.49	0.040734	59.928
17.49	17.50	0.040750	00.028
17.49	17.50	0.040767	00.128
17.49	17.50	0.040784	00.228
17.49	17.50	0.040800	00.327
17.52	17.50	0.040817	00.428
17.52	17.50	0.040834	00.527
17.52	17.50	0.040850	00.628
17.52	17.50	0.040867	00.728
17.52	17.50	0.040884	00.828
17.52	17.50	0.040900	00.928
17.52	17.50	0.040917	01.028
17.52	17.50	0.040934	01.128
17.52	17.50	0.040950	01.227
17.52	17.51	0.040967	01.328
17.52	17.51	0.040984	01.428
17.52	17.51	0.041000	01.528
17.52	17.51	0.041017	01.628
17.52	17.51	0.041034	01.728
17.52	17.51	0.041050	01.828
17.52	17.51	0.041067	01.927
17.52	17.51	0.041084	02.028
17.49	17.51	0.041100	02.127
17.49	17.51	0.041117	02.228
17.49	17.51	0.041134	02.328
17.49	17.51	0.041150	02.428
17.49	17.51	0.041167	02.528
17.49	17.52	0.041184	02.628
17.49	17.52	0.041200	02.728
17.49	17.52	0.041217	02.828
17.49	17.52	0.041234	02.928
17.52	17.52	0.041250	03.028
17.52	17.52	0.041267	03.128
17.52	17.52	0.041283	03.228
17.52	17.52	0.041300	03.327
17.52	17.52	0.041317	03.428
17.52	17.52	0.041333	03.528
17.52	17.52	0.041350	03.628
17.52	17.52	0.041367	03.728
17.52	17.52	0.041383	03.827
17.54	17.53	0.041400	03.928
17.54	17.53	0.041417	04.027
17.54	17.53	0.041433	04.128
17.54	17.53	0.041450	04.228
17.54	17.53	0.041467	04.328
17.54	17.53	0.041483	04.428
17.54	17.53	0.041500	04.528
17.54	17.53	0.041517	04.628
17.54	17.53	0.041533	04.727
17.54	17.53	0.041550	04.828
17.54	17.53	0.041567	04.928
17.54	17.53	0.041583	05.027
17.54	17.53	0.041600	05.152
17.54	17.54	0.041617	05.256
17.54	17.54	0.041633	05.351
17.54	17.54	0.041650	05.450
17.54	17.54	0.041667	05.555
17.54	17.54	0.041683	05.649
17.54	17.54	0.041700	05.749
17.54	17.54	0.041717	05.853
17.54	17.54	0.041733	05.948
17.54	17.54	0.041750	06.048
17.54	17.54	0.041767	06.152
17.54	17.54	0.041783	06.247
17.54	17.54	0.041800	06.346
17.54	17.54	0.041817	06.451
17.54	17.55	0.041833	06.546
17.54	17.55	0.041850	06.645
17.54	17.55	0.041867	06.750
17.54	17.55	0.041883	06.844
17.54	17.55	0.041900	06.944
17.54	17.55	0.041917	07.048
17.54	17.55	0.041933	07.143
17.54	17.55	0.041950	07.242
17.54	17.55	0.041967	07.347
17.54	17.55	0.041983	07.443
17.54	17.55	0.042000	07.542
17.54	17.55	0.042017	07.647
17.54	17.55	0.042033	07.741
17.54	17.56	0.042050	07.842
17.54	17.56	0.042067	07.945
17.54	17.56	0.042083	08.040
17.57	17.56	0.042100	08.143
17.57	17.56	0.042116	08.244
17.57	17.56	0.042133	08.339
17.57	17.56	0.042150	08.442
17.57	17.56	0.042166	08.543
17.57	17.56	0.042183	08.637
17.57	17.56	0.042200	08.742
17.57	17.56	0.042216	08.841
17.57	17.56	0.042233	08.936
17.57	17.56	0.042250	09.041
17.57	17.57	0.042266	09.140
17.57	17.57	0.042283	09.235
17.57	17.57	0.042300	09.339
17.57	17.57	0.042316	09.439
17.57	17.57	0.042333	09.533
17.57	17.57	0.042350	09.638
17.57	17.57	0.042366	09.738
17.57	17.57	0.042383	09.832
17.57	17.57	0.042400	09.937
17.57	17.57	0.042416	10.031
17.57	17.57	0.042433	10.131
17.57	17.57	0.042450	10.235
17.57	17.57	0.042466	10.330
17.57	17.58	0.042483	10.429
17.57	17.58	0.042500	10.534
17.57	17.58	0.042516	10.629
17.57	17.58	0.042533	10.729
17.57	17.58	0.042550	10.834
17.57	17.58	0.042566	10.928
17.57	17.58	0.042583	11.028
17.57	17.58	0.042600	11.132
17.57	17.58	0.042616	11.228
17.59	17.58	0.042633	11.328
17.59	17.58	0.042650	11.431
17.59	17.58	0.042666	11.528
17.59	17.58	0.042683	11.628
17.59	17.58	0.042700	11.730
17.59	17.59	0.042716	11.827
17.59	17.59	0.042733	11.928
17.59	17.59	0.042750	12.028
17.59	17.59	0.042766	12.128
17.59	17.59	0.042783	12.228
17.59	17.59	0.042800	12.328
17.59	17.59	0.042816	12.428
17.59	17.59	0.042833	12.528
17.59	17.59	0.042850	12.628
17.59	17.59	0.042866	12.727
17.59	17.59	0.042883	12.828
17.59	17.59	0.042900	12.928
17.59	17.59	0.042916	13.028
17.59	17.60	0.042933	13.128
17.59	17.60	0.042949	13.228
17.59	17.60	0.042966	13.328
17.59	17.60	0.042983	13.427
17.59	17.60	0.042999	13.528
17.59	17.60	0.043016	13.627
17.59	17.60	0.043033	13.728
17.59	17.60	0.043049	13.828
17.59	17.60	0.043066	13.928
17.62	17.60	0.043083	14.028
17.62	17.60	0.043099	14.128
17.62	17.60	0.043116	14.228
17.62	17.60	0.043133	14.327
17.62	17.61	0.043149	14.428
17.62	17.61	0.043166	14.527
17.62	17.61	0.043183	14.628
17.62	17.61	0.043199	14.728
17.62	17.61	0.043216	14.828
17.62	17.61	0.043233	14.928
17.62	17.61	0.043249	15.028
17.62	17.61	0.043266	15.128
17.62	17.61	0.043283	15.227
17.62	17.61	0.043299	15.328
17.62	17.61	0.043316	15.428
17.62	17.61	0.043333	15.528
17.62	17.61	0.043349	15.628
17.59	17.62	0.043366	15.728
17.59	17.62	0.043383	15.828
17.59	17.62	0.043399	15.927
17.59	17.62	0.043416	16.028
17.59	17.62	0.043433	16.127
17.59	17.62	0.043449	16.228
17.59	17.62	0.043466	16.328
17.62	17.62	0.043483	16.428
17.62	17.62	0.043499	16.528
17.62	17.62	0.043516	16.628
17.62	17.62	0.043533	16.728
17.62	17.62	0.043549	16.827
17.62	17.62	0.043566	16.928
17.62	17.63	0.043583	17.027
17.62	17.63	0.043599	17.128
17.62	17.63	0.043616	17.228
17.62	17.63	0.043633	17.357
17.65	17.63	0.043649	17.452
17.65	17.63	0.043666	17.556
17.65	17.63	0.043683	17.656
17.65	17.63	0.043699	17.750
17.65	17.63	0.043716	17.855
17.65	17.63	0.043733	17.949
17.65	17.63	0.043749	18.049
17.65	17.63	0.043766	18.154
17.65	17.63	0.043782	18.248
17.65	17.64	0.043799	18.348
17.65	17.64	0.043816	18.452
17.65	17.64	0.043832	18.547
17.65	17.64	0.043849	18.646
17.65	17.64	0.043866	18.751
17.62	17.64	0.043882	18.845
17.62	17.64	0.043899	18.945
17.62	17.64	0.043916	19.050
17.62	17.64	0.043932	19.145
17.62	17.64	0.043949	19.244
17.62	17.64	0.043966	19.349
17.62	17.64	0.043982	19.443
17.62	17.64	0.043999	19.543
17.62	17.65	0.044016	19.647
17.65	17.65	0.044032	19.743
17.65	17.65	0.044049	19.842
17.65	17.65	0.044066	19.947
17.65	17.65	0.044082	20.041
17.65	17.65	0.044099	20.141
17.65	17.65	0.044116	20.245
17.65	17.65	0.044132	20.340
17.65	17.65	0.044149	20.440
17.65	17.65	0.044166	20.544
17.65	17.65	0.044182	20.638
17.65	17.65	0.044199	20.740
17.65	17.65	0.044216	20.842
17.67	17.66	0.044232	20.938
17.67	17.66	0.044249	21.039
17.67	17.66	0.044266	21.142
17.67	17.66	0.044282	21.237
17.67	17.66	0.044299	21.340
17.67	17.66	0.044316	21.441
17.67	17.66	0.044332	21.535
17.67	17.66	0.044349	21.640
17.67	17.66	0.044366	21.739
17.67	17.66	0.044382	21.834
17.67	17.66	0.044399	21.938
17.67	17.66	0.044416	22.038
17.67	17.66	0.044432	22.133
17.67	17.67	0.044449	22.237
17.67	17.67	0.044466	22.337
17.67	17.67	0.044482	22.431
17.67	17.67	0.044499	22.536
17.67	17.67	0.044516	22.635
17.67	17.67	0.044532	22.730
17.67	17.67	0.044549	22.834
17.67	17.67	0.044566	22.929
17.67	17.67	0.044582	23.029
17.67	17.67	0.044599	23.133
17.67	17.67	0.044615	23.228
17.67	17.67	0.044632	23.327
17.67	17.67	0.044649	23.432
17.67	17.68	0.044665	23.527
17.67	17.68	0.044682	23.628
17.67	17.68	0.044699	23.731
17.67	17.68	0.044715	23.828
17.67	17.68	0.044732	23.928
17.67	17.68	0.044749	24.029
17.67	17.68	0.044765	24.128
17.67	17.68	0.044782	24.227
17.67	17.68	0.044799	24.328
17.67	17.68	0.044815	24.428
17.67	17.68	0.044832	24.528
17.67	17.68	0.044849	24.628
17.67	17.68	0.044865	24.728
17.67	17.69	0.044882	24.828
17.67	17.69	0.044899	24.927
17.67	17.69	0.044915	25.029
17.67	17.69	0.044932	25.128
17.67	17.69	0.044949	25.229
17.70	17.69	0.044965	25.329
17.70	17.69	0.044982	25.429
17.70	17.69	0.044999	25.529
17.70	17.69	0.045015	25.628
17.70	17.69	0.045032	25.729
17.70	17.69	0.045049	25.828
17.70	17.69	0.045065	25.929
17.70	17.69	0.045082	26.029
17.70	17.70	0.045099	26.129
17.70	17.70	0.045115	26.229
17.70	17.70	0.045132	26.329
17.70	17.70	0.045149	26.429
17.70	17.70	0.045165	26.528
17.70	17.70	0.045182	26.629
17.70	17.70	0.045199	26.728
17.70	17.70	0.045215	26.829
17.70	17.70	0.045232	26.929
17.70	17.70	0.045249	27.029
17.70	17.70	0.045265	27.129
17.70	17.70	0.045282	27.229
17.70	17.70	0.045299	27.329
17.70	17.71	0.045315	27.428
17.70	17.71	0.045332	27.529
17.70	17.71	0.045349	27.628
17.72	17.71	0.045365	27.729
17.72	17.71	0.045382	27.829
17.72	17.71	0.045399	27.929
17.72	17.71	0.045415	28.029
17.72	17.71	0.045432	28.129
17.72	17.71	0.045448	28.229
17.72	17.71	0.045465	28.328
17.72	17.71	0.045482	28.429
17.72	17.71	0.045498	28.529
17.72	17.71	0.045515	28.629
17.72	17.72	0.045532	28.729
17.72	17.72	0.045548	28.829
17.72	17.72	0.045565	28.929
17.72	17.72	0.045582	29.028
17.72	17.72	0.045598	29.129
17.72	17.72	0.045615	29.228
17.72	17.72	0.045632	29.328
17.72	17.72	0.045648	29.428
17.72	17.72	0.045665	29.557
17.72	17.72	0.045682	29.657
17.72	17.72	0.045698	29.751
17.72	17.72	0.045715	29.856
17.72	17.72	0.045732	29.955
17.72	17.73	0.045748	30.050
17.72	17.73	0.045765	30.154
17.72	17.73	0.045782	30.254
17.72	17.73	0.045798	30.349
17.72	17.73	0.045815	30.454
17.72	17.73	0.045832	30.548
17.72	17.73	0.045848	30.648
17.72	17.73	0.045865	30.753
17.72	17.73	0.045882	30.847
17.72	17.73	0.045898	30.947
17.72	17.73	0.045915	31.051
17.72	17.73	0.045932	31.146
17.72	17.73	0.045948	31.246
17.72	17.74	0.045965	31.350
17.75	17.74	0.045982	31.445
17.75	17.74	0.045998	31.544
17.75	17.74	0.046015	31.649
17.75	17.74	0.046032	31.743
17.75	17.74	0.046048	31.843
17.75	17.74	0.046065	31.947
17.75	17.74	0.046082	32.042
17.75	17.74	0.046098	32.142
17.75	17.74	0.046115	32.246
17.75	17.74	0.046132	32.341
17.75	17.74	0.046148	32.440
17.75	17.74	0.046165	32.545
17.75	17.75	0.046182	32.639
17.75	17.75	0.046198	32.739
17.75	17.75	0.046215	32.844
17.75	17.75	0.046232	32.938
17.75	17.75	0.046248	33.038
17.75	17.75	0.046265	33.142
17.75	17.75	0.046281	33.237
17.75	17.75	0.046298	33.337
17.75	17.75	0.046315	33.442
17.75	17.75	0.046331	33.536
17.75	17.75	0.046348	33.637
17.75	17.75	0.046365	33.740
17.75	17.75	0.046381	33.835
17.75	17.76	0.046398	33.938
17.75	17.76	0.046415	34.039
17.75	17.76	0.046431	34.134
17.75	17.76	0.046448	34.237
17.77	17.76	0.046465	34.338
17.77	17.76	0.046481	34.433
17.77	17.76	0.046498	34.537
17.77	17.76	0.046515	34.637
17.77	17.76	0.046531	34.731
17.77	17.76	0.046548	34.836
17.77	17.76	0.046565	34.935
17.77	17.76	0.046581	35.030
17.77	17.76	0.046598	35.135
17.77	17.77	0.046615	35.234
17.77	17.77	0.046631	35.329
17.77	17.77	0.046648	35.433
17.77	17.77	0.046665	35.533
17.77	17.77	0.046681	35.629
17.77	17.77	0.046698	35.732
17.77	17.77	0.046715	35.833
17.77	17.77	0.046731	35.930
17.77	17.77	0.046748	36.031
17.77	17.77	0.046765	36.133
17.77	17.77	0.046781	36.230
17.77	17.77	0.046798	36.329
17.77	17.77	0.046815	36.433
17.77	17.78	0.046831	36.529
17.77	17.78	0.046848	36.630
17.77	17.78	0.046865	36.733
17.77	17.78	0.046881	36.829
17.77	17.78	0.046898	36.930
17.77	17.78	0.046915	37.032
17.77	17.78	0.046931	37.130
17.77	17.78	0.046948	37.229
17.77	17.78	0.046965	37.333
17.77	17.78	0.046981	37.430
17.77	17.78	0.046998	37.530
17.77	17.78	0.047015	37.633
17.77	17.78	0.047031	37.730
17.77	17.79	0.047048	37.830
17.77	17.79	0.047065	37.932
17.80	17.79	0.047081	38.030
17.80	17.79	0.047098	38.129
17.80	17.79	0.047114	38.232
17.80	17.79	0.047131	38.330
17.80	17.79	0.047148	38.430
17.80	17.79	0.047164	38.533
17.80	17.79	0.047181	38.629
17.80	17.79	0.047198	38.730
17.80	17.79	0.047214	38.832
17.80	17.79	0.047231	38.930
17.80	17.79	0.047248	39.030
17.80	17.80	0.047264	39.132
17.80	17.80	0.047281	39.230
17.80	17.80	0.047298	39.330
17.80	17.80	0.047314	39.432
17.80	17.80	0.047331	39.529
17.80	17.80	0.047348	39.630
17.80	17.80	0.047364	39.732
17.80	17.80	0.047381	39.830
17.80	17.80	0.047398	39.930
17.80	17.80	0.047414	40.032
17.80	17.80	0.047431	40.130
17.80	17.80	0.047448	40.229
17.80	17.80	0.047464	40.332
17.80	17.80	0.047481	40.429
17.80	17.81	0.047498	40.529
17.80	17.81	0.047514	40.633
17.80	17.81	0.047531	40.730
17.80	17.81	0.047548	40.830
17.80	17.81	0.047564	40.932
17.83	17.81	0.047581	41.030
17.83	17.81	0.047598	41.129
17.83	17.81	0.047614	41.232
17.83	17.81	0.047631	41.329
17.83	17.81	0.047648	41.429
17.83	17.81	0.047664	41.532
17.83	17.81	0.047681	41.658
17.83	17.81	0.047698	41.753
17.83	17.82	0.047714	41.831
17.83	17.82	0.047731	41.957
17.83	17.82	0.047748	42.051
17.83	17.82	0.047764	42.156
17.80	17.82	0.047781	42.255
17.80	17.82	0.047798	42.350
17.80	17.82	0.047814	42.455
17.80	17.82	0.047831	42.554
17.80	17.82	0.047848	42.649
17.80	17.82	0.047864	42.753
17.80	17.82	0.047881	42.853
17.80	17.82	0.047898	42.947
17.80	17.82	0.047914	43.052
17.83	17.83	0.047931	43.152
17.83	17.83	0.047947	43.246
17.83	17.83	0.047964	43.352
17.83	17.83	0.047981	43.445
17.83	17.83	0.047997	43.546
17.83	17.83	0.048014	43.650
17.83	17.83	0.048031	43.745
17.83	17.83	0.048047	43.844
17.83	17.83	0.048064	43.949
17.83	17.83	0.048081	44.044
17.83	17.83	0.048097	44.143
17.83	17.83	0.048114	44.248
17.83	17.83	0.048131	44.342
17.83	17.84	0.048147	44.442
17.83	17.84	0.048164	44.546
17.83	17.84	0.048181	44.641
17.85	17.84	0.048197	44.741
17.85	17.84	0.048214	44.845
17.85	17.84	0.048231	44.940
17.85	17.84	0.048247	45.039
17.85	17.84	0.048264	45.144
17.85	17.84	0.048281	45.238
17.85	17.84	0.048297	45.338
17.85	17.84	0.048314	45.442
17.85	17.84	0.048331	45.537
17.85	17.84	0.048347	45.637
17.85	17.85	0.048364	45.741
17.85	17.85	0.048381	45.836
17.85	17.85	0.048397	45.935
17.85	17.85	0.048414	46.040
17.85	17.85	0.048431	46.134
17.85	17.85	0.048447	46.236
17.85	17.85	0.048464	46.339
17.85	17.85	0.048481	46.433
17.85	17.85	0.048497	46.536
17.85	17.85	0.048514	46.637
17.85	17.85	0.048531	46.732
17.85	17.85	0.048547	46.835
17.85	17.85	0.048564	46.936
17.85	17.86	0.048581	47.030
17.85	17.86	0.048597	47.135
17.85	17.86	0.048614	47.236
17.85	17.86	0.048631	47.330
17.85	17.86	0.048647	47.435
17.85	17.86	0.048664	47.534
17.85	17.86	0.048681	47.630
17.85	17.86	0.048697	47.733
17.85	17.86	0.048714	47.833
17.85	17.86	0.048731	47.930
17.85	17.86	0.048747	48.032
17.85	17.86	0.048764	48.132
17.85	17.86	0.048780	48.230
17.85	17.87	0.048797	48.331
17.85	17.87	0.048814	48.431
17.85	17.87	0.048830	48.530
17.85	17.87	0.048847	48.630
17.85	17.87	0.048864	48.731
17.88	17.87	0.048880	48.830
17.88	17.87	0.048897	48.930
17.88	17.87	0.048914	49.031
17.88	17.87	0.048930	49.129
17.88	17.87	0.048947	49.230
17.88	17.87	0.048964	49.330
17.88	17.87	0.048980	49.430
17.88	17.87	0.048997	49.530
17.88	17.88	0.049014	49.631
17.88	17.88	0.049030	49.730
17.88	17.88	0.049047	49.830
17.88	17.88	0.049064	49.931
17.88	17.88	0.049080	50.029
17.88	17.88	0.049097	50.130
17.88	17.88	0.049114	50.230
17.88	17.88	0.049130	50.330
17.88	17.88	0.049147	50.430
17.88	17.88	0.049164	50.530
17.88	17.88	0.049180	50.630
17.88	17.88	0.049197	50.729
17.88	17.88	0.049214	50.831
17.88	17.89	0.049230	50.929
17.88	17.89	0.049247	51.030
17.88	17.89	0.049264	51.131
17.88	17.89	0.049280	51.230
17.88	17.89	0.049297	51.330
17.90	17.89	0.049314	51.430
17.90	17.89	0.049330	51.530
17.90	17.89	0.049347	51.629
17.90	17.89	0.049364	51.731
17.90	17.89	0.049380	51.830
17.90	17.89	0.049397	51.930
17.90	17.89	0.049414	52.031
17.90	17.89	0.049430	52.130
17.90	17.90	0.049447	52.230
17.90	17.90	0.049464	52.330
17.90	17.90	0.049480	52.430
17.90	17.90	0.049497	52.529
17.90	17.90	0.049514	52.630
17.90	17.90	0.049530	52.730
17.90	17.90	0.049547	52.830
17.90	17.90	0.049564	52.931
17.90	17.90	0.049580	53.030
17.90	17.90	0.049597	53.130
17.90	17.90	0.049613	53.230
17.90	17.90	0.049630	53.330
17.90	17.90	0.049647	53.429
17.90	17.91	0.049663	53.530
17.90	17.91	0.049680	53.630
17.90	17.91	0.049697	53.754
17.90	17.91	0.049713	53.830
17.90	17.91	0.049730	53.958
17.90	17.91	0.049747	54.053
17.90	17.91	0.049763	54.129
17.90	17.91	0.049780	54.257
17.90	17.91	0.049797	54.352
17.90	17.91	0.049813	54.430
17.90	17.91	0.049830	54.556
17.93	17.91	0.049847	54.650
17.93	17.91	0.049863	54.730
17.93	17.92	0.049880	54.854
17.93	17.92	0.049897	54.949
17.93	17.92	0.049913	55.053
17.93	17.92	0.049930	55.153
17.93	17.92	0.049947	55.248
17.93	17.92	0.049963	55.352
17.93	17.92	0.049980	55.452
17.93	17.92	0.049997	55.546
17.93	17.92	0.050013	55.651
17.93	17.92	0.050030	55.750
17.93	17.92	0.050047	55.845
17.93	17.92	0.050063	55.949
17.93	17.92	0.050080	56.044
17.93	17.93	0.050097	56.144
17.93	17.93	0.050113	56.248
17.93	17.93	0.050130	56.343
17.93	17.93	0.050147	56.442
17.93	17.93	0.050163	56.548
17.93	17.93	0.050180	56.641
17.93	17.93	0.050197	56.742
17.90	17.93	0.050213	56.847
17.90	17.93	0.050230	56.941
17.90	17.93	0.050247	57.041
17.90	17.93	0.050263	57.145
17.93	17.93	0.050280	57.240
17.93	17.93	0.050297	57.339
17.93	17.94	0.050313	57.444
17.93	17.94	0.050330	57.538
17.93	17.94	0.050347	57.638
17.93	17.94	0.050363	57.743
17.93	17.94	0.050380	57.837
17.93	17.94	0.050397	57.937
17.93	17.94	0.050413	58.041
17.93	17.94	0.050430	58.136
17.95	17.94	0.050446	58.235
17.95	17.94	0.050463	58.340
17.95	17.94	0.050480	58.435
17.95	17.94	0.050496	58.534
17.95	17.94	0.050513	58.639
17.95	17.95	0.050530	58.733
17.95	17.95	0.050546	58.834
17.95	17.95	0.050563	58.937
17.95	17.95	0.050580	59.032
17.95	17.95	0.050596	59.134
17.95	17.95	0.050613	59.236
17.95	17.95	0.050630	59.331
17.95	17.95	0.050646	59.433
17.95	17.95	0.050663	59.535
17.95	17.95	0.050680	59.629
17.95	17.95	0.050696	59.734
17.95	17.95	0.050713	59.833
17.95	17.95	0.050730	59.930
17.95	17.96	0.050746	00.033
17.95	17.96	0.050763	00.132
17.95	17.96	0.050780	00.230
17.95	17.96	0.050796	00.332
17.95	17.96	0.050813	00.432
17.98	17.96	0.050830	00.529
17.98	17.96	0.050846	00.631
17.98	17.96	0.050863	00.730
17.98	17.96	0.050880	00.830
17.98	17.96	0.050896	00.930
17.98	17.96	0.050913	01.030
17.98	17.96	0.050930	01.130
17.98	17.96	0.050946	01.229
17.98	17.97	0.050963	01.330
17.98	17.97	0.050980	01.429
17.98	17.97	0.050996	01.530
17.98	17.97	0.051013	01.630
17.98	17.97	0.051030	01.730
17.95	17.97	0.051046	01.830
17.95	17.97	0.051063	01.930
17.95	17.97	0.051080	02.030
17.95	17.97	0.051096	02.129
17.95	17.97	0.051113	02.230
17.95	17.97	0.051130	02.329
17.95	17.97	0.051146	02.430
17.95	17.97	0.051163	02.530
17.98	17.98	0.051180	02.630
17.98	17.98	0.051196	02.730
17.98	17.98	0.051213	02.829
17.98	17.98	0.051230	02.930
17.98	17.98	0.051246	03.029
17.98	17.98	0.051263	03.130
17.98	17.98	0.051279	03.230
17.98	17.98	0.051296	03.330
17.98	17.98	0.051313	03.430
17.98	17.98	0.051329	03.530
17.98	17.98	0.051346	03.629
17.98	17.98	0.051363	03.730
17.98	17.98	0.051379	03.830
17.98	17.99	0.051396	03.930
17.98	17.99	0.051413	04.030
17.98	17.99	0.051429	04.130
17.98	17.99	0.051446	04.230
17.98	17.99	0.051463	04.329
17.98	17.99	0.051479	04.430
18.00	17.99	0.051496	04.529
18.00	17.99	0.051513	04.630
18.00	17.99	0.051529	04.730
18.00	17.99	0.051546	04.830
18.00	17.99	0.051563	04.930
18.00	17.99	0.051579	05.030
18.00	17.99	0.051596	05.130
18.00	18.00	0.051613	05.229
18.00	18.00	0.051629	05.330
18.00	18.00	0.051646	05.429
18.00	18.00	0.051663	05.530
18.00	18.00	0.051679	05.630
18.00	18.00	0.051696	05.730
18.00	18.00	0.051713	05.830
18.00	18.00	0.051729	05.959
