100.00	0.00	7.23	30.00	150.00	2.70	97.30	2.30	

20.00	17.00	0.000000	40.017
20.00	17.00	0.000017	40.121
19.92	17.00	0.000033	40.216
19.59	17.00	0.000050	40.317
19.36	17.00	0.000067	40.421
18.82	17.00	0.000083	40.516
18.23	17.00	0.000100	40.616
17.97	17.00	0.000117	40.720
17.48	17.00	0.000133	40.813
17.10	17.00	0.000150	40.916
16.95	17.00	0.000167	41.018
16.77	17.00	0.000183	41.112
16.72	17.00	0.000200	41.217
16.72	17.00	0.000217	41.316
16.82	17.00	0.000233	41.411
16.89	17.00	0.000250	41.515
17.07	17.00	0.000267	41.615
17.25	17.00	0.000283	41.710
17.33	17.00	0.000300	41.815
17.43	17.00	0.000317	41.915
17.43	17.00	0.000333	42.009
17.43	17.00	0.000350	42.114
17.38	17.00	0.000367	42.213
17.28	17.00	0.000383	42.308
17.23	17.00	0.000400	42.412
17.07	17.00	0.000416	42.507
16.95	17.00	0.000433	42.607
16.87	17.00	0.000450	42.711
16.77	17.00	0.000466	42.806
16.69	17.00	0.000483	42.905
16.66	17.00	0.000500	43.010
16.66	17.00	0.000516	43.104
16.66	17.00	0.000533	43.204
16.66	17.00	0.000550	43.308
16.66	17.00	0.000566	43.403
16.66	17.00	0.000583	43.503
16.69	17.00	0.000600	43.607
16.72	17.00	0.000616	43.702
16.74	17.00	0.000633	43.801
16.74	17.00	0.000650	43.906
16.74	17.00	0.000666	44.000
16.77	17.00	0.000683	44.101
16.77	17.00	0.000700	44.204
16.77	17.00	0.000716	44.301
16.77	17.00	0.000733	44.401
16.77	17.00	0.000750	44.503
16.77	17.00	0.000766	44.601
16.77	17.00	0.000783	44.700
16.77	17.00	0.000800	44.802
16.77	17.00	0.000816	44.901
16.77	17.00	0.000833	45.000
16.74	17.00	0.000850	45.101
16.74	17.00	0.000866	45.201
16.74	17.00	0.000883	45.301
16.74	17.00	0.000900	45.401
16.72	17.00	0.000916	45.500
16.72	17.00	0.000933	45.601
16.72	17.00	0.000950	45.700
16.72	17.00	0.000966	45.801
16.72	17.00	0.000983	45.901
16.72	17.00	0.001000	46.001
16.72	17.00	0.001016	46.101
16.72	17.00	0.001033	46.201
16.72	17.00	0.001050	46.301
16.72	17.00	0.001066	46.400
16.72	17.00	0.001083	46.501
16.72	17.00	0.001100	46.600
16.74	17.00	0.001116	46.701
16.74	17.00	0.001133	46.801
16.74	17.00	0.001150	46.901
16.77	17.00	0.001166	47.001
16.77	17.00	0.001183	47.101
16.82	17.00	0.001200	47.200
16.82	17.00	0.001216	47.301
16.82	17.00	0.001233	47.401
16.84	17.00	0.001250	47.501
16.84	17.00	0.001266	47.601
16.87	17.00	0.001283	47.701
16.87	17.00	0.001299	47.801
16.87	17.00	0.001316	47.900
16.89	17.00	0.001333	48.001
16.89	17.00	0.001349	48.100
16.89	17.00	0.001366	48.201
16.89	17.00	0.001383	48.301
16.89	17.00	0.001399	48.401
16.92	17.00	0.001416	48.501
16.92	17.00	0.001433	48.601
16.92	17.00	0.001449	48.701
16.92	17.00	0.001466	48.800
16.92	17.00	0.001483	48.901
16.92	17.00	0.001499	49.000
16.92	17.00	0.001516	49.101
16.92	17.00	0.001533	49.201
16.92	17.00	0.001549	49.301
16.95	17.00	0.001566	49.401
16.95	17.00	0.001583	49.501
16.95	17.00	0.001599	49.600
16.95	17.00	0.001616	49.701
16.95	17.00	0.001633	49.801
16.95	17.00	0.001649	49.925
16.95	17.00	0.001666	50.029
16.95	17.00	0.001683	50.124
16.95	17.00	0.001699	50.224
16.95	17.00	0.001716	50.328
16.95	17.00	0.001733	50.423
16.95	17.00	0.001749	50.522
16.95	17.00	0.001766	50.627
16.95	17.00	0.001783	50.721
16.95	17.00	0.001799	50.821
16.97	17.00	0.001816	50.926
16.97	17.00	0.001833	51.020
16.97	17.00	0.001849	51.120
16.97	17.00	0.001866	51.224
16.97	17.00	0.001883	51.319
16.97	17.00	0.001899	51.418
16.97	17.00	0.001916	51.523
16.97	17.00	0.001933	51.618
16.97	17.00	0.001949	51.717
16.97	17.00	0.001966	51.822
17.00	17.00	0.001983	51.916
17.00	17.00	0.001999	52.016
17.00	17.00	0.002016	52.120
17.00	17.00	0.002033	52.215
17.00	17.00	0.002049	52.316
17.00	17.00	0.002066	52.420
17.00	17.00	0.002082	52.514
17.00	17.00	0.002099	52.616
17.00	17.00	0.002116	52.718
17.00	17.00	0.002132	52.812
17.00	17.00	0.002149	52.916
17.00	17.00	0.002166	53.016
17.00	17.00	0.002182	53.111
17.00	17.00	0.002199	53.216
17.00	17.00	0.002216	53.315
16.97	17.00	0.002232	53.411
16.97	17.00	0.002249	53.515
16.97	17.00	0.002266	53.615
16.97	17.00	0.002282	53.709
16.97	17.00	0.002299	53.814
16.97	17.00	0.002316	53.913
16.97	17.00	0.002332	54.008
16.97	17.00	0.002349	54.113
16.97	17.00	0.002366	54.212
16.97	17.00	0.002382	54.307
16.97	17.00	0.002399	54.411
17.00	17.00	0.002416	54.506
17.00	17.00	0.002432	54.605
17.00	17.00	0.002449	54.710
17.00	17.00	0.002466	54.805
17.00	17.00	0.002482	54.904
17.00	17.00	0.002499	55.009
17.00	17.00	0.002516	55.103
17.00	17.00	0.002532	55.203
17.00	17.00	0.002549	55.307
17.00	17.00	0.002566	55.402
17.00	17.00	0.002582	55.501
17.00	17.00	0.002599	55.606
17.00	17.00	0.002616	55.702
17.00	17.00	0.002632	55.802
17.00	17.00	0.002649	55.905
17.00	17.00	0.002666	56.001
17.00	17.00	0.002682	56.102
17.00	17.00	0.002699	56.203
17.00	17.00	0.002716	56.302
17.00	17.00	0.002732	56.402
17.00	17.00	0.002749	56.503
17.00	17.00	0.002766	56.603
17.00	17.00	0.002782	56.703
17.00	17.00	0.002799	56.802
17.00	17.00	0.002816	56.903
17.00	17.00	0.002832	57.002
17.00	17.00	0.002849	57.103
17.00	17.00	0.002866	57.203
17.00	17.00	0.002882	57.303
17.00	17.00	0.002899	57.403
17.00	17.00	0.002915	57.503
17.00	17.00	0.002932	57.603
17.00	17.00	0.002949	57.702
17.00	17.00	0.002965	57.803
17.00	17.00	0.002982	57.902
17.00	17.00	0.002999	58.003
17.00	17.00	0.003015	58.103
17.00	17.00	0.003032	58.203
17.00	17.00	0.003049	58.303
17.00	17.00	0.003065	58.402
17.00	17.00	0.003082	58.503
17.00	17.00	0.003099	58.602
17.00	17.00	0.003115	58.703
16.97	17.00	0.003132	58.803
16.97	17.00	0.003149	58.903
16.97	17.00	0.003165	59.003
16.97	17.00	0.003182	59.103
16.97	17.00	0.003199	59.203
16.97	17.00	0.003215	59.302
16.97	17.00	0.003232	59.403
17.00	17.00	0.003249	59.503
17.00	17.00	0.003265	59.604
17.00	17.00	0.003282	59.704
17.00	17.00	0.003299	59.804
17.00	17.00	0.003315	59.904
17.00	17.00	0.003332	00.004
17.00	17.00	0.003349	00.104
17.00	17.00	0.003365	00.203
17.00	17.00	0.003382	00.304
17.00	17.00	0.003399	00.403
17.00	17.00	0.003415	00.504
17.00	17.00	0.003432	00.604
17.00	17.00	0.003449	00.704
17.00	17.00	0.003465	00.804
17.00	17.00	0.003482	00.903
17.00	17.00	0.003499	01.003
17.00	17.00	0.003515	01.102
17.00	17.00	0.003532	01.232
17.00	17.00	0.003549	01.326
17.00	17.00	0.003565	01.431
17.00	17.00	0.003582	01.526
17.00	17.00	0.003599	01.625
17.00	17.00	0.003615	01.730
17.00	17.00	0.003632	01.824
17.00	17.00	0.003649	01.924
17.00	17.00	0.003665	02.028
17.00	17.00	0.003682	02.123
17.00	17.00	0.003699	02.223
17.00	17.00	0.003715	02.327
17.00	17.00	0.003732	02.422
17.00	17.00	0.003748	02.521
17.00	17.00	0.003765	02.626
17.00	17.00	0.003782	02.720
17.00	17.00	0.003798	02.820
17.00	17.00	0.003815	02.924
17.00	17.00	0.003832	03.019
17.00	17.00	0.003848	03.119
17.00	17.00	0.003865	03.223
17.00	17.00	0.003882	03.318
17.00	17.00	0.003898	03.417
17.00	17.00	0.003915	03.522
17.00	17.00	0.003932	03.617
17.00	17.00	0.003948	03.716
17.00	17.00	0.003965	03.821
17.00	17.00	0.003982	03.915
17.00	17.00	0.003998	04.016
17.00	17.00	0.004015	04.119
17.00	17.00	0.004032	04.214
17.00	17.00	0.004048	04.315
17.00	17.00	0.004065	04.419
17.00	17.00	0.004082	04.512
17.00	17.00	0.004098	04.615
17.00	17.00	0.004115	04.718
16.97	17.00	0.004132	04.811
16.97	17.00	0.004148	04.915
16.97	17.00	0.004165	05.016
16.97	17.00	0.004182	05.111
16.97	17.00	0.004198	05.215
16.97	17.00	0.004215	05.315
17.00	17.00	0.004232	05.410
17.00	17.00	0.004248	05.514
17.00	17.00	0.004265	05.614
17.00	17.00	0.004282	05.708
17.00	17.00	0.004298	05.813
17.00	17.00	0.004315	05.912
17.00	17.00	0.004332	06.007
17.00	17.00	0.004348	06.111
17.00	17.00	0.004365	06.211
17.00	17.00	0.004382	06.306
17.00	17.00	0.004398	06.410
17.00	17.00	0.004415	06.505
17.00	17.00	0.004432	06.604
17.00	17.00	0.004448	06.709
17.00	17.00	0.004465	06.804
17.00	17.00	0.004482	06.905
17.00	17.00	0.004498	07.008
17.00	17.00	0.004515	07.105
17.00	17.00	0.004532	07.205
17.00	17.00	0.004548	07.306
17.00	17.00	0.004565	07.405
17.00	17.00	0.004581	07.504
17.02	17.00	0.004598	07.605
17.02	17.00	0.004615	07.704
17.02	17.00	0.004631	07.805
17.02	17.00	0.004648	07.905
17.02	17.00	0.004665	08.005
17.00	17.00	0.004681	08.105
17.00	17.00	0.004698	08.204
17.00	17.00	0.004715	08.305
17.00	17.00	0.004731	08.404
17.00	17.00	0.004748	08.505
17.00	17.00	0.004765	08.605
17.00	17.00	0.004781	08.705
17.00	17.00	0.004798	08.805
17.00	17.00	0.004815	08.905
17.00	17.00	0.004831	09.004
17.00	17.00	0.004848	09.105
17.00	17.00	0.004865	09.204
17.00	17.00	0.004881	09.305
17.00	17.00	0.004898	09.405
17.00	17.00	0.004915	09.505
17.00	17.00	0.004931	09.605
17.00	17.00	0.004948	09.705
17.00	17.00	0.004965	09.805
17.00	17.00	0.004981	09.904
17.00	17.00	0.004998	10.005
17.00	17.00	0.005015	10.104
17.00	17.00	0.005031	10.205
17.00	17.00	0.005048	10.305
17.00	17.00	0.005065	10.405
17.00	17.00	0.005081	10.505
17.00	17.00	0.005098	10.604
17.00	17.00	0.005115	10.705
17.00	17.00	0.005131	10.804
17.00	17.00	0.005148	10.905
17.00	17.00	0.005165	11.005
17.00	17.00	0.005181	11.105
17.00	17.00	0.005198	11.205
16.97	17.00	0.005215	11.305
16.97	17.00	0.005231	11.405
16.97	17.00	0.005248	11.504
16.97	17.00	0.005265	11.605
16.97	17.00	0.005281	11.704
16.97	17.00	0.005298	11.805
17.00	17.00	0.005315	11.905
17.00	17.00	0.005331	12.005
17.00	17.00	0.005348	12.105
17.00	17.00	0.005365	12.205
17.00	17.00	0.005381	12.305
17.00	17.00	0.005398	12.404
17.00	17.00	0.005414	12.505
17.00	17.00	0.005431	12.633
17.00	17.00	0.005448	12.728
17.00	17.00	0.005464	12.832
17.00	17.00	0.005481	12.932
17.00	17.00	0.005498	13.027
17.00	17.00	0.005514	13.131
17.00	17.00	0.005531	13.231
17.00	17.00	0.005548	13.325
17.00	17.00	0.005564	13.430
17.00	17.00	0.005581	13.524
17.00	17.00	0.005598	13.624
17.00	17.00	0.005614	13.729
17.00	17.00	0.005631	13.823
17.00	17.00	0.005648	13.923
17.00	17.00	0.005664	14.027
17.00	17.00	0.005681	14.122
17.00	17.00	0.005698	14.221
17.00	17.00	0.005714	14.326
17.00	17.00	0.005731	14.421
17.00	17.00	0.005748	14.520
17.00	17.00	0.005764	14.625
17.00	17.00	0.005781	14.719
17.00	17.00	0.005798	14.819
17.00	17.00	0.005814	14.923
17.00	17.00	0.005831	15.018
17.00	17.00	0.005848	15.118
17.00	17.00	0.005864	15.223
17.00	17.00	0.005881	15.317
17.00	17.00	0.005898	15.417
17.00	17.00	0.005914	15.521
17.00	17.00	0.005931	15.616
17.00	17.00	0.005948	15.715
17.00	17.00	0.005964	15.820
17.00	17.00	0.005981	15.915
17.00	17.00	0.005998	16.014
17.00	17.00	0.006014	16.119
17.00	17.00	0.006031	16.213
17.00	17.00	0.006048	16.314
17.00	17.00	0.006064	16.417
17.00	17.00	0.006081	16.512
17.00	17.00	0.006098	16.614
17.00	17.00	0.006114	16.716
17.00	17.00	0.006131	16.811
17.00	17.00	0.006148	16.914
17.00	17.00	0.006164	17.015
17.00	17.00	0.006181	17.109
17.00	17.00	0.006198	17.214
17.00	17.00	0.006214	17.313
17.00	17.00	0.006231	17.408
17.00	17.00	0.006247	17.513
17.00	17.00	0.006264	17.612
17.00	17.00	0.006281	17.707
17.00	17.00	0.006297	17.811
17.00	17.00	0.006314	17.911
17.00	17.00	0.006331	18.005
17.00	17.00	0.006347	18.110
17.00	17.00	0.006364	18.209
17.00	17.00	0.006381	18.306
17.00	17.00	0.006397	18.409
17.00	17.00	0.006414	18.509
17.00	17.00	0.006431	18.606
17.00	17.00	0.006447	18.707
17.00	17.00	0.006464	18.810
17.00	17.00	0.006481	18.905
17.00	17.00	0.006497	19.006
17.00	17.00	0.006514	19.109
17.00	17.00	0.006531	19.206
17.00	17.00	0.006547	19.306
17.00	17.00	0.006564	19.409
17.00	17.00	0.006581	19.506
17.00	17.00	0.006597	19.605
17.00	17.00	0.006614	19.710
17.00	17.00	0.006631	19.805
17.00	17.00	0.006647	19.906
17.00	17.00	0.006664	20.010
17.00	17.00	0.006681	20.106
17.00	17.00	0.006697	20.206
17.00	17.00	0.006714	20.309
17.00	17.00	0.006731	20.406
17.00	17.00	0.006747	20.505
17.00	17.00	0.006764	20.609
17.00	17.00	0.006781	20.705
17.00	17.00	0.006797	20.806
17.00	17.00	0.006814	20.910
17.00	17.00	0.006831	21.006
17.00	17.00	0.006847	21.106
17.00	17.00	0.006864	21.209
17.00	17.00	0.006881	21.306
17.00	17.00	0.006897	21.405
17.00	17.00	0.006914	21.509
17.00	17.00	0.006931	21.605
17.00	17.00	0.006947	21.706
17.00	17.00	0.006964	21.810
17.00	17.00	0.006981	21.906
17.00	17.00	0.006997	22.006
17.00	17.00	0.007014	22.109
17.00	17.00	0.007031	22.206
17.00	17.00	0.007047	22.305
17.00	17.00	0.007064	22.409
17.00	17.00	0.007080	22.506
17.00	17.00	0.007097	22.606
17.00	17.00	0.007114	22.710
17.00	17.00	0.007130	22.806
17.00	17.00	0.007147	22.906
17.00	17.00	0.007164	23.009
17.00	17.00	0.007180	23.106
17.00	17.00	0.007197	23.205
17.00	17.00	0.007214	23.309
17.00	17.00	0.007230	23.406
16.97	17.00	0.007247	23.506
16.97	17.00	0.007264	23.609
16.97	17.00	0.007280	23.706
16.97	17.00	0.007297	23.806
16.97	17.00	0.007314	23.909
16.97	17.00	0.007330	24.006
17.00	17.00	0.007347	24.105
17.00	17.00	0.007364	24.209
17.00	17.00	0.007380	24.334
17.00	17.00	0.007397	24.429
17.00	17.00	0.007414	24.534
17.00	17.00	0.007430	24.633
17.00	17.00	0.007447	24.728
17.00	17.00	0.007464	24.832
17.00	17.00	0.007480	24.932
17.00	17.00	0.007497	25.026
17.00	17.00	0.007514	25.131
17.00	17.00	0.007530	25.231
17.00	17.00	0.007547	25.325
17.00	17.00	0.007564	25.430
17.00	17.00	0.007580	25.529
17.00	17.00	0.007597	25.624
17.00	17.00	0.007614	25.728
17.00	17.00	0.007630	25.823
17.00	17.00	0.007647	25.922
17.00	17.00	0.007664	26.027
17.00	17.00	0.007680	26.122
17.00	17.00	0.007697	26.221
17.02	17.00	0.007714	26.326
17.02	17.00	0.007730	26.420
17.02	17.00	0.007747	26.520
17.02	17.00	0.007764	26.624
17.02	17.00	0.007780	26.719
17.02	17.00	0.007797	26.819
17.02	17.00	0.007814	26.923
17.00	17.00	0.007830	27.018
17.00	17.00	0.007847	27.117
17.00	17.00	0.007864	27.222
17.00	17.00	0.007880	27.316
17.00	17.00	0.007897	27.415
17.00	17.00	0.007913	27.520
17.00	17.00	0.007930	27.615
17.00	17.00	0.007947	27.714
17.00	17.00	0.007963	27.819
17.00	17.00	0.007980	27.913
17.00	17.00	0.007997	28.013
17.00	17.00	0.008013	28.117
17.00	17.00	0.008030	28.212
17.00	17.00	0.008047	28.313
17.00	17.00	0.008063	28.416
17.00	17.00	0.008080	28.511
17.00	17.00	0.008097	28.613
17.00	17.00	0.008113	28.715
17.00	17.00	0.008130	28.809
17.00	17.00	0.008147	28.913
17.00	17.00	0.008163	29.014
17.00	17.00	0.008180	29.108
17.00	17.00	0.008197	29.213
17.00	17.00	0.008213	29.313
16.97	17.00	0.008230	29.409
16.97	17.00	0.008247	29.512
16.97	17.00	0.008263	29.612
16.97	17.00	0.008280	29.708
16.97	17.00	0.008297	29.811
16.97	17.00	0.008313	29.910
17.00	17.00	0.008330	30.009
17.00	17.00	0.008347	30.110
17.00	17.00	0.008363	30.209
17.00	17.00	0.008380	30.309
17.00	17.00	0.008397	30.409
17.00	17.00	0.008413	30.509
17.00	17.00	0.008430	30.609
17.00	17.00	0.008447	30.709
17.00	17.00	0.008463	30.808
17.00	17.00	0.008480	30.909
17.00	17.00	0.008497	31.008
17.00	17.00	0.008513	31.109
17.00	17.00	0.008530	31.209
17.00	17.00	0.008547	31.309
17.00	17.00	0.008563	31.409
17.00	17.00	0.008580	31.508
17.00	17.00	0.008597	31.609
17.00	17.00	0.008613	31.708
17.00	17.00	0.008630	31.809
17.00	17.00	0.008647	31.909
17.00	17.00	0.008663	32.009
17.00	17.00	0.008680	32.109
17.00	17.00	0.008697	32.209
17.02	17.00	0.008713	32.309
17.02	17.00	0.008730	32.408
17.02	17.00	0.008746	32.509
17.02	17.00	0.008763	32.608
17.02	17.00	0.008780	32.709
17.00	17.00	0.008796	32.809
17.00	17.00	0.008813	32.909
17.00	17.00	0.008830	33.009
17.00	17.00	0.008846	33.109
17.00	17.00	0.008863	33.209
17.00	17.00	0.008880	33.308
17.00	17.00	0.008896	33.409
17.00	17.00	0.008913	33.508
17.00	17.00	0.008930	33.609
17.00	17.00	0.008946	33.709
17.00	17.00	0.008963	33.809
17.00	17.00	0.008980	33.909
17.00	17.00	0.008996	34.008
17.00	17.00	0.009013	34.109
17.00	17.00	0.009030	34.208
17.00	17.00	0.009046	34.309
17.00	17.00	0.009063	34.409
17.00	17.00	0.009080	34.509
17.00	17.00	0.009096	34.609
17.00	17.00	0.009113	34.709
17.00	17.00	0.009130	34.809
17.00	17.00	0.009146	34.908
17.00	17.00	0.009163	35.009
17.00	17.00	0.009180	35.108
17.00	17.00	0.009196	35.233
17.00	17.00	0.009213	35.332
17.00	17.00	0.009230	35.437
17.00	17.00	0.009246	35.532
17.00	17.00	0.009263	35.632
17.00	17.00	0.009280	35.736
17.00	17.00	0.009296	35.830
17.00	17.00	0.009313	35.932
17.00	17.00	0.009330	36.034
17.00	17.00	0.009346	36.129
17.00	17.00	0.009363	36.233
17.00	17.00	0.009380	36.333
17.00	17.00	0.009396	36.428
17.00	17.00	0.009413	36.532
17.00	17.00	0.009430	36.632
17.00	17.00	0.009446	36.726
17.00	17.00	0.009463	36.831
17.00	17.00	0.009480	36.930
17.00	17.00	0.009496	37.025
17.00	17.00	0.009513	37.130
17.00	17.00	0.009530	37.229
17.00	17.00	0.009546	37.324
17.00	17.00	0.009563	37.428
17.00	17.00	0.009579	37.528
17.00	17.00	0.009596	37.622
17.00	17.00	0.009613	37.727
17.00	17.00	0.009629	37.822
17.00	17.00	0.009646	37.921
16.97	17.00	0.009663	38.026
16.97	17.00	0.009679	38.120
16.97	17.00	0.009696	38.220
16.97	17.00	0.009713	38.324
17.00	17.00	0.009729	38.419
17.00	17.00	0.009746	38.518
17.00	17.00	0.009763	38.623
17.00	17.00	0.009779	38.718
17.00	17.00	0.009796	38.817
17.00	17.00	0.009813	38.922
17.00	17.00	0.009829	39.017
17.00	17.00	0.009846	39.116
17.00	17.00	0.009863	39.221
17.00	17.00	0.009879	39.315
17.00	17.00	0.009896	39.415
17.00	17.00	0.009913	39.520
17.00	17.00	0.009929	39.614
17.00	17.00	0.009946	39.714
17.00	17.00	0.009963	39.818
17.00	17.00	0.009979	39.913
17.00	17.00	0.009996	40.012
17.00	17.00	0.010013	40.117
17.00	17.00	0.010029	40.212
17.00	17.00	0.010046	40.311
17.00	17.00	0.010063	40.416
17.00	17.00	0.010079	40.510
17.00	17.00	0.010096	40.611
17.00	17.00	0.010113	40.714
17.00	17.00	0.010129	40.810
17.00	17.00	0.010146	40.912
17.00	17.00	0.010163	41.013
17.00	17.00	0.010179	41.110
17.00	17.00	0.010196	41.211
17.00	17.00	0.010213	41.312
17.00	17.00	0.010229	41.409
17.00	17.00	0.010246	41.511
17.00	17.00	0.010263	41.611
17.00	17.00	0.010279	41.710
17.00	17.00	0.010296	41.810
17.00	17.00	0.010313	41.910
17.00	17.00	0.010329	42.010
17.00	17.00	0.010346	42.109
17.00	17.00	0.010363	42.210
17.00	17.00	0.010379	42.309
17.00	17.00	0.010396	42.410
17.00	17.00	0.010412	42.510
17.00	17.00	0.010429	42.610
17.00	17.00	0.010446	42.710
17.00	17.00	0.010462	42.810
17.02	17.00	0.010479	42.910
17.02	17.00	0.010496	43.009
17.02	17.00	0.010512	43.110
17.02	17.00	0.010529	43.210
17.02	17.00	0.010546	43.310
17.00	17.00	0.010562	43.410
17.00	17.00	0.010579	43.510
17.00	17.00	0.010596	43.610
17.00	17.00	0.010612	43.709
17.00	17.00	0.010629	43.810
17.00	17.00	0.010646	43.909
17.00	17.00	0.010662	44.010
17.00	17.00	0.010679	44.110
17.00	17.00	0.010696	44.210
17.00	17.00	0.010712	44.310
17.00	17.00	0.010729	44.410
17.00	17.00	0.010746	44.510
17.00	17.00	0.010762	44.609
17.00	17.00	0.010779	44.710
17.00	17.00	0.010796	44.809
17.00	17.00	0.010812	44.910
17.00	17.00	0.010829	45.010
17.00	17.00	0.010846	45.110
17.00	17.00	0.010862	45.210
17.00	17.00	0.010879	45.310
17.00	17.00	0.010896	45.410
17.00	17.00	0.010912	45.509
16.97	17.00	0.010929	45.610
16.97	17.00	0.010946	45.709
16.97	17.00	0.010962	45.809
16.97	17.00	0.010979	45.910
16.97	17.00	0.010996	46.010
17.00	17.00	0.011012	46.110
17.00	17.00	0.011029	46.210
17.00	17.00	0.011046	46.310
17.00	17.00	0.011062	46.410
17.00	17.00	0.011079	46.509
17.00	17.00	0.011096	46.610
17.00	17.00	0.011112	46.709
17.00	17.00	0.011129	46.839
17.00	17.00	0.011146	46.933
17.00	17.00	0.011162	47.033
17.00	17.00	0.011179	47.138
17.00	17.00	0.011196	47.232
17.00	17.00	0.011212	47.332
17.00	17.00	0.011229	47.436
17.00	17.00	0.011245	47.531
17.00	17.00	0.011262	47.630
17.00	17.00	0.011279	47.735
17.00	17.00	0.011295	47.829
17.00	17.00	0.011312	47.931
17.00	17.00	0.011329	48.034
17.00	17.00	0.011345	48.128
17.00	17.00	0.011362	48.231
17.00	17.00	0.011379	48.332
17.00	17.00	0.011395	48.427
17.00	17.00	0.011412	48.530
17.00	17.00	0.011429	48.631
17.00	17.00	0.011445	48.726
17.00	17.00	0.011462	48.830
17.00	17.00	0.011479	48.930
17.00	17.00	0.011495	49.024
17.00	17.00	0.011512	49.129
17.00	17.00	0.011529	49.228
17.00	17.00	0.011545	49.323
17.00	17.00	0.011562	49.427
17.00	17.00	0.011579	49.527
17.00	17.00	0.011595	49.622
17.00	17.00	0.011612	49.726
17.00	17.00	0.011629	49.821
17.00	17.00	0.011645	49.920
17.02	17.00	0.011662	50.025
17.02	17.00	0.011679	50.119
17.02	17.00	0.011695	50.219
17.02	17.00	0.011712	50.324
17.02	17.00	0.011729	50.418
17.00	17.00	0.011745	50.518
17.00	17.00	0.011762	50.622
17.00	17.00	0.011779	50.717
17.00	17.00	0.011795	50.816
17.00	17.00	0.011812	50.921
17.00	17.00	0.011829	51.016
17.00	17.00	0.011845	51.115
17.00	17.00	0.011862	51.220
17.00	17.00	0.011879	51.314
17.00	17.00	0.011895	51.414
17.00	17.00	0.011912	51.518
17.00	17.00	0.011929	51.613
17.00	17.00	0.011945	51.712
17.00	17.00	0.011962	51.817
17.00	17.00	0.011979	51.912
17.00	17.00	0.011995	52.012
17.00	17.00	0.012012	52.116
17.00	17.00	0.012029	52.212
17.00	17.00	0.012045	52.312
17.00	17.00	0.012062	52.414
17.00	17.00	0.012078	52.512
17.00	17.00	0.012095	52.612
17.00	17.00	0.012112	52.713
17.00	17.00	0.012128	52.812
17.00	17.00	0.012145	52.912
17.00	17.00	0.012162	53.012
17.00	17.00	0.012178	53.111
16.97	17.00	0.012195	53.212
16.97	17.00	0.012212	53.311
16.97	17.00	0.012228	53.412
16.97	17.00	0.012245	53.512
17.00	17.00	0.012262	53.612
17.00	17.00	0.012278	53.712
17.00	17.00	0.012295	53.812
17.00	17.00	0.012312	53.912
17.00	17.00	0.012328	54.011
17.00	17.00	0.012345	54.112
17.00	17.00	0.012362	54.211
17.00	17.00	0.012378	54.312
17.00	17.00	0.012395	54.412
17.00	17.00	0.012412	54.512
17.00	17.00	0.012428	54.612
17.00	17.00	0.012445	54.711
17.00	17.00	0.012462	54.812
17.00	17.00	0.012478	54.911
17.00	17.00	0.012495	55.012
17.00	17.00	0.012512	55.112
17.00	17.00	0.012528	55.212
17.00	17.00	0.012545	55.312
17.00	17.00	0.012562	55.412
17.00	17.00	0.012578	55.512
17.00	17.00	0.012595	55.611
17.00	17.00	0.012612	55.712
17.00	17.00	0.012628	55.811
17.00	17.00	0.012645	55.912
17.00	17.00	0.012662	56.012
17.00	17.00	0.012678	56.112
17.00	17.00	0.012695	56.212
17.00	17.00	0.012712	56.311
17.00	17.00	0.012728	56.412
17.00	17.00	0.012745	56.511
17.00	17.00	0.012762	56.612
17.00	17.00	0.012778	56.712
17.00	17.00	0.012795	56.812
17.02	17.00	0.012812	56.912
17.02	17.00	0.012828	57.012
17.02	17.00	0.012845	57.112
17.02	17.00	0.012862	57.211
17.02	17.00	0.012878	57.312
17.00	17.00	0.012895	57.411
17.00	17.00	0.012911	57.512
17.00	17.00	0.012928	57.612
17.00	17.00	0.012945	57.712
17.00	17.00	0.012961	57.812
17.00	17.00	0.012978	57.941
17.00	17.00	0.012995	58.036
17.00	17.00	0.013011	58.135
17.00	17.00	0.013028	58.240
17.00	17.00	0.013045	58.334
17.00	17.00	0.013061	58.434
17.00	17.00	0.013078	58.538
17.00	17.00	0.013095	58.633
17.00	17.00	0.013111	58.733
17.00	17.00	0.013128	58.837
17.00	17.00	0.013145	58.932
17.00	17.00	0.013161	59.031
17.00	17.00	0.013178	59.136
17.00	17.00	0.013195	59.230
17.00	17.00	0.013211	59.330
17.00	17.00	0.013228	59.435
17.00	17.00	0.013245	59.529
17.00	17.00	0.013261	59.630
17.00	17.00	0.013278	59.733
17.00	17.00	0.013295	59.828
17.00	17.00	0.013311	59.929
17.00	17.00	0.013328	00.032
17.00	17.00	0.013345	00.126
17.00	17.00	0.013361	00.229
17.00	17.00	0.013378	00.331
17.00	17.00	0.013395	00.425
17.00	17.00	0.013411	00.529
17.00	17.00	0.013428	00.629
17.00	17.00	0.013445	00.724
17.00	17.00	0.013461	00.829
17.00	17.00	0.013478	00.928
17.00	17.00	0.013495	01.024
17.00	17.00	0.013511	01.128
16.97	17.00	0.013528	01.228
16.97	17.00	0.013545	01.322
16.97	17.00	0.013561	01.427
16.97	17.00	0.013578	01.526
16.97	17.00	0.013595	01.621
16.97	17.00	0.013611	01.725
17.00	17.00	0.013628	01.825
17.00	17.00	0.013645	01.920
17.00	17.00	0.013661	02.024
17.00	17.00	0.013678	02.119
17.00	17.00	0.013695	02.218
17.00	17.00	0.013711	02.323
17.00	17.00	0.013728	02.417
17.00	17.00	0.013744	02.517
17.00	17.00	0.013761	02.622
17.00	17.00	0.013778	02.716
17.00	17.00	0.013794	02.816
17.00	17.00	0.013811	02.920
17.00	17.00	0.013828	03.015
17.00	17.00	0.013844	03.114
17.00	17.00	0.013861	03.219
17.02	17.00	0.013878	03.313
17.02	17.00	0.013894	03.413
17.02	17.00	0.013911	03.518
17.02	17.00	0.013928	03.613
17.02	17.00	0.013944	03.713
17.02	17.00	0.013961	03.816
17.02	17.00	0.013978	03.913
17.00	17.00	0.013994	04.012
17.00	17.00	0.014011	04.115
17.00	17.00	0.014028	04.213
17.00	17.00	0.014044	04.313
17.00	17.00	0.014061	04.414
17.00	17.00	0.014078	04.513
17.00	17.00	0.014094	04.613
17.00	17.00	0.014111	04.713
17.00	17.00	0.014128	04.812
17.00	17.00	0.014144	04.913
17.00	17.00	0.014161	05.013
17.00	17.00	0.014178	05.113
17.00	17.00	0.014194	05.213
17.00	17.00	0.014211	05.313
17.00	17.00	0.014228	05.413
17.00	17.00	0.014244	05.512
17.00	17.00	0.014261	05.613
17.00	17.00	0.014278	05.712
17.00	17.00	0.014294	05.813
17.00	17.00	0.014311	05.913
17.00	17.00	0.014328	06.013
17.00	17.00	0.014344	06.113
17.00	17.00	0.014361	06.212
17.00	17.00	0.014378	06.313
17.00	17.00	0.014394	06.412
17.00	17.00	0.014411	06.513
17.00	17.00	0.014428	06.613
17.00	17.00	0.014444	06.713
17.00	17.00	0.014461	06.813
17.00	17.00	0.014478	06.913
17.00	17.00	0.014494	07.013
17.00	17.00	0.014511	07.112
17.00	17.00	0.014528	07.213
17.00	17.00	0.014544	07.313
17.00	17.00	0.014561	07.414
17.00	17.00	0.014577	07.514
17.00	17.00	0.014594	07.614
17.00	17.00	0.014611	07.714
17.00	17.00	0.014627	07.814
17.00	17.00	0.014644	07.913
17.00	17.00	0.014661	08.014
17.00	17.00	0.014677	08.113
17.00	17.00	0.014694	08.214
17.00	17.00	0.014711	08.314
17.00	17.00	0.014727	08.414
17.00	17.00	0.014744	08.514
17.00	17.00	0.014761	08.614
17.00	17.00	0.014777	08.714
17.00	17.00	0.014794	08.813
17.00	17.00	0.014811	08.914
17.00	17.00	0.014827	09.013
17.00	17.00	0.014844	09.114
17.00	17.00	0.014861	09.214
17.00	17.00	0.014877	09.343
17.00	17.00	0.014894	09.438
17.00	17.00	0.014911	09.537
17.00	17.00	0.014927	09.642
17.00	17.00	0.014944	09.736
17.00	17.00	0.014961	09.836
17.00	17.00	0.014977	09.940
17.00	17.00	0.014994	10.035
17.00	17.00	0.015011	10.135
17.00	17.00	0.015027	10.239
17.00	17.00	0.015044	10.334
17.00	17.00	0.015061	10.433
17.00	17.00	0.015077	10.538
17.00	17.00	0.015094	10.632
17.00	17.00	0.015111	10.732
17.00	17.00	0.015127	10.836
17.00	17.00	0.015144	10.931
17.00	17.00	0.015161	11.031
17.00	17.00	0.015177	11.135
17.00	17.00	0.015194	11.230
17.00	17.00	0.015211	11.329
17.00	17.00	0.015227	11.434
17.00	17.00	0.015244	11.528
17.00	17.00	0.015261	11.628
17.00	17.00	0.015277	11.733
17.00	17.00	0.015294	11.827
17.00	17.00	0.015311	11.928
17.00	17.00	0.015327	12.031
17.00	17.00	0.015344	12.126
17.00	17.00	0.015361	12.228
17.00	17.00	0.015377	12.330
17.00	17.00	0.015394	12.424
16.97	17.00	0.015410	12.528
16.97	17.00	0.015427	12.629
16.97	17.00	0.015444	12.723
16.97	17.00	0.015460	12.828
16.97	17.00	0.015477	12.927
17.00	17.00	0.015494	13.022
17.00	17.00	0.015510	13.126
17.00	17.00	0.015527	13.226
17.00	17.00	0.015544	13.321
17.00	17.00	0.015560	13.425
17.00	17.00	0.015577	13.525
17.00	17.00	0.015594	13.619
17.00	17.00	0.015610	13.724
17.00	17.00	0.015627	13.823
17.00	17.00	0.015644	13.918
17.00	17.00	0.015660	14.022
17.00	17.00	0.015677	14.117
17.00	17.00	0.015694	14.217
17.00	17.00	0.015710	14.321
17.00	17.00	0.015727	14.416
17.00	17.00	0.015744	14.515
17.00	17.00	0.015760	14.620
17.00	17.00	0.015777	14.714
17.00	17.00	0.015794	14.814
17.00	17.00	0.015810	14.918
17.02	17.00	0.015827	15.014
17.02	17.00	0.015844	15.114
17.02	17.00	0.015860	15.218
17.02	17.00	0.015877	15.314
17.02	17.00	0.015894	15.413
17.02	17.00	0.015910	15.517
17.02	17.00	0.015927	15.613
17.00	17.00	0.015944	15.714
17.00	17.00	0.015960	15.816
17.00	17.00	0.015977	15.914
17.00	17.00	0.015994	16.014
17.00	17.00	0.016010	16.114
17.00	17.00	0.016027	16.214
17.00	17.00	0.016044	16.313
17.00	17.00	0.016060	16.414
17.00	17.00	0.016077	16.513
17.00	17.00	0.016094	16.614
17.00	17.00	0.016110	16.714
17.00	17.00	0.016127	16.814
17.00	17.00	0.016144	16.914
17.00	17.00	0.016160	17.014
17.00	17.00	0.016177	17.114
17.00	17.00	0.016194	17.213
17.00	17.00	0.016210	17.314
17.00	17.00	0.016227	17.413
17.00	17.00	0.016244	17.514
17.00	17.00	0.016260	17.614
17.00	17.00	0.016277	17.714
17.00	17.00	0.016293	17.814
17.00	17.00	0.016310	17.913
17.00	17.00	0.016327	18.014
17.00	17.00	0.016343	18.113
17.00	17.00	0.016360	18.214
17.00	17.00	0.016377	18.314
17.00	17.00	0.016393	18.414
17.00	17.00	0.016410	18.514
17.00	17.00	0.016427	18.614
17.00	17.00	0.016443	18.714
17.00	17.00	0.016460	18.813
17.00	17.00	0.016477	18.914
17.00	17.00	0.016493	19.014
17.00	17.00	0.016510	19.115
17.00	17.00	0.016527	19.215
17.00	17.00	0.016543	19.315
17.00	17.00	0.016560	19.415
16.97	17.00	0.016577	19.515
16.97	17.00	0.016593	19.615
16.97	17.00	0.016610	19.714
16.97	17.00	0.016627	19.815
16.97	17.00	0.016643	19.914
16.97	17.00	0.016660	20.015
17.00	17.00	0.016677	20.115
17.00	17.00	0.016693	20.215
17.00	17.00	0.016710	20.315
17.00	17.00	0.016727	20.415
17.00	17.00	0.016743	20.515
17.00	17.00	0.016760	20.614
17.00	17.00	0.016777	20.715
17.00	17.00	0.016793	20.814
17.00	17.00	0.016810	20.939
17.00	17.00	0.016827	21.043
17.00	17.00	0.016843	21.143
17.00	17.00	0.016860	21.238
17.00	17.00	0.016877	21.342
17.00	17.00	0.016893	21.437
17.02	17.00	0.016910	21.536
17.02	17.00	0.016927	21.641
17.02	17.00	0.016943	21.735
17.02	17.00	0.016960	21.835
17.02	17.00	0.016977	21.940
17.02	17.00	0.016993	22.034
17.02	17.00	0.017010	22.134
17.00	17.00	0.017027	22.238
17.00	17.00	0.017043	22.333
17.00	17.00	0.017060	22.432
17.00	17.00	0.017077	22.537
17.00	17.00	0.017093	22.631
17.00	17.00	0.017110	22.731
17.00	17.00	0.017126	22.836
17.00	17.00	0.017143	22.930
17.00	17.00	0.017160	23.030
17.00	17.00	0.017176	23.134
17.00	17.00	0.017193	23.229
17.00	17.00	0.017210	23.328
17.00	17.00	0.017226	23.433
17.00	17.00	0.017243	23.528
17.00	17.00	0.017260	23.627
17.00	17.00	0.017276	23.732
17.00	17.00	0.017293	23.826
17.00	17.00	0.017310	23.927
17.00	17.00	0.017326	24.030
17.00	17.00	0.017343	24.125
17.00	17.00	0.017360	24.226
17.00	17.00	0.017376	24.329
17.00	17.00	0.017393	24.424
17.00	17.00	0.017410	24.526
17.00	17.00	0.017426	24.628
17.00	17.00	0.017443	24.722
17.00	17.00	0.017460	24.827
17.00	17.00	0.017476	24.926
17.00	17.00	0.017493	25.021
17.00	17.00	0.017510	25.126
17.00	17.00	0.017526	25.225
17.00	17.00	0.017543	25.321
17.00	17.00	0.017560	25.424
17.00	17.00	0.017576	25.524
17.00	17.00	0.017593	25.620
17.00	17.00	0.017610	25.723
17.00	17.00	0.017626	25.822
17.00	17.00	0.017643	25.921
17.00	17.00	0.017660	26.022
17.00	17.00	0.017676	26.122
17.00	17.00	0.017693	26.221
17.00	17.00	0.017710	26.321
17.00	17.00	0.017726	26.422
17.00	17.00	0.017743	26.521
17.00	17.00	0.017760	26.620
17.00	17.00	0.017776	26.722
17.00	17.00	0.017793	26.821
17.00	17.00	0.017810	26.921
16.97	17.00	0.017826	27.022
16.97	17.00	0.017843	27.121
16.97	17.00	0.017860	27.220
16.97	17.00	0.017876	27.322
16.97	17.00	0.017893	27.420
17.00	17.00	0.017910	27.521
17.00	17.00	0.017926	27.622
17.00	17.00	0.017943	27.721
17.00	17.00	0.017959	27.822
17.00	17.00	0.017976	27.922
17.00	17.00	0.017993	28.022
17.00	17.00	0.018009	28.122
17.00	17.00	0.018026	28.222
17.00	17.00	0.018043	28.322
17.00	17.00	0.018059	28.422
17.00	17.00	0.018076	28.522
17.00	17.00	0.018093	28.622
17.00	17.00	0.018109	28.722
17.00	17.00	0.018126	28.822
17.00	17.00	0.018143	28.922
17.02	17.00	0.018159	29.022
17.02	17.00	0.018176	29.122
17.02	17.00	0.018193	29.222
17.02	17.00	0.018209	29.322
17.02	17.00	0.018226	29.422
17.00	17.00	0.018243	29.522
17.00	17.00	0.018259	29.622
17.00	17.00	0.018276	29.721
17.00	17.00	0.018293	29.822
17.00	17.00	0.018309	29.922
17.00	17.00	0.018326	30.022
17.00	17.00	0.018343	30.122
17.00	17.00	0.018359	30.222
17.00	17.00	0.018376	30.322
17.00	17.00	0.018393	30.421
17.00	17.00	0.018409	30.522
17.00	17.00	0.018426	30.621
17.00	17.00	0.018443	30.722
17.00	17.00	0.018459	30.822
17.00	17.00	0.018476	30.946
17.00	17.00	0.018493	31.021
17.00	17.00	0.018509	31.120
17.00	17.00	0.018526	31.222
17.00	17.00	0.018543	31.349
17.00	17.00	0.018559	31.444
17.00	17.00	0.018576	31.522
17.00	17.00	0.018593	31.648
17.00	17.00	0.018609	31.743
17.00	17.00	0.018626	31.846
17.00	17.00	0.018643	31.947
17.00	17.00	0.018659	32.041
17.00	17.00	0.018676	32.121
17.00	17.00	0.018693	32.246
17.00	17.00	0.018709	32.340
17.00	17.00	0.018726	32.445
17.00	17.00	0.018743	32.545
17.00	17.00	0.018759	32.639
17.00	17.00	0.018776	32.744
17.00	17.00	0.018792	32.843
17.00	17.00	0.018809	32.938
17.00	17.00	0.018826	33.042
17.00	17.00	0.018842	33.142
17.00	17.00	0.018859	33.236
17.00	17.00	0.018876	33.341
17.00	17.00	0.018892	33.435
17.00	17.00	0.018909	33.535
17.00	17.00	0.018926	33.639
17.00	17.00	0.018942	33.734
17.00	17.00	0.018959	33.833
17.00	17.00	0.018976	33.938
17.00	17.00	0.018992	34.032
17.00	17.00	0.019009	34.132
17.00	17.00	0.019026	34.237
17.00	17.00	0.019042	34.331
17.00	17.00	0.019059	34.431
17.00	17.00	0.019076	34.535
17.00	17.00	0.019092	34.630
17.00	17.00	0.019109	34.730
17.00	17.00	0.019126	34.834
17.00	17.00	0.019142	34.929
17.00	17.00	0.019159	35.028
17.00	17.00	0.019176	35.133
17.00	17.00	0.019192	35.227
17.00	17.00	0.019209	35.327
17.00	17.00	0.019226	35.431
17.00	17.00	0.019242	35.526
17.00	17.00	0.019259	35.626
17.00	17.00	0.019276	35.730
17.00	17.00	0.019292	35.825
17.00	17.00	0.019309	35.925
17.00	17.00	0.019326	36.029
17.00	17.00	0.019342	36.124
17.00	17.00	0.019359	36.225
17.00	17.00	0.019376	36.328
17.00	17.00	0.019392	36.423
17.00	17.00	0.019409	36.526
16.97	17.00	0.019426	36.627
16.97	17.00	0.019442	36.723
16.97	17.00	0.019459	36.825
16.97	17.00	0.019476	36.926
17.00	17.00	0.019492	37.022
17.00	17.00	0.019509	37.125
17.00	17.00	0.019526	37.225
17.00	17.00	0.019542	37.323
17.00	17.00	0.019559	37.424
17.00	17.00	0.019576	37.523
17.00	17.00	0.019592	37.623
17.00	17.00	0.019609	37.722
17.00	17.00	0.019625	37.823
17.00	17.00	0.019642	37.922
17.00	17.00	0.019659	38.023
17.00	17.00	0.019675	38.123
17.00	17.00	0.019692	38.223
17.00	17.00	0.019709	38.323
17.00	17.00	0.019725	38.423
17.00	17.00	0.019742	38.523
17.00	17.00	0.019759	38.622
17.00	17.00	0.019775	38.723
17.00	17.00	0.019792	38.823
17.00	17.00	0.019809	38.923
17.00	17.00	0.019825	39.023
17.00	17.00	0.019842	39.123
17.00	17.00	0.019859	39.223
17.00	17.00	0.019875	39.322
17.00	17.00	0.019892	39.423
17.00	17.00	0.019909	39.522
17.00	17.00	0.019925	39.623
17.00	17.00	0.019942	39.723
17.00	17.00	0.019959	39.823
17.00	17.00	0.019975	39.923
17.02	17.00	0.019992	40.023
17.02	17.00	0.020009	40.123
17.02	17.00	0.020025	40.222
17.02	17.00	0.020042	40.323
17.02	17.00	0.020059	40.423
17.02	17.00	0.020075	40.523
17.00	17.00	0.020092	40.623
17.00	17.00	0.020109	40.723
17.00	17.00	0.020125	40.823
17.00	17.00	0.020142	40.922
17.00	17.00	0.020159	41.023
17.00	17.00	0.020175	41.122
17.00	17.00	0.020192	41.223
17.00	17.00	0.020209	41.323
17.00	17.00	0.020225	41.423
17.00	17.00	0.020242	41.523
17.00	17.00	0.020259	41.622
17.00	17.00	0.020275	41.723
17.00	17.00	0.020292	41.822
17.00	17.00	0.020309	41.923
17.00	17.00	0.020325	42.023
17.00	17.00	0.020342	42.123
17.00	17.00	0.020359	42.223
17.00	17.00	0.020375	42.323
17.00	17.00	0.020392	42.423
17.00	17.00	0.020409	42.522
17.00	17.00	0.020425	42.646
17.00	17.00	0.020442	42.751
17.00	17.00	0.020458	42.846
17.00	17.00	0.020475	42.945
17.00	17.00	0.020492	43.050
17.00	17.00	0.020508	43.145
17.00	17.00	0.020525	43.244
17.00	17.00	0.020542	43.349
17.00	17.00	0.020558	43.443
17.00	17.00	0.020575	43.545
17.00	17.00	0.020592	43.647
17.00	17.00	0.020608	43.742
17.00	17.00	0.020625	43.845
17.00	17.00	0.020642	43.946
17.00	17.00	0.020658	44.041
17.00	17.00	0.020675	44.144
17.00	17.00	0.020692	44.245
17.00	17.00	0.020708	44.339
17.00	17.00	0.020725	44.444
17.00	17.00	0.020742	44.543
17.00	17.00	0.020758	44.638
17.00	17.00	0.020775	44.743
17.00	17.00	0.020792	44.842
17.00	17.00	0.020808	44.937
17.00	17.00	0.020825	45.041
17.00	17.00	0.020842	45.141
17.00	17.00	0.020858	45.235
17.00	17.00	0.020875	45.340
17.00	17.00	0.020892	45.434
17.00	17.00	0.020908	45.534
17.00	17.00	0.020925	45.638
17.00	17.00	0.020942	45.733
17.00	17.00	0.020958	45.832
17.00	17.00	0.020975	45.937
16.97	17.00	0.020992	46.031
16.97	17.00	0.021008	46.131
16.97	17.00	0.021025	46.236
16.97	17.00	0.021042	46.330
16.97	17.00	0.021058	46.430
17.00	17.00	0.021075	46.535
17.00	17.00	0.021092	46.630
17.00	17.00	0.021108	46.729
17.00	17.00	0.021125	46.834
17.00	17.00	0.021142	46.927
17.00	17.00	0.021158	47.027
17.00	17.00	0.021175	47.133
17.00	17.00	0.021192	47.227
17.00	17.00	0.021208	47.327
17.00	17.00	0.021225	47.431
17.00	17.00	0.021242	47.525
17.00	17.00	0.021258	47.624
17.00	17.00	0.021275	47.730
17.00	17.00	0.021291	47.825
17.00	17.00	0.021308	47.924
17.00	17.00	0.021325	48.029
17.00	17.00	0.021341	48.123
17.00	17.00	0.021358	48.224
17.00	17.00	0.021375	48.327
17.00	17.00	0.021391	48.423
17.00	17.00	0.021408	48.523
17.00	17.00	0.021425	48.626
17.00	17.00	0.021441	48.723
17.00	17.00	0.021458	48.823
17.00	17.00	0.021475	48.925
17.00	17.00	0.021491	49.022
17.00	17.00	0.021508	49.124
17.00	17.00	0.021525	49.223
17.00	17.00	0.021541	49.323
17.00	17.00	0.021558	49.423
17.00	17.00	0.021575	49.523
17.00	17.00	0.021591	49.623
17.00	17.00	0.021608	49.723
17.00	17.00	0.021625	49.823
17.00	17.00	0.021641	49.922
17.00	17.00	0.021658	50.023
17.00	17.00	0.021675	50.122
17.00	17.00	0.021691	50.223
17.00	17.00	0.021708	50.323
17.02	17.00	0.021725	50.423
17.02	17.00	0.021741	50.523
17.02	17.00	0.021758	50.623
17.02	17.00	0.021775	50.723
17.02	17.00	0.021791	50.822
17.02	17.00	0.021808	50.923
17.00	17.00	0.021825	51.023
17.00	17.00	0.021841	51.123
17.00	17.00	0.021858	51.223
17.00	17.00	0.021875	51.323
17.00	17.00	0.021891	51.423
17.00	17.00	0.021908	51.522
17.00	17.00	0.021925	51.622
17.00	17.00	0.021941	51.723
17.00	17.00	0.021958	51.823
17.00	17.00	0.021975	51.923
17.00	17.00	0.021991	52.023
17.00	17.00	0.022008	52.123
17.00	17.00	0.022025	52.223
17.00	17.00	0.022041	52.322
17.00	17.00	0.022058	52.423
17.00	17.00	0.022075	52.522
17.00	17.00	0.022091	52.623
17.00	17.00	0.022108	52.723
17.00	17.00	0.022124	52.823
17.00	17.00	0.022141	52.923
17.00	17.00	0.022158	53.023
17.00	17.00	0.022174	53.123
17.00	17.00	0.022191	53.222
17.00	17.00	0.022208	53.323
17.00	17.00	0.022224	53.422
17.00	17.00	0.022241	53.523
17.00	17.00	0.022258	53.623
17.00	17.00	0.022274	53.723
16.97	17.00	0.022291	53.823
16.97	17.00	0.022308	53.922
16.97	17.00	0.022324	54.023
16.97	17.00	0.022341	54.122
16.97	17.00	0.022358	54.222
17.00	17.00	0.022374	54.322
17.00	17.00	0.022391	54.451
17.00	17.00	0.022408	54.546
17.00	17.00	0.022424	54.645
17.00	17.00	0.022441	54.750
17.00	17.00	0.022458	54.844
17.00	17.00	0.022474	54.944
17.00	17.00	0.022491	55.048
17.00	17.00	0.022508	55.143
17.00	17.00	0.022524	55.243
17.00	17.00	0.022541	55.347
17.00	17.00	0.022558	55.442
17.00	17.00	0.022574	55.543
17.00	17.00	0.022591	55.646
17.00	17.00	0.022608	55.740
17.00	17.00	0.022624	55.843
17.00	17.00	0.022641	55.944
17.00	17.00	0.022658	56.039
17.00	17.00	0.022674	56.143
17.00	17.00	0.022691	56.243
17.00	17.00	0.022708	56.338
17.00	17.00	0.022724	56.442
17.00	17.00	0.022741	56.542
17.00	17.00	0.022758	56.636
17.00	17.00	0.022774	56.741
17.00	17.00	0.022791	56.840
17.00	17.00	0.022808	56.935
17.00	17.00	0.022824	57.040
17.00	17.00	0.022841	57.140
17.02	17.00	0.022858	57.234
17.02	17.00	0.022874	57.339
17.02	17.00	0.022891	57.438
17.02	17.00	0.022908	57.533
17.02	17.00	0.022924	57.637
17.02	17.00	0.022941	57.732
17.00	17.00	0.022957	57.832
17.00	17.00	0.022974	57.936
17.00	17.00	0.022991	58.031
17.00	17.00	0.023007	58.130
17.00	17.00	0.023024	58.235
17.00	17.00	0.023041	58.329
17.00	17.00	0.023057	58.429
17.00	17.00	0.023074	58.534
17.00	17.00	0.023091	58.628
17.00	17.00	0.023107	58.728
17.00	17.00	0.023124	58.832
17.00	17.00	0.023141	58.927
17.00	17.00	0.023157	59.026
17.00	17.00	0.023174	59.131
17.00	17.00	0.023191	59.226
17.00	17.00	0.023207	59.325
17.00	17.00	0.023224	59.430
17.00	17.00	0.023241	59.524
17.00	17.00	0.023257	59.624
17.00	17.00	0.023274	59.728
17.00	17.00	0.023291	59.824
17.00	17.00	0.023307	59.923
17.00	17.00	0.023324	00.027
17.00	17.00	0.023341	00.124
17.00	17.00	0.023357	00.224
17.00	17.00	0.023374	00.326
17.00	17.00	0.023391	00.424
17.00	17.00	0.023407	00.524
17.00	17.00	0.023424	00.624
17.00	17.00	0.023441	00.724
17.00	17.00	0.023457	00.823
17.00	17.00	0.023474	00.924
17.00	17.00	0.023491	01.024
17.00	17.00	0.023507	01.124
17.00	17.00	0.023524	01.224
16.97	17.00	0.023541	01.323
16.97	17.00	0.023557	01.424
16.97	17.00	0.023574	01.523
16.97	17.00	0.023591	01.624
16.97	17.00	0.023607	01.724
17.00	17.00	0.023624	01.824
17.00	17.00	0.023641	01.924
17.00	17.00	0.023657	02.024
17.00	17.00	0.023674	02.124
17.00	17.00	0.023691	02.223
17.00	17.00	0.023707	02.324
17.00	17.00	0.023724	02.423
17.00	17.00	0.023741	02.524
17.00	17.00	0.023757	02.624
17.00	17.00	0.023774	02.724
17.00	17.00	0.023790	02.824
17.00	17.00	0.023807	02.924
17.00	17.00	0.023824	03.024
17.00	17.00	0.023840	03.123
17.00	17.00	0.023857	03.224
17.00	17.00	0.023874	03.323
17.00	17.00	0.023890	03.424
17.00	17.00	0.023907	03.524
17.00	17.00	0.023924	03.624
17.00	17.00	0.023940	03.724
17.00	17.00	0.023957	03.823
17.00	17.00	0.023974	03.924
17.00	17.00	0.023990	04.023
17.00	17.00	0.024007	04.124
17.00	17.00	0.024024	04.224
17.02	17.00	0.024040	04.324
17.02	17.00	0.024057	04.424
17.02	17.00	0.024074	04.524
17.02	17.00	0.024090	04.624
17.02	17.00	0.024107	04.723
17.00	17.00	0.024124	04.824
17.00	17.00	0.024140	04.923
17.00	17.00	0.024157	05.024
17.00	17.00	0.024174	05.124
17.00	17.00	0.024190	05.224
17.00	17.00	0.024207	05.324
17.00	17.00	0.024224	05.424
17.00	17.00	0.024240	05.524
17.00	17.00	0.024257	05.623
17.00	17.00	0.024274	05.724
17.00	17.00	0.024290	05.823
17.00	17.00	0.024307	05.947
17.00	17.00	0.024324	06.047
17.00	17.00	0.024340	06.151
17.00	17.00	0.024357	06.246
17.00	17.00	0.024374	06.345
17.00	17.00	0.024390	06.450
17.00	17.00	0.024407	06.544
17.00	17.00	0.024424	06.644
17.00	17.00	0.024440	06.749
17.00	17.00	0.024457	06.843
17.00	17.00	0.024474	06.943
17.00	17.00	0.024490	07.048
17.00	17.00	0.024507	07.142
17.00	17.00	0.024524	07.241
17.00	17.00	0.024540	07.347
17.00	17.00	0.024557	07.440
17.00	17.00	0.024574	07.541
17.00	17.00	0.024590	07.645
17.00	17.00	0.024607	07.739
17.00	17.00	0.024623	07.842
17.00	17.00	0.024640	07.944
17.00	17.00	0.024657	08.039
17.00	17.00	0.024673	08.141
17.00	17.00	0.024690	08.243
17.00	17.00	0.024707	08.337
16.97	17.00	0.024723	08.441
16.97	17.00	0.024740	08.542
16.97	17.00	0.024757	08.636
16.97	17.00	0.024773	08.741
16.97	17.00	0.024790	08.840
17.00	17.00	0.024807	08.934
17.00	17.00	0.024823	09.039
17.00	17.00	0.024840	09.138
17.00	17.00	0.024857	09.233
17.00	17.00	0.024873	09.338
17.00	17.00	0.024890	09.437
17.00	17.00	0.024907	09.532
17.00	17.00	0.024923	09.636
17.00	17.00	0.024940	09.731
17.00	17.00	0.024957	09.830
17.00	17.00	0.024973	09.935
17.00	17.00	0.024990	10.030
17.00	17.00	0.025007	10.129
17.00	17.00	0.025023	10.234
17.00	17.00	0.025040	10.328
17.00	17.00	0.025057	10.428
17.02	17.00	0.025073	10.532
17.02	17.00	0.025090	10.627
17.02	17.00	0.025107	10.727
17.02	17.00	0.025123	10.832
17.02	17.00	0.025140	10.927
17.02	17.00	0.025157	11.026
17.02	17.00	0.025173	11.131
17.02	17.00	0.025190	11.226
17.00	17.00	0.025207	11.326
17.00	17.00	0.025223	11.429
17.00	17.00	0.025240	11.526
17.00	17.00	0.025257	11.626
17.00	17.00	0.025273	11.727
17.00	17.00	0.025290	11.826
17.00	17.00	0.025307	11.926
17.00	17.00	0.025323	12.027
17.00	17.00	0.025340	12.125
17.00	17.00	0.025357	12.226
17.00	17.00	0.025373	12.325
17.00	17.00	0.025390	12.426
17.00	17.00	0.025407	12.526
17.00	17.00	0.025423	12.626
17.00	17.00	0.025440	12.726
17.00	17.00	0.025456	12.826
17.00	17.00	0.025473	12.926
17.00	17.00	0.025490	13.025
17.00	17.00	0.025506	13.126
17.00	17.00	0.025523	13.226
17.00	17.00	0.025540	13.326
17.00	17.00	0.025556	13.426
17.00	17.00	0.025573	13.526
17.00	17.00	0.025590	13.626
17.00	17.00	0.025606	13.725
17.00	17.00	0.025623	13.826
17.00	17.00	0.025640	13.925
17.00	17.00	0.025656	14.026
17.00	17.00	0.025673	14.126
17.00	17.00	0.025690	14.226
17.00	17.00	0.025706	14.326
17.00	17.00	0.025723	14.426
17.00	17.00	0.025740	14.526
17.00	17.00	0.025756	14.625
17.00	17.00	0.025773	14.726
17.00	17.00	0.025790	14.825
17.00	17.00	0.025806	14.926
17.00	17.00	0.025823	15.026
17.00	17.00	0.025840	15.126
17.00	17.00	0.025856	15.226
16.97	17.00	0.025873	15.325
16.97	17.00	0.025890	15.426
16.97	17.00	0.025906	15.525
16.97	17.00	0.025923	15.626
17.00	17.00	0.025940	15.726
17.00	17.00	0.025956	15.826
17.00	17.00	0.025973	15.926
17.00	17.00	0.025990	16.026
17.00	17.00	0.026006	16.126
17.00	17.00	0.026023	16.225
17.00	17.00	0.026040	16.326
17.00	17.00	0.026056	16.425
17.00	17.00	0.026073	16.526
17.00	17.00	0.026090	16.626
17.00	17.00	0.026106	16.726
17.00	17.00	0.026123	16.826
17.00	17.00	0.026140	16.926
17.00	17.00	0.026156	17.026
17.00	17.00	0.026173	17.125
17.00	17.00	0.026190	17.255
17.00	17.00	0.026206	17.348
17.00	17.00	0.026223	17.448
17.00	17.00	0.026240	17.554
17.00	17.00	0.026256	17.647
17.00	17.00	0.026273	17.747
17.00	17.00	0.026289	17.852
17.00	17.00	0.026306	17.947
17.00	17.00	0.026323	18.046
17.00	17.00	0.026339	18.151
17.00	17.00	0.026356	18.245
17.00	17.00	0.026373	18.345
17.00	17.00	0.026389	18.450
17.00	17.00	0.026406	18.544
17.00	17.00	0.026423	18.644
17.00	17.00	0.026439	18.748
17.00	17.00	0.026456	18.843
17.00	17.00	0.026473	18.942
17.00	17.00	0.026489	19.047
17.00	17.00	0.026506	19.142
17.00	17.00	0.026523	19.241
17.00	17.00	0.026539	19.346
17.00	17.00	0.026556	19.440
17.00	17.00	0.026573	19.540
17.00	17.00	0.026589	19.644
17.00	17.00	0.026606	19.739
17.00	17.00	0.026623	19.839
17.00	17.00	0.026639	19.943
17.00	17.00	0.026656	20.038
17.00	17.00	0.026673	20.140
17.00	17.00	0.026689	20.242
17.00	17.00	0.026706	20.336
17.00	17.00	0.026723	20.440
17.00	17.00	0.026739	20.540
17.00	17.00	0.026756	20.635
17.00	17.00	0.026773	20.739
17.00	17.00	0.026789	20.839
17.00	17.00	0.026806	20.934
17.00	17.00	0.026823	21.038
17.00	17.00	0.026839	21.138
17.00	17.00	0.026856	21.232
17.00	17.00	0.026873	21.337
17.00	17.00	0.026889	21.436
17.00	17.00	0.026906	21.531
17.00	17.00	0.026923	21.636
17.00	17.00	0.026939	21.730
17.00	17.00	0.026956	21.830
17.00	17.00	0.026973	21.934
17.00	17.00	0.026989	22.029
17.00	17.00	0.027006	22.128
17.00	17.00	0.027023	22.233
17.00	17.00	0.027039	22.328
17.00	17.00	0.027056	22.427
17.00	17.00	0.027073	22.532
17.00	17.00	0.027089	22.626
17.00	17.00	0.027106	22.726
17.00	17.00	0.027122	22.830
17.00	17.00	0.027139	22.926
17.00	17.00	0.027156	23.025
17.00	17.00	0.027172	23.129
17.00	17.00	0.027189	23.226
17.00	17.00	0.027206	23.326
17.00	17.00	0.027222	23.428
17.00	17.00	0.027239	23.526
17.00	17.00	0.027256	23.626
17.00	17.00	0.027272	23.726
17.00	17.00	0.027289	23.826
17.00	17.00	0.027306	23.925
17.00	17.00	0.027322	24.026
17.00	17.00	0.027339	24.126
17.00	17.00	0.027356	24.226
17.00	17.00	0.027372	24.326
17.00	17.00	0.027389	24.425
17.00	17.00	0.027406	24.526
17.00	17.00	0.027422	24.625
17.00	17.00	0.027439	24.726
17.00	17.00	0.027456	24.826
17.00	17.00	0.027472	24.926
17.00	17.00	0.027489	25.026
17.00	17.00	0.027506	25.126
17.00	17.00	0.027522	25.226
17.00	17.00	0.027539	25.325
17.00	17.00	0.027556	25.426
17.00	17.00	0.027572	25.525
17.00	17.00	0.027589	25.626
17.00	17.00	0.027606	25.726
17.00	17.00	0.027622	25.826
17.00	17.00	0.027639	25.926
17.00	17.00	0.027656	26.026
17.00	17.00	0.027672	26.126
17.00	17.00	0.027689	26.225
17.00	17.00	0.027706	26.326
17.00	17.00	0.027722	26.426
17.00	17.00	0.027739	26.526
17.00	17.00	0.027756	26.626
17.00	17.00	0.027772	26.726
17.00	17.00	0.027789	26.826
17.00	17.00	0.027806	26.925
17.00	17.00	0.027822	27.026
17.00	17.00	0.027839	27.125
17.00	17.00	0.027856	27.226
17.00	17.00	0.027872	27.326
17.00	17.00	0.027889	27.426
17.00	17.00	0.027906	27.526
17.00	17.00	0.027922	27.626
17.00	17.00	0.027939	27.726
17.00	17.00	0.027955	27.825
17.00	17.00	0.027972	27.926
17.00	17.00	0.027989	28.025
17.00	17.00	0.028005	28.126
17.00	17.00	0.028022	28.226
17.00	17.00	0.028039	28.326
17.00	17.00	0.028055	28.426
17.00	17.00	0.028072	28.525
17.00	17.00	0.028089	28.626
17.00	17.00	0.028105	28.725
17.00	17.00	0.028122	28.825
17.00	17.00	0.028139	28.925
17.00	17.00	0.028155	29.049
17.00	17.00	0.028172	29.149
17.00	17.00	0.028189	29.253
17.00	17.00	0.028205	29.348
17.00	17.00	0.028222	29.447
17.00	17.00	0.028239	29.552
17.00	17.00	0.028255	29.646
17.00	17.00	0.028272	29.746
17.00	17.00	0.028289	29.850
17.00	17.00	0.028305	29.945
17.00	17.00	0.028322	30.045
17.00	17.00	0.028339	30.149
17.00	17.00	0.028355	30.244
17.00	17.00	0.028372	30.343
17.00	17.00	0.028389	30.448
17.00	17.00	0.028405	30.542
17.00	17.00	0.028422	30.642
17.00	17.00	0.028439	30.746
17.00	17.00	0.028455	30.841
17.00	17.00	0.028472	30.941
17.00	17.00	0.028489	31.046
17.00	17.00	0.028505	31.140
17.00	17.00	0.028522	31.240
17.00	17.00	0.028539	31.344
17.00	17.00	0.028555	31.439
17.00	17.00	0.028572	31.539
17.00	17.00	0.028589	31.643
17.00	17.00	0.028605	31.738
17.00	17.00	0.028622	31.838
17.00	17.00	0.028639	31.942
17.00	17.00	0.028655	32.037
17.00	17.00	0.028672	32.138
17.00	17.00	0.028689	32.241
17.00	17.00	0.028705	32.336
17.00	17.00	0.028722	32.438
17.00	17.00	0.028739	32.540
17.00	17.00	0.028755	32.634
17.00	17.00	0.028772	32.739
17.00	17.00	0.028788	32.838
17.00	17.00	0.028805	32.933
17.00	17.00	0.028822	33.037
17.00	17.00	0.028838	33.137
17.00	17.00	0.028855	33.232
17.00	17.00	0.028872	33.336
17.00	17.00	0.028888	33.436
17.00	17.00	0.028905	33.530
16.97	17.00	0.028922	33.635
16.97	17.00	0.028938	33.734
16.97	17.00	0.028955	33.829
16.97	17.00	0.028972	33.933
16.97	17.00	0.028988	34.028
17.00	17.00	0.029005	34.128
17.00	17.00	0.029022	34.232
17.00	17.00	0.029038	34.327
17.00	17.00	0.029055	34.426
17.00	17.00	0.029072	34.531
17.00	17.00	0.029088	34.625
17.00	17.00	0.029105	34.726
17.00	17.00	0.029122	34.830
17.00	17.00	0.029138	34.926
17.00	17.00	0.029155	35.026
17.00	17.00	0.029172	35.128
17.00	17.00	0.029188	35.226
17.02	17.00	0.029205	35.325
17.02	17.00	0.029222	35.427
17.02	17.00	0.029238	35.525
17.02	17.00	0.029255	35.626
17.02	17.00	0.029272	35.726
17.02	17.00	0.029288	35.826
17.02	17.00	0.029305	35.926
17.02	17.00	0.029322	36.025
17.02	17.00	0.029338	36.126
17.00	17.00	0.029355	36.225
17.00	17.00	0.029372	36.326
17.00	17.00	0.029388	36.426
17.00	17.00	0.029405	36.526
17.00	17.00	0.029422	36.627
17.00	17.00	0.029438	36.727
17.00	17.00	0.029455	36.827
17.00	17.00	0.029472	36.926
17.00	17.00	0.029488	37.027
17.00	17.00	0.029505	37.126
17.00	17.00	0.029522	37.227
17.00	17.00	0.029538	37.327
17.00	17.00	0.029555	37.427
17.00	17.00	0.029572	37.527
17.00	17.00	0.029588	37.628
17.00	17.00	0.029605	37.728
17.00	17.00	0.029621	37.827
17.00	17.00	0.029638	37.928
17.00	17.00	0.029655	38.028
17.00	17.00	0.029671	38.128
17.00	17.00	0.029688	38.228
17.00	17.00	0.029705	38.328
17.00	17.00	0.029721	38.427
17.00	17.00	0.029738	38.528
17.00	17.00	0.029755	38.627
17.00	17.00	0.029771	38.728
17.00	17.00	0.029788	38.828
17.00	17.00	0.029805	38.928
17.00	17.00	0.029821	39.028
17.00	17.00	0.029838	39.128
17.00	17.00	0.029855	39.228
17.00	17.00	0.029871	39.327
17.00	17.00	0.029888	39.428
17.00	17.00	0.029905	39.559
17.00	17.00	0.029921	39.654
16.97	17.00	0.029938	39.734
16.97	17.00	0.029955	39.858
16.97	17.00	0.029971	39.953
16.97	17.00	0.029988	40.057
16.97	17.00	0.030005	40.157
17.00	17.00	0.030021	40.251
17.00	17.00	0.030038	40.356
17.00	17.00	0.030055	40.455
17.00	17.00	0.030071	40.550
17.00	17.00	0.030088	40.654
17.00	17.01	0.030105	40.754
17.00	17.01	0.030121	40.849
17.00	17.01	0.030138	40.953
17.00	17.01	0.030155	41.053
17.00	17.01	0.030171	41.147
17.00	17.01	0.030188	41.252
17.00	17.01	0.030205	41.346
17.02	17.01	0.030221	41.447
17.02	17.01	0.030238	41.552
17.02	17.01	0.030255	41.646
17.02	17.01	0.030271	41.746
17.02	17.01	0.030288	41.850
17.02	17.01	0.030305	41.945
17.02	17.02	0.030321	42.044
17.02	17.02	0.030338	42.149
17.02	17.02	0.030355	42.243
17.02	17.02	0.030371	42.343
17.02	17.02	0.030388	42.448
17.02	17.02	0.030405	42.541
17.02	17.02	0.030421	42.642
17.02	17.02	0.030438	42.746
17.02	17.02	0.030454	42.841
17.02	17.02	0.030471	42.940
17.02	17.02	0.030488	43.045
17.02	17.02	0.030504	43.140
17.02	17.02	0.030521	43.239
17.02	17.03	0.030538	43.344
17.02	17.03	0.030554	43.438
17.02	17.03	0.030571	43.538
17.02	17.03	0.030588	43.642
17.02	17.03	0.030604	43.737
17.02	17.03	0.030621	43.838
17.02	17.03	0.030638	43.941
17.02	17.03	0.030654	44.036
17.02	17.03	0.030671	44.137
17.02	17.03	0.030688	44.240
17.02	17.03	0.030704	44.334
17.02	17.03	0.030721	44.437
17.02	17.03	0.030738	44.538
17.02	17.04	0.030754	44.633
17.02	17.04	0.030771	44.737
17.02	17.04	0.030788	44.837
17.02	17.04	0.030804	44.932
17.02	17.04	0.030821	45.036
17.05	17.04	0.030838	45.136
17.05	17.04	0.030854	45.232
17.05	17.04	0.030871	45.335
17.05	17.04	0.030888	45.435
17.05	17.04	0.030904	45.533
17.05	17.04	0.030921	45.634
17.05	17.04	0.030938	45.733
17.05	17.04	0.030954	45.833
17.05	17.05	0.030971	45.932
17.05	17.05	0.030988	46.033
17.05	17.05	0.031004	46.132
17.05	17.05	0.031021	46.233
17.05	17.05	0.031038	46.333
17.05	17.05	0.031054	46.433
17.05	17.05	0.031071	46.533
17.05	17.05	0.031088	46.633
17.05	17.05	0.031104	46.733
17.05	17.05	0.031121	46.832
17.05	17.05	0.031138	46.933
17.05	17.05	0.031154	47.032
17.05	17.05	0.031171	47.133
17.05	17.06	0.031188	47.233
17.05	17.06	0.031204	47.333
17.05	17.06	0.031221	47.433
17.05	17.06	0.031238	47.532
17.05	17.06	0.031254	47.633
17.05	17.06	0.031271	47.732
17.05	17.06	0.031287	47.833
17.05	17.06	0.031304	47.933
17.05	17.06	0.031321	48.033
17.05	17.06	0.031337	48.133
17.05	17.06	0.031354	48.233
17.07	17.06	0.031371	48.333
17.07	17.06	0.031387	48.432
17.07	17.07	0.031404	48.533
17.07	17.07	0.031421	48.632
17.07	17.07	0.031437	48.733
17.07	17.07	0.031454	48.833
17.07	17.07	0.031471	48.933
17.07	17.07	0.031487	49.033
17.07	17.07	0.031504	49.133
17.07	17.07	0.031521	49.233
17.07	17.07	0.031537	49.332
17.07	17.07	0.031554	49.433
17.07	17.07	0.031571	49.533
17.07	17.07	0.031587	49.633
17.07	17.07	0.031604	49.733
17.07	17.08	0.031621	49.833
17.07	17.08	0.031637	49.933
17.07	17.08	0.031654	50.032
17.07	17.08	0.031671	50.133
17.07	17.08	0.031687	50.232
17.07	17.08	0.031704	50.333
17.07	17.08	0.031721	50.433
17.10	17.08	0.031737	50.533
17.10	17.08	0.031754	50.633
17.10	17.08	0.031771	50.757
17.10	17.08	0.031787	50.857
17.10	17.08	0.031804	50.961
17.10	17.08	0.031821	51.056
17.10	17.09	0.031837	51.132
17.10	17.09	0.031854	51.260
17.10	17.09	0.031871	51.355
17.10	17.09	0.031887	51.456
17.10	17.09	0.031904	51.559
17.07	17.09	0.031921	51.653
17.07	17.09	0.031937	51.757
17.07	17.09	0.031954	51.857
17.07	17.09	0.031971	51.952
17.07	17.09	0.031987	52.056
17.07	17.09	0.032004	52.156
17.07	17.09	0.032021	52.251
17.07	17.09	0.032037	52.355
17.07	17.10	0.032054	52.455
17.07	17.10	0.032071	52.549
17.07	17.10	0.032087	52.654
17.10	17.10	0.032104	52.753
17.10	17.10	0.032120	52.848
17.10	17.10	0.032137	52.952
17.10	17.10	0.032154	53.052
17.10	17.10	0.032170	53.147
17.10	17.10	0.032187	53.251
17.10	17.10	0.032204	53.346
17.10	17.10	0.032220	53.445
17.10	17.10	0.032237	53.550
17.10	17.10	0.032254	53.644
17.13	17.11	0.032270	53.744
17.13	17.11	0.032287	53.849
17.13	17.11	0.032304	53.943
17.13	17.11	0.032320	54.043
17.13	17.11	0.032337	54.147
17.13	17.11	0.032354	54.242
17.13	17.11	0.032370	54.341
17.13	17.11	0.032387	54.446
17.13	17.11	0.032404	54.541
17.13	17.11	0.032420	54.640
17.13	17.11	0.032437	54.746
17.10	17.11	0.032454	54.839
17.10	17.11	0.032470	54.939
17.10	17.11	0.032487	55.043
17.10	17.12	0.032504	55.138
17.10	17.12	0.032520	55.237
17.10	17.12	0.032537	55.342
17.10	17.12	0.032554	55.437
17.10	17.12	0.032570	55.537
17.10	17.12	0.032587	55.641
17.10	17.12	0.032604	55.736
17.10	17.12	0.032620	55.835
17.10	17.12	0.032637	55.940
17.13	17.12	0.032654	56.034
17.13	17.12	0.032670	56.136
17.13	17.12	0.032687	56.239
17.13	17.12	0.032704	56.334
17.13	17.13	0.032720	56.436
17.13	17.13	0.032737	56.537
17.13	17.13	0.032754	56.634
17.13	17.13	0.032770	56.735
17.13	17.13	0.032787	56.836
17.13	17.13	0.032804	56.934
17.13	17.13	0.032820	57.035
17.13	17.13	0.032837	57.135
17.13	17.13	0.032854	57.234
17.13	17.13	0.032870	57.334
17.13	17.13	0.032887	57.433
17.13	17.13	0.032904	57.534
17.13	17.13	0.032920	57.633
17.13	17.14	0.032937	57.734
17.13	17.14	0.032953	57.834
17.13	17.14	0.032970	57.934
17.15	17.14	0.032987	58.034
17.15	17.14	0.033003	58.134
17.15	17.14	0.033020	58.234
17.15	17.14	0.033037	58.333
17.15	17.14	0.033053	58.434
17.15	17.14	0.033070	58.533
17.15	17.14	0.033087	58.634
17.15	17.14	0.033103	58.734
17.15	17.14	0.033120	58.834
17.15	17.14	0.033137	58.934
17.15	17.15	0.033153	59.033
17.15	17.15	0.033170	59.134
17.15	17.15	0.033187	59.233
17.15	17.15	0.033203	59.334
17.15	17.15	0.033220	59.434
17.15	17.15	0.033237	59.534
17.15	17.15	0.033253	59.634
17.15	17.15	0.033270	59.734
17.15	17.15	0.033287	59.834
17.15	17.15	0.033303	59.933
17.15	17.15	0.033320	00.034
17.15	17.15	0.033337	00.134
17.15	17.15	0.033353	00.235
17.15	17.16	0.033370	00.335
17.15	17.16	0.033387	00.435
17.15	17.16	0.033403	00.535
17.15	17.16	0.033420	00.635
17.15	17.16	0.033437	00.735
17.15	17.16	0.033453	00.834
17.15	17.16	0.033470	00.935
17.15	17.16	0.033487	01.034
17.15	17.16	0.033503	01.135
17.15	17.16	0.033520	01.235
17.15	17.16	0.033537	01.335
17.15	17.16	0.033553	01.435
17.15	17.16	0.033570	01.534
17.15	17.17	0.033587	01.635
17.15	17.17	0.033603	01.734
17.15	17.17	0.033620	01.835
17.15	17.17	0.033637	01.935
17.18	17.17	0.033653	02.064
17.18	17.17	0.033670	02.159
17.18	17.17	0.033687	02.258
17.18	17.17	0.033703	02.363
17.18	17.17	0.033720	02.457
17.18	17.17	0.033737	02.557
17.18	17.17	0.033753	02.661
17.18	17.17	0.033770	02.756
17.18	17.17	0.033786	02.855
17.18	17.18	0.033803	02.960
17.18	17.18	0.033820	03.055
17.18	17.18	0.033836	03.155
17.18	17.18	0.033853	03.259
17.18	17.18	0.033870	03.354
17.18	17.18	0.033886	03.455
17.18	17.18	0.033903	03.558
17.18	17.18	0.033920	03.653
17.18	17.18	0.033936	03.755
17.18	17.18	0.033953	03.857
17.18	17.18	0.033970	03.951
17.18	17.18	0.033986	04.055
17.18	17.18	0.034003	04.155
17.18	17.19	0.034020	04.250
17.18	17.19	0.034036	04.354
17.18	17.19	0.034053	04.454
17.18	17.19	0.034070	04.549
17.18	17.19	0.034086	04.653
17.18	17.19	0.034103	04.753
17.18	17.19	0.034120	04.847
17.18	17.19	0.034136	04.952
17.18	17.19	0.034153	05.051
17.20	17.19	0.034170	05.146
17.20	17.19	0.034186	05.250
17.20	17.19	0.034203	05.345
17.20	17.19	0.034220	05.445
17.20	17.20	0.034236	05.549
17.20	17.20	0.034253	05.644
17.20	17.20	0.034270	05.743
17.20	17.20	0.034286	05.848
17.20	17.20	0.034303	05.942
17.20	17.20	0.034320	06.042
17.20	17.20	0.034336	06.147
17.20	17.20	0.034353	06.241
17.20	17.20	0.034370	06.341
17.20	17.20	0.034386	06.445
17.20	17.20	0.034403	06.540
17.20	17.20	0.034420	06.639
17.20	17.20	0.034436	06.744
17.20	17.21	0.034453	06.838
17.20	17.21	0.034470	06.938
17.20	17.21	0.034486	07.043
17.20	17.21	0.034503	07.137
17.20	17.21	0.034520	07.237
17.20	17.21	0.034536	07.341
17.20	17.21	0.034553	07.436
17.20	17.21	0.034570	07.535
17.20	17.21	0.034586	07.640
17.20	17.21	0.034603	07.736
17.20	17.21	0.034619	07.836
17.20	17.21	0.034636	07.939
17.23	17.21	0.034653	08.036
17.23	17.22	0.034669	08.136
17.23	17.22	0.034686	08.237
17.23	17.22	0.034703	08.336
17.23	17.22	0.034719	08.436
17.23	17.22	0.034736	08.537
17.23	17.22	0.034753	08.635
17.23	17.22	0.034769	08.736
17.23	17.22	0.034786	08.835
17.23	17.22	0.034803	08.936
17.23	17.22	0.034819	09.036
17.23	17.22	0.034836	09.136
17.23	17.22	0.034853	09.236
17.23	17.22	0.034869	09.336
17.23	17.23	0.034886	09.436
17.23	17.23	0.034903	09.535
17.23	17.23	0.034919	09.636
17.23	17.23	0.034936	09.735
17.23	17.23	0.034953	09.836
17.23	17.23	0.034969	09.936
17.23	17.23	0.034986	10.036
17.23	17.23	0.035003	10.136
17.23	17.23	0.035019	10.235
17.23	17.23	0.035036	10.336
17.20	17.23	0.035053	10.435
17.20	17.23	0.035069	10.536
17.20	17.23	0.035086	10.636
17.23	17.24	0.035103	10.736
17.23	17.24	0.035119	10.836
17.23	17.24	0.035136	10.935
17.23	17.24	0.035153	11.036
17.23	17.24	0.035169	11.135
17.23	17.24	0.035186	11.236
17.23	17.24	0.035203	11.336
17.23	17.24	0.035219	11.436
17.23	17.24	0.035236	11.537
17.23	17.24	0.035253	11.637
17.25	17.24	0.035269	11.737
17.25	17.24	0.035286	11.836
17.25	17.24	0.035303	11.937
17.25	17.25	0.035319	12.036
17.25	17.25	0.035336	12.137
17.25	17.25	0.035353	12.237
17.25	17.25	0.035369	12.337
17.25	17.25	0.035386	12.437
17.25	17.25	0.035403	12.537
17.25	17.25	0.035419	12.637
17.25	17.25	0.035436	12.736
17.25	17.25	0.035452	12.837
17.25	17.25	0.035469	12.936
17.25	17.25	0.035486	13.037
17.25	17.25	0.035502	13.137
17.25	17.25	0.035519	13.261
17.25	17.26	0.035536	13.361
17.25	17.26	0.035552	13.466
17.25	17.26	0.035569	13.560
17.25	17.26	0.035586	13.660
17.25	17.26	0.035602	13.764
17.25	17.26	0.035619	13.859
17.28	17.26	0.035636	13.959
17.28	17.26	0.035652	14.063
17.28	17.26	0.035669	14.158
17.28	17.26	0.035686	14.257
17.28	17.26	0.035702	14.362
17.28	17.26	0.035719	14.456
17.28	17.26	0.035736	14.556
17.28	17.27	0.035752	14.661
17.28	17.27	0.035769	14.755
17.28	17.27	0.035786	14.855
17.28	17.27	0.035802	14.959
17.25	17.27	0.035819	15.054
17.25	17.27	0.035836	15.153
17.25	17.27	0.035852	15.258
17.25	17.27	0.035869	15.352
17.25	17.27	0.035886	15.453
17.25	17.27	0.035902	15.557
17.25	17.27	0.035919	15.651
17.25	17.27	0.035936	15.754
17.25	17.27	0.035952	15.855
17.28	17.28	0.035969	15.950
17.28	17.28	0.035986	16.053
17.28	17.28	0.036002	16.154
17.28	17.28	0.036019	16.249
17.28	17.28	0.036036	16.353
17.28	17.28	0.036052	16.453
17.28	17.28	0.036069	16.547
17.28	17.28	0.036086	16.652
17.28	17.28	0.036102	16.751
17.28	17.28	0.036119	16.846
17.28	17.28	0.036136	16.951
17.28	17.28	0.036152	17.050
17.28	17.28	0.036169	17.145
17.28	17.29	0.036186	17.249
17.28	17.29	0.036202	17.349
17.28	17.29	0.036219	17.443
17.28	17.29	0.036236	17.548
17.28	17.29	0.036252	17.642
17.30	17.29	0.036269	17.742
17.30	17.29	0.036285	17.847
17.30	17.29	0.036302	17.941
17.30	17.29	0.036319	18.041
17.30	17.29	0.036335	18.146
17.30	17.29	0.036352	18.240
17.30	17.29	0.036369	18.340
17.30	17.29	0.036385	18.444
17.30	17.30	0.036402	18.539
17.30	17.30	0.036419	18.639
17.30	17.30	0.036435	18.743
17.30	17.30	0.036452	18.838
17.30	17.30	0.036469	18.937
17.30	17.30	0.036485	19.042
17.30	17.30	0.036502	19.137
17.30	17.30	0.036519	19.238
17.30	17.30	0.036535	19.341
17.30	17.30	0.036552	19.438
17.30	17.30	0.036569	19.538
17.30	17.30	0.036585	19.639
17.30	17.30	0.036602	19.738
17.30	17.31	0.036619	19.837
17.30	17.31	0.036635	19.938
17.30	17.31	0.036652	20.037
17.30	17.31	0.036669	20.138
17.30	17.31	0.036685	20.238
17.30	17.31	0.036702	20.338
17.30	17.31	0.036719	20.438
17.30	17.31	0.036735	20.537
17.30	17.31	0.036752	20.638
17.30	17.31	0.036769	20.737
17.30	17.31	0.036785	20.838
17.30	17.31	0.036802	20.938
17.30	17.31	0.036819	21.038
17.33	17.32	0.036835	21.138
17.33	17.32	0.036852	21.238
17.33	17.32	0.036869	21.338
17.33	17.32	0.036885	21.437
17.33	17.32	0.036902	21.538
17.33	17.32	0.036919	21.638
17.33	17.32	0.036935	21.739
17.33	17.32	0.036952	21.839
17.33	17.32	0.036969	21.939
17.33	17.32	0.036985	22.039
17.33	17.32	0.037002	22.139
17.33	17.32	0.037019	22.239
17.33	17.32	0.037035	22.338
17.33	17.33	0.037052	22.439
17.33	17.33	0.037069	22.538
17.33	17.33	0.037085	22.639
17.33	17.33	0.037102	22.739
17.33	17.33	0.037118	22.839
17.33	17.33	0.037135	22.939
17.33	17.33	0.037152	23.039
17.33	17.33	0.037168	23.139
17.33	17.33	0.037185	23.238
17.33	17.33	0.037202	23.339
17.33	17.33	0.037218	23.439
17.33	17.33	0.037235	23.539
17.33	17.33	0.037252	23.639
17.33	17.34	0.037268	23.739
17.33	17.34	0.037285	23.839
17.33	17.34	0.037302	23.938
17.33	17.34	0.037318	24.039
17.33	17.34	0.037335	24.138
17.33	17.34	0.037352	24.239
17.33	17.34	0.037368	24.339
17.33	17.34	0.037385	24.439
17.33	17.34	0.037402	24.539
17.33	17.34	0.037418	24.668
17.33	17.34	0.037435	24.763
17.33	17.34	0.037452	24.867
17.33	17.34	0.037468	24.962
17.33	17.34	0.037485	25.061
17.33	17.35	0.037502	25.166
17.33	17.35	0.037518	25.261
17.33	17.35	0.037535	25.360
17.33	17.35	0.037552	25.465
17.36	17.35	0.037568	25.559
17.36	17.35	0.037585	25.659
17.36	17.35	0.037602	25.763
17.36	17.35	0.037618	25.858
17.36	17.35	0.037635	25.957
17.36	17.35	0.037652	26.062
17.36	17.35	0.037668	26.157
17.36	17.35	0.037685	26.256
17.36	17.35	0.037702	26.361
17.36	17.36	0.037718	26.455
17.36	17.36	0.037735	26.554
17.36	17.36	0.037752	26.659
17.36	17.36	0.037768	26.753
17.36	17.36	0.037785	26.853
17.36	17.36	0.037802	26.958
17.36	17.36	0.037818	27.052
17.36	17.36	0.037835	27.153
17.36	17.36	0.037852	27.257
17.36	17.36	0.037868	27.352
17.36	17.36	0.037885	27.452
17.36	17.36	0.037902	27.555
17.36	17.36	0.037918	27.651
17.36	17.37	0.037935	27.752
17.36	17.37	0.037951	27.855
17.36	17.37	0.037968	27.949
17.36	17.37	0.037985	28.052
17.36	17.37	0.038001	28.153
17.36	17.37	0.038018	28.248
17.36	17.37	0.038035	28.351
17.36	17.37	0.038051	28.452
17.36	17.37	0.038068	28.547
17.36	17.37	0.038085	28.651
17.36	17.37	0.038101	28.751
17.38	17.37	0.038118	28.845
17.38	17.37	0.038135	28.950
17.38	17.38	0.038151	29.049
17.38	17.38	0.038168	29.144
17.38	17.38	0.038185	29.249
17.38	17.38	0.038201	29.348
17.38	17.38	0.038218	29.443
17.38	17.38	0.038235	29.547
17.38	17.38	0.038251	29.642
17.38	17.38	0.038268	29.741
17.38	17.38	0.038285	29.846
17.38	17.38	0.038301	29.941
17.38	17.38	0.038318	30.041
17.38	17.38	0.038335	30.145
17.38	17.38	0.038351	30.241
17.38	17.39	0.038368	30.341
17.38	17.39	0.038385	30.443
17.38	17.39	0.038401	30.541
17.38	17.39	0.038418	30.640
17.38	17.39	0.038435	30.742
17.38	17.39	0.038451	30.841
17.41	17.39	0.038468	30.941
17.41	17.39	0.038485	31.041
17.41	17.39	0.038501	31.141
17.41	17.39	0.038518	31.241
17.41	17.39	0.038535	31.341
17.41	17.39	0.038551	31.440
17.41	17.39	0.038568	31.541
17.41	17.40	0.038585	31.641
17.41	17.40	0.038601	31.741
17.41	17.40	0.038618	31.841
17.41	17.40	0.038635	31.941
17.41	17.40	0.038651	32.040
17.41	17.40	0.038668	32.141
17.38	17.40	0.038685	32.240
17.38	17.40	0.038701	32.341
17.38	17.40	0.038718	32.441
17.38	17.40	0.038735	32.541
17.38	17.40	0.038751	32.641
17.38	17.40	0.038768	32.741
17.38	17.40	0.038784	32.840
17.38	17.41	0.038801	32.941
17.41	17.41	0.038818	33.041
17.41	17.41	0.038834	33.141
17.41	17.41	0.038851	33.241
17.41	17.41	0.038868	33.341
17.41	17.41	0.038884	33.440
17.41	17.41	0.038901	33.541
17.41	17.41	0.038918	33.640
17.41	17.41	0.038934	33.741
17.41	17.41	0.038951	33.841
17.41	17.41	0.038968	33.941
17.41	17.41	0.038984	34.041
17.41	17.41	0.039001	34.141
17.41	17.42	0.039018	34.241
17.41	17.42	0.039034	34.341
17.41	17.42	0.039051	34.440
17.41	17.42	0.039068	34.541
17.41	17.42	0.039084	34.641
17.43	17.42	0.039101	34.741
17.43	17.42	0.039118	34.840
17.43	17.42	0.039134	34.941
17.43	17.42	0.039151	35.040
17.43	17.42	0.039168	35.141
17.43	17.42	0.039184	35.241
17.43	17.42	0.039201	35.341
17.43	17.42	0.039218	35.441
17.43	17.43	0.039234	35.541
17.43	17.43	0.039251	35.640
17.43	17.43	0.039268	35.741
17.43	17.43	0.039284	35.840
17.43	17.43	0.039301	35.970
17.43	17.43	0.039318	36.069
17.43	17.43	0.039334	36.164
17.43	17.43	0.039351	36.269
17.43	17.43	0.039368	36.368
17.43	17.43	0.039384	36.463
17.43	17.43	0.039401	36.567
17.43	17.43	0.039418	36.667
17.43	17.43	0.039434	36.761
17.43	17.44	0.039451	36.866
17.43	17.44	0.039468	36.960
17.43	17.44	0.039484	37.060
17.43	17.44	0.039501	37.165
17.43	17.44	0.039518	37.259
17.43	17.44	0.039534	37.359
17.43	17.44	0.039551	37.463
17.43	17.44	0.039568	37.558
17.43	17.44	0.039584	37.657
17.43	17.44	0.039601	37.762
17.43	17.44	0.039617	37.857
17.43	17.44	0.039634	37.956
17.43	17.44	0.039651	38.061
17.43	17.45	0.039667	38.155
17.43	17.45	0.039684	38.255
17.43	17.45	0.039701	38.360
17.46	17.45	0.039717	38.454
17.46	17.45	0.039734	38.554
17.46	17.45	0.039751	38.659
17.46	17.45	0.039767	38.753
17.46	17.45	0.039784	38.853
17.46	17.45	0.039801	38.957
17.46	17.45	0.039817	39.052
17.46	17.45	0.039834	39.151
17.46	17.45	0.039851	39.256
17.46	17.45	0.039867	39.350
17.46	17.46	0.039884	39.451
17.46	17.46	0.039901	39.555
17.46	17.46	0.039917	39.649
17.46	17.46	0.039934	39.751
17.46	17.46	0.039951	39.853
17.46	17.46	0.039967	39.948
17.46	17.46	0.039984	40.050
17.46	17.46	0.040001	40.152
17.46	17.46	0.040017	40.247
17.46	17.46	0.040034	40.350
17.46	17.46	0.040051	40.451
17.46	17.46	0.040067	40.545
17.46	17.46	0.040084	40.650
17.46	17.47	0.040101	40.749
17.46	17.47	0.040117	40.844
17.46	17.47	0.040134	40.949
17.46	17.47	0.040151	41.048
17.46	17.47	0.040167	41.143
17.46	17.47	0.040184	41.247
17.46	17.47	0.040201	41.347
17.46	17.47	0.040217	41.441
17.46	17.47	0.040234	41.546
17.46	17.47	0.040251	41.645
17.46	17.47	0.040267	41.742
17.46	17.47	0.040284	41.845
17.46	17.47	0.040301	41.946
17.48	17.48	0.040317	42.042
17.48	17.48	0.040334	42.143
17.48	17.48	0.040351	42.246
17.48	17.48	0.040367	42.341
17.48	17.48	0.040384	42.442
17.48	17.48	0.040401	42.545
17.48	17.48	0.040417	42.642
17.48	17.48	0.040434	42.742
17.48	17.48	0.040450	42.846
17.48	17.48	0.040467	42.942
17.48	17.48	0.040484	43.041
17.48	17.48	0.040500	43.146
17.48	17.48	0.040517	43.241
17.48	17.49	0.040534	43.342
17.48	17.49	0.040550	43.446
17.48	17.49	0.040567	43.542
17.48	17.49	0.040584	43.642
17.48	17.49	0.040600	43.745
17.51	17.49	0.040617	43.842
17.51	17.49	0.040634	43.941
17.51	17.49	0.040650	44.046
17.51	17.49	0.040667	44.142
17.51	17.49	0.040684	44.242
17.51	17.49	0.040700	44.346
17.51	17.49	0.040717	44.442
17.51	17.49	0.040734	44.542
17.51	17.50	0.040750	44.645
17.51	17.50	0.040767	44.742
17.51	17.50	0.040784	44.841
17.51	17.50	0.040800	44.946
17.51	17.50	0.040817	45.042
17.48	17.50	0.040834	45.142
17.48	17.50	0.040850	45.246
17.48	17.50	0.040867	45.342
17.48	17.50	0.040884	45.442
17.48	17.50	0.040900	45.545
17.48	17.50	0.040917	45.642
17.48	17.50	0.040934	45.741
17.48	17.50	0.040950	45.845
17.48	17.51	0.040967	45.942
17.48	17.51	0.040984	46.042
17.51	17.51	0.041000	46.146
17.51	17.51	0.041017	46.241
17.51	17.51	0.041034	46.342
17.51	17.51	0.041050	46.445
17.51	17.51	0.041067	46.542
17.51	17.51	0.041084	46.642
17.51	17.51	0.041100	46.745
17.51	17.51	0.041117	46.842
17.51	17.51	0.041134	46.942
17.51	17.51	0.041150	47.045
17.51	17.51	0.041167	47.141
17.51	17.52	0.041184	47.242
17.51	17.52	0.041200	47.345
17.54	17.52	0.041217	47.441
17.54	17.52	0.041234	47.541
17.54	17.52	0.041250	47.645
17.54	17.52	0.041267	47.770
17.54	17.52	0.041283	47.864
17.54	17.52	0.041300	47.969
17.54	17.52	0.041317	48.068
17.54	17.52	0.041333	48.163
17.54	17.52	0.041350	48.267
17.54	17.52	0.041367	48.367
17.51	17.52	0.041383	48.462
17.51	17.53	0.041400	48.566
17.51	17.53	0.041417	48.666
17.51	17.53	0.041433	48.760
17.51	17.53	0.041450	48.865
17.51	17.53	0.041467	48.959
17.51	17.53	0.041483	49.059
17.51	17.53	0.041500	49.163
17.51	17.53	0.041517	49.258
17.51	17.53	0.041533	49.358
17.51	17.53	0.041550	49.462
17.54	17.53	0.041567	49.557
17.54	17.53	0.041583	49.656
17.54	17.53	0.041600	49.761
17.54	17.54	0.041617	49.855
17.54	17.54	0.041633	49.955
17.54	17.54	0.041650	50.060
17.54	17.54	0.041667	50.154
17.54	17.54	0.041683	50.254
17.54	17.54	0.041700	50.358
17.54	17.54	0.041717	50.453
17.54	17.54	0.041733	50.552
17.54	17.54	0.041750	50.657
17.54	17.54	0.041767	50.751
17.54	17.54	0.041783	50.851
17.54	17.54	0.041800	50.956
17.54	17.54	0.041817	51.050
17.54	17.55	0.041833	51.150
17.54	17.55	0.041850	51.255
17.54	17.55	0.041867	51.349
17.54	17.55	0.041883	51.449
17.56	17.55	0.041900	51.554
17.56	17.55	0.041917	51.649
17.56	17.55	0.041933	51.749
17.56	17.55	0.041950	51.853
17.56	17.55	0.041967	51.947
17.56	17.55	0.041983	52.049
17.56	17.55	0.042000	52.151
17.56	17.55	0.042017	52.246
17.56	17.55	0.042033	52.349
17.56	17.56	0.042050	52.450
17.56	17.56	0.042067	52.545
17.56	17.56	0.042083	52.649
17.56	17.56	0.042100	52.749
17.56	17.56	0.042116	52.843
17.56	17.56	0.042133	52.948
17.56	17.56	0.042150	53.047
17.56	17.56	0.042166	53.142
17.56	17.56	0.042183	53.246
17.56	17.56	0.042200	53.346
17.56	17.56	0.042216	53.442
17.56	17.56	0.042233	53.545
17.56	17.56	0.042250	53.645
17.56	17.57	0.042266	53.741
17.56	17.57	0.042283	53.844
17.56	17.57	0.042300	53.944
17.56	17.57	0.042316	54.042
17.56	17.57	0.042333	54.143
17.56	17.57	0.042350	54.244
17.56	17.57	0.042366	54.342
17.56	17.57	0.042383	54.442
17.56	17.57	0.042400	54.544
17.56	17.57	0.042416	54.641
17.56	17.57	0.042433	54.742
17.56	17.57	0.042450	54.844
17.56	17.57	0.042466	54.942
17.56	17.58	0.042483	55.042
17.56	17.58	0.042500	55.144
17.56	17.58	0.042516	55.242
17.56	17.58	0.042533	55.341
17.56	17.58	0.042550	55.444
17.59	17.58	0.042566	55.541
17.59	17.58	0.042583	55.642
17.59	17.58	0.042600	55.744
17.59	17.58	0.042616	55.842
17.59	17.58	0.042633	55.942
17.59	17.58	0.042650	56.044
17.59	17.58	0.042666	56.142
17.59	17.58	0.042683	56.241
17.59	17.58	0.042700	56.344
17.59	17.59	0.042716	56.441
17.59	17.59	0.042733	56.542
17.59	17.59	0.042750	56.644
17.59	17.59	0.042766	56.742
17.59	17.59	0.042783	56.842
17.59	17.59	0.042800	56.944
17.59	17.59	0.042816	57.042
17.59	17.59	0.042833	57.141
17.59	17.59	0.042850	57.244
17.59	17.59	0.042866	57.341
17.59	17.59	0.042883	57.442
17.59	17.59	0.042900	57.544
17.59	17.59	0.042916	57.642
17.59	17.60	0.042933	57.742
17.59	17.60	0.042949	57.844
17.59	17.60	0.042966	57.941
17.59	17.60	0.042983	58.042
17.59	17.60	0.042999	58.144
17.59	17.60	0.043016	58.242
17.61	17.60	0.043033	58.342
17.61	17.60	0.043049	58.444
17.61	17.60	0.043066	58.542
17.61	17.60	0.043083	58.642
17.61	17.60	0.043099	58.743
17.61	17.60	0.043116	58.842
17.61	17.60	0.043133	58.941
17.61	17.61	0.043149	59.044
17.61	17.61	0.043166	59.142
17.61	17.61	0.043183	59.266
17.61	17.61	0.043199	59.344
17.61	17.61	0.043216	59.470
17.61	17.61	0.043233	59.565
17.61	17.61	0.043249	59.643
17.61	17.61	0.043266	59.769
17.61	17.61	0.043283	59.863
17.61	17.61	0.043299	59.968
17.61	17.61	0.043316	00.068
17.61	17.61	0.043333	00.162
17.61	17.61	0.043349	00.267
17.61	17.62	0.043366	00.366
17.61	17.62	0.043383	00.460
17.61	17.62	0.043399	00.565
17.61	17.62	0.043416	00.664
17.61	17.62	0.043433	00.759
17.61	17.62	0.043449	00.864
17.61	17.62	0.043466	00.963
17.61	17.62	0.043483	01.058
17.61	17.62	0.043499	01.162
17.61	17.62	0.043516	01.257
17.61	17.62	0.043533	01.356
17.61	17.62	0.043549	01.461
17.61	17.62	0.043566	01.555
17.61	17.63	0.043583	01.656
17.61	17.63	0.043599	01.761
17.61	17.63	0.043616	01.855
17.61	17.63	0.043633	01.954
17.61	17.63	0.043649	02.059
17.64	17.63	0.043666	02.153
17.64	17.63	0.043683	02.253
17.64	17.63	0.043699	02.357
17.64	17.63	0.043716	02.452
17.64	17.63	0.043733	02.552
17.64	17.63	0.043749	02.656
17.64	17.63	0.043766	02.751
17.64	17.63	0.043782	02.850
17.64	17.64	0.043799	02.955
17.64	17.64	0.043816	03.049
17.64	17.64	0.043832	03.149
17.64	17.64	0.043849	03.254
17.64	17.64	0.043866	03.348
17.64	17.64	0.043882	03.448
17.64	17.64	0.043899	03.552
17.64	17.64	0.043916	03.647
17.64	17.64	0.043932	03.747
17.64	17.64	0.043949	03.851
17.64	17.64	0.043966	03.945
17.64	17.64	0.043982	04.047
17.64	17.64	0.043999	04.150
17.64	17.65	0.044016	04.244
17.64	17.65	0.044032	04.347
17.64	17.65	0.044049	04.448
17.64	17.65	0.044066	04.543
17.66	17.65	0.044082	04.647
17.66	17.65	0.044099	04.748
17.66	17.65	0.044116	04.843
17.66	17.65	0.044132	04.947
17.66	17.65	0.044149	05.047
17.66	17.65	0.044166	05.142
17.66	17.65	0.044182	05.246
17.66	17.65	0.044199	05.345
17.66	17.65	0.044216	05.442
17.66	17.66	0.044232	05.544
17.66	17.66	0.044249	05.644
17.66	17.66	0.044266	05.742
17.66	17.66	0.044282	05.842
17.66	17.66	0.044299	05.943
17.66	17.66	0.044316	06.041
17.66	17.66	0.044332	06.142
17.66	17.66	0.044349	06.242
17.66	17.66	0.044366	06.342
17.66	17.66	0.044382	06.442
17.66	17.66	0.044399	06.543
17.66	17.66	0.044416	06.642
17.66	17.66	0.044432	06.742
17.66	17.67	0.044449	06.843
17.66	17.67	0.044466	06.941
17.66	17.67	0.044482	07.042
17.66	17.67	0.044499	07.142
17.66	17.67	0.044516	07.242
17.66	17.67	0.044532	07.342
17.66	17.67	0.044549	07.442
17.66	17.67	0.044566	07.542
17.66	17.67	0.044582	07.642
17.66	17.67	0.044599	07.743
17.66	17.67	0.044615	07.841
17.66	17.67	0.044632	07.942
17.66	17.67	0.044649	08.042
17.66	17.68	0.044665	08.142
17.66	17.68	0.044682	08.242
17.66	17.68	0.044699	08.342
17.69	17.68	0.044715	08.442
17.69	17.68	0.044732	08.541
17.69	17.68	0.044749	08.643
17.69	17.68	0.044765	08.741
17.69	17.68	0.044782	08.842
17.69	17.68	0.044799	08.943
17.69	17.68	0.044815	09.042
17.69	17.68	0.044832	09.142
17.69	17.68	0.044849	09.243
17.69	17.68	0.044865	09.341
17.69	17.69	0.044882	09.442
17.69	17.69	0.044899	09.542
17.69	17.69	0.044915	09.642
17.69	17.69	0.044932	09.742
17.69	17.69	0.044949	09.842
17.69	17.69	0.044965	09.942
17.69	17.69	0.044982	10.042
17.69	17.69	0.044999	10.142
17.69	17.69	0.045015	10.241
17.69	17.69	0.045032	10.342
17.69	17.69	0.045049	10.442
17.69	17.69	0.045065	10.542
17.69	17.69	0.045082	10.642
17.69	17.70	0.045099	10.742
17.69	17.70	0.045115	10.842
17.69	17.70	0.045132	10.941
17.69	17.70	0.045149	11.042
17.69	17.70	0.045165	11.140
17.69	17.70	0.045182	11.265
17.69	17.70	0.045199	11.343
17.69	17.70	0.045215	11.469
17.69	17.70	0.045232	11.564
17.69	17.70	0.045249	11.642
17.69	17.70	0.045265	11.768
17.69	17.70	0.045282	11.862
17.69	17.70	0.045299	11.942
17.69	17.71	0.045315	12.067
17.72	17.71	0.045332	12.161
17.72	17.71	0.045349	12.266
17.72	17.71	0.045365	12.366
17.72	17.71	0.045382	12.460
17.72	17.71	0.045399	12.565
17.72	17.71	0.045415	12.664
17.72	17.71	0.045432	12.759
17.72	17.71	0.045448	12.863
17.72	17.71	0.045465	12.963
17.72	17.71	0.045482	13.058
17.72	17.71	0.045498	13.162
17.72	17.71	0.045515	13.257
17.72	17.72	0.045532	13.356
17.72	17.72	0.045548	13.461
17.72	17.72	0.045565	13.555
17.72	17.72	0.045582	13.655
17.72	17.72	0.045598	13.759
17.72	17.72	0.045615	13.854
17.72	17.72	0.045632	13.954
17.72	17.72	0.045648	14.058
17.72	17.72	0.045665	14.153
17.72	17.72	0.045682	14.252
17.72	17.72	0.045698	14.357
17.72	17.72	0.045715	14.451
17.72	17.72	0.045732	14.551
17.72	17.73	0.045748	14.655
17.72	17.73	0.045765	14.750
17.72	17.73	0.045782	14.849
17.72	17.73	0.045798	14.954
17.72	17.73	0.045815	15.048
17.72	17.73	0.045832	15.148
17.72	17.73	0.045848	15.252
17.72	17.73	0.045865	15.347
17.72	17.73	0.045882	15.447
17.72	17.73	0.045898	15.551
17.74	17.73	0.045915	15.647
17.74	17.73	0.045932	15.746
17.74	17.73	0.045948	15.851
17.74	17.74	0.045965	15.944
17.74	17.74	0.045982	16.046
17.74	17.74	0.045998	16.148
17.74	17.74	0.046015	16.243
17.74	17.74	0.046032	16.346
17.74	17.74	0.046048	16.447
17.74	17.74	0.046065	16.543
17.74	17.74	0.046082	16.646
17.74	17.74	0.046098	16.746
17.74	17.74	0.046115	16.842
17.74	17.74	0.046132	16.946
17.74	17.74	0.046148	17.046
17.74	17.74	0.046165	17.143
17.74	17.75	0.046182	17.245
17.74	17.75	0.046198	17.344
17.74	17.75	0.046215	17.443
17.74	17.75	0.046232	17.543
17.74	17.75	0.046248	17.643
17.74	17.75	0.046265	17.742
17.74	17.75	0.046281	17.843
17.74	17.75	0.046298	17.943
17.74	17.75	0.046315	18.043
17.74	17.75	0.046331	18.143
17.74	17.75	0.046348	18.243
17.74	17.75	0.046365	18.343
17.74	17.75	0.046381	18.442
17.74	17.76	0.046398	18.543
17.77	17.76	0.046415	18.643
17.77	17.76	0.046431	18.743
17.77	17.76	0.046448	18.843
17.77	17.76	0.046465	18.943
17.77	17.76	0.046481	19.043
17.77	17.76	0.046498	19.142
17.77	17.76	0.046515	19.243
17.77	17.76	0.046531	19.342
17.77	17.76	0.046548	19.443
17.77	17.76	0.046565	19.543
17.77	17.76	0.046581	19.643
17.77	17.76	0.046598	19.743
17.77	17.77	0.046615	19.843
17.77	17.77	0.046631	19.943
17.77	17.77	0.046648	20.042
17.77	17.77	0.046665	20.143
17.77	17.77	0.046681	20.243
17.77	17.77	0.046698	20.343
17.77	17.77	0.046715	20.443
17.77	17.77	0.046731	20.543
17.77	17.77	0.046748	20.643
17.77	17.77	0.046765	20.742
17.77	17.77	0.046781	20.843
17.77	17.77	0.046798	20.942
17.77	17.77	0.046815	21.043
17.77	17.78	0.046831	21.143
17.77	17.78	0.046848	21.243
17.77	17.78	0.046865	21.343
17.77	17.78	0.046881	21.443
17.77	17.78	0.046898	21.543
17.77	17.78	0.046915	21.642
17.77	17.78	0.046931	21.743
17.77	17.78	0.046948	21.842
17.77	17.78	0.046965	21.943
17.77	17.78	0.046981	22.043
17.77	17.78	0.046998	22.143
17.77	17.78	0.047015	22.243
17.77	17.78	0.047031	22.342
17.77	17.79	0.047048	22.443
17.79	17.79	0.047065	22.542
17.79	17.79	0.047081	22.667
17.79	17.79	0.047098	22.766
17.79	17.79	0.047114	22.871
17.79	17.79	0.047131	22.966
17.79	17.79	0.047148	23.065
17.79	17.79	0.047164	23.170
17.79	17.79	0.047181	23.264
17.79	17.79	0.047198	23.365
17.79	17.79	0.047214	23.468
17.79	17.79	0.047231	23.563
17.79	17.79	0.047248	23.665
17.79	17.80	0.047264	23.767
17.79	17.80	0.047281	23.862
17.79	17.80	0.047298	23.965
17.79	17.80	0.047314	24.065
17.82	17.80	0.047331	24.160
17.82	17.80	0.047348	24.264
17.82	17.80	0.047364	24.364
17.82	17.80	0.047381	24.458
17.82	17.80	0.047398	24.563
17.82	17.80	0.047414	24.663
17.82	17.80	0.047431	24.757
17.82	17.80	0.047448	24.862
17.82	17.80	0.047464	24.962
17.82	17.80	0.047481	25.056
17.82	17.81	0.047498	25.161
17.79	17.81	0.047514	25.256
17.79	17.81	0.047531	25.355
17.79	17.81	0.047548	25.460
17.79	17.81	0.047564	25.554
17.79	17.81	0.047581	25.654
17.79	17.81	0.047598	25.758
17.79	17.81	0.047614	25.853
17.79	17.81	0.047631	25.953
17.79	17.81	0.047648	26.057
17.79	17.81	0.047664	26.152
17.79	17.81	0.047681	26.251
17.82	17.81	0.047698	26.356
17.82	17.82	0.047714	26.450
17.82	17.82	0.047731	26.550
17.82	17.82	0.047748	26.654
17.82	17.82	0.047764	26.749
17.82	17.82	0.047781	26.849
17.82	17.82	0.047798	26.953
17.82	17.82	0.047814	27.048
17.82	17.82	0.047831	27.147
17.82	17.82	0.047848	27.252
17.82	17.82	0.047864	27.346
17.82	17.82	0.047881	27.446
17.82	17.82	0.047898	27.550
17.82	17.82	0.047914	27.645
17.82	17.83	0.047931	27.745
17.82	17.83	0.047947	27.849
17.82	17.83	0.047964	27.944
17.84	17.83	0.047981	28.044
17.84	17.83	0.047997	28.148
17.84	17.83	0.048014	28.243
17.84	17.83	0.048031	28.344
17.84	17.83	0.048047	28.447
17.84	17.83	0.048064	28.544
17.84	17.83	0.048081	28.645
17.84	17.83	0.048097	28.745
17.84	17.83	0.048114	28.844
17.84	17.83	0.048131	28.944
17.84	17.84	0.048147	29.044
17.84	17.84	0.048164	29.143
17.84	17.84	0.048181	29.244
17.84	17.84	0.048197	29.344
17.84	17.84	0.048214	29.444
17.84	17.84	0.048231	29.544
17.84	17.84	0.048247	29.643
17.84	17.84	0.048264	29.744
17.84	17.84	0.048281	29.843
17.84	17.84	0.048297	29.944
17.84	17.84	0.048314	30.044
17.84	17.84	0.048331	30.144
17.84	17.84	0.048347	30.244
17.84	17.85	0.048364	30.344
17.84	17.85	0.048381	30.444
17.84	17.85	0.048397	30.543
17.84	17.85	0.048414	30.644
17.84	17.85	0.048431	30.743
17.84	17.85	0.048447	30.844
17.84	17.85	0.048464	30.944
17.84	17.85	0.048481	31.044
17.84	17.85	0.048497	31.144
17.84	17.85	0.048514	31.244
17.84	17.85	0.048531	31.344
17.84	17.85	0.048547	31.443
17.84	17.85	0.048564	31.544
17.84	17.86	0.048581	31.643
17.84	17.86	0.048597	31.744
17.84	17.86	0.048614	31.844
17.84	17.86	0.048631	31.944
17.84	17.86	0.048647	32.044
17.84	17.86	0.048664	32.143
17.87	17.86	0.048681	32.244
17.87	17.86	0.048697	32.343
17.87	17.86	0.048714	32.444
17.87	17.86	0.048731	32.544
17.87	17.86	0.048747	32.644
17.87	17.86	0.048764	32.744
17.87	17.86	0.048780	32.844
17.87	17.87	0.048797	32.944
17.87	17.87	0.048814	33.043
17.87	17.87	0.048830	33.144
17.87	17.87	0.048847	33.244
17.87	17.87	0.048864	33.345
17.87	17.87	0.048880	33.445
17.87	17.87	0.048897	33.545
17.87	17.87	0.048914	33.645
17.87	17.87	0.048930	33.769
17.87	17.87	0.048947	33.869
17.87	17.87	0.048964	33.973
17.87	17.87	0.048980	34.068
17.87	17.87	0.048997	34.167
17.87	17.88	0.049014	34.272
17.89	17.88	0.049030	34.367
17.89	17.88	0.049047	34.466
17.89	17.88	0.049064	34.571
17.89	17.88	0.049080	34.665
17.89	17.88	0.049097	34.765
17.89	17.88	0.049114	34.869
17.89	17.88	0.049130	34.964
17.89	17.88	0.049147	35.063
17.89	17.88	0.049164	35.168
17.89	17.88	0.049180	35.263
17.89	17.88	0.049197	35.364
17.89	17.88	0.049214	35.467
17.89	17.89	0.049230	35.561
17.89	17.89	0.049247	35.664
17.89	17.89	0.049264	35.765
17.89	17.89	0.049280	35.860
17.89	17.89	0.049297	35.963
17.89	17.89	0.049314	36.064
17.87	17.89	0.049330	36.159
17.87	17.89	0.049347	36.263
17.87	17.89	0.049364	36.363
17.87	17.89	0.049380	36.457
17.87	17.89	0.049397	36.562
17.89	17.89	0.049414	36.661
17.89	17.89	0.049430	36.756
17.89	17.90	0.049447	36.861
17.89	17.90	0.049464	36.960
17.89	17.90	0.049480	37.055
17.89	17.90	0.049497	37.159
17.89	17.90	0.049514	37.259
17.89	17.90	0.049530	37.353
17.89	17.90	0.049547	37.458
17.89	17.90	0.049564	37.552
17.89	17.90	0.049580	37.652
17.89	17.90	0.049597	37.757
17.89	17.90	0.049613	37.851
17.89	17.90	0.049630	37.951
17.92	17.90	0.049647	38.056
17.92	17.91	0.049663	38.151
17.92	17.91	0.049680	38.250
17.92	17.91	0.049697	38.355
17.92	17.91	0.049713	38.450
17.92	17.91	0.049730	38.549
17.92	17.91	0.049747	38.654
17.92	17.91	0.049763	38.748
17.92	17.91	0.049780	38.847
17.92	17.91	0.049797	38.952
17.92	17.91	0.049813	39.046
17.92	17.91	0.049830	39.146
17.92	17.91	0.049847	39.251
17.92	17.91	0.049863	39.346
17.92	17.92	0.049880	39.446
17.92	17.92	0.049897	39.549
17.92	17.92	0.049913	39.646
17.92	17.92	0.049930	39.745
17.92	17.92	0.049947	39.848
17.92	17.92	0.049963	39.946
17.92	17.92	0.049980	40.046
17.92	17.92	0.049997	40.147
17.92	17.92	0.050013	40.246
17.92	17.92	0.050030	40.346
17.92	17.92	0.050047	40.445
17.92	17.92	0.050063	40.546
17.92	17.92	0.050080	40.646
17.92	17.93	0.050097	40.747
17.92	17.93	0.050113	40.847
17.92	17.93	0.050130	40.947
17.92	17.93	0.050147	41.047
17.92	17.93	0.050163	41.147
17.92	17.93	0.050180	41.247
17.92	17.93	0.050197	41.346
17.92	17.93	0.050213	41.447
17.92	17.93	0.050230	41.546
17.92	17.93	0.050247	41.647
17.92	17.93	0.050263	41.747
17.92	17.93	0.050280	41.847
17.92	17.93	0.050297	41.947
17.92	17.94	0.050313	42.046
17.92	17.94	0.050330	42.147
17.92	17.94	0.050347	42.246
17.95	17.94	0.050363	42.347
17.95	17.94	0.050380	42.447
17.95	17.94	0.050397	42.547
17.95	17.94	0.050413	42.647
17.95	17.94	0.050430	42.747
17.95	17.94	0.050446	42.847
17.95	17.94	0.050463	42.946
17.95	17.94	0.050480	43.047
17.95	17.94	0.050496	43.146
17.95	17.94	0.050513	43.247
17.95	17.95	0.050530	43.347
17.95	17.95	0.050546	43.447
17.95	17.95	0.050563	43.547
17.95	17.95	0.050580	43.646
17.95	17.95	0.050596	43.747
17.95	17.95	0.050613	43.846
17.95	17.95	0.050630	43.947
17.95	17.95	0.050646	44.047
17.95	17.95	0.050663	44.147
17.95	17.95	0.050680	44.247
17.95	17.95	0.050696	44.347
17.95	17.95	0.050713	44.447
17.95	17.95	0.050730	44.546
17.95	17.96	0.050746	44.647
17.95	17.96	0.050763	44.747
17.95	17.96	0.050780	44.847
17.95	17.96	0.050796	44.947
17.95	17.96	0.050813	45.076
17.95	17.96	0.050830	45.171
17.95	17.96	0.050846	45.270
17.95	17.96	0.050863	45.375
17.95	17.96	0.050880	45.469
17.97	17.96	0.050896	45.569
17.97	17.96	0.050913	45.673
17.97	17.96	0.050930	45.768
17.97	17.96	0.050946	45.868
17.97	17.97	0.050963	45.972
17.97	17.97	0.050980	46.067
17.97	17.97	0.050996	46.166
17.97	17.97	0.051013	46.271
17.97	17.97	0.051030	46.365
17.97	17.97	0.051046	46.465
17.97	17.97	0.051063	46.570
17.97	17.97	0.051080	46.664
17.97	17.97	0.051096	46.764
17.97	17.97	0.051113	46.868
17.97	17.97	0.051130	46.963
17.97	17.97	0.051146	47.062
17.97	17.97	0.051163	47.167
17.97	17.98	0.051180	47.261
17.97	17.98	0.051196	47.362
17.97	17.98	0.051213	47.466
17.97	17.98	0.051230	47.560
17.97	17.98	0.051246	47.663
17.97	17.98	0.051263	47.764
17.97	17.98	0.051279	47.859
17.97	17.98	0.051296	47.962
17.97	17.98	0.051313	48.063
17.97	17.98	0.051329	48.158
17.97	17.98	0.051346	48.262
18.00	17.98	0.051363	48.363
18.00	17.98	0.051379	48.457
18.00	17.99	0.051396	48.562
18.00	17.99	0.051413	48.661
18.00	17.99	0.051429	48.756
18.00	17.99	0.051446	48.860
18.00	17.99	0.051463	48.960
18.00	17.99	0.051479	49.055
18.00	17.99	0.051496	49.159
18.00	17.99	0.051513	49.259
18.00	17.99	0.051529	49.353
18.00	17.99	0.051546	49.458
18.00	17.99	0.051563	49.552
18.00	17.99	0.051579	49.652
18.00	17.99	0.051596	49.757
18.00	18.00	0.051613	49.851
18.00	18.00	0.051629	49.951
18.00	18.00	0.051646	50.055
18.00	18.00	0.051663	50.150
18.00	18.00	0.051679	50.249
18.00	18.00	0.051696	50.354
18.00	18.00	0.051713	50.448
17.97	18.00	0.051729	50.548
