100.00	0.00	7.23	30.00	150.00	2.70	97.30	2.70	

19.99	17.00	0.000000	14.699
19.99	17.00	0.000017	14.794
19.86	17.00	0.000033	14.893
19.70	17.00	0.000050	14.998
19.27	17.00	0.000067	15.092
18.70	17.00	0.000083	15.192
18.40	17.00	0.000100	15.297
17.83	17.00	0.000117	15.391
17.35	17.00	0.000133	15.491
17.14	17.00	0.000150	15.595
16.83	17.00	0.000167	15.690
16.65	17.00	0.000183	15.789
16.65	17.00	0.000200	15.894
16.65	17.00	0.000217	15.988
16.78	17.00	0.000233	16.089
16.88	17.00	0.000250	16.193
17.09	17.00	0.000267	16.288
17.29	17.00	0.000283	16.387
17.37	17.00	0.000300	16.492
17.47	17.00	0.000317	16.586
17.50	17.00	0.000333	16.687
17.50	17.00	0.000350	16.790
17.42	17.00	0.000367	16.886
17.29	17.00	0.000383	16.987
17.22	17.00	0.000400	17.090
17.06	17.00	0.000416	17.184
16.88	17.00	0.000433	17.287
16.83	17.00	0.000450	17.388
16.70	17.00	0.000466	17.483
16.65	17.00	0.000483	17.586
16.65	17.00	0.000500	17.687
16.65	17.00	0.000516	17.782
16.65	17.00	0.000533	17.886
16.65	17.00	0.000550	17.985
16.65	17.00	0.000566	18.081
16.70	17.00	0.000583	18.185
16.76	17.00	0.000600	18.285
16.78	17.00	0.000616	18.380
16.81	17.00	0.000633	18.484
16.81	17.00	0.000650	18.584
16.81	17.00	0.000666	18.678
16.81	17.00	0.000683	18.783
16.81	17.00	0.000700	18.882
16.81	17.00	0.000716	18.977
16.81	17.00	0.000733	19.081
16.81	17.00	0.000750	19.181
16.81	17.00	0.000766	19.276
16.81	17.00	0.000783	19.381
16.78	17.00	0.000800	19.475
16.73	17.00	0.000816	19.574
16.73	17.00	0.000833	19.680
16.73	17.00	0.000850	19.774
16.70	17.00	0.000866	19.874
16.70	17.00	0.000883	19.979
16.70	17.00	0.000900	20.074
16.68	17.00	0.000916	20.175
16.68	17.00	0.000933	20.277
16.68	17.00	0.000950	20.375
16.68	17.00	0.000966	20.474
16.68	17.00	0.000983	20.576
16.70	17.00	0.001000	20.674
16.70	17.00	0.001016	20.774
16.70	17.00	0.001033	20.875
16.73	17.00	0.001050	20.975
16.76	17.00	0.001066	21.074
16.78	17.00	0.001083	21.175
16.81	17.00	0.001100	21.274
16.83	17.00	0.001116	21.374
16.83	17.00	0.001133	21.474
16.83	17.00	0.001150	21.574
16.86	17.00	0.001166	21.676
16.86	17.00	0.001183	21.775
16.86	17.00	0.001200	21.881
16.86	17.00	0.001216	21.975
16.86	17.00	0.001233	22.076
16.86	17.00	0.001250	22.175
16.88	17.00	0.001266	22.275
16.88	17.00	0.001283	22.376
16.88	17.00	0.001299	22.480
16.88	17.00	0.001316	22.577
16.88	17.00	0.001333	22.676
16.88	17.00	0.001349	22.780
16.88	17.00	0.001366	22.876
16.88	17.00	0.001383	22.976
16.88	17.00	0.001399	23.079
16.88	17.00	0.001416	23.176
16.88	17.00	0.001433	23.277
16.88	17.00	0.001449	23.380
16.88	17.00	0.001466	23.477
16.91	17.00	0.001483	23.576
16.91	17.00	0.001499	23.680
16.91	17.00	0.001516	23.776
16.91	17.00	0.001533	23.876
16.91	17.00	0.001549	23.979
16.94	17.00	0.001566	24.076
16.94	17.00	0.001583	24.177
16.94	17.00	0.001599	24.280
16.94	17.00	0.001616	24.377
16.94	17.00	0.001633	24.476
16.94	17.00	0.001649	24.580
16.96	17.00	0.001666	24.676
16.96	17.00	0.001683	24.776
16.96	17.00	0.001699	24.880
16.96	17.00	0.001716	24.976
16.96	17.00	0.001733	25.077
16.96	17.00	0.001749	25.179
16.96	17.00	0.001766	25.277
16.96	17.00	0.001783	25.376
16.96	17.00	0.001799	25.479
16.96	17.00	0.001816	25.576
16.96	17.00	0.001833	25.676
16.99	17.00	0.001849	25.779
16.99	17.00	0.001866	25.876
16.99	17.00	0.001883	26.001
16.99	17.00	0.001899	26.079
16.99	17.00	0.001916	26.205
16.99	17.00	0.001933	26.299
16.99	17.00	0.001949	26.379
16.99	17.00	0.001966	26.503
16.99	17.00	0.001983	26.598
16.99	17.00	0.001999	26.703
16.99	17.00	0.002016	26.802
16.99	17.00	0.002033	26.897
16.99	17.00	0.002049	27.001
16.99	17.00	0.002066	27.102
16.99	17.00	0.002082	27.195
16.96	17.00	0.002099	27.301
16.96	17.00	0.002116	27.400
16.96	17.00	0.002132	27.495
16.96	17.00	0.002149	27.600
16.96	17.00	0.002166	27.699
16.96	17.00	0.002182	27.794
16.96	17.00	0.002199	27.898
16.99	17.00	0.002216	27.993
16.99	17.00	0.002232	28.092
16.99	17.00	0.002249	28.197
16.99	17.00	0.002266	28.292
16.99	17.00	0.002282	28.391
16.99	17.00	0.002299	28.496
16.99	17.00	0.002316	28.590
16.99	17.00	0.002332	28.691
16.99	17.00	0.002349	28.795
16.99	17.00	0.002366	28.890
16.99	17.00	0.002382	28.989
16.99	17.00	0.002399	29.094
17.01	17.00	0.002416	29.189
17.01	17.00	0.002432	29.288
17.01	17.00	0.002449	29.393
17.01	17.00	0.002466	29.487
17.01	17.00	0.002482	29.587
17.01	17.00	0.002499	29.691
17.01	17.00	0.002516	29.786
17.01	17.00	0.002532	29.886
17.01	17.00	0.002549	29.990
17.01	17.00	0.002566	30.085
17.01	17.00	0.002582	30.184
16.99	17.00	0.002599	30.289
16.99	17.00	0.002616	30.383
16.99	17.00	0.002632	30.483
16.99	17.00	0.002649	30.587
16.99	17.00	0.002666	30.683
16.99	17.00	0.002682	30.783
16.99	17.00	0.002699	30.887
16.99	17.00	0.002716	30.982
16.99	17.00	0.002732	31.081
16.99	17.00	0.002749	31.186
16.99	17.00	0.002766	31.280
16.99	17.00	0.002782	31.382
16.99	17.00	0.002799	31.485
16.99	17.00	0.002816	31.579
16.99	17.00	0.002832	31.682
16.99	17.00	0.002849	31.783
16.99	17.00	0.002866	31.878
16.99	17.00	0.002882	31.981
16.99	17.00	0.002899	32.082
16.99	17.00	0.002915	32.177
16.99	17.00	0.002932	32.281
16.99	17.00	0.002949	32.381
16.99	17.00	0.002965	32.476
16.99	17.00	0.002982	32.581
17.01	17.00	0.002999	32.680
17.01	17.00	0.003015	32.778
17.01	17.00	0.003032	32.879
17.01	17.00	0.003049	32.979
17.01	17.00	0.003065	33.078
17.01	17.00	0.003082	33.178
17.01	17.00	0.003099	33.278
17.01	17.00	0.003115	33.377
17.01	17.00	0.003132	33.478
17.01	17.00	0.003149	33.577
17.01	17.00	0.003165	33.677
16.99	17.00	0.003182	33.777
16.99	17.00	0.003199	33.877
16.99	17.00	0.003215	33.978
16.99	17.00	0.003232	34.077
16.99	17.00	0.003249	34.178
16.99	17.00	0.003265	34.277
16.99	17.00	0.003282	34.378
16.99	17.00	0.003299	34.477
16.99	17.00	0.003315	34.577
16.99	17.00	0.003332	34.677
16.99	17.00	0.003349	34.777
16.99	17.00	0.003365	34.878
16.99	17.00	0.003382	34.977
16.99	17.00	0.003399	35.078
16.99	17.00	0.003415	35.177
16.99	17.00	0.003432	35.277
16.99	17.00	0.003449	35.377
16.99	17.00	0.003465	35.477
16.99	17.00	0.003482	35.578
17.01	17.00	0.003499	35.677
17.01	17.00	0.003515	35.778
17.01	17.00	0.003532	35.877
17.01	17.00	0.003549	35.978
17.01	17.00	0.003565	36.077
17.01	17.00	0.003582	36.177
17.01	17.00	0.003599	36.277
17.01	17.00	0.003615	36.378
17.01	17.00	0.003632	36.477
17.01	17.00	0.003649	36.578
17.01	17.00	0.003665	36.677
16.99	17.00	0.003682	36.778
16.99	17.00	0.003699	36.877
16.99	17.00	0.003715	36.977
16.99	17.00	0.003732	37.078
16.99	17.00	0.003748	37.178
16.99	17.00	0.003765	37.279
16.99	17.00	0.003782	37.378
16.99	17.00	0.003798	37.479
16.99	17.00	0.003815	37.578
16.99	17.00	0.003832	37.678
16.99	17.00	0.003848	37.778
16.99	17.00	0.003865	37.878
16.99	17.00	0.003882	37.979
16.99	17.00	0.003898	38.078
16.99	17.00	0.003915	38.179
16.99	17.00	0.003932	38.278
16.99	17.00	0.003948	38.378
16.99	17.00	0.003965	38.478
16.99	17.00	0.003982	38.578
16.99	17.00	0.003998	38.702
16.99	17.00	0.004015	38.807
17.01	17.00	0.004032	38.902
17.01	17.00	0.004048	39.001
17.01	17.00	0.004065	39.106
17.01	17.00	0.004082	39.200
17.01	17.00	0.004098	39.300
17.01	17.00	0.004115	39.404
17.01	17.00	0.004132	39.499
17.01	17.00	0.004148	39.599
17.01	17.00	0.004165	39.704
17.01	17.00	0.004182	39.798
17.01	17.00	0.004198	39.899
17.01	17.00	0.004215	40.003
16.99	17.00	0.004232	40.097
16.99	17.00	0.004248	40.199
16.99	17.00	0.004265	40.301
16.99	17.00	0.004282	40.396
16.99	17.00	0.004298	40.499
16.99	17.00	0.004315	40.600
16.99	17.00	0.004332	40.695
16.99	17.00	0.004348	40.798
16.99	17.00	0.004365	40.899
16.99	17.00	0.004382	40.993
16.99	17.00	0.004398	41.098
16.99	17.00	0.004415	41.197
16.99	17.00	0.004432	41.292
16.99	17.00	0.004448	41.397
16.99	17.00	0.004465	41.496
16.99	17.00	0.004482	41.591
17.01	17.00	0.004498	41.696
17.01	17.00	0.004515	41.796
17.01	17.00	0.004532	41.890
17.01	17.00	0.004548	41.995
17.01	17.00	0.004565	42.095
17.01	17.00	0.004581	42.189
17.01	17.00	0.004598	42.294
17.01	17.00	0.004615	42.388
17.01	17.00	0.004631	42.488
17.01	17.00	0.004648	42.592
17.01	17.00	0.004665	42.687
17.01	17.00	0.004681	42.787
17.01	17.00	0.004698	42.891
16.99	17.00	0.004715	42.986
16.99	17.00	0.004731	43.085
16.99	17.00	0.004748	43.190
16.99	17.00	0.004765	43.284
16.99	17.00	0.004781	43.384
16.99	17.00	0.004798	43.489
16.99	17.00	0.004815	43.584
16.99	17.00	0.004831	43.684
16.99	17.00	0.004848	43.788
16.99	17.00	0.004865	43.882
16.99	17.00	0.004881	43.982
16.99	17.00	0.004898	44.086
16.99	17.00	0.004915	44.181
16.99	17.00	0.004931	44.280
16.99	17.00	0.004948	44.385
16.99	17.00	0.004965	44.481
16.99	17.00	0.004981	44.580
16.99	17.00	0.004998	44.685
16.99	17.00	0.005015	44.779
16.99	17.00	0.005031	44.879
16.99	17.00	0.005048	44.983
16.99	17.00	0.005065	45.078
17.01	17.00	0.005081	45.178
17.01	17.00	0.005098	45.282
17.01	17.00	0.005115	45.379
17.01	17.00	0.005131	45.478
17.01	17.00	0.005148	45.581
17.01	17.00	0.005165	45.678
17.01	17.00	0.005181	45.778
17.01	17.00	0.005198	45.879
17.01	17.00	0.005215	45.978
17.01	17.00	0.005231	46.079
17.01	17.00	0.005248	46.179
17.01	17.00	0.005265	46.279
17.01	17.00	0.005281	46.378
17.01	17.00	0.005298	46.478
17.01	17.00	0.005315	46.578
17.01	17.00	0.005331	46.678
17.01	17.00	0.005348	46.779
17.01	17.00	0.005365	46.878
17.01	17.00	0.005381	46.979
16.99	17.00	0.005398	47.078
16.99	17.00	0.005414	47.179
16.99	17.00	0.005431	47.278
16.99	17.00	0.005448	47.378
16.99	17.00	0.005464	47.478
16.99	17.00	0.005481	47.578
16.99	17.00	0.005498	47.679
16.99	17.00	0.005514	47.778
16.99	17.00	0.005531	47.879
16.99	17.00	0.005548	47.978
16.99	17.00	0.005564	48.079
16.99	17.00	0.005581	48.178
16.99	17.00	0.005598	48.278
16.99	17.00	0.005614	48.378
16.99	17.00	0.005631	48.478
16.99	17.00	0.005648	48.579
17.01	17.00	0.005664	48.678
17.01	17.00	0.005681	48.779
17.01	17.00	0.005698	48.878
17.01	17.00	0.005714	48.978
17.01	17.00	0.005731	49.078
17.01	17.00	0.005748	49.178
17.01	17.00	0.005764	49.279
17.01	17.00	0.005781	49.378
17.01	17.00	0.005798	49.479
17.01	17.00	0.005814	49.577
17.01	17.00	0.005831	49.678
17.01	17.00	0.005848	49.777
17.01	17.00	0.005864	49.878
16.99	17.00	0.005881	49.978
16.99	17.00	0.005898	50.078
16.99	17.00	0.005914	50.179
16.99	17.00	0.005931	50.278
16.99	17.00	0.005948	50.379
16.99	17.00	0.005964	50.478
16.99	17.00	0.005981	50.578
16.99	17.00	0.005998	50.678
16.99	17.00	0.006014	50.778
16.99	17.00	0.006031	50.879
16.99	17.00	0.006048	50.978
16.99	17.00	0.006064	51.079
16.99	17.00	0.006081	51.178
16.99	17.00	0.006098	51.279
16.99	17.00	0.006114	51.378
16.99	17.00	0.006131	51.478
17.01	17.00	0.006148	51.578
17.01	17.00	0.006164	51.678
17.01	17.00	0.006181	51.778
17.01	17.00	0.006198	51.877
17.01	17.00	0.006214	52.007
17.01	17.00	0.006231	52.101
17.01	17.00	0.006247	52.201
17.01	17.00	0.006264	52.305
17.01	17.00	0.006281	52.400
17.01	17.00	0.006297	52.499
17.01	17.00	0.006314	52.605
17.01	17.00	0.006331	52.700
17.01	17.00	0.006347	52.799
16.99	17.00	0.006364	52.904
16.99	17.00	0.006381	52.998
16.99	17.00	0.006397	53.098
16.99	17.00	0.006414	53.202
16.99	17.00	0.006431	53.297
16.99	17.00	0.006447	53.396
16.99	17.00	0.006464	53.501
16.99	17.00	0.006481	53.596
16.99	17.00	0.006497	53.695
16.99	17.00	0.006514	53.800
16.99	17.00	0.006531	53.894
16.99	17.00	0.006547	53.994
16.99	17.00	0.006564	54.098
16.99	17.00	0.006581	54.193
17.01	17.00	0.006597	54.295
17.01	17.00	0.006614	54.398
17.01	17.00	0.006631	54.493
17.01	17.00	0.006647	54.594
17.01	17.00	0.006664	54.697
17.01	17.00	0.006681	54.791
17.01	17.00	0.006697	54.894
17.01	17.00	0.006714	54.995
17.01	17.00	0.006731	55.090
17.01	17.00	0.006747	55.194
17.01	17.00	0.006764	55.294
16.99	17.00	0.006781	55.389
16.99	17.00	0.006797	55.493
16.99	17.00	0.006814	55.593
16.99	17.00	0.006831	55.687
16.99	17.00	0.006847	55.792
16.99	17.00	0.006864	55.892
16.99	17.00	0.006881	55.986
16.99	17.00	0.006897	56.091
16.99	17.00	0.006914	56.190
16.99	17.00	0.006931	56.286
16.99	17.00	0.006947	56.390
16.99	17.00	0.006964	56.490
16.99	17.00	0.006981	56.584
16.99	17.00	0.006997	56.689
17.01	17.00	0.007014	56.784
17.01	17.00	0.007031	56.883
17.01	17.00	0.007047	56.988
17.01	17.00	0.007064	57.082
17.01	17.00	0.007080	57.182
17.01	17.00	0.007097	57.286
17.01	17.00	0.007114	57.381
17.01	17.00	0.007130	57.481
17.01	17.00	0.007147	57.585
17.01	17.00	0.007164	57.680
17.01	17.00	0.007180	57.779
17.01	17.00	0.007197	57.884
17.01	17.00	0.007214	57.979
17.01	17.00	0.007230	58.079
16.99	17.00	0.007247	58.183
16.99	17.00	0.007264	58.278
16.99	17.00	0.007280	58.379
16.99	17.00	0.007297	58.482
16.99	17.00	0.007314	58.578
16.99	17.00	0.007330	58.678
16.99	17.00	0.007347	58.781
16.99	17.00	0.007364	58.878
16.99	17.00	0.007380	58.980
16.99	17.00	0.007397	59.079
16.99	17.00	0.007414	59.179
17.01	17.00	0.007430	59.279
17.01	17.00	0.007447	59.379
17.01	17.00	0.007464	59.480
17.01	17.00	0.007480	59.580
17.01	17.00	0.007497	59.679
17.01	17.00	0.007514	59.780
17.01	17.00	0.007530	59.879
17.01	17.00	0.007547	59.979
17.01	17.00	0.007564	00.079
17.01	17.00	0.007580	00.179
17.01	17.00	0.007597	00.280
17.01	17.00	0.007614	00.379
17.01	17.00	0.007630	00.480
17.01	17.00	0.007647	00.579
17.01	17.00	0.007664	00.680
16.99	17.00	0.007680	00.779
16.99	17.00	0.007697	00.879
16.99	17.00	0.007714	00.979
16.99	17.00	0.007730	01.079
16.99	17.00	0.007747	01.180
16.99	17.00	0.007764	01.279
16.99	17.00	0.007780	01.380
16.99	17.00	0.007797	01.479
16.99	17.00	0.007814	01.579
16.99	17.00	0.007830	01.679
16.99	17.00	0.007847	01.779
16.99	17.00	0.007864	01.880
16.99	17.00	0.007880	01.979
16.99	17.00	0.007897	02.080
16.99	17.00	0.007913	02.179
16.99	17.00	0.007930	02.280
16.99	17.00	0.007947	02.379
17.01	17.00	0.007963	02.479
17.01	17.00	0.007980	02.579
17.01	17.00	0.007997	02.679
17.01	17.00	0.008013	02.780
17.01	17.00	0.008030	02.879
17.01	17.00	0.008047	02.980
17.01	17.00	0.008063	03.079
17.01	17.00	0.008080	03.179
17.01	17.00	0.008097	03.279
17.01	17.00	0.008113	03.379
17.01	17.00	0.008130	03.480
17.01	17.00	0.008147	03.579
17.01	17.00	0.008163	03.680
17.01	17.00	0.008180	03.779
17.01	17.00	0.008197	03.880
17.01	17.00	0.008213	03.979
17.01	17.00	0.008230	04.079
17.01	17.00	0.008247	04.179
17.01	17.00	0.008263	04.279
16.99	17.00	0.008280	04.380
16.99	17.00	0.008297	04.479
16.99	17.00	0.008313	04.609
16.99	17.00	0.008330	04.709
16.99	17.00	0.008347	04.803
16.99	17.00	0.008363	04.908
16.99	17.00	0.008380	05.007
16.99	17.00	0.008397	05.101
16.99	17.00	0.008413	05.207
16.99	17.00	0.008430	05.307
16.99	17.00	0.008447	05.401
16.99	17.00	0.008463	05.506
16.99	17.00	0.008480	05.600
16.99	17.00	0.008497	05.700
17.01	17.00	0.008513	05.804
17.01	17.00	0.008530	05.899
17.01	17.00	0.008547	05.998
17.01	17.00	0.008563	06.103
17.01	17.00	0.008580	06.198
17.01	17.00	0.008597	06.297
17.01	17.00	0.008613	06.402
17.01	17.00	0.008630	06.496
17.01	17.00	0.008647	06.596
17.01	17.00	0.008663	06.701
17.01	17.00	0.008680	06.796
17.01	17.00	0.008697	06.896
16.99	17.00	0.008713	07.000
16.99	17.00	0.008730	07.095
16.99	17.00	0.008746	07.194
16.99	17.00	0.008763	07.299
16.99	17.00	0.008780	07.393
16.99	17.00	0.008796	07.493
16.99	17.00	0.008813	07.597
16.99	17.00	0.008830	07.692
16.99	17.00	0.008846	07.792
16.99	17.00	0.008863	07.896
16.99	17.00	0.008880	07.991
16.99	17.00	0.008896	08.090
16.99	17.00	0.008913	08.195
16.99	17.00	0.008930	08.290
17.01	17.00	0.008946	08.390
17.01	17.00	0.008963	08.494
17.01	17.00	0.008980	08.589
17.01	17.00	0.008996	08.689
17.01	17.00	0.009013	08.793
17.01	17.00	0.009030	08.887
17.01	17.00	0.009046	08.989
17.01	17.00	0.009063	09.091
17.01	17.00	0.009080	09.186
17.01	17.00	0.009096	09.290
17.01	17.00	0.009113	09.391
17.01	17.00	0.009130	09.486
16.99	17.00	0.009146	09.589
16.99	17.00	0.009163	09.690
16.99	17.00	0.009180	09.784
16.99	17.00	0.009196	09.889
16.99	17.00	0.009213	09.988
16.99	17.00	0.009230	10.083
16.99	17.00	0.009246	10.188
16.99	17.00	0.009263	10.287
16.99	17.00	0.009280	10.382
16.99	17.00	0.009296	10.486
16.99	17.00	0.009313	10.586
16.99	17.00	0.009330	10.680
16.99	17.00	0.009346	10.785
17.01	17.00	0.009363	10.885
17.01	17.00	0.009380	10.980
17.01	17.00	0.009396	11.085
17.01	17.00	0.009413	11.179
17.01	17.00	0.009430	11.280
17.01	17.00	0.009446	11.383
17.01	17.00	0.009463	11.479
17.01	17.00	0.009480	11.579
17.01	17.00	0.009496	11.682
17.01	17.00	0.009513	11.784
17.01	17.00	0.009530	11.879
17.01	17.00	0.009546	11.981
17.01	17.00	0.009563	12.083
17.01	17.00	0.009579	12.179
17.01	17.00	0.009596	12.279
17.01	17.00	0.009613	12.384
16.99	17.00	0.009629	12.480
16.99	17.00	0.009646	12.579
16.99	17.00	0.009663	12.684
16.99	17.00	0.009679	12.779
16.99	17.00	0.009696	12.880
16.99	17.00	0.009713	12.983
16.99	17.00	0.009729	13.079
16.99	17.00	0.009746	13.179
16.99	17.00	0.009763	13.283
16.99	17.00	0.009779	13.380
16.99	17.00	0.009796	13.479
16.99	17.00	0.009813	13.583
16.99	17.00	0.009829	13.679
16.99	17.00	0.009846	13.779
16.99	17.00	0.009863	13.883
17.01	17.00	0.009879	13.979
17.01	17.00	0.009896	14.080
17.01	17.00	0.009913	14.183
17.01	17.00	0.009929	14.280
17.01	17.00	0.009946	14.379
17.01	17.00	0.009963	14.483
17.01	17.00	0.009979	14.579
17.01	17.00	0.009996	14.679
17.01	17.00	0.010013	14.783
17.01	17.00	0.010029	14.879
17.01	17.00	0.010046	14.980
17.01	17.00	0.010063	15.083
17.01	17.00	0.010079	15.180
17.01	17.00	0.010096	15.279
17.01	17.00	0.010113	15.383
17.01	17.00	0.010129	15.479
17.01	17.00	0.010146	15.579
16.99	17.00	0.010163	15.683
16.99	17.00	0.010179	15.779
16.99	17.00	0.010196	15.880
16.99	17.00	0.010213	15.982
16.99	17.00	0.010229	16.080
16.99	17.00	0.010246	16.179
16.99	17.00	0.010263	16.282
16.99	17.00	0.010279	16.379
16.99	17.00	0.010296	16.479
16.99	17.00	0.010313	16.583
16.99	17.00	0.010329	16.679
16.99	17.00	0.010346	16.780
16.99	17.00	0.010363	16.882
16.99	17.00	0.010379	16.979
17.01	17.00	0.010396	17.079
17.01	17.00	0.010412	17.182
17.01	17.00	0.010429	17.280
17.01	17.00	0.010446	17.379
17.01	17.00	0.010462	17.482
17.01	17.00	0.010479	17.579
17.01	17.00	0.010496	17.680
17.01	17.00	0.010512	17.782
17.01	17.00	0.010529	17.878
17.01	17.00	0.010546	17.978
17.01	17.00	0.010562	18.082
17.01	17.00	0.010579	18.207
17.01	17.00	0.010596	18.302
17.01	17.00	0.010612	18.381
16.99	17.00	0.010629	18.506
16.99	17.00	0.010646	18.600
16.99	17.00	0.010662	18.705
16.99	17.00	0.010679	18.805
16.99	17.00	0.010696	18.899
16.99	17.00	0.010712	19.004
16.99	17.00	0.010729	19.104
16.99	17.00	0.010746	19.198
16.99	17.00	0.010762	19.303
16.99	17.00	0.010779	19.402
16.99	17.00	0.010796	19.497
16.99	17.00	0.010812	19.601
16.99	17.00	0.010829	19.702
16.99	17.00	0.010846	19.796
16.99	17.00	0.010862	19.901
17.01	17.00	0.010879	19.996
17.01	17.00	0.010896	20.095
17.01	17.00	0.010912	20.200
17.01	17.00	0.010929	20.294
17.01	17.00	0.010946	20.394
17.01	17.00	0.010962	20.498
17.01	17.00	0.010979	20.593
17.01	17.00	0.010996	20.693
17.01	17.00	0.011012	20.797
17.01	17.00	0.011029	20.892
17.01	17.00	0.011046	20.991
17.01	17.00	0.011062	21.096
17.01	17.00	0.011079	21.190
16.99	17.00	0.011096	21.291
16.99	17.00	0.011112	21.394
16.99	17.00	0.011129	21.489
16.99	17.00	0.011146	21.590
16.99	17.00	0.011162	21.694
16.99	17.00	0.011179	21.789
16.99	17.00	0.011196	21.888
16.99	17.00	0.011212	21.992
16.99	17.00	0.011229	22.087
16.99	17.00	0.011245	22.187
16.99	17.00	0.011262	22.292
16.99	17.00	0.011279	22.386
16.99	17.00	0.011295	22.486
16.99	17.00	0.011312	22.591
17.01	17.00	0.011329	22.685
17.01	17.00	0.011345	22.785
17.01	17.00	0.011362	22.889
17.01	17.00	0.011379	22.984
17.01	17.00	0.011395	23.085
17.01	17.00	0.011412	23.188
17.01	17.00	0.011429	23.283
17.01	17.00	0.011445	23.385
17.01	17.00	0.011462	23.487
17.01	17.00	0.011479	23.582
17.01	17.00	0.011495	23.685
17.01	17.00	0.011512	23.786
17.01	17.00	0.011529	23.881
17.01	17.00	0.011545	23.984
17.01	17.00	0.011562	24.085
17.01	17.00	0.011579	24.179
17.01	17.00	0.011595	24.284
17.01	17.00	0.011612	24.383
17.01	17.00	0.011629	24.479
17.01	17.00	0.011645	24.583
16.99	17.00	0.011662	24.682
16.99	17.00	0.011679	24.780
16.99	17.00	0.011695	24.881
16.99	17.00	0.011712	24.981
16.99	17.00	0.011729	25.079
16.99	17.00	0.011745	25.181
16.99	17.00	0.011762	25.280
16.99	17.00	0.011779	25.379
16.99	17.00	0.011795	25.480
16.99	17.00	0.011812	25.579
16.99	17.00	0.011829	25.680
16.99	17.00	0.011845	25.779
16.99	17.00	0.011862	25.879
16.99	17.00	0.011879	25.979
16.99	17.00	0.011895	26.080
16.99	17.00	0.011912	26.179
16.99	17.00	0.011929	26.280
17.01	17.00	0.011945	26.379
17.01	17.00	0.011962	26.480
17.01	17.00	0.011979	26.579
17.01	17.00	0.011995	26.679
17.01	17.00	0.012012	26.779
17.01	17.00	0.012029	26.879
17.01	17.00	0.012045	26.980
17.01	17.00	0.012062	27.079
17.01	17.00	0.012078	27.180
17.01	17.00	0.012095	27.279
17.01	17.00	0.012112	27.380
17.01	17.00	0.012128	27.479
17.01	17.00	0.012145	27.579
17.01	17.00	0.012162	27.679
17.01	17.00	0.012178	27.779
17.01	17.00	0.012195	27.880
17.01	17.00	0.012212	27.979
16.99	17.00	0.012228	28.081
16.99	17.00	0.012245	28.180
16.99	17.00	0.012262	28.280
16.99	17.00	0.012278	28.380
16.99	17.00	0.012295	28.480
16.99	17.00	0.012312	28.581
16.99	17.00	0.012328	28.680
16.99	17.00	0.012345	28.781
16.99	17.00	0.012362	28.880
16.99	17.00	0.012378	28.981
16.99	17.00	0.012395	29.080
16.99	17.00	0.012412	29.180
16.99	17.00	0.012428	29.280
16.99	17.00	0.012445	29.380
16.99	17.00	0.012462	29.481
16.99	17.00	0.012478	29.580
17.01	17.00	0.012495	29.681
17.01	17.00	0.012512	29.780
17.01	17.00	0.012528	29.881
17.01	17.00	0.012545	29.980
17.01	17.00	0.012562	30.080
17.01	17.00	0.012578	30.180
17.01	17.00	0.012595	30.280
17.01	17.00	0.012612	30.381
17.01	17.00	0.012628	30.480
17.01	17.00	0.012645	30.581
17.01	17.00	0.012662	30.680
17.01	17.00	0.012678	30.780
17.01	17.00	0.012695	30.904
17.01	17.00	0.012712	31.004
17.01	17.00	0.012728	31.108
17.01	17.00	0.012745	31.203
16.99	17.00	0.012762	31.302
16.99	17.00	0.012778	31.407
16.99	17.00	0.012795	31.501
16.99	17.00	0.012812	31.602
16.99	17.00	0.012828	31.706
16.99	17.00	0.012845	31.801
16.99	17.00	0.012862	31.901
16.99	17.00	0.012878	32.005
16.99	17.00	0.012895	32.099
16.99	17.00	0.012911	32.202
16.99	17.00	0.012928	32.303
17.01	17.00	0.012945	32.398
17.01	17.00	0.012961	32.502
17.01	17.00	0.012978	32.602
17.01	17.00	0.012995	32.697
17.01	17.00	0.013011	32.801
17.01	17.00	0.013028	32.902
17.01	17.00	0.013045	32.996
17.01	17.00	0.013061	33.101
17.01	17.00	0.013078	33.200
17.01	17.00	0.013095	33.295
17.01	17.00	0.013111	33.400
17.01	17.00	0.013128	33.499
16.99	17.00	0.013145	33.594
16.99	17.00	0.013161	33.698
16.99	17.00	0.013178	33.798
16.99	17.00	0.013195	33.892
16.99	17.00	0.013211	33.997
16.99	17.00	0.013228	34.097
16.99	17.00	0.013245	34.191
16.99	17.00	0.013261	34.296
16.99	17.00	0.013278	34.390
16.99	17.00	0.013295	34.490
16.99	17.00	0.013311	34.594
16.99	17.00	0.013328	34.690
16.99	17.00	0.013345	34.789
17.01	17.00	0.013361	34.894
17.01	17.00	0.013378	34.989
17.01	17.00	0.013395	35.088
17.01	17.00	0.013411	35.193
17.01	17.00	0.013428	35.288
17.01	17.00	0.013445	35.387
17.01	17.00	0.013461	35.492
17.01	17.00	0.013478	35.586
17.01	17.00	0.013495	35.686
17.01	17.00	0.013511	35.791
17.01	17.00	0.013528	35.885
17.01	17.00	0.013545	35.985
17.01	17.00	0.013561	36.089
17.01	17.00	0.013578	36.184
16.99	17.00	0.013595	36.283
16.99	17.00	0.013611	36.388
16.99	17.00	0.013628	36.483
16.99	17.00	0.013645	36.582
16.99	17.00	0.013661	36.687
16.99	17.00	0.013678	36.781
16.99	17.00	0.013695	36.881
16.99	17.00	0.013711	36.985
16.99	17.00	0.013728	37.080
16.99	17.00	0.013744	37.180
16.99	17.00	0.013761	37.284
16.99	17.00	0.013778	37.381
16.99	17.00	0.013794	37.480
16.99	17.00	0.013811	37.584
16.99	17.00	0.013828	37.680
17.01	17.00	0.013844	37.780
17.01	17.00	0.013861	37.882
17.01	17.00	0.013878	37.980
17.01	17.00	0.013894	38.081
17.01	17.00	0.013911	38.181
17.01	17.00	0.013928	38.281
17.01	17.00	0.013944	38.380
17.01	17.00	0.013961	38.481
17.01	17.00	0.013978	38.580
17.01	17.00	0.013994	38.680
17.01	17.00	0.014011	38.780
17.01	17.00	0.014028	38.880
17.01	17.00	0.014044	38.981
17.01	17.00	0.014061	39.080
17.01	17.00	0.014078	39.181
17.01	17.00	0.014094	39.280
17.01	17.00	0.014111	39.380
17.01	17.00	0.014128	39.480
17.01	17.00	0.014144	39.580
17.01	17.00	0.014161	39.681
16.99	17.00	0.014178	39.780
16.99	17.00	0.014194	39.881
16.99	17.00	0.014211	39.980
16.99	17.00	0.014228	40.081
16.99	17.00	0.014244	40.180
16.99	17.00	0.014261	40.280
16.99	17.00	0.014278	40.380
16.99	17.00	0.014294	40.480
16.99	17.00	0.014311	40.581
16.99	17.00	0.014328	40.680
16.99	17.00	0.014344	40.782
16.99	17.00	0.014361	40.881
16.99	17.00	0.014378	40.981
16.99	17.00	0.014394	41.081
17.01	17.00	0.014411	41.181
17.01	17.00	0.014428	41.282
17.01	17.00	0.014444	41.381
17.01	17.00	0.014461	41.482
17.01	17.00	0.014478	41.581
17.01	17.00	0.014494	41.682
17.01	17.00	0.014511	41.781
17.01	17.00	0.014528	41.881
17.01	17.00	0.014544	41.981
17.01	17.00	0.014561	42.081
17.01	17.00	0.014577	42.182
16.99	17.00	0.014594	42.281
16.99	17.00	0.014611	42.382
16.99	17.00	0.014627	42.481
16.99	17.00	0.014644	42.582
16.99	17.00	0.014661	42.681
16.99	17.00	0.014677	42.781
16.99	17.00	0.014694	42.881
16.99	17.00	0.014711	42.981
16.99	17.00	0.014727	43.082
16.99	17.00	0.014744	43.181
16.99	17.00	0.014761	43.282
16.99	17.00	0.014777	43.381
16.99	17.00	0.014794	43.481
16.99	17.00	0.014811	43.581
16.99	17.00	0.014827	43.681
17.01	17.00	0.014844	43.805
17.01	17.00	0.014861	43.905
17.01	17.00	0.014877	44.010
17.01	17.00	0.014894	44.104
17.01	17.00	0.014911	44.203
17.01	17.00	0.014927	44.309
17.01	17.00	0.014944	44.403
17.01	17.00	0.014961	44.503
17.01	17.00	0.014977	44.607
17.01	17.00	0.014994	44.702
17.01	17.00	0.015011	44.802
17.01	17.00	0.015027	44.906
17.01	17.00	0.015044	45.001
17.01	17.00	0.015061	45.100
17.01	17.00	0.015077	45.205
17.01	17.00	0.015094	45.299
17.01	17.00	0.015111	45.399
17.01	17.00	0.015127	45.504
17.01	17.00	0.015144	45.598
16.99	17.00	0.015161	45.698
16.99	17.00	0.015177	45.802
16.99	17.00	0.015194	45.897
16.99	17.00	0.015211	45.997
16.99	17.00	0.015227	46.101
16.99	17.00	0.015244	46.195
16.99	17.00	0.015261	46.297
16.99	17.00	0.015277	46.400
16.99	17.00	0.015294	46.495
16.99	17.00	0.015311	46.597
16.99	17.00	0.015327	46.699
16.99	17.00	0.015344	46.794
17.01	17.00	0.015361	46.897
17.01	17.00	0.015377	46.998
17.01	17.00	0.015394	47.092
17.01	17.00	0.015410	47.196
17.01	17.00	0.015427	47.297
17.01	17.00	0.015444	47.392
17.01	17.00	0.015460	47.496
17.01	17.00	0.015477	47.596
17.01	17.00	0.015494	47.690
17.01	17.00	0.015510	47.795
17.01	17.00	0.015527	47.894
17.01	17.00	0.015544	47.989
17.01	17.00	0.015560	48.094
17.01	17.00	0.015577	48.193
17.01	17.00	0.015594	48.288
17.01	17.00	0.015610	48.392
17.01	17.00	0.015627	48.492
17.01	17.00	0.015644	48.586
16.99	17.00	0.015660	48.691
16.99	17.00	0.015677	48.786
16.99	17.00	0.015694	48.885
16.99	17.00	0.015710	48.991
16.99	17.00	0.015727	49.085
16.99	17.00	0.015744	49.185
16.99	17.00	0.015760	49.289
16.99	17.00	0.015777	49.384
16.99	17.00	0.015794	49.483
16.99	17.00	0.015810	49.588
16.99	17.00	0.015827	49.683
16.99	17.00	0.015844	49.782
16.99	17.00	0.015860	49.887
16.99	17.00	0.015877	49.982
16.99	17.00	0.015894	50.083
16.99	17.00	0.015910	50.185
17.01	17.00	0.015927	50.282
17.01	17.00	0.015944	50.383
17.01	17.00	0.015960	50.484
17.01	17.00	0.015977	50.583
17.01	17.00	0.015994	50.682
17.01	17.00	0.016010	50.784
17.01	17.00	0.016027	50.882
17.01	17.00	0.016044	50.982
17.01	17.00	0.016060	51.082
17.01	17.00	0.016077	51.182
17.01	17.00	0.016094	51.283
17.01	17.00	0.016110	51.382
17.01	17.00	0.016127	51.483
17.01	17.00	0.016144	51.582
16.99	17.00	0.016160	51.683
16.99	17.00	0.016177	51.782
16.99	17.00	0.016194	51.882
16.99	17.00	0.016210	51.982
16.99	17.00	0.016227	52.082
16.99	17.00	0.016244	52.183
16.99	17.00	0.016260	52.282
16.99	17.00	0.016277	52.382
16.99	17.00	0.016293	52.483
16.99	17.00	0.016310	52.582
16.99	17.00	0.016327	52.682
16.99	17.00	0.016343	52.782
16.99	17.00	0.016360	52.882
16.99	17.00	0.016377	52.983
16.99	17.00	0.016393	53.082
16.99	17.00	0.016410	53.183
17.01	17.00	0.016427	53.282
17.01	17.00	0.016443	53.382
17.01	17.00	0.016460	53.482
17.01	17.00	0.016477	53.582
17.01	17.00	0.016493	53.682
17.01	17.00	0.016510	53.783
17.01	17.00	0.016527	53.882
17.01	17.00	0.016543	53.983
17.01	17.00	0.016560	54.082
17.01	17.00	0.016577	54.182
17.01	17.00	0.016593	54.282
17.01	17.00	0.016610	54.382
17.01	17.00	0.016627	54.482
17.01	17.00	0.016643	54.583
17.01	17.00	0.016660	54.682
17.01	17.00	0.016677	54.783
16.99	17.00	0.016693	54.882
16.99	17.00	0.016710	54.982
16.99	17.00	0.016727	55.082
16.99	17.00	0.016743	55.182
16.99	17.00	0.016760	55.283
16.99	17.00	0.016777	55.383
16.99	17.00	0.016793	55.482
16.99	17.00	0.016810	55.583
16.99	17.00	0.016827	55.682
16.99	17.00	0.016843	55.782
16.99	17.00	0.016860	55.882
16.99	17.00	0.016877	55.982
16.99	17.00	0.016893	56.083
16.99	17.00	0.016910	56.182
16.99	17.00	0.016927	56.283
17.01	17.00	0.016943	56.382
17.01	17.00	0.016960	56.507
17.01	17.00	0.016977	56.611
17.01	17.00	0.016993	56.711
17.01	17.00	0.017010	56.805
17.01	17.00	0.017027	56.910
17.01	17.00	0.017043	57.010
17.01	17.00	0.017060	57.105
17.01	17.00	0.017077	57.210
17.01	17.00	0.017093	57.304
17.01	17.00	0.017110	57.403
17.01	17.00	0.017126	57.508
17.01	17.00	0.017143	57.602
17.01	17.00	0.017160	57.702
17.01	17.00	0.017176	57.806
17.01	17.00	0.017193	57.901
16.99	17.00	0.017210	58.001
16.99	17.00	0.017226	58.105
16.99	17.00	0.017243	58.200
16.99	17.00	0.017260	58.300
16.99	17.00	0.017276	58.405
16.99	17.00	0.017293	58.499
16.99	17.00	0.017310	58.599
16.99	17.00	0.017326	58.704
16.99	17.00	0.017343	58.798
16.99	17.00	0.017360	58.898
16.99	17.00	0.017376	59.002
16.99	17.00	0.017393	59.097
17.01	17.00	0.017410	59.196
17.01	17.00	0.017426	59.301
17.01	17.00	0.017443	59.395
17.01	17.00	0.017460	59.495
17.01	17.00	0.017476	59.600
17.01	17.00	0.017493	59.694
17.01	17.00	0.017510	59.795
17.01	17.00	0.017526	59.899
17.01	17.00	0.017543	59.994
17.01	17.00	0.017560	00.093
17.01	17.00	0.017576	00.198
17.01	17.00	0.017593	00.293
17.01	17.00	0.017610	00.393
17.01	17.00	0.017626	00.497
16.99	17.00	0.017643	00.591
16.99	17.00	0.017660	00.693
16.99	17.00	0.017676	00.795
16.99	17.00	0.017693	00.890
16.99	17.00	0.017710	00.992
16.99	17.00	0.017726	01.094
16.99	17.00	0.017743	01.189
16.99	17.00	0.017760	01.292
16.99	17.00	0.017776	01.393
16.99	17.00	0.017793	01.487
16.99	17.00	0.017810	01.592
16.99	17.00	0.017826	01.691
16.99	17.00	0.017843	01.786
16.99	17.00	0.017860	01.892
17.01	17.00	0.017876	01.991
17.01	17.00	0.017893	02.086
17.01	17.00	0.017910	02.190
17.01	17.00	0.017926	02.290
17.01	17.00	0.017943	02.384
17.01	17.00	0.017959	02.489
17.01	17.00	0.017976	02.588
17.01	17.00	0.017993	02.683
17.01	17.00	0.018009	02.788
17.01	17.00	0.018026	02.887
17.01	17.00	0.018043	02.983
17.01	17.00	0.018059	03.087
17.01	17.00	0.018076	03.187
17.01	17.00	0.018093	03.283
17.01	17.00	0.018109	03.385
17.01	17.00	0.018126	03.487
17.01	17.00	0.018143	03.584
16.99	17.00	0.018159	03.684
16.99	17.00	0.018176	03.788
16.99	17.00	0.018193	03.883
16.99	17.00	0.018209	03.983
16.99	17.00	0.018226	04.087
16.99	17.00	0.018243	04.183
16.99	17.00	0.018259	04.284
16.99	17.00	0.018276	04.387
16.99	17.00	0.018293	04.484
16.99	17.00	0.018309	04.583
16.99	17.00	0.018326	04.687
16.99	17.00	0.018343	04.783
16.99	17.00	0.018359	04.883
16.99	17.00	0.018376	04.986
16.99	17.00	0.018393	05.083
17.01	17.00	0.018409	05.184
17.01	17.00	0.018426	05.287
17.01	17.00	0.018443	05.384
17.01	17.00	0.018459	05.483
17.01	17.00	0.018476	05.587
17.01	17.00	0.018493	05.683
17.01	17.00	0.018509	05.783
17.01	17.00	0.018526	05.887
17.01	17.00	0.018543	05.983
17.01	17.00	0.018559	06.084
17.01	17.00	0.018576	06.186
17.01	17.00	0.018593	06.283
17.01	17.00	0.018609	06.383
17.01	17.00	0.018626	06.486
16.99	17.00	0.018643	06.583
16.99	17.00	0.018659	06.684
16.99	17.00	0.018676	06.786
16.99	17.00	0.018693	06.884
16.99	17.00	0.018709	06.983
16.99	17.00	0.018726	07.086
16.99	17.00	0.018743	07.183
16.99	17.00	0.018759	07.283
16.99	17.00	0.018776	07.386
16.99	17.00	0.018792	07.483
16.99	17.00	0.018809	07.584
17.01	17.00	0.018826	07.686
17.01	17.00	0.018842	07.783
17.01	17.00	0.018859	07.883
17.01	17.00	0.018876	07.986
17.01	17.00	0.018892	08.083
17.01	17.00	0.018909	08.183
17.01	17.00	0.018926	08.285
17.01	17.00	0.018942	08.383
17.01	17.00	0.018959	08.484
17.01	17.00	0.018976	08.586
17.01	17.00	0.018992	08.684
17.01	17.00	0.019009	08.783
17.01	17.00	0.019026	08.886
17.01	17.00	0.019042	08.983
17.01	17.00	0.019059	09.083
17.01	17.00	0.019076	09.186
17.01	17.00	0.019092	09.283
16.99	17.00	0.019109	09.408
16.99	17.00	0.019126	09.485
16.99	17.00	0.019142	09.612
16.99	17.00	0.019159	09.706
16.99	17.00	0.019176	09.785
16.99	17.00	0.019192	09.911
16.99	17.00	0.019209	10.006
16.99	17.00	0.019226	10.085
16.99	17.00	0.019242	10.210
16.99	17.00	0.019259	10.305
16.99	17.00	0.019276	10.409
16.99	17.00	0.019292	10.509
16.99	17.00	0.019309	10.603
17.01	17.00	0.019326	10.708
17.01	17.00	0.019342	10.807
17.01	17.00	0.019359	10.902
17.01	17.00	0.019376	11.007
17.01	17.00	0.019392	11.106
17.01	17.00	0.019409	11.201
17.01	17.00	0.019426	11.305
17.01	17.00	0.019442	11.405
17.01	17.00	0.019459	11.499
17.01	17.00	0.019476	11.605
17.01	17.00	0.019492	11.699
17.01	17.00	0.019509	11.799
16.99	17.00	0.019526	11.904
16.99	17.00	0.019542	11.998
16.99	17.00	0.019559	12.098
16.99	17.00	0.019576	12.202
16.99	17.00	0.019592	12.297
16.99	17.00	0.019609	12.396
16.99	17.00	0.019625	12.501
16.99	17.00	0.019642	12.596
16.99	17.00	0.019659	12.695
16.99	17.00	0.019675	12.800
16.99	17.00	0.019692	12.894
16.99	17.00	0.019709	12.994
17.01	17.00	0.019725	13.098
17.01	17.00	0.019742	13.194
17.01	17.00	0.019759	13.293
17.01	17.00	0.019775	13.398
17.01	17.00	0.019792	13.492
17.01	17.00	0.019809	13.592
17.01	17.00	0.019825	13.696
17.01	17.00	0.019842	13.791
17.01	17.00	0.019859	13.890
17.01	17.00	0.019875	13.995
17.01	17.00	0.019892	14.089
17.01	17.00	0.019909	14.189
17.01	17.00	0.019925	14.295
17.01	17.00	0.019942	14.389
17.01	17.00	0.019959	14.489
16.99	17.00	0.019975	14.593
16.99	17.00	0.019992	14.688
16.99	17.00	0.020009	14.788
16.99	17.00	0.020025	14.892
16.99	17.00	0.020042	14.987
16.99	17.00	0.020059	15.088
16.99	17.00	0.020075	15.191
16.99	17.00	0.020092	15.285
16.99	17.00	0.020109	15.388
16.99	17.00	0.020125	15.489
16.99	17.00	0.020142	15.585
16.99	17.00	0.020159	15.687
16.99	17.00	0.020175	15.788
16.99	17.00	0.020192	15.886
17.01	17.00	0.020209	15.988
17.01	17.00	0.020225	16.087
17.01	17.00	0.020242	16.187
17.01	17.00	0.020259	16.286
17.01	17.00	0.020275	16.386
17.01	17.00	0.020292	16.486
17.01	17.00	0.020309	16.586
17.01	17.00	0.020325	16.687
17.01	17.00	0.020342	16.786
17.01	17.00	0.020359	16.887
17.01	17.00	0.020375	16.986
17.01	17.00	0.020392	17.087
17.01	17.00	0.020409	17.186
17.01	17.00	0.020425	17.286
16.99	17.00	0.020442	17.386
16.99	17.00	0.020458	17.487
16.99	17.00	0.020475	17.586
16.99	17.00	0.020492	17.687
16.99	17.00	0.020508	17.786
16.99	17.00	0.020525	17.887
16.99	17.00	0.020542	17.986
16.99	17.00	0.020558	18.086
16.99	17.00	0.020575	18.186
16.99	17.00	0.020592	18.286
16.99	17.00	0.020608	18.386
16.99	17.00	0.020625	18.486
16.99	17.00	0.020642	18.587
17.01	17.00	0.020658	18.686
17.01	17.00	0.020675	18.787
17.01	17.00	0.020692	18.886
17.01	17.00	0.020708	18.986
17.01	17.00	0.020725	19.086
17.01	17.00	0.020742	19.186
17.01	17.00	0.020758	19.287
17.01	17.00	0.020775	19.386
17.01	17.00	0.020792	19.487
17.01	17.00	0.020808	19.586
17.01	17.00	0.020825	19.686
17.01	17.00	0.020842	19.786
17.01	17.00	0.020858	19.886
17.01	17.00	0.020875	19.987
17.01	17.00	0.020892	20.086
17.01	17.00	0.020908	20.187
17.01	17.00	0.020925	20.286
16.99	17.00	0.020942	20.387
16.99	17.00	0.020958	20.486
16.99	17.00	0.020975	20.586
16.99	17.00	0.020992	20.686
16.99	17.00	0.021008	20.786
16.99	17.00	0.021025	20.887
16.99	17.00	0.021042	20.986
16.99	17.00	0.021058	21.086
16.99	17.00	0.021075	21.187
16.99	17.00	0.021092	21.286
16.99	17.00	0.021108	21.386
16.99	17.00	0.021125	21.486
16.99	17.00	0.021142	21.586
16.99	17.00	0.021158	21.687
17.01	17.00	0.021175	21.786
17.01	17.00	0.021192	21.916
17.01	17.00	0.021208	22.010
17.01	17.00	0.021225	22.110
17.01	17.00	0.021242	22.214
17.01	17.00	0.021258	22.309
17.01	17.00	0.021275	22.408
17.01	17.00	0.021291	22.513
17.01	17.00	0.021308	22.608
17.01	17.00	0.021325	22.708
17.01	17.00	0.021341	22.812
17.01	17.00	0.021358	22.907
17.01	17.00	0.021375	23.006
17.01	17.00	0.021391	23.111
17.01	17.00	0.021408	23.205
16.99	17.00	0.021425	23.306
16.99	17.00	0.021441	23.410
16.99	17.00	0.021458	23.505
16.99	17.00	0.021475	23.605
16.99	17.00	0.021491	23.709
16.99	17.00	0.021508	23.803
16.99	17.00	0.021525	23.906
16.99	17.00	0.021541	24.007
16.99	17.00	0.021558	24.102
16.99	17.00	0.021575	24.205
16.99	17.00	0.021591	24.306
16.99	17.00	0.021608	24.400
16.99	17.00	0.021625	24.506
16.99	17.00	0.021641	24.605
16.99	17.00	0.021658	24.700
16.99	17.00	0.021675	24.804
17.01	17.00	0.021691	24.904
17.01	17.00	0.021708	24.999
17.01	17.00	0.021725	25.103
17.01	17.00	0.021741	25.203
17.01	17.00	0.021758	25.297
17.01	17.00	0.021775	25.402
17.01	17.00	0.021791	25.501
17.01	17.00	0.021808	25.596
17.01	17.00	0.021825	25.700
17.01	17.00	0.021841	25.801
17.01	17.00	0.021858	25.896
17.01	17.00	0.021875	26.000
17.01	17.00	0.021891	26.095
17.01	17.00	0.021908	26.194
17.01	17.00	0.021925	26.299
17.01	17.00	0.021941	26.393
17.01	17.00	0.021958	26.493
17.01	17.00	0.021975	26.598
17.01	17.00	0.021991	26.692
17.01	17.00	0.022008	26.792
17.01	17.00	0.022025	26.896
16.99	17.00	0.022041	26.991
16.99	17.00	0.022058	27.090
16.99	17.00	0.022075	27.195
16.99	17.00	0.022091	27.289
16.99	17.00	0.022108	27.389
16.99	17.00	0.022124	27.494
16.99	17.00	0.022141	27.588
16.99	17.00	0.022158	27.688
16.99	17.00	0.022174	27.792
16.99	17.00	0.022191	27.887
16.99	17.00	0.022208	27.987
16.99	17.00	0.022224	28.092
16.99	17.00	0.022241	28.188
16.99	17.00	0.022258	28.287
16.99	17.00	0.022274	28.391
16.99	17.00	0.022291	28.487
17.01	17.00	0.022308	28.588
17.01	17.00	0.022324	28.689
17.01	17.00	0.022341	28.787
17.01	17.00	0.022358	28.888
17.01	17.00	0.022374	28.989
17.01	17.00	0.022391	29.087
17.01	17.00	0.022408	29.187
17.01	17.00	0.022424	29.288
17.01	17.00	0.022441	29.387
17.01	17.00	0.022458	29.487
17.01	17.00	0.022474	29.587
17.01	17.00	0.022491	29.688
17.01	17.00	0.022508	29.788
17.01	17.00	0.022524	29.887
17.01	17.00	0.022541	29.988
16.99	17.00	0.022558	30.087
16.99	17.00	0.022574	30.187
16.99	17.00	0.022591	30.287
16.99	17.00	0.022608	30.387
16.99	17.00	0.022624	30.488
16.99	17.00	0.022641	30.587
16.99	17.00	0.022658	30.687
16.99	17.00	0.022674	30.788
16.99	17.00	0.022691	30.887
16.99	17.00	0.022708	30.987
16.99	17.00	0.022724	31.087
16.99	17.00	0.022741	31.187
16.99	17.00	0.022758	31.288
16.99	17.00	0.022774	31.388
17.01	17.00	0.022791	31.487
17.01	17.00	0.022808	31.587
17.01	17.00	0.022824	31.688
17.01	17.00	0.022841	31.787
17.01	17.00	0.022858	31.887
17.01	17.00	0.022874	31.987
17.01	17.00	0.022891	32.088
17.01	17.00	0.022908	32.187
17.01	17.00	0.022924	32.288
17.01	17.00	0.022941	32.387
17.01	17.00	0.022957	32.487
17.01	17.00	0.022974	32.587
17.01	17.00	0.022991	32.687
17.01	17.00	0.023007	32.787
17.01	17.00	0.023024	32.888
17.01	17.00	0.023041	32.987
17.01	17.00	0.023057	33.087
16.99	17.00	0.023074	33.188
16.99	17.00	0.023091	33.287
16.99	17.00	0.023107	33.387
16.99	17.00	0.023124	33.487
16.99	17.00	0.023141	33.587
16.99	17.00	0.023157	33.688
16.99	17.00	0.023174	33.788
16.99	17.00	0.023191	33.887
16.99	17.00	0.023207	33.988
16.99	17.00	0.023224	34.087
16.99	17.00	0.023241	34.187
16.99	17.00	0.023257	34.287
16.99	17.00	0.023274	34.387
16.99	17.00	0.023291	34.488
16.99	17.00	0.023307	34.587
16.99	17.00	0.023324	34.687
16.99	17.00	0.023341	34.817
17.01	17.00	0.023357	34.911
17.01	17.00	0.023374	35.011
17.01	17.00	0.023391	35.115
17.01	17.00	0.023407	35.210
17.01	17.00	0.023424	35.309
17.01	17.00	0.023441	35.414
17.01	17.00	0.023457	35.509
17.01	17.00	0.023474	35.608
17.01	17.00	0.023491	35.713
17.01	17.00	0.023507	35.807
17.01	17.00	0.023524	35.907
17.01	17.00	0.023541	36.011
17.01	17.00	0.023557	36.106
16.99	17.00	0.023574	36.206
16.99	17.00	0.023591	36.310
16.99	17.00	0.023607	36.405
16.99	17.00	0.023624	36.504
16.99	17.00	0.023641	36.610
16.99	17.00	0.023657	36.704
16.99	17.00	0.023674	36.804
16.99	17.00	0.023691	36.908
16.99	17.00	0.023707	37.003
16.99	17.00	0.023724	37.103
16.99	17.00	0.023741	37.207
16.99	17.00	0.023757	37.301
16.99	17.00	0.023774	37.401
16.99	17.00	0.023790	37.506
17.01	17.00	0.023807	37.600
17.01	17.00	0.023824	37.701
17.01	17.00	0.023840	37.805
17.01	17.00	0.023857	37.899
17.01	17.00	0.023874	38.001
17.01	17.00	0.023890	38.104
17.01	17.00	0.023907	38.199
17.01	17.00	0.023924	38.301
17.01	17.00	0.023940	38.403
17.01	17.00	0.023957	38.498
17.01	17.00	0.023974	38.601
17.01	17.00	0.023990	38.702
17.01	17.00	0.024007	38.796
17.01	17.00	0.024024	38.901
17.01	17.00	0.024040	39.000
17.01	17.00	0.024057	39.095
17.01	17.00	0.024074	39.199
16.99	17.00	0.024090	39.299
16.99	17.00	0.024107	39.394
16.99	17.00	0.024124	39.498
16.99	17.00	0.024140	39.598
16.99	17.00	0.024157	39.692
16.99	17.00	0.024174	39.797
16.99	17.00	0.024190	39.896
16.99	17.00	0.024207	39.991
16.99	17.00	0.024224	40.097
16.99	17.00	0.024240	40.191
16.99	17.00	0.024257	40.291
16.99	17.00	0.024274	40.395
16.99	17.00	0.024290	40.490
17.01	17.00	0.024307	40.589
17.01	17.00	0.024324	40.694
17.01	17.00	0.024340	40.788
17.01	17.00	0.024357	40.888
17.01	17.00	0.024374	40.993
17.01	17.00	0.024390	41.088
17.01	17.00	0.024407	41.189
17.01	17.00	0.024424	41.291
17.01	17.00	0.024440	41.388
17.01	17.00	0.024457	41.488
17.01	17.00	0.024474	41.590
17.01	17.00	0.024490	41.689
17.01	17.00	0.024507	41.788
17.01	17.00	0.024524	41.890
17.01	17.00	0.024540	41.988
17.01	17.00	0.024557	42.089
17.01	17.00	0.024574	42.188
16.99	17.00	0.024590	42.288
16.99	17.00	0.024607	42.388
16.99	17.00	0.024623	42.488
16.99	17.00	0.024640	42.589
16.99	17.00	0.024657	42.688
16.99	17.00	0.024673	42.789
16.99	17.00	0.024690	42.888
16.99	17.00	0.024707	42.988
16.99	17.00	0.024723	43.088
16.99	17.00	0.024740	43.188
16.99	17.00	0.024757	43.289
16.99	17.00	0.024773	43.389
16.99	17.00	0.024790	43.488
17.01	17.00	0.024807	43.589
17.01	17.00	0.024823	43.688
17.01	17.00	0.024840	43.788
17.01	17.00	0.024857	43.888
17.01	17.00	0.024873	43.988
17.01	17.00	0.024890	44.089
17.01	17.00	0.024907	44.188
17.01	17.00	0.024923	44.289
17.01	17.00	0.024940	44.388
17.01	17.00	0.024957	44.489
17.01	17.00	0.024973	44.588
17.01	17.00	0.024990	44.688
17.01	17.00	0.025007	44.788
17.01	17.00	0.025023	44.888
17.01	17.00	0.025040	44.989
17.01	17.00	0.025057	45.088
17.01	17.00	0.025073	45.189
16.99	17.00	0.025090	45.288
16.99	17.00	0.025107	45.388
16.99	17.00	0.025123	45.488
16.99	17.00	0.025140	45.588
16.99	17.00	0.025157	45.689
16.99	17.00	0.025173	45.788
16.99	17.00	0.025190	45.889
16.99	17.00	0.025207	45.988
16.99	17.00	0.025223	46.089
16.99	17.00	0.025240	46.188
16.99	17.00	0.025257	46.288
16.99	17.00	0.025273	46.388
16.99	17.00	0.025290	46.488
16.99	17.00	0.025307	46.589
16.99	17.00	0.025323	46.688
16.99	17.00	0.025340	46.789
16.99	17.00	0.025357	46.888
17.01	17.00	0.025373	46.988
17.01	17.00	0.025390	47.088
17.01	17.00	0.025407	47.188
17.01	17.00	0.025423	47.289
17.01	17.00	0.025440	47.388
17.01	17.00	0.025456	47.489
17.01	17.00	0.025473	47.588
17.01	17.00	0.025490	47.718
17.01	17.00	0.025506	47.817
17.01	17.00	0.025523	47.912
17.01	17.00	0.025540	48.016
17.01	17.00	0.025556	48.116
17.01	17.00	0.025573	48.211
17.01	17.00	0.025590	48.315
17.01	17.00	0.025606	48.415
16.99	17.00	0.025623	48.509
16.99	17.00	0.025640	48.614
16.99	17.00	0.025656	48.713
16.99	17.00	0.025673	48.808
16.99	17.00	0.025690	48.912
16.99	17.00	0.025706	49.007
16.99	17.00	0.025723	49.107
16.99	17.00	0.025740	49.211
16.99	17.00	0.025756	49.306
16.99	17.00	0.025773	49.405
16.99	17.00	0.025790	49.510
16.99	17.00	0.025806	49.604
17.01	17.00	0.025823	49.705
17.01	17.00	0.025840	49.810
17.01	17.00	0.025856	49.904
17.01	17.00	0.025873	50.004
17.01	17.00	0.025890	50.108
17.01	17.00	0.025906	50.203
17.01	17.00	0.025923	50.302
17.01	17.00	0.025940	50.407
17.01	17.00	0.025956	50.502
17.01	17.00	0.025973	50.601
17.01	17.00	0.025990	50.706
17.01	17.00	0.026006	50.800
17.01	17.00	0.026023	50.900
17.01	17.00	0.026040	51.004
16.99	17.00	0.026056	51.100
16.99	17.00	0.026073	51.198
16.99	17.00	0.026090	51.304
16.99	17.00	0.026106	51.398
16.99	17.00	0.026123	51.498
16.99	17.00	0.026140	51.603
16.99	17.00	0.026156	51.697
16.99	17.00	0.026173	51.797
16.99	17.00	0.026190	51.901
16.99	17.00	0.026206	51.996
16.99	17.00	0.026223	52.097
16.99	17.00	0.026240	52.200
17.01	17.00	0.026256	52.295
17.01	17.00	0.026273	52.396
17.01	17.00	0.026289	52.499
17.01	17.00	0.026306	52.593
17.01	17.00	0.026323	52.696
17.01	17.00	0.026339	52.798
17.01	17.00	0.026356	52.893
17.01	17.00	0.026373	52.997
17.01	17.00	0.026389	53.097
17.01	17.00	0.026406	53.192
17.01	17.00	0.026423	53.296
17.01	17.00	0.026439	53.396
17.01	17.00	0.026456	53.490
17.01	17.00	0.026473	53.595
17.01	17.00	0.026489	53.695
16.99	17.00	0.026506	53.789
16.99	17.00	0.026523	53.894
16.99	17.00	0.026539	53.993
16.99	17.00	0.026556	54.089
16.99	17.00	0.026573	54.192
16.99	17.00	0.026589	54.292
16.99	17.00	0.026606	54.388
16.99	17.00	0.026623	54.491
16.99	17.00	0.026639	54.592
16.99	17.00	0.026656	54.688
16.99	17.00	0.026673	54.790
16.99	17.00	0.026689	54.891
17.01	17.00	0.026706	54.988
17.01	17.00	0.026723	55.089
17.01	17.00	0.026739	55.191
17.01	17.00	0.026756	55.289
17.01	17.00	0.026773	55.388
17.01	17.00	0.026789	55.491
17.01	17.00	0.026806	55.589
17.01	17.00	0.026823	55.688
17.01	17.00	0.026839	55.791
17.01	17.00	0.026856	55.888
17.01	17.00	0.026873	55.988
17.01	17.00	0.026889	56.091
17.01	17.00	0.026906	56.188
16.99	17.00	0.026923	56.289
16.99	17.00	0.026939	56.391
16.99	17.00	0.026956	56.489
16.99	17.00	0.026973	56.588
16.99	17.00	0.026989	56.691
16.99	17.00	0.027006	56.788
16.99	17.00	0.027023	56.888
16.99	17.00	0.027039	56.990
16.99	17.00	0.027056	57.088
16.99	17.00	0.027073	57.189
16.99	17.00	0.027089	57.290
16.99	17.00	0.027106	57.389
16.99	17.00	0.027122	57.489
17.01	17.00	0.027139	57.590
17.01	17.00	0.027156	57.689
17.01	17.00	0.027172	57.789
17.01	17.00	0.027189	57.891
17.01	17.00	0.027206	57.989
17.01	17.00	0.027222	58.090
17.01	17.00	0.027239	58.190
17.01	17.00	0.027256	58.290
17.01	17.00	0.027272	58.389
17.01	17.00	0.027289	58.490
17.01	17.00	0.027306	58.589
17.01	17.00	0.027322	58.689
17.01	17.00	0.027339	58.790
17.01	17.00	0.027356	58.889
17.01	17.00	0.027372	58.990
17.01	17.00	0.027389	59.089
16.99	17.00	0.027406	59.190
16.99	17.00	0.027422	59.289
16.99	17.00	0.027439	59.390
16.99	17.00	0.027456	59.491
16.99	17.00	0.027472	59.590
16.99	17.00	0.027489	59.691
16.99	17.00	0.027506	59.790
16.99	17.00	0.027522	59.891
16.99	17.00	0.027539	59.990
16.99	17.00	0.027556	00.090
16.99	17.00	0.027572	00.190
16.99	17.00	0.027589	00.290
16.99	17.00	0.027606	00.389
16.99	17.00	0.027622	00.514
16.99	17.00	0.027639	00.614
17.01	17.00	0.027656	00.718
17.01	17.00	0.027672	00.812
17.01	17.00	0.027689	00.914
17.01	17.00	0.027706	01.017
17.01	17.00	0.027722	01.112
17.01	17.00	0.027739	01.213
17.01	17.00	0.027756	01.316
17.01	17.00	0.027772	01.411
17.01	17.00	0.027789	01.513
17.01	17.00	0.027806	01.615
17.01	17.00	0.027822	01.709
17.01	17.00	0.027839	01.814
17.01	17.00	0.027856	01.913
17.01	17.00	0.027872	02.008
17.01	17.00	0.027889	02.113
17.01	17.00	0.027906	02.212
17.01	17.00	0.027922	02.307
17.01	17.00	0.027939	02.411
16.99	17.00	0.027955	02.511
16.99	17.00	0.027972	02.605
16.99	17.00	0.027989	02.710
16.99	17.00	0.028005	02.809
16.99	17.00	0.028022	02.904
16.99	17.00	0.028039	03.010
16.99	17.00	0.028055	03.109
16.99	17.00	0.028072	03.204
16.99	17.00	0.028089	03.308
16.99	17.00	0.028105	03.402
16.99	17.00	0.028122	03.502
16.99	17.00	0.028139	03.606
16.99	17.00	0.028155	03.701
16.99	17.00	0.028172	03.802
16.99	17.00	0.028189	03.906
17.01	17.00	0.028205	04.001
17.01	17.00	0.028222	04.100
17.01	17.00	0.028239	04.205
17.01	17.00	0.028255	04.299
17.01	17.00	0.028272	04.399
17.01	17.00	0.028289	04.504
17.01	17.00	0.028305	04.598
17.01	17.00	0.028322	04.698
17.01	17.00	0.028339	04.802
17.01	17.00	0.028355	04.897
17.01	17.00	0.028372	04.996
17.01	17.00	0.028389	05.101
17.01	17.00	0.028405	05.195
17.01	17.00	0.028422	05.295
17.01	17.00	0.028439	05.400
17.01	17.00	0.028455	05.494
16.99	17.00	0.028472	05.594
16.99	17.00	0.028489	05.699
16.99	17.00	0.028505	05.794
16.99	17.00	0.028522	05.893
16.99	17.00	0.028539	05.998
16.99	17.00	0.028555	06.093
16.99	17.00	0.028572	06.192
16.99	17.00	0.028589	06.296
16.99	17.00	0.028605	06.392
16.99	17.00	0.028622	06.491
16.99	17.00	0.028639	06.596
16.99	17.00	0.028655	06.691
16.99	17.00	0.028672	06.791
16.99	17.00	0.028689	06.895
16.99	17.00	0.028705	06.991
16.99	17.00	0.028722	07.092
16.99	17.00	0.028739	07.193
17.01	17.00	0.028755	07.292
17.01	17.00	0.028772	07.391
17.01	17.00	0.028788	07.492
17.01	17.00	0.028805	07.591
17.01	17.00	0.028822	07.691
17.01	17.00	0.028838	07.792
17.01	17.00	0.028855	07.891
17.01	17.00	0.028872	07.992
17.01	17.00	0.028888	08.091
17.01	17.00	0.028905	08.191
17.01	17.00	0.028922	08.291
17.01	17.00	0.028938	08.391
17.01	17.00	0.028955	08.492
17.01	17.00	0.028972	08.591
17.01	17.00	0.028988	08.692
16.99	17.00	0.029005	08.791
16.99	17.00	0.029022	08.892
16.99	17.00	0.029038	08.991
16.99	17.00	0.029055	09.091
16.99	17.00	0.029072	09.191
16.99	17.00	0.029088	09.292
16.99	17.00	0.029105	09.391
16.99	17.00	0.029122	09.492
16.99	17.00	0.029138	09.591
16.99	17.00	0.029155	09.692
16.99	17.00	0.029172	09.791
16.99	17.00	0.029188	09.891
16.99	17.00	0.029205	09.991
16.99	17.00	0.029222	10.091
16.99	17.00	0.029238	10.192
16.99	17.00	0.029255	10.291
17.01	17.00	0.029272	10.392
17.01	17.00	0.029288	10.491
17.01	17.00	0.029305	10.592
17.01	17.00	0.029322	10.691
17.01	17.00	0.029338	10.791
17.01	17.00	0.029355	10.892
17.01	17.00	0.029372	10.991
17.01	17.00	0.029388	11.092
17.01	17.00	0.029405	11.191
17.01	17.00	0.029422	11.292
17.01	17.00	0.029438	11.391
17.01	17.00	0.029455	11.491
17.01	17.00	0.029472	11.591
17.01	17.00	0.029488	11.691
17.01	17.00	0.029505	11.792
17.01	17.00	0.029522	11.891
16.99	17.00	0.029538	11.992
16.99	17.00	0.029555	12.091
16.99	17.00	0.029572	12.192
16.99	17.00	0.029588	12.291
16.99	17.00	0.029605	12.391
16.99	17.00	0.029621	12.491
16.99	17.00	0.029638	12.591
16.99	17.00	0.029655	12.692
16.99	17.00	0.029671	12.791
16.99	17.00	0.029688	12.892
16.99	17.00	0.029705	12.991
16.99	17.00	0.029721	13.116
17.01	17.00	0.029738	13.215
17.01	17.00	0.029755	13.320
17.01	17.00	0.029771	13.414
17.01	17.00	0.029788	13.515
17.01	17.00	0.029805	13.619
17.01	17.00	0.029821	13.714
17.01	17.00	0.029838	13.814
17.01	17.00	0.029855	13.918
17.01	17.00	0.029871	14.013
17.01	17.00	0.029888	14.112
17.01	17.00	0.029905	14.217
17.01	17.00	0.029921	14.311
17.01	17.00	0.029938	14.411
17.01	17.00	0.029955	14.516
17.01	17.00	0.029971	14.610
17.01	17.00	0.029988	14.710
17.01	17.00	0.030005	14.814
16.99	17.00	0.030021	14.909
16.99	17.00	0.030038	15.009
16.99	17.00	0.030055	15.113
16.99	17.00	0.030071	15.208
16.99	17.00	0.030088	15.309
16.99	17.01	0.030105	15.412
16.99	17.01	0.030121	15.506
16.99	17.01	0.030138	15.609
16.99	17.01	0.030155	15.711
16.99	17.01	0.030171	15.806
16.99	17.01	0.030188	15.908
16.99	17.01	0.030205	16.010
16.99	17.01	0.030221	16.105
16.99	17.01	0.030238	16.208
17.01	17.01	0.030255	16.309
17.01	17.01	0.030271	16.403
17.01	17.01	0.030288	16.508
17.01	17.01	0.030305	16.607
17.01	17.02	0.030321	16.702
17.01	17.02	0.030338	16.807
17.01	17.02	0.030355	16.907
17.01	17.02	0.030371	17.001
17.01	17.02	0.030388	17.106
17.01	17.02	0.030405	17.205
17.01	17.02	0.030421	17.300
17.04	17.02	0.030438	17.404
17.04	17.02	0.030454	17.504
17.04	17.02	0.030471	17.599
17.04	17.02	0.030488	17.703
17.04	17.02	0.030504	17.798
17.04	17.02	0.030521	17.897
17.04	17.03	0.030538	18.003
17.04	17.03	0.030554	18.097
17.04	17.03	0.030571	18.197
17.04	17.03	0.030588	18.301
17.04	17.03	0.030604	18.396
17.04	17.03	0.030621	18.496
17.04	17.03	0.030638	18.600
17.04	17.03	0.030654	18.695
17.04	17.03	0.030671	18.794
17.04	17.03	0.030688	18.899
17.01	17.03	0.030704	18.993
17.01	17.03	0.030721	19.093
17.01	17.03	0.030738	19.198
17.01	17.04	0.030754	19.292
17.01	17.04	0.030771	19.393
17.01	17.04	0.030788	19.496
17.01	17.04	0.030804	19.592
17.01	17.04	0.030821	19.692
17.01	17.04	0.030838	19.795
17.04	17.04	0.030854	19.893
17.04	17.04	0.030871	19.992
17.04	17.04	0.030888	20.094
17.04	17.04	0.030904	20.192
17.04	17.04	0.030921	20.293
17.04	17.04	0.030938	20.393
17.04	17.04	0.030954	20.492
17.04	17.05	0.030971	20.592
17.06	17.05	0.030988	20.692
17.06	17.05	0.031004	20.793
17.06	17.05	0.031021	20.892
17.06	17.05	0.031038	20.993
17.06	17.05	0.031054	21.092
17.06	17.05	0.031071	21.192
17.06	17.05	0.031088	21.292
17.06	17.05	0.031104	21.392
17.06	17.05	0.031121	21.493
17.06	17.05	0.031138	21.592
17.06	17.05	0.031154	21.693
17.06	17.05	0.031171	21.792
17.06	17.06	0.031188	21.893
17.06	17.06	0.031204	21.992
17.06	17.06	0.031221	22.092
17.06	17.06	0.031238	22.192
17.06	17.06	0.031254	22.292
17.06	17.06	0.031271	22.393
17.06	17.06	0.031287	22.492
17.06	17.06	0.031304	22.593
17.06	17.06	0.031321	22.692
17.06	17.06	0.031337	22.793
17.06	17.06	0.031354	22.892
17.06	17.06	0.031371	22.992
17.06	17.06	0.031387	23.092
17.06	17.07	0.031404	23.192
17.06	17.07	0.031421	23.293
17.06	17.07	0.031437	23.392
17.06	17.07	0.031454	23.493
17.06	17.07	0.031471	23.592
17.06	17.07	0.031487	23.692
17.06	17.07	0.031504	23.792
17.06	17.07	0.031521	23.892
17.06	17.07	0.031537	23.992
17.06	17.07	0.031554	24.093
17.06	17.07	0.031571	24.192
17.06	17.07	0.031587	24.293
17.06	17.07	0.031604	24.392
17.06	17.08	0.031621	24.492
17.06	17.08	0.031637	24.592
17.09	17.08	0.031654	24.692
17.09	17.08	0.031671	24.792
17.09	17.08	0.031687	24.893
17.09	17.08	0.031704	24.992
17.09	17.08	0.031721	25.093
17.09	17.08	0.031737	25.192
17.09	17.08	0.031754	25.292
17.09	17.08	0.031771	25.392
17.09	17.08	0.031787	25.492
17.09	17.08	0.031804	25.593
17.09	17.08	0.031821	25.692
17.09	17.09	0.031837	25.793
17.09	17.09	0.031854	25.892
17.09	17.09	0.031871	26.022
17.09	17.09	0.031887	26.116
17.09	17.09	0.031904	26.192
17.09	17.09	0.031921	26.320
17.09	17.09	0.031937	26.415
17.09	17.09	0.031954	26.520
17.09	17.09	0.031971	26.615
17.09	17.09	0.031987	26.715
17.09	17.09	0.032004	26.819
17.09	17.09	0.032021	26.914
17.09	17.09	0.032037	27.013
17.09	17.10	0.032054	27.118
17.09	17.10	0.032071	27.212
17.09	17.10	0.032087	27.312
17.09	17.10	0.032104	27.417
17.09	17.10	0.032120	27.511
17.09	17.10	0.032137	27.611
17.12	17.10	0.032154	27.715
17.12	17.10	0.032170	27.810
17.12	17.10	0.032187	27.909
17.12	17.10	0.032204	28.014
17.12	17.10	0.032220	28.109
17.12	17.10	0.032237	28.209
17.12	17.10	0.032254	28.314
17.12	17.11	0.032270	28.408
17.12	17.11	0.032287	28.508
17.12	17.11	0.032304	28.612
17.09	17.11	0.032320	28.707
17.09	17.11	0.032337	28.806
17.09	17.11	0.032354	28.911
17.09	17.11	0.032370	29.006
17.09	17.11	0.032387	29.105
17.09	17.11	0.032404	29.210
17.09	17.11	0.032420	29.304
17.09	17.11	0.032437	29.404
17.09	17.11	0.032454	29.508
17.09	17.11	0.032470	29.603
17.12	17.11	0.032487	29.704
17.12	17.12	0.032504	29.807
17.12	17.12	0.032520	29.902
17.12	17.12	0.032537	30.004
17.12	17.12	0.032554	30.106
17.12	17.12	0.032570	30.201
17.12	17.12	0.032587	30.304
17.12	17.12	0.032604	30.405
17.12	17.12	0.032620	30.499
17.12	17.12	0.032637	30.604
17.12	17.12	0.032654	30.703
17.12	17.12	0.032670	30.799
17.12	17.12	0.032687	30.904
17.12	17.12	0.032704	31.003
17.12	17.13	0.032720	31.098
17.12	17.13	0.032737	31.202
17.12	17.13	0.032754	31.302
17.12	17.13	0.032770	31.396
17.12	17.13	0.032787	31.501
17.14	17.13	0.032804	31.601
17.14	17.13	0.032820	31.695
17.14	17.13	0.032837	31.800
17.14	17.13	0.032854	31.899
17.14	17.13	0.032870	31.994
17.14	17.13	0.032887	32.098
17.14	17.13	0.032904	32.193
17.14	17.13	0.032920	32.294
17.14	17.14	0.032937	32.398
17.14	17.14	0.032953	32.494
17.14	17.14	0.032970	32.593
17.14	17.14	0.032987	32.697
17.14	17.14	0.033003	32.793
17.14	17.14	0.033020	32.893
17.14	17.14	0.033037	32.995
17.14	17.14	0.033053	33.093
17.14	17.14	0.033070	33.194
17.14	17.14	0.033087	33.294
17.14	17.14	0.033103	33.394
17.14	17.14	0.033120	33.493
17.14	17.14	0.033137	33.594
17.14	17.15	0.033153	33.693
17.14	17.15	0.033170	33.793
17.14	17.15	0.033187	33.894
17.14	17.15	0.033203	33.993
17.14	17.15	0.033220	34.094
17.14	17.15	0.033237	34.193
17.14	17.15	0.033253	34.298
17.14	17.15	0.033270	34.393
17.14	17.15	0.033287	34.493
17.14	17.15	0.033303	34.598
17.14	17.15	0.033320	34.693
17.17	17.15	0.033337	34.794
17.17	17.15	0.033353	34.893
17.17	17.16	0.033370	34.994
17.17	17.16	0.033387	35.093
17.17	17.16	0.033403	35.198
17.17	17.16	0.033420	35.293
17.17	17.16	0.033437	35.393
17.17	17.16	0.033453	35.497
17.17	17.16	0.033470	35.593
17.17	17.16	0.033487	35.694
17.17	17.16	0.033503	35.797
17.17	17.16	0.033520	35.894
17.17	17.16	0.033537	35.993
17.17	17.16	0.033553	36.093
17.17	17.16	0.033570	36.193
17.17	17.17	0.033587	36.293
17.17	17.17	0.033603	36.397
17.17	17.17	0.033620	36.493
17.17	17.17	0.033637	36.594
17.17	17.17	0.033653	36.697
17.17	17.17	0.033670	36.794
17.17	17.17	0.033687	36.893
17.17	17.17	0.033703	36.997
17.17	17.17	0.033720	37.093
17.17	17.17	0.033737	37.193
17.14	17.17	0.033753	37.298
17.14	17.17	0.033770	37.393
17.14	17.17	0.033786	37.494
17.14	17.18	0.033803	37.597
17.14	17.18	0.033820	37.694
17.17	17.18	0.033836	37.793
17.17	17.18	0.033853	37.897
17.17	17.18	0.033870	37.993
17.17	17.18	0.033886	38.093
17.17	17.18	0.033903	38.197
17.17	17.18	0.033920	38.293
17.17	17.18	0.033936	38.395
17.17	17.18	0.033953	38.497
17.17	17.18	0.033970	38.594
17.19	17.18	0.033986	38.694
17.19	17.18	0.034003	38.797
17.19	17.19	0.034020	38.923
17.19	17.19	0.034036	39.018
17.19	17.19	0.034053	39.097
17.19	17.19	0.034070	39.222
17.19	17.19	0.034086	39.317
17.19	17.19	0.034103	39.396
17.19	17.19	0.034120	39.521
17.19	17.19	0.034136	39.615
17.19	17.19	0.034153	39.720
17.19	17.19	0.034170	39.819
17.19	17.19	0.034186	39.914
17.22	17.19	0.034203	40.019
17.22	17.19	0.034220	40.118
17.22	17.20	0.034236	40.213
17.22	17.20	0.034253	40.317
17.22	17.20	0.034270	40.417
17.22	17.20	0.034286	40.511
17.22	17.20	0.034303	40.617
17.22	17.20	0.034320	40.717
17.19	17.20	0.034336	40.811
17.19	17.20	0.034353	40.916
17.19	17.20	0.034370	41.010
17.19	17.20	0.034386	41.109
17.19	17.20	0.034403	41.214
17.19	17.20	0.034420	41.308
17.19	17.20	0.034436	41.408
17.19	17.21	0.034453	41.513
17.19	17.21	0.034470	41.607
17.19	17.21	0.034486	41.708
17.19	17.21	0.034503	41.812
17.19	17.21	0.034520	41.907
17.22	17.21	0.034536	42.006
17.22	17.21	0.034553	42.111
17.22	17.21	0.034570	42.205
17.22	17.21	0.034586	42.305
17.22	17.21	0.034603	42.410
17.22	17.21	0.034619	42.504
17.22	17.21	0.034636	42.604
17.22	17.21	0.034653	42.708
17.22	17.22	0.034669	42.803
17.22	17.22	0.034686	42.902
17.22	17.22	0.034703	43.007
17.22	17.22	0.034719	43.102
17.22	17.22	0.034736	43.201
17.22	17.22	0.034753	43.306
17.22	17.22	0.034769	43.400
17.22	17.22	0.034786	43.501
17.22	17.22	0.034803	43.605
17.22	17.22	0.034819	43.700
17.22	17.22	0.034836	43.799
17.22	17.22	0.034853	43.904
17.22	17.22	0.034869	43.999
17.22	17.23	0.034886	44.099
17.22	17.23	0.034903	44.203
17.22	17.23	0.034919	44.297
17.22	17.23	0.034936	44.399
17.22	17.23	0.034953	44.501
17.22	17.23	0.034969	44.597
17.22	17.23	0.034986	44.700
17.22	17.23	0.035003	44.800
17.22	17.23	0.035019	44.898
17.22	17.23	0.035036	44.999
17.22	17.23	0.035053	45.099
17.22	17.23	0.035069	45.197
17.24	17.23	0.035086	45.299
17.24	17.24	0.035103	45.398
17.24	17.24	0.035119	45.497
17.24	17.24	0.035136	45.598
17.24	17.24	0.035153	45.697
17.24	17.24	0.035169	45.798
17.24	17.24	0.035186	45.897
17.24	17.24	0.035203	45.997
17.24	17.24	0.035219	46.097
17.24	17.24	0.035236	46.197
17.24	17.24	0.035253	46.298
17.24	17.24	0.035269	46.397
17.24	17.24	0.035286	46.498
17.24	17.24	0.035303	46.597
17.24	17.25	0.035319	46.698
17.24	17.25	0.035336	46.797
17.24	17.25	0.035353	46.897
17.24	17.25	0.035369	46.997
17.24	17.25	0.035386	47.097
17.24	17.25	0.035403	47.197
17.24	17.25	0.035419	47.298
17.24	17.25	0.035436	47.397
17.24	17.25	0.035452	47.498
17.27	17.25	0.035469	47.597
17.27	17.25	0.035486	47.698
17.27	17.25	0.035502	47.797
17.27	17.25	0.035519	47.897
17.27	17.26	0.035536	47.997
17.27	17.26	0.035552	48.097
17.27	17.26	0.035569	48.198
17.27	17.26	0.035586	48.297
17.27	17.26	0.035602	48.397
17.27	17.26	0.035619	48.497
17.27	17.26	0.035636	48.597
17.27	17.26	0.035652	48.698
17.27	17.26	0.035669	48.797
17.27	17.26	0.035686	48.898
17.27	17.26	0.035702	48.997
17.27	17.26	0.035719	49.097
17.27	17.26	0.035736	49.197
17.27	17.27	0.035752	49.297
17.27	17.27	0.035769	49.398
17.27	17.27	0.035786	49.497
17.24	17.27	0.035802	49.598
17.24	17.27	0.035819	49.697
17.24	17.27	0.035836	49.798
17.24	17.27	0.035852	49.897
17.24	17.27	0.035869	49.997
17.27	17.27	0.035886	50.097
17.27	17.27	0.035902	50.197
17.27	17.27	0.035919	50.298
17.27	17.27	0.035936	50.397
17.27	17.27	0.035952	50.498
17.27	17.28	0.035969	50.597
17.27	17.28	0.035986	50.698
17.27	17.28	0.036002	50.797
17.27	17.28	0.036019	50.897
17.27	17.28	0.036036	50.997
17.29	17.28	0.036052	51.097
17.29	17.28	0.036069	51.226
17.29	17.28	0.036086	51.321
17.29	17.28	0.036102	51.421
17.29	17.28	0.036119	51.525
17.29	17.28	0.036136	51.620
17.29	17.28	0.036152	51.719
17.29	17.28	0.036169	51.824
17.29	17.29	0.036186	51.918
17.29	17.29	0.036202	52.018
17.29	17.29	0.036219	52.123
17.29	17.29	0.036236	52.217
17.29	17.29	0.036252	52.317
17.29	17.29	0.036269	52.421
17.29	17.29	0.036285	52.516
17.29	17.29	0.036302	52.617
17.29	17.29	0.036319	52.721
17.29	17.29	0.036335	52.815
17.29	17.29	0.036352	52.917
17.29	17.29	0.036369	53.020
17.29	17.29	0.036385	53.114
17.29	17.30	0.036402	53.217
17.29	17.30	0.036419	53.318
17.29	17.30	0.036435	53.413
17.29	17.30	0.036452	53.516
17.29	17.30	0.036469	53.617
17.29	17.30	0.036485	53.712
17.29	17.30	0.036502	53.816
17.29	17.30	0.036519	53.916
17.29	17.30	0.036535	54.010
17.32	17.30	0.036552	54.116
17.32	17.30	0.036569	54.215
17.32	17.30	0.036585	54.310
17.32	17.30	0.036602	54.414
17.32	17.31	0.036619	54.514
17.32	17.31	0.036635	54.609
17.32	17.31	0.036652	54.713
17.32	17.31	0.036669	54.813
17.32	17.31	0.036685	54.907
17.32	17.31	0.036702	55.012
17.32	17.31	0.036719	55.106
17.32	17.31	0.036735	55.206
17.32	17.31	0.036752	55.310
17.29	17.31	0.036769	55.405
17.29	17.31	0.036785	55.505
17.29	17.31	0.036802	55.609
17.29	17.31	0.036819	55.704
17.29	17.32	0.036835	55.803
17.29	17.32	0.036852	55.908
17.29	17.32	0.036869	56.003
17.29	17.32	0.036885	56.103
17.29	17.32	0.036902	56.208
17.32	17.32	0.036919	56.302
17.32	17.32	0.036935	56.402
17.32	17.32	0.036952	56.506
17.32	17.32	0.036969	56.601
17.32	17.32	0.036985	56.700
17.32	17.32	0.037002	56.805
17.32	17.32	0.037019	56.899
17.32	17.32	0.037035	56.999
17.32	17.33	0.037052	57.104
17.35	17.33	0.037069	57.198
17.35	17.33	0.037085	57.299
17.35	17.33	0.037102	57.403
17.35	17.33	0.037118	57.499
17.35	17.33	0.037135	57.598
17.35	17.33	0.037152	57.702
17.35	17.33	0.037168	57.799
17.35	17.33	0.037185	57.899
17.35	17.33	0.037202	58.001
17.35	17.33	0.037218	58.099
17.35	17.33	0.037235	58.200
17.35	17.33	0.037252	58.299
17.32	17.34	0.037268	58.399
17.32	17.34	0.037285	58.499
17.32	17.34	0.037302	58.599
17.32	17.34	0.037318	58.700
17.32	17.34	0.037335	58.799
17.32	17.34	0.037352	58.900
17.32	17.34	0.037368	58.999
17.32	17.34	0.037385	59.100
17.32	17.34	0.037402	59.199
17.32	17.34	0.037418	59.299
17.35	17.34	0.037435	59.399
17.35	17.34	0.037452	59.499
17.35	17.34	0.037468	59.600
17.35	17.34	0.037485	59.699
17.35	17.35	0.037502	59.800
17.35	17.35	0.037518	59.899
17.35	17.35	0.037535	00.000
17.35	17.35	0.037552	00.099
17.35	17.35	0.037568	00.199
17.35	17.35	0.037585	00.299
17.35	17.35	0.037602	00.399
17.35	17.35	0.037618	00.500
17.35	17.35	0.037635	00.599
17.35	17.35	0.037652	00.700
17.35	17.35	0.037668	00.799
17.35	17.35	0.037685	00.899
17.35	17.35	0.037702	00.999
17.35	17.36	0.037718	01.099
17.35	17.36	0.037735	01.200
17.35	17.36	0.037752	01.299
17.35	17.36	0.037768	01.400
17.37	17.36	0.037785	01.499
17.37	17.36	0.037802	01.600
17.37	17.36	0.037818	01.699
17.37	17.36	0.037835	01.799
17.37	17.36	0.037852	01.899
17.37	17.36	0.037868	01.999
17.37	17.36	0.037885	02.100
17.37	17.36	0.037902	02.199
17.37	17.36	0.037918	02.300
17.37	17.37	0.037935	02.399
17.37	17.37	0.037951	02.500
17.37	17.37	0.037968	02.599
17.37	17.37	0.037985	02.699
17.37	17.37	0.038001	02.799
17.37	17.37	0.038018	02.899
17.37	17.37	0.038035	03.000
17.37	17.37	0.038051	03.099
17.37	17.37	0.038068	03.200
17.37	17.37	0.038085	03.299
17.37	17.37	0.038101	03.400
17.37	17.37	0.038118	03.499
17.37	17.37	0.038135	03.599
17.37	17.38	0.038151	03.723
17.37	17.38	0.038168	03.828
17.37	17.38	0.038185	03.923
17.37	17.38	0.038201	04.023
17.37	17.38	0.038218	04.128
17.37	17.38	0.038235	04.222
17.37	17.38	0.038251	04.322
17.37	17.38	0.038268	04.426
17.37	17.38	0.038285	04.521
17.37	17.38	0.038301	04.620
17.37	17.38	0.038318	04.725
17.37	17.38	0.038335	04.820
17.37	17.38	0.038351	04.919
17.37	17.39	0.038368	05.024
17.37	17.39	0.038385	05.118
17.40	17.39	0.038401	05.218
17.40	17.39	0.038418	05.322
17.40	17.39	0.038435	05.418
17.40	17.39	0.038451	05.517
17.40	17.39	0.038468	05.622
17.40	17.39	0.038485	05.717
17.40	17.39	0.038501	05.816
17.40	17.39	0.038518	05.921
17.40	17.39	0.038535	06.015
17.40	17.39	0.038551	06.115
17.40	17.39	0.038568	06.219
17.40	17.40	0.038585	06.314
17.40	17.40	0.038601	06.414
17.40	17.40	0.038618	06.518
17.40	17.40	0.038635	06.613
17.40	17.40	0.038651	06.713
17.40	17.40	0.038668	06.817
17.40	17.40	0.038685	06.911
17.40	17.40	0.038701	07.013
17.40	17.40	0.038718	07.115
17.40	17.40	0.038735	07.210
17.40	17.40	0.038751	07.313
17.40	17.40	0.038768	07.415
17.40	17.40	0.038784	07.510
17.40	17.41	0.038801	07.612
17.40	17.41	0.038818	07.714
17.40	17.41	0.038834	07.808
17.40	17.41	0.038851	07.912
17.40	17.41	0.038868	08.012
17.40	17.41	0.038884	08.107
17.40	17.41	0.038901	08.212
17.40	17.41	0.038918	08.311
17.40	17.41	0.038934	08.406
17.40	17.41	0.038951	08.510
17.40	17.41	0.038968	08.610
17.40	17.41	0.038984	08.704
17.40	17.41	0.039001	08.809
17.42	17.42	0.039018	08.909
17.42	17.42	0.039034	09.003
17.42	17.42	0.039051	09.109
17.42	17.42	0.039068	09.208
17.42	17.42	0.039084	09.303
17.42	17.42	0.039101	09.407
17.42	17.42	0.039118	09.501
17.42	17.42	0.039134	09.601
17.42	17.42	0.039151	09.706
17.42	17.42	0.039168	09.800
17.42	17.42	0.039184	09.901
17.42	17.42	0.039201	10.004
17.42	17.42	0.039218	10.108
17.42	17.43	0.039234	10.204
17.42	17.43	0.039251	10.304
17.42	17.43	0.039268	10.407
17.42	17.43	0.039284	10.505
17.42	17.43	0.039301	10.604
17.45	17.43	0.039318	10.708
17.45	17.43	0.039334	10.804
17.45	17.43	0.039351	10.905
17.45	17.43	0.039368	11.007
17.45	17.43	0.039384	11.104
17.45	17.43	0.039401	11.204
17.45	17.43	0.039418	11.307
17.45	17.43	0.039434	11.405
17.45	17.44	0.039451	11.504
17.45	17.44	0.039468	11.607
17.45	17.44	0.039484	11.704
17.45	17.44	0.039501	11.805
17.45	17.44	0.039518	11.907
17.45	17.44	0.039534	12.004
17.45	17.44	0.039551	12.106
17.42	17.44	0.039568	12.207
17.42	17.44	0.039584	12.306
17.42	17.44	0.039601	12.405
17.42	17.44	0.039617	12.506
17.42	17.44	0.039634	12.606
17.42	17.44	0.039651	12.705
17.42	17.45	0.039667	12.807
17.42	17.45	0.039684	12.906
17.42	17.45	0.039701	13.005
17.45	17.45	0.039717	13.107
17.45	17.45	0.039734	13.205
17.45	17.45	0.039751	13.306
17.45	17.45	0.039767	13.407
17.45	17.45	0.039784	13.505
17.45	17.45	0.039801	13.605
17.45	17.45	0.039817	13.707
17.45	17.45	0.039834	13.805
17.45	17.45	0.039851	13.906
17.45	17.45	0.039867	14.006
17.45	17.46	0.039884	14.106
17.47	17.46	0.039901	14.205
17.47	17.46	0.039917	14.306
17.47	17.46	0.039934	14.405
17.47	17.46	0.039951	14.506
17.47	17.46	0.039967	14.606
17.47	17.46	0.039984	14.706
17.47	17.46	0.040001	14.805
17.47	17.46	0.040017	14.906
17.47	17.46	0.040034	15.005
17.47	17.46	0.040051	15.105
17.47	17.46	0.040067	15.206
17.47	17.46	0.040084	15.305
17.47	17.47	0.040101	15.429
17.47	17.47	0.040117	15.506
17.47	17.47	0.040134	15.634
17.47	17.47	0.040151	15.728
17.47	17.47	0.040167	15.806
17.47	17.47	0.040184	15.932
17.47	17.47	0.040201	16.027
17.47	17.47	0.040217	16.105
17.47	17.47	0.040234	16.231
17.47	17.47	0.040251	16.326
17.47	17.47	0.040267	16.405
17.47	17.47	0.040284	16.531
17.47	17.47	0.040301	16.625
17.47	17.48	0.040317	16.730
17.47	17.48	0.040334	16.829
17.47	17.48	0.040351	16.924
17.47	17.48	0.040367	17.028
17.47	17.48	0.040384	17.128
17.47	17.48	0.040401	17.223
17.47	17.48	0.040417	17.327
17.47	17.48	0.040434	17.427
17.47	17.48	0.040450	17.522
17.47	17.48	0.040467	17.626
17.47	17.48	0.040484	17.726
17.47	17.48	0.040500	17.820
17.47	17.48	0.040517	17.925
17.50	17.49	0.040534	18.020
17.50	17.49	0.040550	18.119
17.50	17.49	0.040567	18.224
17.50	17.49	0.040584	18.318
17.50	17.49	0.040600	18.418
17.50	17.49	0.040617	18.522
17.50	17.49	0.040634	18.617
17.50	17.49	0.040650	18.717
17.50	17.49	0.040667	18.822
17.50	17.49	0.040684	18.916
17.50	17.49	0.040700	19.016
17.50	17.49	0.040717	19.121
17.50	17.49	0.040734	19.215
17.50	17.50	0.040750	19.315
17.50	17.50	0.040767	19.419
17.50	17.50	0.040784	19.514
17.50	17.50	0.040800	19.614
17.50	17.50	0.040817	19.718
17.50	17.50	0.040834	19.813
17.50	17.50	0.040850	19.912
17.50	17.50	0.040867	20.017
17.50	17.50	0.040884	20.111
17.50	17.50	0.040900	20.211
17.50	17.50	0.040917	20.316
17.50	17.50	0.040934	20.411
17.50	17.50	0.040950	20.510
17.50	17.51	0.040967	20.615
17.50	17.51	0.040984	20.709
17.50	17.51	0.041000	20.809
17.50	17.51	0.041017	20.913
17.50	17.51	0.041034	21.008
17.50	17.51	0.041050	21.109
17.50	17.51	0.041067	21.212
17.50	17.51	0.041084	21.307
17.50	17.51	0.041100	21.408
17.50	17.51	0.041117	21.511
17.50	17.51	0.041134	21.605
17.50	17.51	0.041150	21.708
17.50	17.51	0.041167	21.810
17.50	17.52	0.041184	21.905
17.50	17.52	0.041200	22.008
17.53	17.52	0.041217	22.109
17.53	17.52	0.041234	22.205
17.53	17.52	0.041250	22.308
17.53	17.52	0.041267	22.408
17.53	17.52	0.041283	22.506
17.53	17.52	0.041300	22.607
17.53	17.52	0.041317	22.707
17.53	17.52	0.041333	22.805
17.53	17.52	0.041350	22.906
17.53	17.52	0.041367	23.005
17.53	17.52	0.041383	23.105
17.53	17.53	0.041400	23.205
17.53	17.53	0.041417	23.305
17.53	17.53	0.041433	23.406
17.53	17.53	0.041450	23.505
17.53	17.53	0.041467	23.606
17.53	17.53	0.041483	23.705
17.53	17.53	0.041500	23.805
17.53	17.53	0.041517	23.905
17.53	17.53	0.041533	24.005
17.53	17.53	0.041550	24.106
17.53	17.53	0.041567	24.205
17.53	17.53	0.041583	24.306
17.53	17.53	0.041600	24.405
17.53	17.54	0.041617	24.506
17.53	17.54	0.041633	24.605
17.53	17.54	0.041650	24.705
17.53	17.54	0.041667	24.805
17.53	17.54	0.041683	24.905
17.53	17.54	0.041700	25.006
17.53	17.54	0.041717	25.106
17.53	17.54	0.041733	25.205
17.53	17.54	0.041750	25.306
17.55	17.54	0.041767	25.405
17.55	17.54	0.041783	25.505
17.55	17.54	0.041800	25.605
17.55	17.54	0.041817	25.705
17.55	17.55	0.041833	25.806
17.55	17.55	0.041850	25.905
17.55	17.55	0.041867	26.006
17.55	17.55	0.041883	26.105
17.55	17.55	0.041900	26.206
17.55	17.55	0.041917	26.305
17.55	17.55	0.041933	26.405
17.55	17.55	0.041950	26.505
17.55	17.55	0.041967	26.605
17.55	17.55	0.041983	26.706
17.55	17.55	0.042000	26.806
17.55	17.55	0.042017	26.905
17.55	17.55	0.042033	27.006
17.55	17.56	0.042050	27.105
17.55	17.56	0.042067	27.205
17.55	17.56	0.042083	27.305
17.55	17.56	0.042100	27.405
17.55	17.56	0.042116	27.506
17.55	17.56	0.042133	27.605
17.55	17.56	0.042150	27.707
17.55	17.56	0.042166	27.806
17.58	17.56	0.042183	27.906
17.58	17.56	0.042200	28.006
17.58	17.56	0.042216	28.106
17.58	17.56	0.042233	28.207
17.58	17.56	0.042250	28.306
17.58	17.57	0.042266	28.431
17.58	17.57	0.042283	28.535
17.58	17.57	0.042300	28.630
17.58	17.57	0.042316	28.729
17.58	17.57	0.042333	28.834
17.58	17.57	0.042350	28.928
17.58	17.57	0.042366	29.028
17.58	17.57	0.042383	29.132
17.55	17.57	0.042400	29.227
17.55	17.57	0.042416	29.327
17.55	17.57	0.042433	29.431
17.55	17.57	0.042450	29.526
17.55	17.57	0.042466	29.625
17.55	17.58	0.042483	29.730
17.55	17.58	0.042500	29.824
17.55	17.58	0.042516	29.926
17.55	17.58	0.042533	30.028
17.58	17.58	0.042550	30.124
17.58	17.58	0.042566	30.226
17.58	17.58	0.042583	30.328
17.58	17.58	0.042600	30.423
17.58	17.58	0.042616	30.525
17.58	17.58	0.042633	30.627
17.58	17.58	0.042650	30.721
17.60	17.58	0.042666	30.826
17.60	17.58	0.042683	30.926
17.60	17.58	0.042700	31.020
17.60	17.59	0.042716	31.125
17.60	17.59	0.042733	31.224
17.60	17.59	0.042750	31.319
17.60	17.59	0.042766	31.423
17.60	17.59	0.042783	31.523
17.60	17.59	0.042800	31.617
17.60	17.59	0.042816	31.723
17.60	17.59	0.042833	31.823
17.60	17.59	0.042850	31.917
17.60	17.59	0.042866	32.022
17.60	17.59	0.042883	32.121
17.60	17.59	0.042900	32.216
17.60	17.59	0.042916	32.320
17.60	17.60	0.042933	32.415
17.60	17.60	0.042949	32.515
17.60	17.60	0.042966	32.619
17.60	17.60	0.042983	32.714
17.60	17.60	0.042999	32.813
17.60	17.60	0.043016	32.918
17.60	17.60	0.043033	33.012
17.60	17.60	0.043049	33.112
17.60	17.60	0.043066	33.216
17.60	17.60	0.043083	33.311
17.60	17.60	0.043099	33.411
17.58	17.60	0.043116	33.515
17.58	17.60	0.043133	33.610
17.58	17.61	0.043149	33.710
17.60	17.61	0.043166	33.815
17.60	17.61	0.043183	33.909
17.60	17.61	0.043199	34.009
17.60	17.61	0.043216	34.114
17.60	17.61	0.043233	34.208
17.60	17.61	0.043249	34.308
17.60	17.61	0.043266	34.412
17.60	17.61	0.043283	34.508
17.60	17.61	0.043299	34.607
17.60	17.61	0.043316	34.711
17.60	17.61	0.043333	34.807
17.60	17.61	0.043349	34.908
17.60	17.62	0.043366	35.010
17.63	17.62	0.043383	35.108
17.63	17.62	0.043399	35.207
17.63	17.62	0.043416	35.309
17.63	17.62	0.043433	35.407
17.63	17.62	0.043449	35.507
17.63	17.62	0.043466	35.608
17.63	17.62	0.043483	35.708
17.63	17.62	0.043499	35.807
17.63	17.62	0.043516	35.908
17.63	17.62	0.043533	36.007
17.63	17.62	0.043549	36.108
17.63	17.62	0.043566	36.207
17.63	17.63	0.043583	36.307
17.63	17.63	0.043599	36.407
17.63	17.63	0.043616	36.508
17.63	17.63	0.043633	36.607
17.63	17.63	0.043649	36.708
17.63	17.63	0.043666	36.807
17.63	17.63	0.043683	36.908
17.63	17.63	0.043699	37.007
17.63	17.63	0.043716	37.107
17.63	17.63	0.043733	37.207
17.63	17.63	0.043749	37.308
17.63	17.63	0.043766	37.407
17.63	17.63	0.043782	37.507
17.63	17.64	0.043799	37.608
17.63	17.64	0.043816	37.707
17.63	17.64	0.043832	37.807
17.63	17.64	0.043849	37.907
17.63	17.64	0.043866	38.007
17.63	17.64	0.043882	38.108
17.63	17.64	0.043899	38.207
17.63	17.64	0.043916	38.307
17.63	17.64	0.043932	38.408
17.63	17.64	0.043949	38.507
17.63	17.64	0.043966	38.607
17.65	17.64	0.043982	38.707
17.65	17.64	0.043999	38.808
17.65	17.65	0.044016	38.907
17.65	17.65	0.044032	39.007
17.65	17.65	0.044049	39.108
17.65	17.65	0.044066	39.207
17.65	17.65	0.044082	39.307
17.65	17.65	0.044099	39.407
17.65	17.65	0.044116	39.509
17.65	17.65	0.044132	39.608
17.65	17.65	0.044149	39.709
17.65	17.65	0.044166	39.808
17.65	17.65	0.044182	39.909
17.65	17.65	0.044199	40.008
17.65	17.65	0.044216	40.108
17.65	17.66	0.044232	40.208
17.65	17.66	0.044249	40.308
17.65	17.66	0.044266	40.409
17.65	17.66	0.044282	40.508
17.65	17.66	0.044299	40.609
17.65	17.66	0.044316	40.708
17.65	17.66	0.044332	40.809
17.65	17.66	0.044349	40.907
17.68	17.66	0.044366	41.008
17.68	17.66	0.044382	41.137
17.68	17.66	0.044399	41.232
17.68	17.66	0.044416	41.331
17.68	17.66	0.044432	41.436
17.68	17.67	0.044449	41.530
17.68	17.67	0.044466	41.630
17.68	17.67	0.044482	41.734
17.68	17.67	0.044499	41.829
17.68	17.67	0.044516	41.929
17.68	17.67	0.044532	42.033
17.68	17.67	0.044549	42.128
17.65	17.67	0.044566	42.227
17.65	17.67	0.044582	42.333
17.65	17.67	0.044599	42.427
17.65	17.67	0.044615	42.527
17.65	17.67	0.044632	42.631
17.65	17.67	0.044649	42.726
17.65	17.68	0.044665	42.826
17.65	17.68	0.044682	42.930
17.65	17.68	0.044699	43.025
17.68	17.68	0.044715	43.124
17.68	17.68	0.044732	43.229
17.68	17.68	0.044749	43.323
17.68	17.68	0.044765	43.423
17.68	17.68	0.044782	43.528
17.68	17.68	0.044799	43.622
17.68	17.68	0.044815	43.722
17.68	17.68	0.044832	43.826
17.68	17.68	0.044849	43.921
17.70	17.68	0.044865	44.021
17.70	17.69	0.044882	44.126
17.70	17.69	0.044899	44.220
17.70	17.69	0.044915	44.321
17.70	17.69	0.044932	44.425
17.70	17.69	0.044949	44.519
17.70	17.69	0.044965	44.621
17.70	17.69	0.044982	44.723
17.70	17.69	0.044999	44.818
17.70	17.69	0.045015	44.920
17.70	17.69	0.045032	45.022
17.70	17.69	0.045049	45.117
17.70	17.69	0.045065	45.220
17.70	17.69	0.045082	45.321
17.70	17.70	0.045099	45.415
17.70	17.70	0.045115	45.520
17.70	17.70	0.045132	45.619
17.70	17.70	0.045149	45.714
17.70	17.70	0.045165	45.819
17.70	17.70	0.045182	45.918
17.70	17.70	0.045199	46.013
17.70	17.70	0.045215	46.118
17.70	17.70	0.045232	46.218
17.70	17.70	0.045249	46.312
17.70	17.70	0.045265	46.417
17.70	17.70	0.045282	46.516
17.70	17.70	0.045299	46.611
17.70	17.71	0.045315	46.716
17.70	17.71	0.045332	46.810
17.70	17.71	0.045349	46.910
17.70	17.71	0.045365	47.014
17.70	17.71	0.045382	47.109
17.70	17.71	0.045399	47.208
17.70	17.71	0.045415	47.313
17.70	17.71	0.045432	47.409
17.70	17.71	0.045448	47.508
17.70	17.71	0.045465	47.612
17.70	17.71	0.045482	47.708
17.70	17.71	0.045498	47.808
17.70	17.71	0.045515	47.910
17.70	17.72	0.045532	48.008
17.70	17.72	0.045548	48.109
17.70	17.72	0.045565	48.210
17.70	17.72	0.045582	48.309
17.70	17.72	0.045598	48.408
17.70	17.72	0.045615	48.509
17.73	17.72	0.045632	48.608
17.73	17.72	0.045648	48.708
17.73	17.72	0.045665	48.808
17.73	17.72	0.045682	48.908
17.73	17.72	0.045698	49.009
17.73	17.72	0.045715	49.108
17.73	17.72	0.045732	49.209
17.73	17.73	0.045748	49.308
17.73	17.73	0.045765	49.408
17.73	17.73	0.045782	49.508
17.73	17.73	0.045798	49.608
17.73	17.73	0.045815	49.709
17.73	17.73	0.045832	49.809
17.73	17.73	0.045848	49.908
17.73	17.73	0.045865	50.009
17.73	17.73	0.045882	50.108
17.73	17.73	0.045898	50.208
17.73	17.73	0.045915	50.308
17.76	17.73	0.045932	50.408
17.76	17.73	0.045948	50.509
17.76	17.74	0.045965	50.608
17.76	17.74	0.045982	50.709
17.76	17.74	0.045998	50.808
17.76	17.74	0.046015	50.909
17.76	17.74	0.046032	51.008
17.73	17.74	0.046048	51.108
17.73	17.74	0.046065	51.208
17.73	17.74	0.046082	51.309
17.73	17.74	0.046098	51.408
17.73	17.74	0.046115	51.509
17.73	17.74	0.046132	51.608
17.73	17.74	0.046148	51.709
17.73	17.74	0.046165	51.808
17.73	17.75	0.046182	51.908
17.73	17.75	0.046198	52.008
17.73	17.75	0.046215	52.108
17.73	17.75	0.046232	52.209
17.73	17.75	0.046248	52.308
17.73	17.75	0.046265	52.409
17.76	17.75	0.046281	52.508
17.76	17.75	0.046298	52.609
17.76	17.75	0.046315	52.708
17.76	17.75	0.046331	52.808
17.76	17.75	0.046348	52.909
17.76	17.75	0.046365	53.009
17.76	17.75	0.046381	53.114
17.76	17.76	0.046398	53.209
17.76	17.76	0.046415	53.310
17.76	17.76	0.046431	53.413
17.76	17.76	0.046448	53.509
17.76	17.76	0.046465	53.609
17.76	17.76	0.046481	53.713
17.76	17.76	0.046498	53.809
17.76	17.76	0.046515	53.908
17.76	17.76	0.046531	54.013
17.76	17.76	0.046548	54.137
17.76	17.76	0.046565	54.232
17.76	17.76	0.046581	54.337
17.76	17.76	0.046598	54.437
17.76	17.77	0.046615	54.531
17.76	17.77	0.046631	54.636
17.76	17.77	0.046648	54.735
17.78	17.77	0.046665	54.830
17.78	17.77	0.046681	54.935
17.78	17.77	0.046698	55.034
17.78	17.77	0.046715	55.129
17.78	17.77	0.046731	55.233
17.78	17.77	0.046748	55.333
17.78	17.77	0.046765	55.427
17.78	17.77	0.046781	55.532
17.78	17.77	0.046798	55.627
17.78	17.77	0.046815	55.726
17.78	17.78	0.046831	55.831
17.78	17.78	0.046848	55.925
17.78	17.78	0.046865	56.025
17.78	17.78	0.046881	56.130
17.78	17.78	0.046898	56.224
17.78	17.78	0.046915	56.325
17.78	17.78	0.046931	56.429
17.78	17.78	0.046948	56.524
17.78	17.78	0.046965	56.623
17.78	17.78	0.046981	56.728
17.78	17.78	0.046998	56.822
17.78	17.78	0.047015	56.922
17.78	17.78	0.047031	57.026
17.78	17.79	0.047048	57.121
17.78	17.79	0.047065	57.221
17.78	17.79	0.047081	57.325
17.78	17.79	0.047098	57.420
17.78	17.79	0.047114	57.519
17.78	17.79	0.047131	57.624
17.78	17.79	0.047148	57.718
17.78	17.79	0.047164	57.818
17.78	17.79	0.047181	57.923
17.78	17.79	0.047198	58.017
17.78	17.79	0.047214	58.117
17.78	17.79	0.047231	58.222
17.78	17.79	0.047248	58.317
17.78	17.80	0.047264	58.416
17.78	17.80	0.047281	58.521
17.78	17.80	0.047298	58.616
17.78	17.80	0.047314	58.716
17.78	17.80	0.047331	58.820
17.78	17.80	0.047348	58.914
17.81	17.80	0.047364	59.016
17.81	17.80	0.047381	59.118
17.81	17.80	0.047398	59.213
17.81	17.80	0.047414	59.315
17.81	17.80	0.047431	59.417
17.81	17.80	0.047448	59.512
17.81	17.80	0.047464	59.616
17.81	17.80	0.047481	59.717
17.81	17.81	0.047498	59.811
17.81	17.81	0.047514	59.916
17.81	17.81	0.047531	00.015
17.81	17.81	0.047548	00.110
17.81	17.81	0.047564	00.215
17.81	17.81	0.047581	00.314
17.81	17.81	0.047598	00.411
17.81	17.81	0.047614	00.513
17.81	17.81	0.047631	00.613
17.81	17.81	0.047648	00.710
17.81	17.81	0.047664	00.812
17.81	17.81	0.047681	00.911
17.81	17.81	0.047698	01.010
17.81	17.82	0.047714	01.111
17.83	17.82	0.047731	01.211
17.83	17.82	0.047748	01.310
17.83	17.82	0.047764	01.411
17.83	17.82	0.047781	01.510
17.83	17.82	0.047798	01.611
17.83	17.82	0.047814	01.710
17.83	17.82	0.047831	01.811
17.83	17.82	0.047848	01.910
17.83	17.82	0.047864	02.010
17.83	17.82	0.047881	02.111
17.83	17.82	0.047898	02.210
17.83	17.82	0.047914	02.311
17.83	17.83	0.047931	02.410
17.83	17.83	0.047947	02.511
17.83	17.83	0.047964	02.610
17.83	17.83	0.047981	02.710
17.83	17.83	0.047997	02.812
17.83	17.83	0.048014	02.911
17.83	17.83	0.048031	03.012
17.83	17.83	0.048047	03.111
17.83	17.83	0.048064	03.212
17.83	17.83	0.048081	03.311
17.83	17.83	0.048097	03.411
17.83	17.83	0.048114	03.511
17.83	17.83	0.048131	03.612
17.83	17.84	0.048147	03.711
17.83	17.84	0.048164	03.812
17.83	17.84	0.048181	03.911
17.83	17.84	0.048197	04.012
17.83	17.84	0.048214	04.111
17.83	17.84	0.048231	04.211
17.83	17.84	0.048247	04.311
17.83	17.84	0.048264	04.411
17.83	17.84	0.048281	04.512
17.83	17.84	0.048297	04.611
17.83	17.84	0.048314	04.712
17.83	17.84	0.048331	04.811
17.83	17.84	0.048347	04.912
17.83	17.85	0.048364	05.011
17.83	17.85	0.048381	05.111
17.83	17.85	0.048397	05.211
17.83	17.85	0.048414	05.311
17.83	17.85	0.048431	05.412
17.86	17.85	0.048447	05.511
17.86	17.85	0.048464	05.612
17.86	17.85	0.048481	05.711
17.86	17.85	0.048497	05.811
17.86	17.85	0.048514	05.911
17.86	17.85	0.048531	06.011
17.86	17.85	0.048547	06.112
17.86	17.85	0.048564	06.211
17.86	17.86	0.048581	06.312
17.86	17.86	0.048597	06.411
17.86	17.86	0.048614	06.536
17.86	17.86	0.048631	06.635
17.86	17.86	0.048647	06.740
17.86	17.86	0.048664	06.834
17.86	17.86	0.048681	06.934
17.86	17.86	0.048697	07.038
17.86	17.86	0.048714	07.133
17.86	17.86	0.048731	07.234
17.86	17.86	0.048747	07.337
17.86	17.86	0.048764	07.432
17.86	17.86	0.048780	07.533
17.86	17.87	0.048797	07.636
17.86	17.87	0.048814	07.730
17.86	17.87	0.048830	07.833
17.88	17.87	0.048847	07.935
17.88	17.87	0.048864	08.030
17.88	17.87	0.048880	08.133
17.88	17.87	0.048897	08.234
17.88	17.87	0.048914	08.328
17.88	17.87	0.048930	08.433
17.88	17.87	0.048947	08.532
17.88	17.87	0.048964	08.627
17.88	17.87	0.048980	08.733
17.88	17.87	0.048997	08.832
17.88	17.88	0.049014	08.927
17.88	17.88	0.049030	09.031
17.88	17.88	0.049047	09.131
17.88	17.88	0.049064	09.225
17.88	17.88	0.049080	09.330
17.88	17.88	0.049097	09.430
17.88	17.88	0.049114	09.524
17.88	17.88	0.049130	09.629
17.88	17.88	0.049147	09.728
17.88	17.88	0.049164	09.823
17.88	17.88	0.049180	09.927
17.88	17.88	0.049197	10.022
17.88	17.88	0.049214	10.122
17.88	17.89	0.049230	10.227
17.88	17.89	0.049247	10.321
17.88	17.89	0.049264	10.420
17.88	17.89	0.049280	10.525
17.88	17.89	0.049297	10.619
17.88	17.89	0.049314	10.719
17.88	17.89	0.049330	10.824
17.88	17.89	0.049347	10.919
17.88	17.89	0.049364	11.019
17.88	17.89	0.049380	11.123
17.88	17.89	0.049397	11.218
17.88	17.89	0.049414	11.317
17.88	17.89	0.049430	11.422
17.88	17.90	0.049447	11.516
17.88	17.90	0.049464	11.616
17.88	17.90	0.049480	11.720
17.91	17.90	0.049497	11.815
17.91	17.90	0.049514	11.915
17.91	17.90	0.049530	12.019
17.91	17.90	0.049547	12.114
17.91	17.90	0.049564	12.214
17.91	17.90	0.049580	12.318
17.91	17.90	0.049597	12.413
17.91	17.90	0.049613	12.514
17.91	17.90	0.049630	12.617
17.91	17.90	0.049647	12.714
17.91	17.91	0.049663	12.813
17.91	17.91	0.049680	12.916
17.91	17.91	0.049697	13.013
17.91	17.91	0.049713	13.113
17.91	17.91	0.049730	13.214
17.91	17.91	0.049747	13.313
17.91	17.91	0.049763	13.414
17.91	17.91	0.049780	13.514
17.91	17.91	0.049797	13.614
17.91	17.91	0.049813	13.713
17.91	17.91	0.049830	13.814
17.91	17.91	0.049847	13.913
17.91	17.91	0.049863	14.013
17.91	17.92	0.049880	14.114
17.91	17.92	0.049897	14.213
17.91	17.92	0.049913	14.314
17.91	17.92	0.049930	14.413
17.94	17.92	0.049947	14.514
17.94	17.92	0.049963	14.613
17.94	17.92	0.049980	14.713
17.94	17.92	0.049997	14.813
17.94	17.92	0.050013	14.913
17.94	17.92	0.050030	15.014
17.94	17.92	0.050047	15.113
17.94	17.92	0.050063	15.214
17.94	17.92	0.050080	15.313
17.94	17.93	0.050097	15.414
17.94	17.93	0.050113	15.513
17.91	17.93	0.050130	15.613
17.91	17.93	0.050147	15.713
17.91	17.93	0.050163	15.813
17.91	17.93	0.050180	15.914
17.91	17.93	0.050197	16.013
17.91	17.93	0.050213	16.114
17.91	17.93	0.050230	16.213
17.91	17.93	0.050247	16.313
17.91	17.93	0.050263	16.413
17.91	17.93	0.050280	16.513
17.91	17.93	0.050297	16.614
17.94	17.94	0.050313	16.713
17.94	17.94	0.050330	16.814
17.94	17.94	0.050347	16.913
17.94	17.94	0.050363	17.014
17.94	17.94	0.050380	17.113
17.94	17.94	0.050397	17.213
17.94	17.94	0.050413	17.313
17.94	17.94	0.050430	17.413
17.94	17.94	0.050446	17.514
17.94	17.94	0.050463	17.613
17.94	17.94	0.050480	17.714
17.94	17.94	0.050496	17.813
17.96	17.94	0.050513	17.913
17.96	17.95	0.050530	18.013
17.96	17.95	0.050546	18.113
17.96	17.95	0.050563	18.214
17.96	17.95	0.050580	18.313
17.96	17.95	0.050596	18.414
17.96	17.95	0.050613	18.513
17.96	17.95	0.050630	18.614
17.96	17.95	0.050646	18.713
17.96	17.95	0.050663	18.813
17.96	17.95	0.050680	18.913
17.96	17.95	0.050696	19.013
17.96	17.95	0.050713	19.113
17.96	17.95	0.050730	19.212
17.96	17.96	0.050746	19.342
17.96	17.96	0.050763	19.436
17.96	17.96	0.050780	19.536
17.96	17.96	0.050796	19.640
17.94	17.96	0.050813	19.736
17.94	17.96	0.050830	19.834
17.94	17.96	0.050846	19.940
17.94	17.96	0.050863	20.035
17.94	17.96	0.050880	20.134
17.94	17.96	0.050896	20.239
17.96	17.96	0.050913	20.333
17.96	17.96	0.050930	20.433
17.96	17.96	0.050946	20.537
17.96	17.97	0.050963	20.632
17.96	17.97	0.050980	20.731
17.96	17.97	0.050996	20.836
17.96	17.97	0.051013	20.931
17.96	17.97	0.051030	21.030
17.96	17.97	0.051046	21.135
17.96	17.97	0.051063	21.229
17.96	17.97	0.051080	21.329
17.96	17.97	0.051096	21.433
17.96	17.97	0.051113	21.528
17.99	17.97	0.051130	21.628
17.99	17.97	0.051146	21.733
17.99	17.97	0.051163	21.828
17.99	17.98	0.051180	21.928
17.99	17.98	0.051196	22.032
17.99	17.98	0.051213	22.126
17.99	17.98	0.051230	22.228
17.99	17.98	0.051246	22.330
17.99	17.98	0.051263	22.425
17.99	17.98	0.051279	22.529
17.99	17.98	0.051296	22.629
17.99	17.98	0.051313	22.724
17.99	17.98	0.051329	22.828
17.99	17.98	0.051346	22.928
17.99	17.98	0.051363	23.022
17.99	17.98	0.051379	23.128
17.99	17.99	0.051396	23.227
17.99	17.99	0.051413	23.322
17.99	17.99	0.051429	23.427
17.96	17.99	0.051446	23.526
17.96	17.99	0.051463	23.621
17.96	17.99	0.051479	23.725
17.96	17.99	0.051496	23.825
17.99	17.99	0.051513	23.919
17.99	17.99	0.051529	24.024
17.99	17.99	0.051546	24.124
17.99	17.99	0.051563	24.218
17.99	17.99	0.051579	24.323
17.99	17.99	0.051596	24.417
17.99	18.00	0.051613	24.517
17.99	18.00	0.051629	24.621
17.99	18.00	0.051646	24.716
17.99	18.00	0.051663	24.816
17.99	18.00	0.051679	24.920
17.99	18.00	0.051696	25.015
18.01	18.00	0.051713	25.115
18.01	18.00	0.051729	25.220
