100.00	0.00	7.23	30.00	150.00	2.70	97.30	2.70	

24.99	17.00	0.000000	08.527
24.99	17.00	0.000017	08.627
24.94	17.00	0.000033	08.732
24.65	17.00	0.000050	08.826
24.12	17.00	0.000067	08.926
23.78	17.00	0.000083	09.031
21.82	17.00	0.000100	09.127
21.41	17.00	0.000117	09.227
21.15	17.00	0.000133	09.331
20.63	17.00	0.000150	09.426
20.14	17.00	0.000167	09.525
19.88	17.00	0.000183	09.631
19.47	17.00	0.000200	09.725
19.09	17.00	0.000217	09.825
18.94	17.00	0.000233	09.930
18.65	17.00	0.000250	10.024
18.42	17.00	0.000267	10.125
18.32	17.00	0.000283	10.229
18.14	17.00	0.000300	10.323
17.99	17.00	0.000317	10.425
17.91	17.00	0.000333	10.527
17.78	17.00	0.000350	10.621
17.63	17.00	0.000367	10.725
17.58	17.00	0.000383	10.826
17.42	17.00	0.000400	10.922
17.29	17.00	0.000416	11.025
17.24	17.00	0.000433	11.125
17.12	17.00	0.000450	11.221
17.04	17.00	0.000466	11.324
16.94	17.00	0.000483	11.423
16.81	17.00	0.000500	11.521
16.76	17.00	0.000516	11.623
16.65	17.00	0.000533	11.722
16.58	17.00	0.000550	11.822
16.53	17.00	0.000566	11.921
16.45	17.00	0.000583	12.021
16.42	17.00	0.000600	12.121
16.37	17.00	0.000616	12.221
16.32	17.00	0.000633	12.322
16.32	17.00	0.000650	12.421
16.29	17.00	0.000666	12.522
16.27	17.00	0.000683	12.621
16.22	17.00	0.000700	12.722
16.22	17.00	0.000716	12.821
16.17	17.00	0.000733	12.921
16.14	17.00	0.000750	13.021
16.14	17.00	0.000766	13.121
16.12	17.00	0.000783	13.222
16.09	17.00	0.000800	13.321
16.09	17.00	0.000816	13.422
16.06	17.00	0.000833	13.521
16.06	17.00	0.000850	13.621
16.06	17.00	0.000866	13.721
16.04	17.00	0.000883	13.821
16.04	17.00	0.000900	13.922
16.04	17.00	0.000916	14.021
16.04	17.00	0.000933	14.122
16.04	17.00	0.000950	14.221
16.01	17.00	0.000966	14.322
16.01	17.00	0.000983	14.421
16.01	17.00	0.001000	14.521
16.01	17.00	0.001016	14.621
16.04	17.00	0.001033	14.721
16.04	17.00	0.001050	14.822
16.09	17.00	0.001066	14.921
16.17	17.00	0.001083	15.022
16.22	17.00	0.001100	15.121
16.22	17.00	0.001116	15.221
16.27	17.00	0.001133	15.322
16.27	17.00	0.001150	15.421
16.27	17.00	0.001166	15.522
16.29	17.00	0.001183	15.621
16.29	17.00	0.001200	15.722
16.29	17.00	0.001216	15.821
16.32	17.00	0.001233	15.921
16.32	17.00	0.001250	16.021
16.32	17.00	0.001266	16.121
16.37	17.00	0.001283	16.222
16.42	17.00	0.001299	16.321
16.42	17.00	0.001316	16.422
16.47	17.00	0.001333	16.521
16.47	17.00	0.001349	16.621
16.50	17.00	0.001366	16.721
16.50	17.00	0.001383	16.821
16.53	17.00	0.001399	16.922
16.53	17.00	0.001416	17.021
16.53	17.00	0.001433	17.122
16.55	17.00	0.001449	17.221
16.55	17.00	0.001466	17.322
16.60	17.00	0.001483	17.421
16.60	17.00	0.001499	17.521
16.65	17.00	0.001516	17.645
16.68	17.00	0.001533	17.744
16.68	17.00	0.001549	17.849
16.68	17.00	0.001566	17.944
16.70	17.00	0.001583	18.043
16.70	17.00	0.001599	18.148
16.70	17.00	0.001616	18.242
16.73	17.00	0.001633	18.343
16.73	17.00	0.001649	18.447
16.76	17.00	0.001666	18.542
16.76	17.00	0.001683	18.643
16.76	17.00	0.001699	18.746
16.78	17.00	0.001716	18.841
16.78	17.00	0.001733	18.942
16.78	17.00	0.001749	19.045
16.81	17.00	0.001766	19.139
16.81	17.00	0.001783	19.242
16.83	17.00	0.001799	19.343
16.83	17.00	0.001816	19.438
16.86	17.00	0.001833	19.542
16.86	17.00	0.001849	19.642
16.86	17.00	0.001866	19.737
16.88	17.00	0.001883	19.841
16.88	17.00	0.001899	19.942
16.88	17.00	0.001916	20.036
16.91	17.00	0.001933	20.141
16.91	17.00	0.001949	20.241
16.91	17.00	0.001966	20.335
16.94	17.00	0.001983	20.440
16.94	17.00	0.001999	20.539
16.94	17.00	0.002016	20.634
16.94	17.00	0.002033	20.738
16.94	17.00	0.002049	20.838
16.96	17.00	0.002066	20.933
16.96	17.00	0.002082	21.037
16.96	17.00	0.002099	21.137
16.96	17.00	0.002116	21.231
16.96	17.00	0.002132	21.336
16.96	17.00	0.002149	21.430
16.96	17.00	0.002166	21.530
16.96	17.00	0.002182	21.634
16.96	17.00	0.002199	21.730
16.96	17.00	0.002216	21.830
16.96	17.00	0.002232	21.934
16.96	17.00	0.002249	22.029
16.96	17.00	0.002266	22.128
16.96	17.00	0.002282	22.232
16.99	17.00	0.002299	22.327
16.99	17.00	0.002316	22.427
16.99	17.00	0.002332	22.531
16.99	17.00	0.002349	22.626
16.99	17.00	0.002366	22.726
16.99	17.00	0.002382	22.831
16.99	17.00	0.002399	22.925
16.99	17.00	0.002416	23.025
16.99	17.00	0.002432	23.129
16.99	17.00	0.002449	23.224
16.99	17.00	0.002466	23.324
16.99	17.00	0.002482	23.428
16.99	17.00	0.002499	23.522
16.99	17.00	0.002516	23.623
16.99	17.00	0.002532	23.727
16.99	17.00	0.002549	23.822
16.99	17.00	0.002566	23.922
16.99	17.00	0.002582	24.026
16.99	17.00	0.002599	24.123
16.99	17.00	0.002616	24.222
16.99	17.00	0.002632	24.325
16.99	17.00	0.002649	24.422
16.99	17.00	0.002666	24.521
16.99	17.00	0.002682	24.623
16.99	17.00	0.002699	24.722
16.99	17.00	0.002716	24.823
16.99	17.00	0.002732	24.922
16.99	17.00	0.002749	25.023
16.99	17.00	0.002766	25.122
16.99	17.00	0.002782	25.223
16.99	17.00	0.002799	25.322
16.99	17.00	0.002816	25.422
16.99	17.00	0.002832	25.523
16.99	17.00	0.002849	25.622
16.99	17.00	0.002866	25.723
16.99	17.00	0.002882	25.822
16.99	17.00	0.002899	25.922
16.99	17.00	0.002915	26.022
16.99	17.00	0.002932	26.122
16.99	17.00	0.002949	26.222
16.99	17.00	0.002965	26.323
16.99	17.00	0.002982	26.422
16.99	17.00	0.002999	26.523
16.99	17.00	0.003015	26.622
16.99	17.00	0.003032	26.723
16.99	17.00	0.003049	26.822
16.99	17.00	0.003065	26.922
16.99	17.00	0.003082	27.023
16.99	17.00	0.003099	27.123
16.99	17.00	0.003115	27.224
16.99	17.00	0.003132	27.323
16.99	17.00	0.003149	27.424
16.99	17.00	0.003165	27.523
16.99	17.00	0.003182	27.623
16.99	17.00	0.003199	27.723
16.99	17.00	0.003215	27.823
16.99	17.00	0.003232	27.924
16.99	17.00	0.003249	28.023
16.99	17.00	0.003265	28.124
16.99	17.00	0.003282	28.223
16.99	17.00	0.003299	28.324
16.99	17.00	0.003315	28.423
16.99	17.00	0.003332	28.523
16.99	17.00	0.003349	28.624
16.99	17.00	0.003365	28.723
16.99	17.00	0.003382	28.824
16.99	17.00	0.003399	28.923
16.99	17.00	0.003415	29.024
16.99	17.00	0.003432	29.123
17.01	17.00	0.003449	29.223
17.01	17.00	0.003465	29.323
17.01	17.00	0.003482	29.423
17.01	17.00	0.003499	29.524
17.01	17.00	0.003515	29.623
17.01	17.00	0.003532	29.724
17.01	17.00	0.003549	29.823
17.01	17.00	0.003565	29.923
17.01	17.00	0.003582	30.023
16.99	17.00	0.003599	30.123
16.99	17.00	0.003615	30.223
16.99	17.00	0.003632	30.322
16.99	17.00	0.003649	30.452
16.99	17.00	0.003665	30.546
16.99	17.00	0.003682	30.646
16.99	17.00	0.003699	30.750
16.99	17.00	0.003715	30.845
16.99	17.00	0.003732	30.944
16.99	17.00	0.003748	31.049
16.99	17.00	0.003765	31.144
16.99	17.00	0.003782	31.244
16.99	17.00	0.003798	31.349
16.99	17.00	0.003815	31.443
16.99	17.00	0.003832	31.543
16.99	17.00	0.003848	31.647
16.99	17.00	0.003865	31.742
16.99	17.00	0.003882	31.841
16.99	17.00	0.003898	31.946
16.99	17.00	0.003915	32.041
17.01	17.00	0.003932	32.140
17.01	17.00	0.003948	32.245
17.01	17.00	0.003965	32.339
17.01	17.00	0.003982	32.439
17.01	17.00	0.003998	32.543
17.01	17.00	0.004015	32.639
17.01	17.00	0.004032	32.739
17.01	17.00	0.004048	32.843
17.01	17.00	0.004065	32.938
16.99	17.00	0.004082	33.037
16.99	17.00	0.004098	33.142
16.99	17.00	0.004115	33.236
16.99	17.00	0.004132	33.337
16.99	17.00	0.004148	33.440
16.99	17.00	0.004165	33.535
16.99	17.00	0.004182	33.637
16.99	17.00	0.004198	33.739
16.99	17.00	0.004215	33.834
16.99	17.00	0.004232	33.936
16.99	17.00	0.004248	34.038
16.99	17.00	0.004265	34.132
16.99	17.00	0.004282	34.237
16.99	17.00	0.004298	34.337
16.99	17.00	0.004315	34.431
16.99	17.00	0.004332	34.536
16.99	17.00	0.004348	34.636
16.99	17.00	0.004365	34.731
16.99	17.00	0.004382	34.835
16.99	17.00	0.004398	34.935
16.99	17.00	0.004415	35.029
16.99	17.00	0.004432	35.134
16.99	17.00	0.004448	35.234
16.99	17.00	0.004465	35.328
16.99	17.00	0.004482	35.433
17.01	17.00	0.004498	35.532
17.01	17.00	0.004515	35.627
17.01	17.00	0.004532	35.731
17.01	17.00	0.004548	35.826
17.01	17.00	0.004565	35.926
17.01	17.00	0.004581	36.030
17.01	17.00	0.004598	36.126
17.01	17.00	0.004615	36.225
17.01	17.00	0.004631	36.330
17.01	17.00	0.004648	36.424
16.99	17.00	0.004665	36.524
16.99	17.00	0.004681	36.629
16.99	17.00	0.004698	36.724
16.99	17.00	0.004715	36.823
16.99	17.00	0.004731	36.927
16.99	17.00	0.004748	37.023
16.99	17.00	0.004765	37.123
16.99	17.00	0.004781	37.226
16.99	17.00	0.004798	37.323
16.99	17.00	0.004815	37.424
16.99	17.00	0.004831	37.525
16.99	17.00	0.004848	37.624
16.99	17.00	0.004865	37.723
16.99	17.00	0.004881	37.824
16.99	17.00	0.004898	37.923
16.99	17.00	0.004915	38.023
16.99	17.00	0.004931	38.124
16.99	17.00	0.004948	38.223
16.99	17.00	0.004965	38.324
16.99	17.00	0.004981	38.423
16.99	17.00	0.004998	38.523
17.01	17.00	0.005015	38.623
17.01	17.00	0.005031	38.723
17.01	17.00	0.005048	38.824
17.01	17.00	0.005065	38.923
17.01	17.00	0.005081	39.024
17.01	17.00	0.005098	39.123
17.01	17.00	0.005115	39.224
17.01	17.00	0.005131	39.323
17.01	17.00	0.005148	39.423
16.99	17.00	0.005165	39.523
16.99	17.00	0.005181	39.623
16.99	17.00	0.005198	39.724
16.99	17.00	0.005215	39.823
16.99	17.00	0.005231	39.924
16.99	17.00	0.005248	40.023
16.99	17.00	0.005265	40.123
16.99	17.00	0.005281	40.223
16.99	17.00	0.005298	40.323
16.99	17.00	0.005315	40.424
16.99	17.00	0.005331	40.523
16.99	17.00	0.005348	40.624
16.99	17.00	0.005365	40.723
16.99	17.00	0.005381	40.824
16.99	17.00	0.005398	40.923
16.99	17.00	0.005414	41.023
16.99	17.00	0.005431	41.124
17.01	17.00	0.005448	41.223
17.01	17.00	0.005464	41.324
17.01	17.00	0.005481	41.423
17.01	17.00	0.005498	41.524
17.01	17.00	0.005514	41.623
17.01	17.00	0.005531	41.723
17.01	17.00	0.005548	41.823
17.01	17.00	0.005564	41.923
17.01	17.00	0.005581	42.024
17.01	17.00	0.005598	42.123
17.01	17.00	0.005614	42.224
17.01	17.00	0.005631	42.323
16.99	17.00	0.005648	42.424
16.99	17.00	0.005664	42.523
16.99	17.00	0.005681	42.623
16.99	17.00	0.005698	42.723
16.99	17.00	0.005714	42.823
16.99	17.00	0.005731	42.924
16.99	17.00	0.005748	43.023
16.99	17.00	0.005764	43.124
16.99	17.00	0.005781	43.223
16.99	17.00	0.005798	43.323
16.99	17.00	0.005814	43.422
16.99	17.00	0.005831	43.523
16.99	17.00	0.005848	43.651
16.99	17.00	0.005864	43.752
17.01	17.00	0.005881	43.847
17.01	17.00	0.005898	43.951
17.01	17.00	0.005914	44.051
17.01	17.00	0.005931	44.145
17.01	17.00	0.005948	44.250
17.01	17.00	0.005964	44.349
17.01	17.00	0.005981	44.444
17.01	17.00	0.005998	44.549
17.01	17.00	0.006014	44.644
17.01	17.00	0.006031	44.743
17.01	17.00	0.006048	44.848
17.01	17.00	0.006064	44.942
16.99	17.00	0.006081	45.042
16.99	17.00	0.006098	45.146
16.99	17.00	0.006114	45.241
16.99	17.00	0.006131	45.341
16.99	17.00	0.006148	45.445
16.99	17.00	0.006164	45.540
16.99	17.00	0.006181	45.639
16.99	17.00	0.006198	45.744
16.99	17.00	0.006214	45.838
16.99	17.00	0.006231	45.938
16.99	17.00	0.006247	46.042
16.99	17.00	0.006264	46.137
16.99	17.00	0.006281	46.237
16.99	17.00	0.006297	46.342
16.99	17.00	0.006314	46.436
16.99	17.00	0.006331	46.536
16.99	17.00	0.006347	46.641
16.99	17.00	0.006364	46.735
16.99	17.00	0.006381	46.835
16.99	17.00	0.006397	46.940
17.01	17.00	0.006414	47.034
17.01	17.00	0.006431	47.134
17.01	17.00	0.006447	47.238
17.01	17.00	0.006464	47.333
17.01	17.00	0.006481	47.432
17.01	17.00	0.006497	47.537
17.01	17.00	0.006514	47.632
17.01	17.00	0.006531	47.732
17.01	17.00	0.006547	47.837
17.01	17.00	0.006564	47.931
17.01	17.00	0.006581	48.032
17.01	17.00	0.006597	48.135
16.99	17.00	0.006614	48.230
16.99	17.00	0.006631	48.331
16.99	17.00	0.006647	48.434
16.99	17.00	0.006664	48.529
16.99	17.00	0.006681	48.631
16.99	17.00	0.006697	48.733
16.99	17.00	0.006714	48.827
16.99	17.00	0.006731	48.932
16.99	17.00	0.006747	49.031
16.99	17.00	0.006764	49.126
16.99	17.00	0.006781	49.231
16.99	17.00	0.006797	49.330
16.99	17.00	0.006814	49.425
16.99	17.00	0.006831	49.529
16.99	17.00	0.006847	49.629
17.01	17.00	0.006864	49.724
17.01	17.00	0.006881	49.829
17.01	17.00	0.006897	49.928
17.01	17.00	0.006914	50.024
17.01	17.00	0.006931	50.128
17.01	17.00	0.006947	50.227
17.01	17.00	0.006964	50.324
17.01	17.00	0.006981	50.426
17.01	17.00	0.006997	50.526
17.01	17.00	0.007014	50.624
17.01	17.00	0.007031	50.726
17.01	17.00	0.007047	50.826
17.01	17.00	0.007064	50.925
17.01	17.00	0.007080	51.024
16.99	17.00	0.007097	51.127
16.99	17.00	0.007114	51.224
16.99	17.00	0.007130	51.324
16.99	17.00	0.007147	51.426
16.99	17.00	0.007164	51.524
16.99	17.00	0.007180	51.625
16.99	17.00	0.007197	51.726
16.99	17.00	0.007214	51.825
16.99	17.00	0.007230	51.924
16.99	17.00	0.007247	52.026
16.99	17.00	0.007264	52.124
16.99	17.00	0.007280	52.224
16.99	17.00	0.007297	52.326
16.99	17.00	0.007314	52.424
16.99	17.00	0.007330	52.525
16.99	17.00	0.007347	52.626
16.99	17.00	0.007364	52.725
17.01	17.00	0.007380	52.824
17.01	17.00	0.007397	52.926
17.01	17.00	0.007414	53.024
17.01	17.00	0.007430	53.124
17.01	17.00	0.007447	53.226
17.01	17.00	0.007464	53.324
17.01	17.00	0.007480	53.425
17.01	17.00	0.007497	53.525
17.01	17.00	0.007514	53.625
17.01	17.00	0.007530	53.724
17.01	17.00	0.007547	53.826
17.01	17.00	0.007564	53.924
17.01	17.00	0.007580	54.024
17.01	17.00	0.007597	54.126
16.99	17.00	0.007614	54.224
16.99	17.00	0.007630	54.325
16.99	17.00	0.007647	54.425
16.99	17.00	0.007664	54.524
16.99	17.00	0.007680	54.624
16.99	17.00	0.007697	54.725
16.99	17.00	0.007714	54.825
16.99	17.00	0.007730	54.924
16.99	17.00	0.007747	55.025
16.99	17.00	0.007764	55.124
16.99	17.00	0.007780	55.225
16.99	17.00	0.007797	55.325
16.99	17.00	0.007814	55.424
16.99	17.00	0.007830	55.525
16.99	17.00	0.007847	55.625
16.99	17.00	0.007864	55.725
16.99	17.00	0.007880	55.824
17.01	17.00	0.007897	55.925
17.01	17.00	0.007913	56.024
17.01	17.00	0.007930	56.124
17.01	17.00	0.007947	56.224
17.01	17.00	0.007963	56.324
17.01	17.00	0.007980	56.424
17.01	17.00	0.007997	56.524
17.01	17.00	0.008013	56.653
17.01	17.00	0.008030	56.748
17.01	17.00	0.008047	56.825
17.01	17.00	0.008063	56.952
17.01	17.00	0.008080	57.047
17.01	17.00	0.008097	57.124
17.01	17.00	0.008113	57.251
16.99	17.00	0.008130	57.346
16.99	17.00	0.008147	57.424
16.99	17.00	0.008163	57.549
16.99	17.00	0.008180	57.644
16.99	17.00	0.008197	57.724
16.99	17.00	0.008213	57.848
16.99	17.00	0.008230	57.942
16.99	17.00	0.008247	58.048
16.99	17.00	0.008263	58.148
16.99	17.00	0.008280	58.242
16.99	17.00	0.008297	58.347
16.99	17.00	0.008313	58.446
16.99	17.00	0.008330	58.541
16.99	17.00	0.008347	58.645
16.99	17.00	0.008363	58.745
16.99	17.00	0.008380	58.839
16.99	17.00	0.008397	58.944
16.99	17.00	0.008413	59.044
17.01	17.00	0.008430	59.138
17.01	17.00	0.008447	59.243
17.01	17.00	0.008463	59.337
17.01	17.00	0.008480	59.438
17.01	17.00	0.008497	59.542
17.01	17.00	0.008513	59.637
17.01	17.00	0.008530	59.737
17.01	17.00	0.008547	59.841
17.01	17.00	0.008563	59.936
17.01	17.00	0.008580	00.035
17.01	17.00	0.008597	00.140
16.99	17.00	0.008613	00.234
16.99	17.00	0.008630	00.334
16.99	17.00	0.008647	00.439
16.99	17.00	0.008663	00.533
16.99	17.00	0.008680	00.633
16.99	17.00	0.008697	00.737
16.99	17.00	0.008713	00.832
16.99	17.00	0.008730	00.931
16.99	17.00	0.008746	01.036
16.99	17.00	0.008763	01.130
16.99	17.00	0.008780	01.230
16.99	17.00	0.008796	01.335
16.99	17.00	0.008813	01.430
16.99	17.00	0.008830	01.530
16.99	17.00	0.008846	01.634
16.99	17.00	0.008863	01.729
17.01	17.00	0.008880	01.828
17.01	17.00	0.008896	01.932
17.01	17.00	0.008913	02.027
17.01	17.00	0.008930	02.128
17.01	17.00	0.008946	02.232
17.01	17.00	0.008963	02.327
17.01	17.00	0.008980	02.427
17.01	17.00	0.008996	02.531
17.01	17.00	0.009013	02.626
17.01	17.00	0.009030	02.727
17.01	17.00	0.009046	02.830
16.99	17.00	0.009063	02.926
16.99	17.00	0.009080	03.027
16.99	17.00	0.009096	03.128
16.99	17.00	0.009113	03.227
16.99	17.00	0.009130	03.326
16.99	17.00	0.009146	03.427
16.99	17.00	0.009163	03.526
16.99	17.00	0.009180	03.626
16.99	17.00	0.009196	03.727
16.99	17.00	0.009213	03.826
16.99	17.00	0.009230	03.927
16.99	17.00	0.009246	04.026
16.99	17.00	0.009263	04.126
17.01	17.00	0.009280	04.226
17.01	17.00	0.009296	04.326
17.01	17.00	0.009313	04.427
17.01	17.00	0.009330	04.526
17.01	17.00	0.009346	04.627
17.01	17.00	0.009363	04.726
17.01	17.00	0.009380	04.826
17.01	17.00	0.009396	04.926
17.01	17.00	0.009413	05.026
17.01	17.00	0.009430	05.127
17.01	17.00	0.009446	05.226
17.01	17.00	0.009463	05.327
17.01	17.00	0.009480	05.426
17.01	17.00	0.009496	05.527
16.99	17.00	0.009513	05.626
16.99	17.00	0.009530	05.726
16.99	17.00	0.009546	05.826
16.99	17.00	0.009563	05.926
16.99	17.00	0.009579	06.027
16.99	17.00	0.009596	06.126
16.99	17.00	0.009613	06.227
16.99	17.00	0.009629	06.326
16.99	17.00	0.009646	06.427
16.99	17.00	0.009663	06.526
16.99	17.00	0.009679	06.626
16.99	17.00	0.009696	06.727
16.99	17.00	0.009713	06.827
16.99	17.00	0.009729	06.928
16.99	17.00	0.009746	07.027
17.01	17.00	0.009763	07.128
17.01	17.00	0.009779	07.227
17.01	17.00	0.009796	07.327
17.01	17.00	0.009813	07.427
17.01	17.00	0.009829	07.527
17.01	17.00	0.009846	07.628
17.01	17.00	0.009863	07.727
17.01	17.00	0.009879	07.828
17.01	17.00	0.009896	07.927
17.01	17.00	0.009913	08.028
17.01	17.00	0.009929	08.127
17.01	17.00	0.009946	08.227
17.01	17.00	0.009963	08.327
16.99	17.00	0.009979	08.427
16.99	17.00	0.009996	08.528
16.99	17.00	0.010013	08.627
16.99	17.00	0.010029	08.728
16.99	17.00	0.010046	08.827
16.99	17.00	0.010063	08.927
16.99	17.00	0.010079	09.051
16.99	17.00	0.010096	09.151
16.99	17.00	0.010113	09.255
16.99	17.00	0.010129	09.350
16.99	17.00	0.010146	09.450
16.99	17.00	0.010163	09.555
16.99	17.00	0.010179	09.649
17.01	17.00	0.010196	09.748
17.01	17.00	0.010213	09.853
17.01	17.00	0.010229	09.947
17.01	17.00	0.010246	10.047
17.01	17.00	0.010263	10.152
17.01	17.00	0.010279	10.247
17.01	17.00	0.010296	10.347
17.01	17.00	0.010313	10.451
17.01	17.00	0.010329	10.546
16.99	17.00	0.010346	10.645
16.99	17.00	0.010363	10.750
16.99	17.00	0.010379	10.844
16.99	17.00	0.010396	10.944
16.99	17.00	0.010412	11.049
16.99	17.00	0.010429	11.143
16.99	17.00	0.010446	11.244
16.99	17.00	0.010462	11.347
16.99	17.00	0.010479	11.442
16.99	17.00	0.010496	11.543
16.99	17.00	0.010512	11.646
16.99	17.00	0.010529	11.741
16.99	17.00	0.010546	11.843
16.99	17.00	0.010562	11.945
17.01	17.00	0.010579	12.040
17.01	17.00	0.010596	12.144
17.01	17.00	0.010612	12.244
17.01	17.00	0.010629	12.339
17.01	17.00	0.010646	12.444
17.01	17.00	0.010662	12.543
17.01	17.00	0.010679	12.638
17.01	17.00	0.010696	12.742
17.01	17.00	0.010712	12.842
17.01	17.00	0.010729	12.936
17.01	17.00	0.010746	13.041
17.01	17.00	0.010762	13.140
17.01	17.00	0.010779	13.235
17.01	17.00	0.010796	13.340
17.01	17.00	0.010812	13.439
17.01	17.00	0.010829	13.534
16.99	17.00	0.010846	13.638
16.99	17.00	0.010862	13.733
16.99	17.00	0.010879	13.832
16.99	17.00	0.010896	13.938
16.99	17.00	0.010912	14.033
16.99	17.00	0.010929	14.132
16.99	17.00	0.010946	14.237
16.99	17.00	0.010962	14.331
16.99	17.00	0.010979	14.431
16.99	17.00	0.010996	14.535
16.99	17.00	0.011012	14.630
16.99	17.00	0.011029	14.730
16.99	17.00	0.011046	14.834
16.99	17.00	0.011062	14.931
17.01	17.00	0.011079	15.030
17.01	17.00	0.011096	15.133
17.01	17.00	0.011112	15.230
17.01	17.00	0.011129	15.330
17.01	17.00	0.011146	15.431
17.01	17.00	0.011162	15.530
17.01	17.00	0.011179	15.631
17.01	17.00	0.011196	15.731
17.01	17.00	0.011212	15.831
17.01	17.00	0.011229	15.930
17.01	17.00	0.011245	16.030
17.01	17.00	0.011262	16.130
17.01	17.00	0.011279	16.230
16.99	17.00	0.011295	16.331
16.99	17.00	0.011312	16.430
16.99	17.00	0.011329	16.531
16.99	17.00	0.011345	16.630
16.99	17.00	0.011362	16.730
16.99	17.00	0.011379	16.830
16.99	17.00	0.011395	16.930
16.99	17.00	0.011412	17.031
16.99	17.00	0.011429	17.130
16.99	17.00	0.011445	17.231
16.99	17.00	0.011462	17.330
16.99	17.00	0.011479	17.431
16.99	17.00	0.011495	17.530
16.99	17.00	0.011512	17.630
16.99	17.00	0.011529	17.731
16.99	17.00	0.011545	17.830
16.99	17.00	0.011562	17.931
16.99	17.00	0.011579	18.030
16.99	17.00	0.011595	18.131
17.01	17.00	0.011612	18.230
17.01	17.00	0.011629	18.330
17.01	17.00	0.011645	18.430
17.01	17.00	0.011662	18.530
17.01	17.00	0.011679	18.631
17.01	17.00	0.011695	18.731
17.01	17.00	0.011712	18.830
17.01	17.00	0.011729	18.931
17.01	17.00	0.011745	19.030
17.01	17.00	0.011762	19.130
17.01	17.00	0.011779	19.231
17.01	17.00	0.011795	19.330
17.01	17.00	0.011812	19.431
17.01	17.00	0.011829	19.530
17.01	17.00	0.011845	19.631
17.01	17.00	0.011862	19.730
17.01	17.00	0.011879	19.830
17.01	17.00	0.011895	19.930
17.01	17.00	0.011912	20.030
17.01	17.00	0.011929	20.131
16.99	17.00	0.011945	20.230
16.99	17.00	0.011962	20.331
16.99	17.00	0.011979	20.430
16.99	17.00	0.011995	20.530
16.99	17.00	0.012012	20.630
16.99	17.00	0.012029	20.730
16.99	17.00	0.012045	20.831
16.99	17.00	0.012062	20.930
16.99	17.00	0.012078	21.031
16.99	17.00	0.012095	21.130
16.99	17.00	0.012112	21.231
16.99	17.00	0.012128	21.330
16.99	17.00	0.012145	21.430
16.99	17.00	0.012162	21.558
16.99	17.00	0.012178	21.659
16.99	17.00	0.012195	21.754
16.99	17.00	0.012212	21.858
16.99	17.00	0.012228	21.958
16.99	17.00	0.012245	22.052
17.01	17.00	0.012262	22.157
17.01	17.00	0.012278	22.256
17.01	17.00	0.012295	22.351
17.01	17.00	0.012312	22.455
17.01	17.00	0.012328	22.555
17.01	17.00	0.012345	22.650
17.01	17.00	0.012362	22.754
17.01	17.00	0.012378	22.849
17.01	17.00	0.012395	22.948
17.01	17.00	0.012412	23.054
17.01	17.00	0.012428	23.147
17.01	17.00	0.012445	23.247
16.99	17.00	0.012462	23.353
16.99	17.00	0.012478	23.446
16.99	17.00	0.012495	23.547
16.99	17.00	0.012512	23.651
16.99	17.00	0.012528	23.746
16.99	17.00	0.012545	23.845
16.99	17.00	0.012562	23.950
16.99	17.00	0.012578	24.045
16.99	17.00	0.012595	24.144
16.99	17.00	0.012612	24.249
16.99	17.00	0.012628	24.343
16.99	17.00	0.012645	24.443
16.99	17.00	0.012662	24.547
16.99	17.00	0.012678	24.642
17.01	17.00	0.012695	24.741
17.01	17.00	0.012712	24.846
17.01	17.00	0.012728	24.941
17.01	17.00	0.012745	25.041
17.01	17.00	0.012762	25.146
17.01	17.00	0.012778	25.240
17.01	17.00	0.012795	25.340
17.01	17.00	0.012812	25.444
17.01	17.00	0.012828	25.539
17.01	17.00	0.012845	25.639
17.01	17.00	0.012862	25.743
17.01	17.00	0.012878	25.838
17.01	17.00	0.012895	25.938
16.99	17.00	0.012911	26.042
16.99	17.00	0.012928	26.136
16.99	17.00	0.012945	26.239
16.99	17.00	0.012961	26.340
16.99	17.00	0.012978	26.435
16.99	17.00	0.012995	26.539
16.99	17.00	0.013011	26.639
16.99	17.00	0.013028	26.734
16.99	17.00	0.013045	26.838
16.99	17.00	0.013061	26.938
16.99	17.00	0.013078	27.033
16.99	17.00	0.013095	27.138
16.99	17.00	0.013111	27.238
16.99	17.00	0.013128	27.332
16.99	17.00	0.013145	27.437
17.01	17.00	0.013161	27.536
17.01	17.00	0.013178	27.631
17.01	17.00	0.013195	27.735
17.01	17.00	0.013211	27.835
17.01	17.00	0.013228	27.931
17.01	17.00	0.013245	28.034
17.01	17.00	0.013261	28.134
17.01	17.00	0.013278	28.230
17.01	17.00	0.013295	28.334
17.01	17.00	0.013311	28.433
17.01	17.00	0.013328	28.530
17.01	17.00	0.013345	28.632
17.01	17.00	0.013361	28.733
16.99	17.00	0.013378	28.831
16.99	17.00	0.013395	28.931
16.99	17.00	0.013411	29.033
16.99	17.00	0.013428	29.130
16.99	17.00	0.013445	29.230
16.99	17.00	0.013461	29.333
16.99	17.00	0.013478	29.430
16.99	17.00	0.013495	29.531
16.99	17.00	0.013511	29.633
16.99	17.00	0.013528	29.731
16.99	17.00	0.013545	29.830
16.99	17.00	0.013561	29.933
16.99	17.00	0.013578	30.030
16.99	17.00	0.013595	30.130
16.99	17.00	0.013611	30.232
16.99	17.00	0.013628	30.330
16.99	17.00	0.013645	30.431
17.01	17.00	0.013661	30.532
17.01	17.00	0.013678	30.631
17.01	17.00	0.013695	30.730
17.01	17.00	0.013711	30.833
17.01	17.00	0.013728	30.930
17.01	17.00	0.013744	31.030
17.01	17.00	0.013761	31.133
17.01	17.00	0.013778	31.230
17.01	17.00	0.013794	31.331
17.01	17.00	0.013811	31.432
17.01	17.00	0.013828	31.531
17.01	17.00	0.013844	31.630
16.99	17.00	0.013861	31.732
16.99	17.00	0.013878	31.830
16.99	17.00	0.013894	31.930
16.99	17.00	0.013911	32.032
16.99	17.00	0.013928	32.130
16.99	17.00	0.013944	32.231
16.99	17.00	0.013961	32.332
16.99	17.00	0.013978	32.430
16.99	17.00	0.013994	32.530
16.99	17.00	0.014011	32.632
16.99	17.00	0.014028	32.731
16.99	17.00	0.014044	32.830
16.99	17.00	0.014061	32.932
16.99	17.00	0.014078	33.030
16.99	17.00	0.014094	33.130
16.99	17.00	0.014111	33.231
17.01	17.00	0.014128	33.330
17.01	17.00	0.014144	33.431
17.01	17.00	0.014161	33.531
17.01	17.00	0.014178	33.631
17.01	17.00	0.014194	33.730
17.01	17.00	0.014211	33.832
17.01	17.00	0.014228	33.930
17.01	17.00	0.014244	34.030
17.01	17.00	0.014261	34.132
17.01	17.00	0.014278	34.230
17.01	17.00	0.014294	34.331
17.01	17.00	0.014311	34.431
17.01	17.00	0.014328	34.560
17.01	17.00	0.014344	34.654
17.01	17.00	0.014361	34.731
16.99	17.00	0.014378	34.858
16.99	17.00	0.014394	34.953
16.99	17.00	0.014411	35.031
16.99	17.00	0.014428	35.158
16.99	17.00	0.014444	35.253
16.99	17.00	0.014461	35.330
16.99	17.00	0.014478	35.457
16.99	17.00	0.014494	35.551
16.99	17.00	0.014511	35.631
16.99	17.00	0.014528	35.755
16.99	17.00	0.014544	35.850
16.99	17.00	0.014561	35.955
16.99	17.00	0.014577	36.054
17.01	17.00	0.014594	36.149
17.01	17.00	0.014611	36.253
17.01	17.00	0.014627	36.353
17.01	17.00	0.014644	36.447
17.01	17.00	0.014661	36.552
17.01	17.00	0.014677	36.652
17.01	17.00	0.014694	36.747
17.01	17.00	0.014711	36.852
17.01	17.00	0.014727	36.951
17.01	17.00	0.014744	37.046
17.01	17.00	0.014761	37.150
17.01	17.00	0.014777	37.245
16.99	17.00	0.014794	37.344
16.99	17.00	0.014811	37.449
16.99	17.00	0.014827	37.544
16.99	17.00	0.014844	37.643
16.99	17.00	0.014861	37.748
16.99	17.00	0.014877	37.842
16.99	17.00	0.014894	37.942
16.99	17.00	0.014911	38.047
16.99	17.00	0.014927	38.141
16.99	17.00	0.014944	38.241
16.99	17.00	0.014961	38.346
16.99	17.00	0.014977	38.440
16.99	17.00	0.014994	38.540
16.99	17.00	0.015011	38.644
17.01	17.00	0.015027	38.739
17.01	17.00	0.015044	38.838
17.01	17.00	0.015061	38.943
17.01	17.00	0.015077	39.038
17.01	17.00	0.015094	39.137
17.01	17.00	0.015111	39.243
17.01	17.00	0.015127	39.337
17.01	17.00	0.015144	39.437
17.01	17.00	0.015161	39.541
17.01	17.00	0.015177	39.636
17.01	17.00	0.015194	39.735
17.01	17.00	0.015211	39.840
17.01	17.00	0.015227	39.935
16.99	17.00	0.015244	40.034
16.99	17.00	0.015261	40.139
16.99	17.00	0.015277	40.233
16.99	17.00	0.015294	40.334
16.99	17.00	0.015311	40.437
16.99	17.00	0.015327	40.532
16.99	17.00	0.015344	40.634
16.99	17.00	0.015361	40.736
16.99	17.00	0.015377	40.831
16.99	17.00	0.015394	40.933
16.99	17.00	0.015410	41.035
16.99	17.00	0.015427	41.130
16.99	17.00	0.015444	41.233
16.99	17.00	0.015460	41.335
17.01	17.00	0.015477	41.430
17.01	17.00	0.015494	41.533
17.01	17.00	0.015510	41.633
17.01	17.00	0.015527	41.731
17.01	17.00	0.015544	41.832
17.01	17.00	0.015560	41.932
17.01	17.00	0.015577	42.030
17.01	17.00	0.015594	42.131
17.01	17.00	0.015610	42.231
17.01	17.00	0.015627	42.330
17.01	17.00	0.015644	42.431
17.01	17.00	0.015660	42.530
17.01	17.00	0.015677	42.630
17.01	17.00	0.015694	42.730
16.99	17.00	0.015710	42.830
16.99	17.00	0.015727	42.931
16.99	17.00	0.015744	43.030
16.99	17.00	0.015760	43.131
16.99	17.00	0.015777	43.230
16.99	17.00	0.015794	43.331
16.99	17.00	0.015810	43.430
16.99	17.00	0.015827	43.530
16.99	17.00	0.015844	43.630
16.99	17.00	0.015860	43.730
16.99	17.00	0.015877	43.831
16.99	17.00	0.015894	43.930
16.99	17.00	0.015910	44.031
16.99	17.00	0.015927	44.130
16.99	17.00	0.015944	44.230
16.99	17.00	0.015960	44.330
16.99	17.00	0.015977	44.430
16.99	17.00	0.015994	44.531
17.01	17.00	0.016010	44.630
17.01	17.00	0.016027	44.731
17.01	17.00	0.016044	44.830
17.01	17.00	0.016060	44.930
17.01	17.00	0.016077	45.030
17.01	17.00	0.016094	45.130
17.01	17.00	0.016110	45.230
17.01	17.00	0.016127	45.331
17.01	17.00	0.016144	45.430
17.01	17.00	0.016160	45.531
17.01	17.00	0.016177	45.630
17.01	17.00	0.016194	45.730
17.01	17.00	0.016210	45.830
17.01	17.00	0.016227	45.930
17.01	17.00	0.016244	46.032
16.99	17.00	0.016260	46.131
16.99	17.00	0.016277	46.232
16.99	17.00	0.016293	46.331
16.99	17.00	0.016310	46.432
16.99	17.00	0.016327	46.531
16.99	17.00	0.016343	46.631
16.99	17.00	0.016360	46.731
16.99	17.00	0.016377	46.831
16.99	17.00	0.016393	46.932
16.99	17.00	0.016410	47.031
16.99	17.00	0.016427	47.132
16.99	17.00	0.016443	47.231
16.99	17.00	0.016460	47.331
16.99	17.00	0.016477	47.431
16.99	17.00	0.016493	47.531
17.01	17.00	0.016510	47.655
17.01	17.00	0.016527	47.760
17.01	17.00	0.016543	47.855
17.01	17.00	0.016560	47.954
17.01	17.00	0.016577	48.059
17.01	17.00	0.016593	48.153
17.01	17.00	0.016610	48.253
17.01	17.00	0.016627	48.358
17.01	17.00	0.016643	48.452
17.01	17.00	0.016660	48.553
17.01	17.00	0.016677	48.657
17.01	17.00	0.016693	48.752
17.01	17.00	0.016710	48.851
16.99	17.00	0.016727	48.956
16.99	17.00	0.016743	49.050
16.99	17.00	0.016760	49.150
16.99	17.00	0.016777	49.254
16.99	17.00	0.016793	49.349
16.99	17.00	0.016810	49.451
16.99	17.00	0.016827	49.553
16.99	17.00	0.016843	49.648
16.99	17.00	0.016860	49.750
16.99	17.00	0.016877	49.852
16.99	17.00	0.016893	49.946
16.99	17.00	0.016910	50.050
16.99	17.00	0.016927	50.151
16.99	17.00	0.016943	50.245
16.99	17.00	0.016960	50.350
17.01	17.00	0.016977	50.450
17.01	17.00	0.016993	50.545
17.01	17.00	0.017010	50.649
17.01	17.00	0.017027	50.749
17.01	17.00	0.017043	50.844
17.01	17.00	0.017060	50.948
17.01	17.00	0.017077	51.048
17.01	17.00	0.017093	51.142
17.01	17.00	0.017110	51.247
17.01	17.00	0.017126	51.346
17.01	17.00	0.017143	51.441
17.01	17.00	0.017160	51.545
17.01	17.00	0.017176	51.645
17.01	17.00	0.017193	51.740
17.01	17.00	0.017210	51.844
16.99	17.00	0.017226	51.939
16.99	17.00	0.017243	52.038
16.99	17.00	0.017260	52.144
16.99	17.00	0.017276	52.238
16.99	17.00	0.017293	52.338
16.99	17.00	0.017310	52.443
16.99	17.00	0.017326	52.537
16.99	17.00	0.017343	52.637
16.99	17.00	0.017360	52.741
16.99	17.00	0.017376	52.836
16.99	17.00	0.017393	52.935
16.99	17.00	0.017410	53.040
16.99	17.00	0.017426	53.134
17.01	17.00	0.017443	53.234
17.01	17.00	0.017460	53.339
17.01	17.00	0.017476	53.433
17.01	17.00	0.017493	53.533
17.01	17.00	0.017510	53.637
17.01	17.00	0.017526	53.733
17.01	17.00	0.017543	53.832
17.01	17.00	0.017560	53.937
17.01	17.00	0.017576	54.032
17.01	17.00	0.017593	54.131
17.01	17.00	0.017610	54.236
17.01	17.00	0.017626	54.331
17.01	17.00	0.017643	54.432
16.99	17.00	0.017660	54.534
16.99	17.00	0.017676	54.631
16.99	17.00	0.017693	54.731
16.99	17.00	0.017710	54.833
16.99	17.00	0.017726	54.932
16.99	17.00	0.017743	55.031
16.99	17.00	0.017760	55.132
16.99	17.00	0.017776	55.231
16.99	17.00	0.017793	55.331
16.99	17.00	0.017810	55.431
16.99	17.00	0.017826	55.531
16.99	17.00	0.017843	55.632
16.99	17.00	0.017860	55.731
16.99	17.00	0.017876	55.832
16.99	17.00	0.017893	55.931
16.99	17.00	0.017910	56.032
16.99	17.00	0.017926	56.131
17.01	17.00	0.017943	56.231
17.01	17.00	0.017959	56.331
17.01	17.00	0.017976	56.431
17.01	17.00	0.017993	56.532
17.01	17.00	0.018009	56.631
17.01	17.00	0.018026	56.732
17.01	17.00	0.018043	56.831
17.01	17.00	0.018059	56.931
17.01	17.00	0.018076	57.031
17.01	17.00	0.018093	57.131
17.01	17.00	0.018109	57.232
16.99	17.00	0.018126	57.331
16.99	17.00	0.018143	57.432
16.99	17.00	0.018159	57.531
16.99	17.00	0.018176	57.632
16.99	17.00	0.018193	57.731
16.99	17.00	0.018209	57.831
16.99	17.00	0.018226	57.931
16.99	17.00	0.018243	58.031
16.99	17.00	0.018259	58.132
16.99	17.00	0.018276	58.231
16.99	17.00	0.018293	58.332
16.99	17.00	0.018309	58.431
16.99	17.00	0.018326	58.531
16.99	17.00	0.018343	58.631
17.01	17.00	0.018359	58.731
17.01	17.00	0.018376	58.832
17.01	17.00	0.018393	58.931
17.01	17.00	0.018409	59.032
17.01	17.00	0.018426	59.131
17.01	17.00	0.018443	59.231
17.01	17.00	0.018459	59.331
17.01	17.00	0.018476	59.431
17.01	17.00	0.018493	59.532
17.01	17.00	0.018509	59.631
17.01	17.00	0.018526	59.732
17.01	17.00	0.018543	59.831
17.01	17.00	0.018559	59.932
17.01	17.00	0.018576	00.031
17.01	17.00	0.018593	00.131
16.99	17.00	0.018609	00.232
16.99	17.00	0.018626	00.331
16.99	17.00	0.018643	00.432
16.99	17.00	0.018659	00.531
16.99	17.00	0.018676	00.632
16.99	17.00	0.018693	00.731
16.99	17.00	0.018709	00.831
16.99	17.00	0.018726	00.960
16.99	17.00	0.018743	01.055
16.99	17.00	0.018759	01.155
16.99	17.00	0.018776	01.259
16.99	17.00	0.018792	01.354
17.01	17.00	0.018809	01.453
17.01	17.00	0.018826	01.558
17.01	17.00	0.018842	01.652
17.01	17.00	0.018859	01.752
17.01	17.00	0.018876	01.857
17.01	17.00	0.018892	01.952
17.01	17.00	0.018909	02.052
17.01	17.00	0.018926	02.156
17.01	17.00	0.018942	02.251
17.01	17.00	0.018959	02.350
17.01	17.00	0.018976	02.455
17.01	17.00	0.018992	02.549
17.01	17.00	0.019009	02.649
17.01	17.00	0.019026	02.754
17.01	17.00	0.019042	02.848
16.99	17.00	0.019059	02.948
16.99	17.00	0.019076	03.052
16.99	17.00	0.019092	03.147
16.99	17.00	0.019109	03.246
16.99	17.00	0.019126	03.351
16.99	17.00	0.019142	03.445
16.99	17.00	0.019159	03.545
16.99	17.00	0.019176	03.650
16.99	17.00	0.019192	03.744
16.99	17.00	0.019209	03.845
16.99	17.00	0.019226	03.949
16.99	17.00	0.019242	04.044
16.99	17.00	0.019259	04.144
16.99	17.00	0.019276	04.248
16.99	17.00	0.019292	04.343
17.01	17.00	0.019309	04.445
17.01	17.00	0.019326	04.547
17.01	17.00	0.019342	04.641
17.01	17.00	0.019359	04.745
17.01	17.00	0.019376	04.845
17.01	17.00	0.019392	04.940
17.01	17.00	0.019409	05.044
17.01	17.00	0.019426	05.144
17.01	17.00	0.019442	05.239
17.01	17.00	0.019459	05.344
17.01	17.00	0.019476	05.443
17.01	17.00	0.019492	05.537
17.01	17.00	0.019509	05.643
16.99	17.00	0.019526	05.742
16.99	17.00	0.019542	05.837
16.99	17.00	0.019559	05.942
16.99	17.00	0.019576	06.041
16.99	17.00	0.019592	06.136
16.99	17.00	0.019609	06.240
16.99	17.00	0.019625	06.340
16.99	17.00	0.019642	06.434
16.99	17.00	0.019659	06.539
16.99	17.00	0.019675	06.634
16.99	17.00	0.019692	06.733
16.99	17.00	0.019709	06.838
16.99	17.00	0.019725	06.932
16.99	17.00	0.019742	07.032
16.99	17.00	0.019759	07.136
16.99	17.00	0.019775	07.231
17.01	17.00	0.019792	07.331
17.01	17.00	0.019809	07.436
17.01	17.00	0.019825	07.532
17.01	17.00	0.019842	07.631
17.01	17.00	0.019859	07.735
17.01	17.00	0.019875	07.831
17.01	17.00	0.019892	07.931
17.01	17.00	0.019909	08.034
17.01	17.00	0.019925	08.131
17.01	17.00	0.019942	08.233
17.01	17.00	0.019959	08.332
17.01	17.00	0.019975	08.432
16.99	17.00	0.019992	08.532
16.99	17.00	0.020009	08.632
16.99	17.00	0.020025	08.733
16.99	17.00	0.020042	08.832
16.99	17.00	0.020059	08.933
16.99	17.00	0.020075	09.032
16.99	17.00	0.020092	09.133
16.99	17.00	0.020109	09.232
16.99	17.00	0.020125	09.332
16.99	17.00	0.020142	09.432
16.99	17.00	0.020159	09.532
16.99	17.00	0.020175	09.633
16.99	17.00	0.020192	09.732
16.99	17.00	0.020209	09.833
17.01	17.00	0.020225	09.932
17.01	17.00	0.020242	10.032
17.01	17.00	0.020259	10.132
17.01	17.00	0.020275	10.232
17.01	17.00	0.020292	10.333
17.01	17.00	0.020309	10.432
17.01	17.00	0.020325	10.533
17.01	17.00	0.020342	10.633
17.01	17.00	0.020359	10.732
17.01	17.00	0.020375	10.832
17.01	17.00	0.020392	10.932
17.01	17.00	0.020409	11.032
17.01	17.00	0.020425	11.133
17.01	17.00	0.020442	11.232
17.01	17.00	0.020458	11.333
17.01	17.00	0.020475	11.432
16.99	17.00	0.020492	11.533
16.99	17.00	0.020508	11.632
16.99	17.00	0.020525	11.732
16.99	17.00	0.020542	11.832
16.99	17.00	0.020558	11.932
16.99	17.00	0.020575	12.033
16.99	17.00	0.020592	12.132
16.99	17.00	0.020608	12.233
16.99	17.00	0.020625	12.332
16.99	17.00	0.020642	12.432
16.99	17.00	0.020658	12.532
16.99	17.00	0.020675	12.632
16.99	17.00	0.020692	12.732
16.99	17.00	0.020708	12.831
16.99	17.00	0.020725	12.938
16.99	17.00	0.020742	13.032
17.01	17.00	0.020758	13.133
17.01	17.00	0.020775	13.232
17.01	17.00	0.020792	13.332
17.01	17.00	0.020808	13.432
17.01	17.00	0.020825	13.532
17.01	17.00	0.020842	13.633
17.01	17.00	0.020858	13.732
17.01	17.00	0.020875	13.862
17.01	17.00	0.020892	13.931
17.01	17.00	0.020908	14.031
16.99	17.00	0.020925	14.160
16.99	17.00	0.020942	14.260
16.99	17.00	0.020958	14.354
16.99	17.00	0.020975	14.459
16.99	17.00	0.020992	14.559
16.99	17.00	0.021008	14.653
16.99	17.00	0.021025	14.758
16.99	17.00	0.021042	14.857
16.99	17.00	0.021058	14.952
16.99	17.00	0.021075	15.057
16.99	17.00	0.021092	15.157
16.99	17.00	0.021108	15.252
17.01	17.00	0.021125	15.356
17.01	17.00	0.021142	15.451
17.01	17.00	0.021158	15.550
17.01	17.00	0.021175	15.655
17.01	17.00	0.021192	15.749
17.01	17.00	0.021208	15.849
17.01	17.00	0.021225	15.953
17.01	17.00	0.021242	16.048
17.01	17.00	0.021258	16.148
17.01	17.00	0.021275	16.253
17.01	17.00	0.021291	16.347
17.01	17.00	0.021308	16.447
17.01	17.00	0.021325	16.551
17.01	17.00	0.021341	16.646
17.01	17.00	0.021358	16.746
16.99	17.00	0.021375	16.850
16.99	17.00	0.021391	16.945
16.99	17.00	0.021408	17.044
16.99	17.00	0.021425	17.149
16.99	17.00	0.021441	17.243
16.99	17.00	0.021458	17.343
16.99	17.00	0.021475	17.447
16.99	17.00	0.021491	17.542
16.99	17.00	0.021508	17.643
16.99	17.00	0.021525	17.747
16.99	17.00	0.021541	17.841
16.99	17.00	0.021558	17.941
16.99	17.00	0.021575	18.045
17.01	17.00	0.021591	18.140
17.01	17.00	0.021608	18.240
17.01	17.00	0.021625	18.345
17.01	17.00	0.021641	18.440
17.01	17.00	0.021658	18.540
17.01	17.00	0.021675	18.644
17.01	17.00	0.021691	18.738
17.01	17.00	0.021708	18.840
17.01	17.00	0.021725	18.942
17.01	17.00	0.021741	19.037
17.01	17.00	0.021758	19.140
17.01	17.00	0.021775	19.241
17.01	17.00	0.021791	19.336
17.01	17.00	0.021808	19.439
17.01	17.00	0.021825	19.540
16.99	17.00	0.021841	19.634
16.99	17.00	0.021858	19.739
16.99	17.00	0.021875	19.839
16.99	17.00	0.021891	19.933
16.99	17.00	0.021908	20.038
16.99	17.00	0.021925	20.137
16.99	17.00	0.021941	20.233
16.99	17.00	0.021958	20.336
16.99	17.00	0.021975	20.437
16.99	17.00	0.021991	20.533
16.99	17.00	0.022008	20.636
16.99	17.00	0.022025	20.736
16.99	17.00	0.022041	20.832
16.99	17.00	0.022058	20.935
16.99	17.00	0.022075	21.035
16.99	17.00	0.022091	21.132
16.99	17.00	0.022108	21.233
17.01	17.00	0.022124	21.335
17.01	17.00	0.022141	21.433
17.01	17.00	0.022158	21.532
17.01	17.00	0.022174	21.635
17.01	17.00	0.022191	21.732
17.01	17.00	0.022208	21.832
17.01	17.00	0.022224	21.935
17.01	17.00	0.022241	22.032
17.01	17.00	0.022258	22.132
17.01	17.00	0.022274	22.235
17.01	17.00	0.022291	22.332
17.01	17.00	0.022308	22.433
17.01	17.00	0.022324	22.534
17.01	17.00	0.022341	22.633
17.01	17.00	0.022358	22.732
16.99	17.00	0.022374	22.834
16.99	17.00	0.022391	22.932
16.99	17.00	0.022408	23.032
16.99	17.00	0.022424	23.134
16.99	17.00	0.022441	23.233
16.99	17.00	0.022458	23.332
16.99	17.00	0.022474	23.434
16.99	17.00	0.022491	23.532
16.99	17.00	0.022508	23.632
16.99	17.00	0.022524	23.734
16.99	17.00	0.022541	23.833
16.99	17.00	0.022558	23.932
16.99	17.00	0.022574	24.034
16.99	17.00	0.022591	24.132
16.99	17.00	0.022608	24.232
17.01	17.00	0.022624	24.333
17.01	17.00	0.022641	24.432
17.01	17.00	0.022658	24.533
17.01	17.00	0.022674	24.634
17.01	17.00	0.022691	24.733
17.01	17.00	0.022708	24.832
17.01	17.00	0.022724	24.934
17.01	17.00	0.022741	25.032
17.01	17.00	0.022758	25.132
17.01	17.00	0.022774	25.234
17.01	17.00	0.022791	25.332
17.01	17.00	0.022808	25.433
17.01	17.00	0.022824	25.533
17.01	17.00	0.022841	25.632
17.01	17.00	0.022858	25.732
16.99	17.00	0.022874	25.833
16.99	17.00	0.022891	25.933
16.99	17.00	0.022908	26.032
16.99	17.00	0.022924	26.134
16.99	17.00	0.022941	26.232
16.99	17.00	0.022957	26.333
16.99	17.00	0.022974	26.433
16.99	17.00	0.022991	26.532
16.99	17.00	0.023007	26.632
16.99	17.00	0.023024	26.733
16.99	17.00	0.023041	26.833
16.99	17.00	0.023057	26.932
16.99	17.00	0.023074	27.033
16.99	17.00	0.023091	27.131
16.99	17.00	0.023107	27.256
16.99	17.00	0.023124	27.332
17.01	17.00	0.023141	27.460
17.01	17.00	0.023157	27.555
17.01	17.00	0.023174	27.633
17.01	17.00	0.023191	27.760
17.01	17.00	0.023207	27.854
17.01	17.00	0.023224	27.958
17.01	17.00	0.023241	28.058
17.01	17.00	0.023257	28.153
17.01	17.00	0.023274	28.257
17.01	17.00	0.023291	28.357
17.01	17.00	0.023307	28.451
17.01	17.00	0.023324	28.556
16.99	17.00	0.023341	28.656
16.99	17.00	0.023357	28.750
16.99	17.00	0.023374	28.855
16.99	17.00	0.023391	28.954
16.99	17.00	0.023407	29.049
16.99	17.00	0.023424	29.153
16.99	17.00	0.023441	29.253
16.99	17.00	0.023457	29.348
16.99	17.00	0.023474	29.453
16.99	17.00	0.023491	29.553
16.99	17.00	0.023507	29.647
16.99	17.00	0.023524	29.752
16.99	17.00	0.023541	29.846
16.99	17.00	0.023557	29.946
16.99	17.00	0.023574	30.050
17.01	17.00	0.023591	30.145
17.01	17.00	0.023607	30.245
17.01	17.00	0.023624	30.349
17.01	17.00	0.023641	30.444
17.01	17.00	0.023657	30.543
17.01	17.00	0.023674	30.648
17.01	17.00	0.023691	30.742
17.01	17.00	0.023707	30.842
17.01	17.00	0.023724	30.948
17.01	17.00	0.023741	31.042
17.01	17.00	0.023757	31.141
17.01	17.00	0.023774	31.246
17.01	17.00	0.023790	31.340
16.99	17.00	0.023807	31.440
16.99	17.00	0.023824	31.544
16.99	17.00	0.023840	31.639
16.99	17.00	0.023857	31.739
16.99	17.00	0.023874	31.843
16.99	17.00	0.023890	31.938
16.99	17.00	0.023907	32.038
16.99	17.00	0.023924	32.142
16.99	17.00	0.023940	32.237
16.99	17.00	0.023957	32.337
16.99	17.00	0.023974	32.441
16.99	17.00	0.023990	32.536
17.01	17.00	0.024007	32.635
17.01	17.00	0.024024	32.740
17.01	17.00	0.024040	32.835
17.01	17.00	0.024057	32.936
17.01	17.00	0.024074	33.040
17.01	17.00	0.024090	33.134
17.01	17.00	0.024107	33.236
17.01	17.00	0.024124	33.338
17.01	17.00	0.024140	33.435
17.01	17.00	0.024157	33.535
17.01	17.00	0.024174	33.637
17.01	17.00	0.024190	33.734
17.01	17.00	0.024207	33.835
17.01	17.00	0.024224	33.936
17.01	17.00	0.024240	34.035
17.01	17.00	0.024257	34.136
16.99	17.00	0.024274	34.235
16.99	17.00	0.024290	34.335
16.99	17.00	0.024307	34.435
16.99	17.00	0.024324	34.535
16.99	17.00	0.024340	34.636
16.99	17.00	0.024357	34.735
16.99	17.00	0.024374	34.836
16.99	17.00	0.024390	34.935
16.99	17.00	0.024407	35.036
16.99	17.00	0.024424	35.135
16.99	17.00	0.024440	35.235
16.99	17.00	0.024457	35.336
16.99	17.00	0.024474	35.435
16.99	17.00	0.024490	35.536
16.99	17.00	0.024507	35.635
16.99	17.00	0.024524	35.736
16.99	17.00	0.024540	35.835
16.99	17.00	0.024557	35.935
16.99	17.00	0.024574	36.035
17.01	17.00	0.024590	36.135
17.01	17.00	0.024607	36.236
17.01	17.00	0.024623	36.335
17.01	17.00	0.024640	36.436
17.01	17.00	0.024657	36.535
17.01	17.00	0.024673	36.636
17.01	17.00	0.024690	36.735
17.01	17.00	0.024707	36.835
17.01	17.00	0.024723	36.936
17.01	17.00	0.024740	37.035
17.01	17.00	0.024757	37.136
17.01	17.00	0.024773	37.235
17.01	17.00	0.024790	37.336
17.01	17.00	0.024807	37.435
17.01	17.00	0.024823	37.535
16.99	17.00	0.024840	37.635
16.99	17.00	0.024857	37.735
16.99	17.00	0.024873	37.836
16.99	17.00	0.024890	37.935
16.99	17.00	0.024907	38.036
16.99	17.00	0.024923	38.135
16.99	17.00	0.024940	38.235
16.99	17.00	0.024957	38.335
16.99	17.00	0.024973	38.435
16.99	17.00	0.024990	38.535
16.99	17.00	0.025007	38.635
16.99	17.00	0.025023	38.736
16.99	17.00	0.025040	38.835
16.99	17.00	0.025057	38.936
16.99	17.00	0.025073	39.035
17.01	17.00	0.025090	39.135
17.01	17.00	0.025107	39.235
17.01	17.00	0.025123	39.335
17.01	17.00	0.025140	39.436
17.01	17.00	0.025157	39.535
17.01	17.00	0.025173	39.660
17.01	17.00	0.025190	39.764
17.01	17.00	0.025207	39.859
17.01	17.00	0.025223	39.958
17.01	17.00	0.025240	40.062
17.01	17.00	0.025257	40.157
17.01	17.00	0.025273	40.256
17.01	17.00	0.025290	40.362
17.01	17.00	0.025307	40.457
16.99	17.00	0.025323	40.556
16.99	17.00	0.025340	40.661
16.99	17.00	0.025357	40.755
16.99	17.00	0.025373	40.855
16.99	17.00	0.025390	40.959
16.99	17.00	0.025407	41.054
16.99	17.00	0.025423	41.154
16.99	17.00	0.025440	41.258
16.99	17.00	0.025456	41.353
16.99	17.00	0.025473	41.452
16.99	17.00	0.025490	41.557
16.99	17.00	0.025506	41.651
16.99	17.00	0.025523	41.752
16.99	17.00	0.025540	41.855
16.99	17.00	0.025556	41.950
17.01	17.00	0.025573	42.052
17.01	17.00	0.025590	42.155
17.01	17.00	0.025606	42.249
17.01	17.00	0.025623	42.353
17.01	17.00	0.025640	42.453
17.01	17.00	0.025656	42.548
17.01	17.00	0.025673	42.653
17.01	17.00	0.025690	42.752
17.01	17.00	0.025706	42.847
17.01	17.00	0.025723	42.952
17.01	17.00	0.025740	43.052
16.99	17.00	0.025756	43.146
16.99	17.00	0.025773	43.251
16.99	17.00	0.025790	43.350
16.99	17.00	0.025806	43.445
16.99	17.00	0.025823	43.550
16.99	17.00	0.025840	43.649
16.99	17.00	0.025856	43.744
16.99	17.00	0.025873	43.848
16.99	17.00	0.025890	43.948
16.99	17.00	0.025906	44.042
16.99	17.00	0.025923	44.148
16.99	17.00	0.025940	44.242
16.99	17.00	0.025956	44.341
16.99	17.00	0.025973	44.446
16.99	17.00	0.025990	44.540
16.99	17.00	0.026006	44.640
17.01	17.00	0.026023	44.745
17.01	17.00	0.026040	44.840
17.01	17.00	0.026056	44.939
17.01	17.00	0.026073	45.044
17.01	17.00	0.026090	45.138
17.01	17.00	0.026106	45.238
17.01	17.00	0.026123	45.342
17.01	17.00	0.026140	45.437
17.01	17.00	0.026156	45.537
17.01	17.00	0.026173	45.642
17.01	17.00	0.026190	45.736
17.01	17.00	0.026206	45.836
17.01	17.00	0.026223	45.941
17.01	17.00	0.026240	46.035
17.01	17.00	0.026256	46.135
16.99	17.00	0.026273	46.239
16.99	17.00	0.026289	46.335
16.99	17.00	0.026306	46.436
16.99	17.00	0.026323	46.538
16.99	17.00	0.026339	46.636
16.99	17.00	0.026356	46.735
16.99	17.00	0.026373	46.837
16.99	17.00	0.026389	46.935
16.99	17.00	0.026406	47.035
16.99	17.00	0.026423	47.136
16.99	17.00	0.026439	47.238
16.99	17.00	0.026456	47.339
16.99	17.00	0.026473	47.438
17.01	17.00	0.026489	47.539
17.01	17.00	0.026506	47.638
17.01	17.00	0.026523	47.738
17.01	17.00	0.026539	47.837
17.01	17.00	0.026556	47.937
17.01	17.00	0.026573	48.038
17.01	17.00	0.026589	48.137
17.01	17.00	0.026606	48.238
17.01	17.00	0.026623	48.337
17.01	17.00	0.026639	48.438
17.01	17.00	0.026656	48.537
17.01	17.00	0.026673	48.637
17.01	17.00	0.026689	48.739
16.99	17.00	0.026706	48.838
16.99	17.00	0.026723	48.939
16.99	17.00	0.026739	49.038
16.99	17.00	0.026756	49.139
16.99	17.00	0.026773	49.238
16.99	17.00	0.026789	49.339
16.99	17.00	0.026806	49.439
16.99	17.00	0.026823	49.539
16.99	17.00	0.026839	49.640
16.99	17.00	0.026856	49.739
16.99	17.00	0.026873	49.840
16.99	17.00	0.026889	49.939
16.99	17.00	0.026906	50.040
16.99	17.00	0.026923	50.139
16.99	17.00	0.026939	50.239
16.99	17.00	0.026956	50.340
16.99	17.00	0.026973	50.439
16.99	17.00	0.026989	50.540
17.01	17.00	0.027006	50.639
17.01	17.00	0.027023	50.740
17.01	17.00	0.027039	50.839
17.01	17.00	0.027056	50.939
17.01	17.00	0.027073	51.039
17.01	17.00	0.027089	51.139
17.01	17.00	0.027106	51.240
17.01	17.00	0.027122	51.339
17.01	17.00	0.027139	51.440
17.01	17.00	0.027156	51.539
17.01	17.00	0.027172	51.639
17.01	17.00	0.027189	51.738
17.01	17.00	0.027206	51.838
17.01	17.00	0.027222	51.962
16.99	17.00	0.027239	52.067
16.99	17.00	0.027256	52.167
16.99	17.00	0.027272	52.262
16.99	17.00	0.027289	52.367
16.99	17.00	0.027306	52.466
16.99	17.00	0.027322	52.561
16.99	17.00	0.027339	52.665
16.99	17.00	0.027356	52.765
16.99	17.00	0.027372	52.859
16.99	17.00	0.027389	52.964
16.99	17.00	0.027406	53.059
16.99	17.00	0.027422	53.158
16.99	17.00	0.027439	53.263
16.99	17.00	0.027456	53.357
17.01	17.00	0.027472	53.457
17.01	17.00	0.027489	53.561
17.01	17.00	0.027506	53.656
17.01	17.00	0.027522	53.756
17.01	17.00	0.027539	53.861
17.01	17.00	0.027556	53.956
17.01	17.00	0.027572	54.055
17.01	17.00	0.027589	54.160
17.01	17.00	0.027606	54.254
17.01	17.00	0.027622	54.354
17.01	17.00	0.027639	54.459
17.01	17.00	0.027656	54.553
17.01	17.00	0.027672	54.653
17.01	17.00	0.027689	54.757
17.01	17.00	0.027706	54.852
16.99	17.00	0.027722	54.951
16.99	17.00	0.027739	55.056
16.99	17.00	0.027756	55.150
16.99	17.00	0.027772	55.251
16.99	17.00	0.027789	55.355
16.99	17.00	0.027806	55.450
16.99	17.00	0.027822	55.549
16.99	17.00	0.027839	55.654
16.99	17.00	0.027856	55.748
16.99	17.00	0.027872	55.848
16.99	17.00	0.027889	55.952
16.99	17.00	0.027906	56.047
16.99	17.00	0.027922	56.148
16.99	17.00	0.027939	56.251
17.01	17.00	0.027955	56.346
17.01	17.00	0.027972	56.447
17.01	17.00	0.027989	56.551
17.01	17.00	0.028005	56.645
17.01	17.00	0.028022	56.747
17.01	17.00	0.028039	56.850
17.01	17.00	0.028055	56.944
17.01	17.00	0.028072	57.047
17.01	17.00	0.028089	57.148
17.01	17.00	0.028105	57.243
17.01	17.00	0.028122	57.347
17.01	17.00	0.028139	57.447
17.01	17.00	0.028155	57.542
17.01	17.00	0.028172	57.646
17.01	17.00	0.028189	57.746
17.01	17.00	0.028205	57.840
16.99	17.00	0.028222	57.945
16.99	17.00	0.028239	58.044
16.99	17.00	0.028255	58.140
16.99	17.00	0.028272	58.243
16.99	17.00	0.028289	58.343
16.99	17.00	0.028305	58.442
16.99	17.00	0.028322	58.543
16.99	17.00	0.028339	58.643
16.99	17.00	0.028355	58.741
16.99	17.00	0.028372	58.842
16.99	17.00	0.028389	58.942
16.99	17.00	0.028405	59.041
16.99	17.00	0.028422	59.142
16.99	17.00	0.028439	59.242
17.01	17.00	0.028455	59.342
17.01	17.00	0.028472	59.441
17.01	17.00	0.028489	59.542
17.01	17.00	0.028505	59.641
17.01	17.00	0.028522	59.741
17.01	17.00	0.028539	59.841
17.01	17.00	0.028555	59.941
17.01	17.00	0.028572	00.042
17.01	17.00	0.028589	00.141
17.01	17.00	0.028605	00.242
17.01	17.00	0.028622	00.341
16.99	17.00	0.028639	00.442
16.99	17.00	0.028655	00.541
16.99	17.00	0.028672	00.641
16.99	17.00	0.028689	00.742
16.99	17.00	0.028705	00.841
16.99	17.00	0.028722	00.942
16.99	17.00	0.028739	01.041
16.99	17.00	0.028755	01.142
16.99	17.00	0.028772	01.241
16.99	17.00	0.028788	01.341
16.99	17.00	0.028805	01.441
16.99	17.00	0.028822	01.541
16.99	17.00	0.028838	01.642
16.99	17.00	0.028855	01.741
16.99	17.00	0.028872	01.842
17.01	17.00	0.028888	01.941
17.01	17.00	0.028905	02.041
17.01	17.00	0.028922	02.141
17.01	17.00	0.028938	02.241
17.01	17.00	0.028955	02.342
17.01	17.00	0.028972	02.441
17.01	17.00	0.028988	02.542
17.01	17.00	0.029005	02.641
17.01	17.00	0.029022	02.742
17.01	17.00	0.029038	02.841
17.01	17.00	0.029055	02.941
17.01	17.00	0.029072	03.041
17.01	17.00	0.029088	03.141
17.01	17.00	0.029105	03.242
16.99	17.00	0.029122	03.341
16.99	17.00	0.029138	03.442
16.99	17.00	0.029155	03.541
16.99	17.00	0.029172	03.641
16.99	17.00	0.029188	03.741
16.99	17.00	0.029205	03.841
16.99	17.00	0.029222	03.942
16.99	17.00	0.029238	04.041
16.99	17.00	0.029255	04.142
16.99	17.00	0.029272	04.241
16.99	17.00	0.029288	04.366
16.99	17.00	0.029305	04.441
17.01	17.00	0.029322	04.541
17.01	17.00	0.029338	04.665
17.01	17.00	0.029355	04.769
17.01	17.00	0.029372	04.864
17.01	17.00	0.029388	04.965
17.01	17.00	0.029405	05.068
17.01	17.00	0.029422	05.163
17.01	17.00	0.029438	05.264
17.01	17.00	0.029455	05.368
17.01	17.00	0.029472	05.462
17.01	17.00	0.029488	05.564
17.01	17.00	0.029505	05.667
16.99	17.00	0.029522	05.761
16.99	17.00	0.029538	05.865
16.99	17.00	0.029555	05.965
16.99	17.00	0.029572	06.060
16.99	17.00	0.029588	06.164
16.99	17.00	0.029605	06.264
16.99	17.00	0.029621	06.359
16.99	17.00	0.029638	06.463
16.99	17.00	0.029655	06.563
16.99	17.00	0.029671	06.657
16.99	17.00	0.029688	06.762
16.99	17.00	0.029705	06.861
16.99	17.00	0.029721	06.956
16.99	17.00	0.029738	07.060
17.01	17.00	0.029755	07.160
17.01	17.00	0.029771	07.256
17.01	17.00	0.029788	07.360
17.01	17.00	0.029805	07.460
17.01	17.00	0.029821	07.554
17.01	17.00	0.029838	07.659
17.01	17.00	0.029855	07.753
17.01	17.00	0.029871	07.853
17.01	17.00	0.029888	07.957
17.01	17.00	0.029905	08.052
17.01	17.00	0.029921	08.152
17.01	17.00	0.029938	08.256
17.01	17.00	0.029955	08.351
17.01	17.00	0.029971	08.450
16.99	17.00	0.029988	08.555
16.99	17.00	0.030005	08.649
16.99	17.00	0.030021	08.749
16.99	17.00	0.030038	08.854
16.99	17.00	0.030055	08.948
16.99	17.00	0.030071	09.048
16.99	17.00	0.030088	09.153
16.99	17.01	0.030105	09.248
16.99	17.01	0.030121	09.347
16.99	17.01	0.030138	09.452
16.99	17.01	0.030155	09.547
16.99	17.01	0.030171	09.646
16.99	17.01	0.030188	09.751
17.01	17.01	0.030205	09.845
17.01	17.01	0.030221	09.945
17.01	17.01	0.030238	10.049
17.01	17.01	0.030255	10.144
17.01	17.01	0.030271	10.243
17.01	17.01	0.030288	10.348
17.01	17.01	0.030305	10.443
17.01	17.02	0.030321	10.542
17.01	17.02	0.030338	10.647
17.01	17.02	0.030355	10.742
17.01	17.02	0.030371	10.843
17.01	17.02	0.030388	10.946
17.01	17.02	0.030405	11.044
17.01	17.02	0.030421	11.143
17.01	17.02	0.030438	11.245
17.01	17.02	0.030454	11.343
17.01	17.02	0.030471	11.444
17.04	17.02	0.030488	11.543
17.04	17.02	0.030504	11.643
17.04	17.02	0.030521	11.743
17.04	17.03	0.030538	11.844
17.04	17.03	0.030554	11.943
17.04	17.03	0.030571	12.044
17.04	17.03	0.030588	12.143
17.04	17.03	0.030604	12.244
17.04	17.03	0.030621	12.343
17.04	17.03	0.030638	12.443
17.04	17.03	0.030654	12.543
17.04	17.03	0.030671	12.643
17.04	17.03	0.030688	12.744
17.04	17.03	0.030704	12.843
17.04	17.03	0.030721	12.946
17.01	17.03	0.030738	13.045
17.01	17.04	0.030754	13.145
17.01	17.04	0.030771	13.245
17.01	17.04	0.030788	13.345
17.01	17.04	0.030804	13.446
17.01	17.04	0.030821	13.545
17.01	17.04	0.030838	13.646
17.01	17.04	0.030854	13.745
17.04	17.04	0.030871	13.846
17.04	17.04	0.030888	13.945
17.04	17.04	0.030904	14.045
17.04	17.04	0.030921	14.145
17.04	17.04	0.030938	14.245
17.04	17.04	0.030954	14.346
17.04	17.05	0.030971	14.445
17.04	17.05	0.030988	14.546
17.04	17.05	0.031004	14.645
17.06	17.05	0.031021	14.746
17.06	17.05	0.031038	14.844
17.06	17.05	0.031054	14.945
17.06	17.05	0.031071	15.046
17.06	17.05	0.031088	15.145
17.06	17.05	0.031104	15.246
17.06	17.05	0.031121	15.345
17.06	17.05	0.031138	15.445
17.06	17.05	0.031154	15.545
17.06	17.05	0.031171	15.645
17.06	17.06	0.031188	15.746
17.06	17.06	0.031204	15.845
17.06	17.06	0.031221	15.946
17.06	17.06	0.031238	16.045
17.06	17.06	0.031254	16.146
17.06	17.06	0.031271	16.245
17.06	17.06	0.031287	16.345
17.06	17.06	0.031304	16.444
17.06	17.06	0.031321	16.545
17.06	17.06	0.031337	16.670
17.06	17.06	0.031354	16.774
17.06	17.06	0.031371	16.869
17.06	17.06	0.031387	16.968
17.06	17.07	0.031404	17.073
17.06	17.07	0.031421	17.167
17.06	17.07	0.031437	17.267
17.06	17.07	0.031454	17.371
17.06	17.07	0.031471	17.467
17.06	17.07	0.031487	17.566
17.06	17.07	0.031504	17.671
17.06	17.07	0.031521	17.765
17.06	17.07	0.031537	17.865
17.06	17.07	0.031554	17.969
17.06	17.07	0.031571	18.064
17.09	17.07	0.031587	18.164
17.09	17.07	0.031604	18.269
17.09	17.08	0.031621	18.363
17.09	17.08	0.031637	18.463
17.09	17.08	0.031654	18.567
17.09	17.08	0.031671	18.662
17.09	17.08	0.031687	18.761
17.09	17.08	0.031704	18.866
17.09	17.08	0.031721	18.960
17.09	17.08	0.031737	19.060
17.09	17.08	0.031754	19.166
17.09	17.08	0.031771	19.259
17.09	17.08	0.031787	19.360
17.09	17.08	0.031804	19.464
17.09	17.08	0.031821	19.559
17.06	17.09	0.031837	19.659
17.06	17.09	0.031854	19.763
17.06	17.09	0.031871	19.858
17.06	17.09	0.031887	19.959
17.06	17.09	0.031904	20.062
17.06	17.09	0.031921	20.156
17.09	17.09	0.031937	20.259
17.09	17.09	0.031954	20.360
17.09	17.09	0.031971	20.455
17.09	17.09	0.031987	20.558
17.09	17.09	0.032004	20.659
17.09	17.09	0.032021	20.754
17.09	17.09	0.032037	20.859
17.09	17.10	0.032054	20.959
17.09	17.10	0.032071	21.053
17.09	17.10	0.032087	21.158
17.09	17.10	0.032104	21.257
17.12	17.10	0.032120	21.352
17.12	17.10	0.032137	21.456
17.12	17.10	0.032154	21.557
17.12	17.10	0.032170	21.651
17.12	17.10	0.032187	21.756
17.12	17.10	0.032204	21.855
17.12	17.10	0.032220	21.950
17.12	17.10	0.032237	22.054
17.12	17.10	0.032254	22.154
17.12	17.11	0.032270	22.249
17.12	17.11	0.032287	22.353
17.12	17.11	0.032304	22.448
17.12	17.11	0.032320	22.547
17.09	17.11	0.032337	22.652
17.09	17.11	0.032354	22.747
17.09	17.11	0.032370	22.846
17.09	17.11	0.032387	22.951
17.09	17.11	0.032404	23.046
17.09	17.11	0.032420	23.145
17.09	17.11	0.032437	23.250
17.09	17.11	0.032454	23.345
17.09	17.11	0.032470	23.446
17.09	17.11	0.032487	23.548
17.12	17.12	0.032504	23.645
17.12	17.12	0.032520	23.745
17.12	17.12	0.032537	23.848
17.12	17.12	0.032554	23.946
17.12	17.12	0.032570	24.045
17.12	17.12	0.032587	24.146
17.12	17.12	0.032604	24.245
17.12	17.12	0.032620	24.345
17.12	17.12	0.032637	24.445
17.12	17.12	0.032654	24.545
17.12	17.12	0.032670	24.646
17.12	17.12	0.032687	24.745
17.12	17.12	0.032704	24.846
17.12	17.13	0.032720	24.945
17.12	17.13	0.032737	25.046
17.12	17.13	0.032754	25.145
17.14	17.13	0.032770	25.245
17.14	17.13	0.032787	25.345
17.14	17.13	0.032804	25.445
17.14	17.13	0.032820	25.546
17.14	17.13	0.032837	25.645
17.14	17.13	0.032854	25.746
17.14	17.13	0.032870	25.845
17.14	17.13	0.032887	25.945
17.14	17.13	0.032904	26.045
17.14	17.13	0.032920	26.145
17.14	17.14	0.032937	26.246
17.14	17.14	0.032953	26.345
17.14	17.14	0.032970	26.446
17.14	17.14	0.032987	26.545
17.14	17.14	0.033003	26.646
17.14	17.14	0.033020	26.745
17.14	17.14	0.033037	26.845
17.14	17.14	0.033053	26.947
17.14	17.14	0.033070	27.046
17.14	17.14	0.033087	27.146
17.14	17.14	0.033103	27.247
17.14	17.14	0.033120	27.346
17.14	17.14	0.033137	27.446
17.14	17.15	0.033153	27.546
17.14	17.15	0.033170	27.646
17.14	17.15	0.033187	27.747
17.14	17.15	0.033203	27.846
17.14	17.15	0.033220	27.947
17.14	17.15	0.033237	28.046
17.14	17.15	0.033253	28.147
17.14	17.15	0.033270	28.246
17.14	17.15	0.033287	28.346
17.14	17.15	0.033303	28.447
17.14	17.15	0.033320	28.546
17.14	17.15	0.033337	28.647
17.14	17.15	0.033353	28.746
17.14	17.16	0.033370	28.847
17.14	17.16	0.033387	28.946
17.14	17.16	0.033403	29.046
17.14	17.16	0.033420	29.146
17.14	17.16	0.033437	29.246
17.17	17.16	0.033453	29.347
17.17	17.16	0.033470	29.446
17.17	17.16	0.033487	29.571
17.17	17.16	0.033503	29.675
17.17	17.16	0.033520	29.746
17.17	17.16	0.033537	29.869
17.17	17.16	0.033553	29.975
17.17	17.16	0.033570	30.074
17.17	17.17	0.033587	30.169
17.17	17.17	0.033603	30.274
17.17	17.17	0.033620	30.373
17.17	17.17	0.033637	30.468
17.17	17.17	0.033653	30.572
17.17	17.17	0.033670	30.672
17.17	17.17	0.033687	30.766
17.17	17.17	0.033703	30.871
17.17	17.17	0.033720	30.966
17.17	17.17	0.033737	31.065
17.17	17.17	0.033753	31.170
17.17	17.17	0.033770	31.264
17.17	17.17	0.033786	31.364
17.17	17.18	0.033803	31.468
17.17	17.18	0.033820	31.563
17.17	17.18	0.033836	31.662
17.17	17.18	0.033853	31.767
17.17	17.18	0.033870	31.862
17.17	17.18	0.033886	31.962
17.17	17.18	0.033903	32.067
17.17	17.18	0.033920	32.161
17.19	17.18	0.033936	32.261
17.19	17.18	0.033953	32.365
17.19	17.18	0.033970	32.460
17.19	17.18	0.033986	32.560
17.19	17.18	0.034003	32.664
17.19	17.19	0.034020	32.759
17.19	17.19	0.034036	32.858
17.19	17.19	0.034053	32.963
17.19	17.19	0.034070	33.057
17.19	17.19	0.034086	33.157
17.19	17.19	0.034103	33.261
17.19	17.19	0.034120	33.356
17.19	17.19	0.034136	33.456
17.19	17.19	0.034153	33.560
17.19	17.19	0.034170	33.656
17.19	17.19	0.034186	33.755
17.19	17.19	0.034203	33.859
17.19	17.19	0.034220	33.954
17.19	17.20	0.034236	34.054
17.19	17.20	0.034253	34.158
17.19	17.20	0.034270	34.253
17.19	17.20	0.034286	34.354
17.19	17.20	0.034303	34.457
17.19	17.20	0.034320	34.552
17.19	17.20	0.034336	34.654
17.19	17.20	0.034353	34.756
17.19	17.20	0.034370	34.851
17.19	17.20	0.034386	34.954
17.19	17.20	0.034403	35.055
17.19	17.20	0.034420	35.150
17.19	17.20	0.034436	35.253
17.19	17.21	0.034453	35.354
17.22	17.21	0.034470	35.448
17.22	17.21	0.034486	35.553
17.22	17.21	0.034503	35.653
17.22	17.21	0.034520	35.747
17.22	17.21	0.034536	35.852
17.22	17.21	0.034553	35.951
17.22	17.21	0.034570	36.048
17.22	17.21	0.034586	36.151
17.22	17.21	0.034603	36.250
17.22	17.21	0.034619	36.348
17.22	17.21	0.034636	36.449
17.22	17.21	0.034653	36.549
17.22	17.22	0.034669	36.649
17.22	17.22	0.034686	36.749
17.22	17.22	0.034703	36.849
17.22	17.22	0.034719	36.948
17.22	17.22	0.034736	37.049
17.22	17.22	0.034753	37.148
17.22	17.22	0.034769	37.248
17.22	17.22	0.034786	37.348
17.22	17.22	0.034803	37.448
17.22	17.22	0.034819	37.549
17.22	17.22	0.034836	37.648
17.22	17.22	0.034853	37.749
17.22	17.22	0.034869	37.848
17.22	17.23	0.034886	37.948
17.22	17.23	0.034903	38.048
17.22	17.23	0.034919	38.148
17.22	17.23	0.034936	38.249
17.22	17.23	0.034953	38.348
17.22	17.23	0.034969	38.448
17.22	17.23	0.034986	38.549
17.22	17.23	0.035003	38.648
17.22	17.23	0.035019	38.748
17.22	17.23	0.035036	38.848
17.22	17.23	0.035053	38.948
17.22	17.23	0.035069	39.049
17.22	17.23	0.035086	39.148
17.22	17.24	0.035103	39.250
17.22	17.24	0.035119	39.349
17.22	17.24	0.035136	39.449
17.24	17.24	0.035153	39.549
17.24	17.24	0.035169	39.649
17.24	17.24	0.035186	39.750
17.24	17.24	0.035203	39.849
17.24	17.24	0.035219	39.950
17.24	17.24	0.035236	40.049
17.24	17.24	0.035253	40.149
17.24	17.24	0.035269	40.249
17.24	17.24	0.035286	40.349
17.24	17.24	0.035303	40.450
17.24	17.25	0.035319	40.549
17.24	17.25	0.035336	40.650
17.24	17.25	0.035353	40.749
17.24	17.25	0.035369	40.850
17.24	17.25	0.035386	40.949
17.24	17.25	0.035403	41.049
17.27	17.25	0.035419	41.150
17.27	17.25	0.035436	41.249
17.27	17.25	0.035452	41.350
17.27	17.25	0.035469	41.449
17.27	17.25	0.035486	41.550
17.27	17.25	0.035502	41.649
17.27	17.25	0.035519	41.749
17.27	17.26	0.035536	41.849
17.27	17.26	0.035552	41.949
17.27	17.26	0.035569	42.049
17.27	17.26	0.035586	42.148
17.27	17.26	0.035602	42.273
17.27	17.26	0.035619	42.377
17.27	17.26	0.035636	42.472
17.24	17.26	0.035652	42.572
17.24	17.26	0.035669	42.677
17.24	17.26	0.035686	42.771
17.24	17.26	0.035702	42.871
17.24	17.26	0.035719	42.976
17.24	17.26	0.035736	43.070
17.24	17.27	0.035752	43.171
17.24	17.27	0.035769	43.274
17.27	17.27	0.035786	43.369
17.27	17.27	0.035802	43.470
17.27	17.27	0.035819	43.573
17.27	17.27	0.035836	43.668
17.27	17.27	0.035852	43.770
17.27	17.27	0.035869	43.872
17.27	17.27	0.035886	43.967
17.27	17.27	0.035902	44.070
17.27	17.27	0.035919	44.171
17.27	17.27	0.035936	44.266
17.27	17.27	0.035952	44.370
17.27	17.28	0.035969	44.470
17.29	17.28	0.035986	44.564
17.29	17.28	0.036002	44.669
17.29	17.28	0.036019	44.768
17.29	17.28	0.036036	44.863
17.29	17.28	0.036052	44.968
17.29	17.28	0.036069	45.068
17.29	17.28	0.036086	45.162
17.29	17.28	0.036102	45.267
17.29	17.28	0.036119	45.367
17.29	17.28	0.036136	45.460
17.29	17.28	0.036152	45.565
17.29	17.28	0.036169	45.660
17.29	17.29	0.036186	45.760
17.29	17.29	0.036202	45.864
17.29	17.29	0.036219	45.959
17.29	17.29	0.036236	46.058
17.29	17.29	0.036252	46.163
17.29	17.29	0.036269	46.257
17.29	17.29	0.036285	46.357
17.29	17.29	0.036302	46.462
17.29	17.29	0.036319	46.556
17.29	17.29	0.036335	46.657
17.29	17.29	0.036352	46.761
17.29	17.29	0.036369	46.856
17.29	17.29	0.036385	46.955
17.29	17.30	0.036402	47.060
17.29	17.30	0.036419	47.154
17.29	17.30	0.036435	47.254
17.29	17.30	0.036452	47.359
17.29	17.30	0.036469	47.453
17.29	17.30	0.036485	47.553
17.29	17.30	0.036502	47.657
17.29	17.30	0.036519	47.752
17.29	17.30	0.036535	47.851
17.29	17.30	0.036552	47.956
17.29	17.30	0.036569	48.051
17.29	17.30	0.036585	48.150
17.29	17.30	0.036602	48.255
17.29	17.31	0.036619	48.350
17.29	17.31	0.036635	48.450
17.29	17.31	0.036652	48.554
17.32	17.31	0.036669	48.650
17.32	17.31	0.036685	48.751
17.32	17.31	0.036702	48.853
17.32	17.31	0.036719	48.951
17.32	17.31	0.036735	49.050
17.32	17.31	0.036752	49.152
17.32	17.31	0.036769	49.250
17.32	17.31	0.036785	49.350
17.32	17.31	0.036802	49.450
17.32	17.31	0.036819	49.550
17.32	17.32	0.036835	49.651
17.32	17.32	0.036852	49.750
17.32	17.32	0.036869	49.851
17.32	17.32	0.036885	49.950
17.32	17.32	0.036902	50.050
17.32	17.32	0.036919	50.150
17.32	17.32	0.036935	50.250
17.32	17.32	0.036952	50.351
17.32	17.32	0.036969	50.450
17.32	17.32	0.036985	50.551
17.32	17.32	0.037002	50.650
17.32	17.32	0.037019	50.751
17.32	17.32	0.037035	50.850
17.32	17.33	0.037052	50.950
17.32	17.33	0.037069	51.050
17.32	17.33	0.037085	51.150
17.32	17.33	0.037102	51.251
17.32	17.33	0.037118	51.350
17.32	17.33	0.037135	51.451
17.32	17.33	0.037152	51.550
17.32	17.33	0.037168	51.651
17.32	17.33	0.037185	51.750
17.32	17.33	0.037202	51.850
17.32	17.33	0.037218	51.950
17.32	17.33	0.037235	52.050
17.32	17.33	0.037252	52.151
17.32	17.34	0.037268	52.250
17.32	17.34	0.037285	52.351
17.32	17.34	0.037302	52.450
17.35	17.34	0.037318	52.550
17.35	17.34	0.037335	52.650
17.35	17.34	0.037352	52.750
17.35	17.34	0.037368	52.851
17.35	17.34	0.037385	52.950
17.35	17.34	0.037402	53.051
17.35	17.34	0.037418	53.150
17.35	17.34	0.037435	53.251
17.35	17.34	0.037452	53.350
17.35	17.34	0.037468	53.450
17.35	17.34	0.037485	53.550
17.35	17.35	0.037502	53.650
17.35	17.35	0.037518	53.751
17.35	17.35	0.037535	53.850
17.35	17.35	0.037552	53.951
17.35	17.35	0.037568	54.050
17.35	17.35	0.037585	54.151
17.35	17.35	0.037602	54.250
17.35	17.35	0.037618	54.350
17.35	17.35	0.037635	54.451
17.35	17.35	0.037652	54.550
17.35	17.35	0.037668	54.651
17.35	17.35	0.037685	54.750
17.35	17.35	0.037702	54.851
17.35	17.36	0.037718	54.950
17.35	17.36	0.037735	55.075
17.35	17.36	0.037752	55.174
17.35	17.36	0.037768	55.279
17.35	17.36	0.037785	55.373
17.35	17.36	0.037802	55.473
17.35	17.36	0.037818	55.578
17.35	17.36	0.037835	55.672
17.35	17.36	0.037852	55.772
17.35	17.36	0.037868	55.876
17.37	17.36	0.037885	55.971
17.37	17.36	0.037902	56.070
17.37	17.36	0.037918	56.176
17.37	17.37	0.037935	56.271
17.37	17.37	0.037951	56.370
17.37	17.37	0.037968	56.475
17.37	17.37	0.037985	56.569
17.37	17.37	0.038001	56.669
17.37	17.37	0.038018	56.773
17.37	17.37	0.038035	56.868
17.37	17.37	0.038051	56.967
17.37	17.37	0.038068	57.072
17.37	17.37	0.038085	57.166
17.37	17.37	0.038101	57.267
17.37	17.37	0.038118	57.371
17.37	17.37	0.038135	57.466
17.37	17.38	0.038151	57.565
17.37	17.38	0.038168	57.670
17.37	17.38	0.038185	57.764
17.37	17.38	0.038201	57.866
17.37	17.38	0.038218	57.969
17.37	17.38	0.038235	58.063
17.37	17.38	0.038251	58.166
17.37	17.38	0.038268	58.267
17.37	17.38	0.038285	58.362
17.37	17.38	0.038301	58.465
17.37	17.38	0.038318	58.566
17.37	17.38	0.038335	58.661
17.37	17.38	0.038351	58.765
17.40	17.39	0.038368	58.866
17.40	17.39	0.038385	58.960
17.40	17.39	0.038401	59.065
17.40	17.39	0.038418	59.164
17.40	17.39	0.038435	59.259
17.40	17.39	0.038451	59.364
17.40	17.39	0.038468	59.463
17.40	17.39	0.038485	59.558
17.40	17.39	0.038501	59.662
17.40	17.39	0.038518	59.762
17.40	17.39	0.038535	59.856
17.40	17.39	0.038551	59.961
17.40	17.39	0.038568	00.060
17.40	17.40	0.038585	00.155
17.40	17.40	0.038601	00.260
17.40	17.40	0.038618	00.355
17.40	17.40	0.038635	00.456
17.40	17.40	0.038651	00.558
17.40	17.40	0.038668	00.655
17.40	17.40	0.038685	00.755
17.40	17.40	0.038701	00.858
17.40	17.40	0.038718	00.960
17.40	17.40	0.038735	01.054
17.40	17.40	0.038751	01.157
17.40	17.40	0.038768	01.255
17.40	17.40	0.038784	01.355
17.40	17.41	0.038801	01.455
17.40	17.41	0.038818	01.559
17.40	17.41	0.038834	01.655
17.40	17.41	0.038851	01.756
17.40	17.41	0.038868	01.860
17.40	17.41	0.038884	01.957
17.40	17.41	0.038901	02.056
17.40	17.41	0.038918	02.160
17.40	17.41	0.038934	02.256
17.40	17.41	0.038951	02.356
17.40	17.41	0.038968	02.459
17.40	17.41	0.038984	02.556
17.40	17.41	0.039001	02.657
17.40	17.42	0.039018	02.759
17.40	17.42	0.039034	02.858
17.42	17.42	0.039051	02.957
17.42	17.42	0.039068	03.059
17.42	17.42	0.039084	03.157
17.42	17.42	0.039101	03.257
17.42	17.42	0.039118	03.360
17.42	17.42	0.039134	03.457
17.42	17.42	0.039151	03.558
17.42	17.42	0.039168	03.659
17.42	17.42	0.039184	03.758
17.42	17.42	0.039201	03.857
17.42	17.42	0.039218	03.959
17.42	17.43	0.039234	04.057
17.42	17.43	0.039251	04.157
17.42	17.43	0.039268	04.259
17.42	17.43	0.039284	04.357
17.42	17.43	0.039301	04.458
17.42	17.43	0.039318	04.559
17.42	17.43	0.039334	04.657
17.45	17.43	0.039351	04.757
17.45	17.43	0.039368	04.859
17.45	17.43	0.039384	04.958
17.45	17.43	0.039401	05.057
17.45	17.43	0.039418	05.159
17.45	17.43	0.039434	05.257
17.45	17.44	0.039451	05.358
17.45	17.44	0.039468	05.458
17.45	17.44	0.039484	05.557
17.45	17.44	0.039501	05.657
17.45	17.44	0.039518	05.758
17.45	17.44	0.039534	05.858
17.45	17.44	0.039551	05.957
17.42	17.44	0.039568	06.059
17.42	17.44	0.039584	06.157
17.42	17.44	0.039601	06.257
17.42	17.44	0.039617	06.358
17.42	17.44	0.039634	06.457
17.42	17.44	0.039651	06.581
17.45	17.45	0.039667	06.658
17.45	17.45	0.039684	06.785
17.45	17.45	0.039701	06.880
17.45	17.45	0.039717	06.957
17.45	17.45	0.039734	07.085
17.45	17.45	0.039751	07.178
17.45	17.45	0.039767	07.258
17.45	17.45	0.039784	07.384
17.45	17.45	0.039801	07.478
17.45	17.45	0.039817	07.558
17.45	17.45	0.039834	07.682
17.45	17.45	0.039851	07.777
17.45	17.45	0.039867	07.881
17.45	17.46	0.039884	07.981
17.45	17.46	0.039901	08.076
17.45	17.46	0.039917	08.180
17.45	17.46	0.039934	08.280
17.47	17.46	0.039951	08.374
17.47	17.46	0.039967	08.479
17.47	17.46	0.039984	08.578
17.47	17.46	0.040001	08.673
17.47	17.46	0.040017	08.777
17.47	17.46	0.040034	08.878
17.47	17.46	0.040051	08.973
17.47	17.46	0.040067	09.077
17.47	17.46	0.040084	09.171
17.47	17.47	0.040101	09.271
17.47	17.47	0.040117	09.375
17.47	17.47	0.040134	09.470
17.47	17.47	0.040151	09.569
17.47	17.47	0.040167	09.674
17.47	17.47	0.040184	09.769
17.47	17.47	0.040201	09.868
17.47	17.47	0.040217	09.973
17.47	17.47	0.040234	10.067
17.47	17.47	0.040251	10.168
17.47	17.47	0.040267	10.273
17.47	17.47	0.040284	10.367
17.47	17.47	0.040301	10.467
17.47	17.48	0.040317	10.571
17.47	17.48	0.040334	10.666
17.47	17.48	0.040351	10.765
17.47	17.48	0.040367	10.870
17.47	17.48	0.040384	10.964
17.47	17.48	0.040401	11.064
17.47	17.48	0.040417	11.169
17.47	17.48	0.040434	11.263
17.47	17.48	0.040450	11.363
17.47	17.48	0.040467	11.467
17.47	17.48	0.040484	11.562
17.47	17.48	0.040500	11.661
17.47	17.48	0.040517	11.766
17.47	17.49	0.040534	11.862
17.47	17.49	0.040550	11.961
17.47	17.49	0.040567	12.066
17.50	17.49	0.040584	12.160
17.50	17.49	0.040600	12.261
17.50	17.49	0.040617	12.364
17.50	17.49	0.040634	12.459
17.50	17.49	0.040650	12.561
17.50	17.49	0.040667	12.663
17.50	17.49	0.040684	12.758
17.50	17.49	0.040700	12.860
17.50	17.49	0.040717	12.962
17.50	17.49	0.040734	13.057
17.50	17.50	0.040750	13.160
17.50	17.50	0.040767	13.260
17.50	17.50	0.040784	13.358
17.50	17.50	0.040800	13.460
17.50	17.50	0.040817	13.560
17.50	17.50	0.040834	13.657
17.50	17.50	0.040850	13.759
17.50	17.50	0.040867	13.858
17.50	17.50	0.040884	13.957
17.50	17.50	0.040900	14.059
17.50	17.50	0.040917	14.158
17.50	17.50	0.040934	14.259
17.50	17.50	0.040950	14.358
17.50	17.51	0.040967	14.459
17.50	17.51	0.040984	14.558
17.50	17.51	0.041000	14.658
17.50	17.51	0.041017	14.758
17.50	17.51	0.041034	14.858
17.50	17.51	0.041050	14.959
17.50	17.51	0.041067	15.058
17.50	17.51	0.041084	15.159
17.50	17.51	0.041100	15.258
17.53	17.51	0.041117	15.358
17.53	17.51	0.041134	15.458
17.53	17.51	0.041150	15.558
17.53	17.51	0.041167	15.659
17.53	17.52	0.041184	15.758
17.53	17.52	0.041200	15.859
17.53	17.52	0.041217	15.958
17.53	17.52	0.041234	16.059
17.53	17.52	0.041250	16.158
17.53	17.52	0.041267	16.258
17.53	17.52	0.041283	16.358
17.53	17.52	0.041300	16.458
17.53	17.52	0.041317	16.559
17.53	17.52	0.041333	16.658
17.53	17.52	0.041350	16.759
17.53	17.52	0.041367	16.858
17.50	17.52	0.041383	16.958
17.50	17.53	0.041400	17.058
17.50	17.53	0.041417	17.158
17.50	17.53	0.041433	17.259
17.50	17.53	0.041450	17.358
17.50	17.53	0.041467	17.459
17.50	17.53	0.041483	17.558
17.50	17.53	0.041500	17.659
17.53	17.53	0.041517	17.758
17.53	17.53	0.041533	17.858
17.53	17.53	0.041550	17.958
17.53	17.53	0.041567	18.058
17.53	17.53	0.041583	18.159
17.53	17.53	0.041600	18.258
17.53	17.54	0.041617	18.360
17.53	17.54	0.041633	18.459
17.55	17.54	0.041650	18.559
17.55	17.54	0.041667	18.659
17.55	17.54	0.041683	18.759
17.55	17.54	0.041700	18.860
17.55	17.54	0.041717	18.959
17.55	17.54	0.041733	19.060
17.55	17.54	0.041750	19.159
17.55	17.54	0.041767	19.284
17.55	17.54	0.041783	19.388
17.55	17.54	0.041800	19.483
17.55	17.54	0.041817	19.582
17.55	17.55	0.041833	19.687
17.55	17.55	0.041850	19.782
17.55	17.55	0.041867	19.881
17.55	17.55	0.041883	19.986
17.55	17.55	0.041900	20.080
17.55	17.55	0.041917	20.180
17.55	17.55	0.041933	20.284
17.55	17.55	0.041950	20.379
17.55	17.55	0.041967	20.478
17.55	17.55	0.041983	20.583
17.55	17.55	0.042000	20.678
17.55	17.55	0.042017	20.777
17.55	17.55	0.042033	20.882
17.55	17.56	0.042050	20.977
17.55	17.56	0.042067	21.078
17.55	17.56	0.042083	21.181
17.55	17.56	0.042100	21.276
17.55	17.56	0.042116	21.378
17.55	17.56	0.042133	21.480
17.55	17.56	0.042150	21.575
17.55	17.56	0.042166	21.677
17.55	17.56	0.042183	21.779
17.55	17.56	0.042200	21.873
17.55	17.56	0.042216	21.977
17.55	17.56	0.042233	22.078
17.55	17.56	0.042250	22.172
17.55	17.57	0.042266	22.277
17.58	17.57	0.042283	22.376
17.58	17.57	0.042300	22.471
17.58	17.57	0.042316	22.576
17.58	17.57	0.042333	22.675
17.58	17.57	0.042350	22.770
17.58	17.57	0.042366	22.875
17.58	17.57	0.042383	22.974
17.58	17.57	0.042400	23.069
17.58	17.57	0.042416	23.173
17.58	17.57	0.042433	23.273
17.58	17.57	0.042450	23.367
17.58	17.57	0.042466	23.472
17.58	17.58	0.042483	23.567
17.58	17.58	0.042500	23.666
17.58	17.58	0.042516	23.772
17.58	17.58	0.042533	23.866
17.58	17.58	0.042550	23.966
17.58	17.58	0.042566	24.070
17.58	17.58	0.042583	24.165
17.58	17.58	0.042600	24.264
17.58	17.58	0.042616	24.369
17.58	17.58	0.042633	24.464
17.58	17.58	0.042650	24.563
17.58	17.58	0.042666	24.668
17.58	17.58	0.042683	24.762
17.58	17.58	0.042700	24.862
17.58	17.59	0.042716	24.966
17.58	17.59	0.042733	25.061
17.58	17.59	0.042750	25.161
17.58	17.59	0.042766	25.265
17.58	17.59	0.042783	25.361
17.58	17.59	0.042800	25.460
17.58	17.59	0.042816	25.564
17.58	17.59	0.042833	25.660
17.58	17.59	0.042850	25.760
17.58	17.59	0.042866	25.863
17.58	17.59	0.042883	25.960
17.58	17.59	0.042900	26.061
17.58	17.59	0.042916	26.162
17.58	17.60	0.042933	26.261
17.58	17.60	0.042949	26.360
17.58	17.60	0.042966	26.461
17.58	17.60	0.042983	26.560
17.60	17.60	0.042999	26.660
17.60	17.60	0.043016	26.761
17.60	17.60	0.043033	26.860
17.60	17.60	0.043049	26.961
17.60	17.60	0.043066	27.060
17.60	17.60	0.043083	27.161
17.60	17.60	0.043099	27.260
17.60	17.60	0.043116	27.360
17.60	17.60	0.043133	27.460
17.60	17.61	0.043149	27.560
17.60	17.61	0.043166	27.661
17.60	17.61	0.043183	27.760
17.60	17.61	0.043199	27.861
17.60	17.61	0.043216	27.960
17.60	17.61	0.043233	28.060
17.63	17.61	0.043249	28.160
17.63	17.61	0.043266	28.260
17.63	17.61	0.043283	28.361
17.63	17.61	0.043299	28.460
17.63	17.61	0.043316	28.561
17.63	17.61	0.043333	28.660
17.63	17.61	0.043349	28.761
17.63	17.62	0.043366	28.860
17.63	17.62	0.043383	28.960
17.63	17.62	0.043399	29.060
17.63	17.62	0.043416	29.160
17.60	17.62	0.043433	29.261
17.60	17.62	0.043449	29.360
17.60	17.62	0.043466	29.462
17.60	17.62	0.043483	29.561
17.60	17.62	0.043499	29.661
17.60	17.62	0.043516	29.761
17.60	17.62	0.043533	29.861
17.60	17.62	0.043549	29.962
17.60	17.62	0.043566	30.061
17.63	17.63	0.043583	30.162
17.63	17.63	0.043599	30.261
17.63	17.63	0.043616	30.362
17.63	17.63	0.043633	30.461
17.63	17.63	0.043649	30.561
17.63	17.63	0.043666	30.661
17.63	17.63	0.043683	30.762
17.63	17.63	0.043699	30.861
17.63	17.63	0.043716	30.962
17.63	17.63	0.043733	31.061
17.63	17.63	0.043749	31.162
17.63	17.63	0.043766	31.261
17.63	17.63	0.043782	31.361
17.63	17.64	0.043799	31.463
17.63	17.64	0.043816	31.562
17.63	17.64	0.043832	31.692
17.63	17.64	0.043849	31.761
17.65	17.64	0.043866	31.886
17.65	17.64	0.043882	31.990
17.65	17.64	0.043899	32.090
17.65	17.64	0.043916	32.184
17.65	17.64	0.043932	32.289
17.65	17.64	0.043949	32.388
17.65	17.64	0.043966	32.484
17.65	17.64	0.043982	32.589
17.65	17.64	0.043999	32.683
17.65	17.65	0.044016	32.783
17.65	17.65	0.044032	32.887
17.65	17.65	0.044049	32.981
17.65	17.65	0.044066	33.081
17.65	17.65	0.044082	33.185
17.65	17.65	0.044099	33.280
17.65	17.65	0.044116	33.380
17.65	17.65	0.044132	33.485
17.65	17.65	0.044149	33.579
17.65	17.65	0.044166	33.679
17.65	17.65	0.044182	33.784
17.65	17.65	0.044199	33.878
17.65	17.65	0.044216	33.978
17.65	17.66	0.044232	34.083
17.65	17.66	0.044249	34.177
17.65	17.66	0.044266	34.277
17.65	17.66	0.044282	34.381
17.65	17.66	0.044299	34.476
17.65	17.66	0.044316	34.575
17.65	17.66	0.044332	34.680
17.65	17.66	0.044349	34.775
17.65	17.66	0.044366	34.874
17.65	17.66	0.044382	34.979
17.65	17.66	0.044399	35.073
17.65	17.66	0.044416	35.173
17.65	17.66	0.044432	35.277
17.68	17.67	0.044449	35.373
17.68	17.67	0.044466	35.472
17.68	17.67	0.044482	35.577
17.68	17.67	0.044499	35.672
17.68	17.67	0.044516	35.772
17.68	17.67	0.044532	35.876
17.68	17.67	0.044549	35.970
17.68	17.67	0.044566	36.072
17.68	17.67	0.044582	36.174
17.68	17.67	0.044599	36.269
17.68	17.67	0.044615	36.373
17.68	17.67	0.044632	36.473
17.68	17.67	0.044649	36.568
17.68	17.68	0.044665	36.672
17.68	17.68	0.044682	36.772
17.68	17.68	0.044699	36.866
17.68	17.68	0.044715	36.971
17.68	17.68	0.044732	37.072
17.68	17.68	0.044749	37.165
17.68	17.68	0.044765	37.271
17.68	17.68	0.044782	37.370
17.68	17.68	0.044799	37.465
17.68	17.68	0.044815	37.569
17.68	17.68	0.044832	37.669
17.68	17.68	0.044849	37.763
17.68	17.68	0.044865	37.868
17.68	17.69	0.044882	37.968
17.68	17.69	0.044899	38.063
17.68	17.69	0.044915	38.167
17.68	17.69	0.044932	38.267
17.68	17.69	0.044949	38.363
17.68	17.69	0.044965	38.466
17.68	17.69	0.044982	38.566
17.68	17.69	0.044999	38.663
17.68	17.69	0.045015	38.765
17.68	17.69	0.045032	38.867
17.68	17.69	0.045049	38.964
17.68	17.69	0.045065	39.063
17.68	17.69	0.045082	39.167
17.68	17.70	0.045099	39.263
17.68	17.70	0.045115	39.363
17.68	17.70	0.045132	39.467
17.68	17.70	0.045149	39.563
17.68	17.70	0.045165	39.664
17.68	17.70	0.045182	39.766
17.70	17.70	0.045199	39.864
17.70	17.70	0.045215	39.963
17.70	17.70	0.045232	40.066
17.70	17.70	0.045249	40.164
17.70	17.70	0.045265	40.263
17.70	17.70	0.045282	40.367
17.70	17.70	0.045299	40.463
17.70	17.71	0.045315	40.564
17.70	17.71	0.045332	40.666
17.70	17.71	0.045349	40.763
17.73	17.71	0.045365	40.864
17.73	17.71	0.045382	40.966
17.73	17.71	0.045399	41.065
17.73	17.71	0.045415	41.164
17.73	17.71	0.045432	41.266
17.73	17.71	0.045448	41.364
17.73	17.71	0.045465	41.464
17.73	17.71	0.045482	41.565
17.73	17.71	0.045498	41.664
17.73	17.71	0.045515	41.765
17.73	17.72	0.045532	41.866
17.73	17.72	0.045548	41.965
17.73	17.72	0.045565	42.064
17.70	17.72	0.045582	42.166
17.70	17.72	0.045598	42.264
17.70	17.72	0.045615	42.364
17.70	17.72	0.045632	42.465
17.70	17.72	0.045648	42.564
17.70	17.72	0.045665	42.665
17.70	17.72	0.045682	42.765
17.70	17.72	0.045698	42.865
17.70	17.72	0.045715	42.964
17.70	17.72	0.045732	43.065
17.70	17.73	0.045748	43.164
17.73	17.73	0.045765	43.264
17.73	17.73	0.045782	43.366
17.73	17.73	0.045798	43.464
17.73	17.73	0.045815	43.565
17.73	17.73	0.045832	43.665
17.73	17.73	0.045848	43.765
17.73	17.73	0.045865	43.864
17.73	17.73	0.045882	43.965
17.73	17.73	0.045898	44.065
17.76	17.73	0.045915	44.164
17.76	17.73	0.045932	44.265
17.76	17.73	0.045948	44.364
17.76	17.74	0.045965	44.489
17.76	17.74	0.045982	44.564
17.76	17.74	0.045998	44.693
17.76	17.74	0.046015	44.787
17.76	17.74	0.046032	44.865
17.76	17.74	0.046048	44.992
17.73	17.74	0.046065	45.086
17.73	17.74	0.046082	45.165
17.73	17.74	0.046098	45.290
17.73	17.74	0.046115	45.385
17.73	17.74	0.046132	45.464
17.73	17.74	0.046148	45.589
17.73	17.74	0.046165	45.683
17.73	17.75	0.046182	45.788
17.73	17.75	0.046198	45.888
17.73	17.75	0.046215	45.982
17.73	17.75	0.046232	46.087
17.73	17.75	0.046248	46.186
17.73	17.75	0.046265	46.281
17.73	17.75	0.046281	46.386
17.76	17.75	0.046298	46.486
17.76	17.75	0.046315	46.581
17.76	17.75	0.046331	46.685
17.76	17.75	0.046348	46.785
17.76	17.75	0.046365	46.879
17.76	17.75	0.046381	46.984
17.76	17.76	0.046398	47.078
17.76	17.76	0.046415	47.178
17.76	17.76	0.046431	47.282
17.76	17.76	0.046448	47.377
17.76	17.76	0.046465	47.477
17.76	17.76	0.046481	47.581
17.76	17.76	0.046498	47.676
17.76	17.76	0.046515	47.775
17.76	17.76	0.046531	47.880
17.76	17.76	0.046548	47.975
17.76	17.76	0.046565	48.075
17.76	17.76	0.046581	48.179
17.76	17.76	0.046598	48.274
17.76	17.77	0.046615	48.373
17.76	17.77	0.046631	48.478
17.76	17.77	0.046648	48.572
17.76	17.77	0.046665	48.672
17.76	17.77	0.046681	48.776
17.78	17.77	0.046698	48.872
17.78	17.77	0.046715	48.972
17.78	17.77	0.046731	49.076
17.78	17.77	0.046748	49.171
17.78	17.77	0.046765	49.270
17.78	17.77	0.046781	49.375
17.78	17.77	0.046798	49.469
17.78	17.77	0.046815	49.569
17.78	17.78	0.046831	49.674
17.78	17.78	0.046848	49.768
17.78	17.78	0.046865	49.868
17.78	17.78	0.046881	49.972
17.78	17.78	0.046898	50.067
17.78	17.78	0.046915	50.167
17.78	17.78	0.046931	50.271
17.78	17.78	0.046948	50.366
17.78	17.78	0.046965	50.467
17.78	17.78	0.046981	50.570
17.78	17.78	0.046998	50.665
17.78	17.78	0.047015	50.767
17.78	17.78	0.047031	50.869
17.78	17.79	0.047048	50.965
17.78	17.79	0.047065	51.066
17.78	17.79	0.047081	51.168
17.78	17.79	0.047098	51.266
17.78	17.79	0.047114	51.366
17.78	17.79	0.047131	51.467
17.78	17.79	0.047148	51.565
17.78	17.79	0.047164	51.666
17.78	17.79	0.047181	51.765
17.78	17.79	0.047198	51.865
17.78	17.79	0.047214	51.966
17.78	17.79	0.047231	52.065
17.78	17.79	0.047248	52.166
17.78	17.80	0.047264	52.265
17.78	17.80	0.047281	52.365
17.78	17.80	0.047298	52.465
17.78	17.80	0.047314	52.565
17.81	17.80	0.047331	52.666
17.81	17.80	0.047348	52.765
17.81	17.80	0.047364	52.866
17.81	17.80	0.047381	52.965
17.81	17.80	0.047398	53.066
17.81	17.80	0.047414	53.165
17.81	17.80	0.047431	53.265
17.81	17.80	0.047448	53.365
17.81	17.80	0.047464	53.465
17.81	17.80	0.047481	53.566
17.81	17.81	0.047498	53.665
17.81	17.81	0.047514	53.766
17.81	17.81	0.047531	53.865
17.81	17.81	0.047548	53.965
17.81	17.81	0.047564	54.065
17.81	17.81	0.047581	54.165
17.81	17.81	0.047598	54.266
17.81	17.81	0.047614	54.365
17.81	17.81	0.047631	54.466
17.81	17.81	0.047648	54.565
17.81	17.81	0.047664	54.666
17.81	17.81	0.047681	54.765
17.81	17.81	0.047698	54.865
17.81	17.82	0.047714	54.965
17.81	17.82	0.047731	55.066
17.81	17.82	0.047748	55.165
17.81	17.82	0.047764	55.266
17.81	17.82	0.047781	55.365
17.81	17.82	0.047798	55.466
17.81	17.82	0.047814	55.565
17.83	17.82	0.047831	55.665
17.83	17.82	0.047848	55.765
17.83	17.82	0.047864	55.865
17.83	17.82	0.047881	55.966
17.83	17.82	0.047898	56.065
17.83	17.82	0.047914	56.166
17.83	17.83	0.047931	56.265
17.83	17.83	0.047947	56.365
17.83	17.83	0.047964	56.465
17.83	17.83	0.047981	56.565
17.83	17.83	0.047997	56.666
17.83	17.83	0.048014	56.765
17.83	17.83	0.048031	56.866
17.83	17.83	0.048047	56.965
17.83	17.83	0.048064	57.065
17.83	17.83	0.048081	57.165
17.83	17.83	0.048097	57.265
17.83	17.83	0.048114	57.365
17.83	17.83	0.048131	57.464
17.83	17.84	0.048147	57.594
17.83	17.84	0.048164	57.688
17.83	17.84	0.048181	57.788
17.83	17.84	0.048197	57.892
17.83	17.84	0.048214	57.987
17.83	17.84	0.048231	58.086
17.83	17.84	0.048247	58.191
17.83	17.84	0.048264	58.286
17.83	17.84	0.048281	58.386
17.83	17.84	0.048297	58.491
17.83	17.84	0.048314	58.585
17.83	17.84	0.048331	58.685
17.83	17.84	0.048347	58.789
17.83	17.85	0.048364	58.884
17.86	17.85	0.048381	58.984
17.86	17.85	0.048397	59.088
17.86	17.85	0.048414	59.183
17.86	17.85	0.048431	59.284
17.86	17.85	0.048447	59.387
17.86	17.85	0.048464	59.481
17.86	17.85	0.048481	59.584
17.86	17.85	0.048497	59.685
17.86	17.85	0.048514	59.780
17.86	17.85	0.048531	59.884
17.86	17.85	0.048547	59.985
17.86	17.85	0.048564	00.080
17.86	17.86	0.048581	00.183
17.86	17.86	0.048597	00.284
17.86	17.86	0.048614	00.378
17.86	17.86	0.048631	00.483
17.86	17.86	0.048647	00.583
17.86	17.86	0.048664	00.677
17.86	17.86	0.048681	00.782
17.86	17.86	0.048697	00.881
17.86	17.86	0.048714	00.976
17.86	17.86	0.048731	01.080
17.86	17.86	0.048747	01.180
17.86	17.86	0.048764	01.275
17.86	17.86	0.048780	01.379
17.86	17.87	0.048797	01.479
17.86	17.87	0.048814	01.573
17.86	17.87	0.048830	01.678
17.86	17.87	0.048847	01.773
17.86	17.87	0.048864	01.872
17.86	17.87	0.048880	01.977
17.86	17.87	0.048897	02.072
17.86	17.87	0.048914	02.171
17.86	17.87	0.048930	02.276
17.86	17.87	0.048947	02.370
17.86	17.87	0.048964	02.470
17.86	17.87	0.048980	02.574
17.86	17.87	0.048997	02.669
17.86	17.88	0.049014	02.769
17.86	17.88	0.049030	02.874
17.88	17.88	0.049047	02.969
17.88	17.88	0.049064	03.068
17.88	17.88	0.049080	03.172
17.88	17.88	0.049097	03.267
17.88	17.88	0.049114	03.366
17.88	17.88	0.049130	03.471
17.88	17.88	0.049147	03.567
17.88	17.88	0.049164	03.666
17.88	17.88	0.049180	03.771
17.88	17.88	0.049197	03.866
17.88	17.88	0.049214	03.967
17.88	17.89	0.049230	04.069
17.88	17.89	0.049247	04.166
17.88	17.89	0.049264	04.268
17.88	17.89	0.049280	04.368
17.88	17.89	0.049297	04.467
17.91	17.89	0.049314	04.568
17.91	17.89	0.049330	04.667
17.91	17.89	0.049347	04.768
17.91	17.89	0.049364	04.867
17.91	17.89	0.049380	04.967
17.91	17.89	0.049397	05.068
17.91	17.89	0.049414	05.168
17.91	17.89	0.049430	05.267
17.91	17.90	0.049447	05.368
17.91	17.90	0.049464	05.467
17.91	17.90	0.049480	05.568
17.88	17.90	0.049497	05.667
17.88	17.90	0.049514	05.767
17.88	17.90	0.049530	05.868
17.88	17.90	0.049547	05.968
17.88	17.90	0.049564	06.068
17.88	17.90	0.049580	06.167
17.88	17.90	0.049597	06.268
17.88	17.90	0.049613	06.367
17.88	17.90	0.049630	06.467
17.91	17.90	0.049647	06.567
17.91	17.91	0.049663	06.667
17.91	17.91	0.049680	06.768
17.91	17.91	0.049697	06.867
17.91	17.91	0.049713	06.967
17.91	17.91	0.049730	07.068
17.91	17.91	0.049747	07.167
17.91	17.91	0.049763	07.267
17.91	17.91	0.049780	07.367
17.91	17.91	0.049797	07.468
17.91	17.91	0.049813	07.567
17.91	17.91	0.049830	07.668
17.91	17.91	0.049847	07.769
17.91	17.91	0.049863	07.868
17.94	17.92	0.049880	07.968
17.94	17.92	0.049897	08.069
17.94	17.92	0.049913	08.169
17.94	17.92	0.049930	08.270
17.94	17.92	0.049947	08.369
17.94	17.92	0.049963	08.470
17.94	17.92	0.049980	08.569
17.94	17.92	0.049997	08.669
17.94	17.92	0.050013	08.769
17.94	17.92	0.050030	08.869
17.91	17.92	0.050047	08.970
17.91	17.92	0.050063	09.069
17.91	17.92	0.050080	09.170
17.91	17.93	0.050097	09.269
17.91	17.93	0.050113	09.370
17.91	17.93	0.050130	09.469
17.91	17.93	0.050147	09.569
17.91	17.93	0.050163	09.698
17.91	17.93	0.050180	09.793
17.91	17.93	0.050197	09.897
17.91	17.93	0.050213	09.997
17.94	17.93	0.050230	10.092
17.94	17.93	0.050247	10.196
17.94	17.93	0.050263	10.296
17.94	17.93	0.050280	10.390
17.94	17.93	0.050297	10.495
17.94	17.94	0.050313	10.590
17.94	17.94	0.050330	10.689
17.94	17.94	0.050347	10.794
17.94	17.94	0.050363	10.889
17.94	17.94	0.050380	10.988
17.94	17.94	0.050397	11.093
17.94	17.94	0.050413	11.187
17.94	17.94	0.050430	11.287
17.94	17.94	0.050446	11.392
17.94	17.94	0.050463	11.486
17.94	17.94	0.050480	11.586
17.94	17.94	0.050496	11.690
17.94	17.94	0.050513	11.785
17.94	17.95	0.050530	11.884
17.94	17.95	0.050546	11.989
17.94	17.95	0.050563	12.084
17.94	17.95	0.050580	12.184
17.94	17.95	0.050596	12.288
17.94	17.95	0.050613	12.383
17.96	17.95	0.050630	12.483
17.96	17.95	0.050646	12.587
17.96	17.95	0.050663	12.682
17.96	17.95	0.050680	12.781
17.96	17.95	0.050696	12.886
17.96	17.95	0.050713	12.981
17.96	17.95	0.050730	13.080
17.96	17.96	0.050746	13.185
17.96	17.96	0.050763	13.279
17.96	17.96	0.050780	13.380
17.96	17.96	0.050796	13.483
17.96	17.96	0.050813	13.578
17.96	17.96	0.050830	13.680
17.96	17.96	0.050846	13.782
17.96	17.96	0.050863	13.878
17.96	17.96	0.050880	13.979
17.96	17.96	0.050896	14.082
17.96	17.96	0.050913	14.176
17.96	17.96	0.050930	14.279
17.96	17.96	0.050946	14.380
17.96	17.97	0.050963	14.474
17.96	17.97	0.050980	14.579
17.96	17.97	0.050996	14.679
17.96	17.97	0.051013	14.774
17.96	17.97	0.051030	14.879
17.96	17.97	0.051046	14.978
17.96	17.97	0.051063	15.073
17.96	17.97	0.051080	15.177
17.96	17.97	0.051096	15.277
17.96	17.97	0.051113	15.372
17.96	17.97	0.051130	15.476
17.96	17.97	0.051146	15.576
17.96	17.97	0.051163	15.670
17.96	17.98	0.051180	15.775
17.96	17.98	0.051196	15.874
17.99	17.98	0.051213	15.969
17.99	17.98	0.051230	16.073
17.99	17.98	0.051246	16.169
17.99	17.98	0.051263	16.270
17.99	17.98	0.051279	16.373
17.99	17.98	0.051296	16.474
17.99	17.98	0.051313	16.569
17.99	17.98	0.051329	16.672
17.99	17.98	0.051346	16.773
17.99	17.98	0.051363	16.869
17.99	17.98	0.051379	16.971
17.99	17.99	0.051396	17.074
17.99	17.99	0.051413	17.170
17.99	17.99	0.051429	17.269
17.99	17.99	0.051446	17.374
17.99	17.99	0.051463	17.469
17.99	17.99	0.051479	17.569
17.99	17.99	0.051496	17.674
17.99	17.99	0.051513	17.769
17.99	17.99	0.051529	17.870
17.99	17.99	0.051546	17.973
17.99	17.99	0.051563	18.070
17.99	17.99	0.051579	18.169
17.99	17.99	0.051596	18.273
17.99	18.00	0.051613	18.369
17.99	18.00	0.051629	18.469
17.99	18.00	0.051646	18.574
17.99	18.00	0.051663	18.669
17.99	18.00	0.051679	18.769
17.99	18.00	0.051696	18.873
17.99	18.00	0.051713	18.969
17.99	18.00	0.051729	19.069
