100.00	0.00	7.23	30.00	150.00	2.70	97.30	2.30	

20.00	17.00	0.000000	39.863
20.00	17.00	0.000017	39.964
19.95	17.00	0.000033	40.064
19.72	17.00	0.000050	40.164
19.54	17.00	0.000067	40.263
19.05	17.00	0.000083	40.364
18.77	17.00	0.000100	40.464
18.20	17.00	0.000117	40.563
17.69	17.00	0.000133	40.664
17.46	17.00	0.000150	40.764
17.07	17.00	0.000167	40.864
16.84	17.00	0.000183	40.964
16.72	17.00	0.000200	41.093
16.72	17.00	0.000217	41.187
16.82	17.00	0.000233	41.286
16.89	17.00	0.000250	41.392
17.07	17.00	0.000267	41.486
17.25	17.00	0.000283	41.586
17.33	17.00	0.000300	41.690
17.43	17.00	0.000317	41.785
17.43	17.00	0.000333	41.886
17.43	17.00	0.000350	41.989
17.38	17.00	0.000367	42.084
17.28	17.00	0.000383	42.186
17.23	17.00	0.000400	42.288
17.07	17.00	0.000416	42.382
16.95	17.00	0.000433	42.486
16.87	17.00	0.000450	42.586
16.77	17.00	0.000466	42.681
16.72	17.00	0.000483	42.786
16.66	17.00	0.000500	42.885
16.66	17.00	0.000516	42.980
16.66	17.00	0.000533	43.084
16.66	17.00	0.000550	43.184
16.66	17.00	0.000566	43.278
16.66	17.00	0.000583	43.383
16.66	17.00	0.000600	43.482
16.69	17.00	0.000616	43.577
16.72	17.00	0.000633	43.681
16.74	17.00	0.000650	43.781
16.74	17.00	0.000666	43.875
16.74	17.00	0.000683	43.980
16.77	17.00	0.000700	44.074
16.77	17.00	0.000716	44.174
16.77	17.00	0.000733	44.279
16.77	17.00	0.000750	44.373
16.77	17.00	0.000766	44.473
16.77	17.00	0.000783	44.577
16.77	17.00	0.000800	44.672
16.77	17.00	0.000816	44.771
16.77	17.00	0.000833	44.876
16.74	17.00	0.000850	44.971
16.74	17.00	0.000866	45.070
16.74	17.00	0.000883	45.175
16.72	17.00	0.000900	45.269
16.72	17.00	0.000916	45.369
16.72	17.00	0.000933	45.473
16.72	17.00	0.000950	45.568
16.72	17.00	0.000966	45.667
16.72	17.00	0.000983	45.772
16.69	17.00	0.001000	45.867
16.69	17.00	0.001016	45.966
16.69	17.00	0.001033	46.071
16.72	17.00	0.001050	46.166
16.72	17.00	0.001066	46.266
16.72	17.00	0.001083	46.370
16.72	17.00	0.001100	46.465
16.74	17.00	0.001116	46.565
16.74	17.00	0.001133	46.669
16.77	17.00	0.001150	46.764
16.79	17.00	0.001166	46.865
16.82	17.00	0.001183	46.968
16.82	17.00	0.001200	47.063
16.84	17.00	0.001216	47.165
16.84	17.00	0.001233	47.267
16.84	17.00	0.001250	47.364
16.87	17.00	0.001266	47.465
16.87	17.00	0.001283	47.565
16.87	17.00	0.001299	47.664
16.87	17.00	0.001316	47.764
16.89	17.00	0.001333	47.864
16.89	17.00	0.001349	47.964
16.89	17.00	0.001366	48.064
16.89	17.00	0.001383	48.164
16.89	17.00	0.001399	48.264
16.89	17.00	0.001416	48.364
16.89	17.00	0.001433	48.463
16.92	17.00	0.001449	48.564
16.92	17.00	0.001466	48.663
16.92	17.00	0.001483	48.764
16.92	17.00	0.001499	48.864
16.92	17.00	0.001516	48.964
16.92	17.00	0.001533	49.064
16.92	17.00	0.001549	49.164
16.92	17.00	0.001566	49.264
16.92	17.00	0.001583	49.363
16.92	17.00	0.001599	49.464
16.95	17.00	0.001616	49.563
16.95	17.00	0.001633	49.664
16.95	17.00	0.001649	49.764
16.95	17.00	0.001666	49.864
16.95	17.00	0.001683	49.964
16.95	17.00	0.001699	50.063
16.95	17.00	0.001716	50.165
16.95	17.00	0.001733	50.264
16.95	17.00	0.001749	50.365
16.97	17.00	0.001766	50.465
16.97	17.00	0.001783	50.565
16.97	17.00	0.001799	50.666
16.97	17.00	0.001816	50.766
16.97	17.00	0.001833	50.866
16.97	17.00	0.001849	50.965
16.97	17.00	0.001866	51.066
16.97	17.00	0.001883	51.165
16.97	17.00	0.001899	51.266
16.97	17.00	0.001916	51.366
16.97	17.00	0.001933	51.466
16.97	17.00	0.001949	51.566
17.00	17.00	0.001966	51.666
17.00	17.00	0.001983	51.766
17.00	17.00	0.001999	51.865
17.00	17.00	0.002016	51.966
17.00	17.00	0.002033	52.065
17.00	17.00	0.002049	52.196
17.00	17.00	0.002066	52.290
17.00	17.00	0.002082	52.390
17.00	17.00	0.002099	52.495
17.00	17.00	0.002116	52.589
17.00	17.00	0.002132	52.689
17.00	17.00	0.002149	52.793
17.00	17.00	0.002166	52.888
17.00	17.00	0.002182	52.987
17.00	17.00	0.002199	53.092
16.97	17.00	0.002216	53.187
16.97	17.00	0.002232	53.286
16.97	17.00	0.002249	53.391
16.97	17.00	0.002266	53.485
16.97	17.00	0.002282	53.585
16.97	17.00	0.002299	53.689
16.97	17.00	0.002316	53.784
16.97	17.00	0.002332	53.884
16.97	17.00	0.002349	53.988
16.97	17.00	0.002366	54.083
17.00	17.00	0.002382	54.184
17.00	17.00	0.002399	54.287
17.00	17.00	0.002416	54.381
17.00	17.00	0.002432	54.484
17.00	17.00	0.002449	54.585
17.00	17.00	0.002466	54.680
17.00	17.00	0.002482	54.784
17.00	17.00	0.002499	54.884
17.00	17.00	0.002516	54.978
17.00	17.00	0.002532	55.083
17.00	17.00	0.002549	55.182
17.00	17.00	0.002566	55.277
17.00	17.00	0.002582	55.381
17.00	17.00	0.002599	55.481
17.00	17.00	0.002616	55.576
17.00	17.00	0.002632	55.680
17.00	17.00	0.002649	55.780
17.00	17.00	0.002666	55.874
17.00	17.00	0.002682	55.980
17.00	17.00	0.002699	56.073
17.00	17.00	0.002716	56.173
17.00	17.00	0.002732	56.279
17.00	17.00	0.002749	56.372
17.00	17.00	0.002766	56.473
17.00	17.00	0.002782	56.577
17.00	17.00	0.002799	56.671
17.00	17.00	0.002816	56.771
17.00	17.00	0.002832	56.876
17.00	17.00	0.002849	56.970
16.97	17.00	0.002866	57.070
16.97	17.00	0.002882	57.175
16.97	17.00	0.002899	57.269
16.97	17.00	0.002915	57.369
16.97	17.00	0.002932	57.473
16.97	17.00	0.002949	57.568
16.97	17.00	0.002965	57.667
16.97	17.00	0.002982	57.772
17.00	17.00	0.002999	57.867
17.00	17.00	0.003015	57.967
17.00	17.00	0.003032	58.071
17.00	17.00	0.003049	58.166
17.00	17.00	0.003065	58.267
17.00	17.00	0.003082	58.369
17.00	17.00	0.003099	58.467
17.00	17.00	0.003115	58.567
17.00	17.00	0.003132	58.668
17.00	17.00	0.003149	58.767
17.00	17.00	0.003165	58.866
17.00	17.00	0.003182	58.967
17.00	17.00	0.003199	59.066
17.02	17.00	0.003215	59.167
17.02	17.00	0.003232	59.267
17.02	17.00	0.003249	59.367
17.02	17.00	0.003265	59.467
17.02	17.00	0.003282	59.567
17.02	17.00	0.003299	59.667
17.00	17.00	0.003315	59.766
17.00	17.00	0.003332	59.867
17.00	17.00	0.003349	59.966
17.00	17.00	0.003365	00.067
17.00	17.00	0.003382	00.167
17.00	17.00	0.003399	00.267
17.00	17.00	0.003415	00.367
17.00	17.00	0.003432	00.467
17.00	17.00	0.003449	00.566
17.00	17.00	0.003465	00.667
17.00	17.00	0.003482	00.766
17.00	17.00	0.003499	00.867
17.00	17.00	0.003515	00.967
17.00	17.00	0.003532	01.067
17.00	17.00	0.003549	01.167
17.00	17.00	0.003565	01.267
16.97	17.00	0.003582	01.367
16.97	17.00	0.003599	01.466
16.97	17.00	0.003615	01.567
16.97	17.00	0.003632	01.666
16.97	17.00	0.003649	01.767
16.97	17.00	0.003665	01.867
16.97	17.00	0.003682	01.967
17.00	17.00	0.003699	02.067
17.00	17.00	0.003715	02.166
17.00	17.00	0.003732	02.267
17.00	17.00	0.003748	02.366
17.00	17.00	0.003765	02.467
17.00	17.00	0.003782	02.567
17.00	17.00	0.003798	02.667
17.00	17.00	0.003815	02.768
17.00	17.00	0.003832	02.868
17.00	17.00	0.003848	02.968
17.00	17.00	0.003865	03.067
17.00	17.00	0.003882	03.168
17.00	17.00	0.003898	03.267
17.00	17.00	0.003915	03.368
17.00	17.00	0.003932	03.468
17.00	17.00	0.003948	03.597
17.00	17.00	0.003965	03.692
17.00	17.00	0.003982	03.791
17.00	17.00	0.003998	03.896
17.00	17.00	0.004015	03.990
17.00	17.00	0.004032	04.090
17.00	17.00	0.004048	04.194
17.00	17.00	0.004065	04.289
17.00	17.00	0.004082	04.389
17.00	17.00	0.004098	04.493
17.00	17.00	0.004115	04.588
17.00	17.00	0.004132	04.687
17.00	17.00	0.004148	04.792
17.00	17.00	0.004165	04.886
17.00	17.00	0.004182	04.986
17.00	17.00	0.004198	05.090
17.00	17.00	0.004215	05.185
17.00	17.00	0.004232	05.285
17.00	17.00	0.004248	05.389
17.00	17.00	0.004265	05.484
17.00	17.00	0.004282	05.583
17.00	17.00	0.004298	05.688
17.00	17.00	0.004315	05.782
17.00	17.00	0.004332	05.883
17.00	17.00	0.004348	05.987
17.00	17.00	0.004365	06.082
17.00	17.00	0.004382	06.183
17.00	17.00	0.004398	06.286
17.00	17.00	0.004415	06.380
17.00	17.00	0.004432	06.483
17.00	17.00	0.004448	06.585
17.00	17.00	0.004465	06.680
17.00	17.00	0.004482	06.783
17.00	17.00	0.004498	06.884
17.00	17.00	0.004515	06.978
17.00	17.00	0.004532	07.083
17.00	17.00	0.004548	07.182
17.00	17.00	0.004565	07.277
17.00	17.00	0.004581	07.381
17.00	17.00	0.004598	07.481
17.00	17.00	0.004615	07.576
17.00	17.00	0.004631	07.680
17.00	17.00	0.004648	07.780
17.00	17.00	0.004665	07.874
17.00	17.00	0.004681	07.979
17.00	17.00	0.004698	08.073
17.00	17.00	0.004715	08.173
17.00	17.00	0.004731	08.278
17.00	17.00	0.004748	08.372
17.00	17.00	0.004765	08.472
17.00	17.00	0.004781	08.576
17.00	17.00	0.004798	08.671
17.00	17.00	0.004815	08.770
17.00	17.00	0.004831	08.875
17.00	17.00	0.004848	08.969
17.00	17.00	0.004865	09.069
17.00	17.00	0.004881	09.174
17.00	17.00	0.004898	09.268
17.00	17.00	0.004915	09.368
17.00	17.00	0.004931	09.472
17.00	17.00	0.004948	09.568
17.00	17.00	0.004965	09.667
17.00	17.00	0.004981	09.771
17.00	17.00	0.004998	09.868
17.00	17.00	0.005015	09.968
17.00	17.00	0.005031	10.070
17.00	17.00	0.005048	10.169
17.00	17.00	0.005065	10.269
17.00	17.00	0.005081	10.368
17.00	17.00	0.005098	10.469
17.00	17.00	0.005115	10.568
17.00	17.00	0.005131	10.669
17.00	17.00	0.005148	10.769
17.00	17.00	0.005165	10.869
17.00	17.00	0.005181	10.969
17.00	17.00	0.005198	11.068
17.00	17.00	0.005215	11.169
17.00	17.00	0.005231	11.268
17.00	17.00	0.005248	11.369
17.00	17.00	0.005265	11.469
17.00	17.00	0.005281	11.569
17.00	17.00	0.005298	11.669
16.97	17.00	0.005315	11.769
16.97	17.00	0.005331	11.869
16.97	17.00	0.005348	11.968
16.97	17.00	0.005365	12.069
16.97	17.00	0.005381	12.168
17.00	17.00	0.005398	12.269
17.00	17.00	0.005414	12.369
17.00	17.00	0.005431	12.469
17.00	17.00	0.005448	12.569
17.00	17.00	0.005464	12.669
17.00	17.00	0.005481	12.769
17.00	17.00	0.005498	12.868
17.00	17.00	0.005514	12.969
17.00	17.00	0.005531	13.068
17.00	17.00	0.005548	13.169
17.00	17.00	0.005564	13.269
17.00	17.00	0.005581	13.369
17.00	17.00	0.005598	13.469
17.00	17.00	0.005614	13.568
17.00	17.00	0.005631	13.669
17.00	17.00	0.005648	13.768
17.00	17.00	0.005664	13.869
17.00	17.00	0.005681	13.969
17.00	17.00	0.005698	14.069
17.00	17.00	0.005714	14.169
17.00	17.00	0.005731	14.269
17.00	17.00	0.005748	14.369
17.00	17.00	0.005764	14.468
17.00	17.00	0.005781	14.569
17.00	17.00	0.005798	14.668
17.00	17.00	0.005814	14.769
17.00	17.00	0.005831	14.869
17.00	17.00	0.005848	14.969
17.00	17.00	0.005864	15.069
17.00	17.00	0.005881	15.168
17.00	17.00	0.005898	15.268
17.00	17.00	0.005914	15.367
17.00	17.00	0.005931	15.492
17.00	17.00	0.005948	15.596
17.00	17.00	0.005964	15.691
17.00	17.00	0.005981	15.791
17.00	17.00	0.005998	15.895
17.00	17.00	0.006014	15.990
17.02	17.00	0.006031	16.089
17.02	17.00	0.006048	16.194
17.02	17.00	0.006064	16.288
17.02	17.00	0.006081	16.388
17.02	17.00	0.006098	16.492
17.02	17.00	0.006114	16.587
17.00	17.00	0.006131	16.687
17.00	17.00	0.006148	16.791
17.00	17.00	0.006164	16.886
17.00	17.00	0.006181	16.985
17.00	17.00	0.006198	17.090
17.00	17.00	0.006214	17.184
17.00	17.00	0.006231	17.284
17.00	17.00	0.006247	17.389
17.00	17.00	0.006264	17.483
17.00	17.00	0.006281	17.583
17.00	17.00	0.006297	17.687
17.00	17.00	0.006314	17.782
17.00	17.00	0.006331	17.882
17.00	17.00	0.006347	17.986
17.00	17.00	0.006364	18.080
17.00	17.00	0.006381	18.182
17.00	17.00	0.006397	18.285
17.00	17.00	0.006414	18.380
17.00	17.00	0.006431	18.482
17.00	17.00	0.006447	18.584
17.00	17.00	0.006464	18.678
17.00	17.00	0.006481	18.782
17.00	17.00	0.006497	18.883
17.00	17.00	0.006514	18.978
17.00	17.00	0.006531	19.082
17.00	17.00	0.006547	19.182
17.00	17.00	0.006564	19.276
16.97	17.00	0.006581	19.380
16.97	17.00	0.006597	19.480
16.97	17.00	0.006614	19.574
16.97	17.00	0.006631	19.679
16.97	17.00	0.006647	19.779
17.00	17.00	0.006664	19.873
17.00	17.00	0.006681	19.978
17.00	17.00	0.006697	20.078
17.00	17.00	0.006714	20.172
17.00	17.00	0.006731	20.277
17.00	17.00	0.006747	20.372
17.00	17.00	0.006764	20.471
17.00	17.00	0.006781	20.576
17.00	17.00	0.006797	20.670
17.00	17.00	0.006814	20.771
17.00	17.00	0.006831	20.874
17.00	17.00	0.006847	20.971
17.00	17.00	0.006864	21.070
17.00	17.00	0.006881	21.173
17.00	17.00	0.006897	21.271
17.00	17.00	0.006914	21.371
17.00	17.00	0.006931	21.472
17.00	17.00	0.006947	21.571
17.00	17.00	0.006964	21.671
17.00	17.00	0.006981	21.770
17.00	17.00	0.006997	21.871
17.00	17.00	0.007014	21.970
17.00	17.00	0.007031	22.071
17.00	17.00	0.007047	22.171
17.00	17.00	0.007064	22.271
17.00	17.00	0.007080	22.371
17.00	17.00	0.007097	22.471
17.00	17.00	0.007114	22.571
17.00	17.00	0.007130	22.670
17.00	17.00	0.007147	22.771
17.00	17.00	0.007164	22.871
17.00	17.00	0.007180	22.971
17.00	17.00	0.007197	23.071
17.00	17.00	0.007214	23.171
17.00	17.00	0.007230	23.271
17.00	17.00	0.007247	23.370
17.00	17.00	0.007264	23.471
17.00	17.00	0.007280	23.570
17.00	17.00	0.007297	23.671
17.00	17.00	0.007314	23.771
17.00	17.00	0.007330	23.871
17.00	17.00	0.007347	23.971
17.00	17.00	0.007364	24.071
17.00	17.00	0.007380	24.171
17.00	17.00	0.007397	24.270
17.00	17.00	0.007414	24.371
17.00	17.00	0.007430	24.470
17.00	17.00	0.007447	24.571
17.00	17.00	0.007464	24.671
17.00	17.00	0.007480	24.771
17.00	17.00	0.007497	24.871
17.00	17.00	0.007514	24.970
17.00	17.00	0.007530	25.071
17.00	17.00	0.007547	25.170
17.00	17.00	0.007564	25.271
17.00	17.00	0.007580	25.371
17.00	17.00	0.007597	25.471
17.00	17.00	0.007614	25.571
17.00	17.00	0.007630	25.671
17.00	17.00	0.007647	25.771
17.00	17.00	0.007664	25.870
17.00	17.00	0.007680	25.971
17.00	17.00	0.007697	26.071
17.00	17.00	0.007714	26.171
17.00	17.00	0.007730	26.271
17.00	17.00	0.007747	26.371
17.00	17.00	0.007764	26.471
17.00	17.00	0.007780	26.570
17.00	17.00	0.007797	26.700
17.00	17.00	0.007814	26.799
17.00	17.00	0.007830	26.894
17.00	17.00	0.007847	26.998
17.00	17.00	0.007864	27.098
17.00	17.00	0.007880	27.193
17.00	17.00	0.007897	27.297
17.00	17.00	0.007913	27.397
17.00	17.00	0.007930	27.491
17.00	17.00	0.007947	27.596
17.00	17.00	0.007963	27.690
17.00	17.00	0.007980	27.790
17.00	17.00	0.007997	27.894
17.00	17.00	0.008013	27.989
17.00	17.00	0.008030	28.089
17.00	17.00	0.008047	28.193
17.00	17.00	0.008063	28.288
17.00	17.00	0.008080	28.387
17.00	17.00	0.008097	28.492
17.00	17.00	0.008113	28.586
17.00	17.00	0.008130	28.686
17.00	17.00	0.008147	28.791
17.00	17.00	0.008163	28.885
17.00	17.00	0.008180	28.985
17.00	17.00	0.008197	29.089
17.00	17.00	0.008213	29.184
17.00	17.00	0.008230	29.283
17.00	17.00	0.008247	29.388
17.00	17.00	0.008263	29.482
17.00	17.00	0.008280	29.582
17.00	17.00	0.008297	29.687
17.00	17.00	0.008313	29.782
17.00	17.00	0.008330	29.881
17.00	17.00	0.008347	29.986
17.00	17.00	0.008363	30.080
17.00	17.00	0.008380	30.181
17.00	17.00	0.008397	30.284
17.00	17.00	0.008413	30.382
17.00	17.00	0.008430	30.482
17.00	17.00	0.008447	30.583
17.00	17.00	0.008463	30.682
17.00	17.00	0.008480	30.781
17.00	17.00	0.008497	30.882
17.00	17.00	0.008513	30.981
17.00	17.00	0.008530	31.082
17.00	17.00	0.008547	31.182
17.00	17.00	0.008563	31.282
17.00	17.00	0.008580	31.382
17.00	17.00	0.008597	31.482
17.00	17.00	0.008613	31.582
17.00	17.00	0.008630	31.682
17.00	17.00	0.008647	31.782
17.00	17.00	0.008663	31.882
17.00	17.00	0.008680	31.982
17.00	17.00	0.008697	32.081
17.00	17.00	0.008713	32.182
17.00	17.00	0.008730	32.281
17.00	17.00	0.008746	32.382
17.00	17.00	0.008763	32.482
17.00	17.00	0.008780	32.582
17.00	17.00	0.008796	32.682
17.00	17.00	0.008813	32.782
17.00	17.00	0.008830	32.881
17.00	17.00	0.008846	32.982
17.00	17.00	0.008863	33.081
17.00	17.00	0.008880	33.182
17.00	17.00	0.008896	33.282
17.00	17.00	0.008913	33.382
17.00	17.00	0.008930	33.482
17.00	17.00	0.008946	33.581
17.00	17.00	0.008963	33.682
17.00	17.00	0.008980	33.782
17.00	17.00	0.008996	33.882
17.00	17.00	0.009013	33.982
17.00	17.00	0.009030	34.082
17.00	17.00	0.009046	34.182
17.00	17.00	0.009063	34.282
17.00	17.00	0.009080	34.382
17.00	17.00	0.009096	34.482
17.00	17.00	0.009113	34.582
17.00	17.00	0.009130	34.682
17.00	17.00	0.009146	34.782
17.00	17.00	0.009163	34.882
17.00	17.00	0.009180	34.982
17.00	17.00	0.009196	35.082
17.00	17.00	0.009213	35.182
17.00	17.00	0.009230	35.282
17.00	17.00	0.009246	35.382
17.00	17.00	0.009263	35.482
17.00	17.00	0.009280	35.582
17.00	17.00	0.009296	35.681
17.00	17.00	0.009313	35.811
17.00	17.00	0.009330	35.905
17.00	17.00	0.009346	36.005
17.00	17.00	0.009363	36.110
17.00	17.00	0.009380	36.204
17.00	17.00	0.009396	36.304
17.00	17.00	0.009413	36.408
17.00	17.00	0.009430	36.503
17.00	17.00	0.009446	36.602
17.00	17.00	0.009463	36.707
17.00	17.00	0.009480	36.802
17.00	17.00	0.009496	36.901
17.00	17.00	0.009513	37.006
17.00	17.00	0.009530	37.100
17.00	17.00	0.009546	37.200
17.00	17.00	0.009563	37.304
17.00	17.00	0.009579	37.399
17.00	17.00	0.009596	37.500
17.00	17.00	0.009613	37.603
17.00	17.00	0.009629	37.698
17.00	17.00	0.009646	37.800
17.00	17.00	0.009663	37.902
17.00	17.00	0.009679	37.996
17.00	17.00	0.009696	38.100
17.00	17.00	0.009713	38.200
17.00	17.00	0.009729	38.295
17.00	17.00	0.009746	38.400
17.00	17.00	0.009763	38.499
17.00	17.00	0.009779	38.594
17.00	17.00	0.009796	38.698
17.00	17.00	0.009813	38.798
17.00	17.00	0.009829	38.892
17.00	17.00	0.009846	38.998
17.00	17.00	0.009863	39.097
17.00	17.00	0.009879	39.192
17.00	17.00	0.009896	39.296
17.00	17.00	0.009913	39.396
17.00	17.00	0.009929	39.490
17.00	17.00	0.009946	39.595
17.00	17.00	0.009963	39.689
17.00	17.00	0.009979	39.789
17.00	17.00	0.009996	39.894
17.00	17.00	0.010013	39.988
17.00	17.00	0.010029	40.088
17.00	17.00	0.010046	40.192
17.00	17.00	0.010063	40.287
17.00	17.00	0.010079	40.386
17.00	17.00	0.010096	40.491
17.00	17.00	0.010113	40.585
17.00	17.00	0.010129	40.685
17.00	17.00	0.010146	40.790
17.00	17.00	0.010163	40.884
17.00	17.00	0.010179	40.984
17.00	17.00	0.010196	41.088
17.00	17.00	0.010213	41.183
17.00	17.00	0.010229	41.283
17.00	17.00	0.010246	41.387
17.00	17.00	0.010263	41.483
17.00	17.00	0.010279	41.583
17.00	17.00	0.010296	41.686
17.00	17.00	0.010313	41.782
17.00	17.00	0.010329	41.883
17.00	17.00	0.010346	41.984
17.00	17.00	0.010363	42.083
17.00	17.00	0.010379	42.183
17.00	17.00	0.010396	42.283
17.00	17.00	0.010412	42.383
17.00	17.00	0.010429	42.482
17.00	17.00	0.010446	42.583
17.00	17.00	0.010462	42.682
17.00	17.00	0.010479	42.783
17.00	17.00	0.010496	42.883
17.00	17.00	0.010512	42.983
17.00	17.00	0.010529	43.083
17.00	17.00	0.010546	43.183
17.00	17.00	0.010562	43.283
17.00	17.00	0.010579	43.382
17.00	17.00	0.010596	43.483
17.00	17.00	0.010612	43.582
17.00	17.00	0.010629	43.683
17.00	17.00	0.010646	43.783
17.00	17.00	0.010662	43.883
17.00	17.00	0.010679	43.983
17.00	17.00	0.010696	44.083
17.00	17.00	0.010712	44.183
17.00	17.00	0.010729	44.282
17.00	17.00	0.010746	44.383
17.00	17.00	0.010762	44.482
17.00	17.00	0.010779	44.583
17.00	17.00	0.010796	44.683
17.00	17.00	0.010812	44.783
17.00	17.00	0.010829	44.883
17.00	17.00	0.010846	44.982
17.00	17.00	0.010862	45.083
17.00	17.00	0.010879	45.182
17.00	17.00	0.010896	45.283
17.00	17.00	0.010912	45.383
17.00	17.00	0.010929	45.483
17.00	17.00	0.010946	45.583
17.00	17.00	0.010962	45.683
17.00	17.00	0.010979	45.783
17.00	17.00	0.010996	45.882
17.00	17.00	0.011012	45.983
17.00	17.00	0.011029	46.082
17.00	17.00	0.011046	46.183
17.00	17.00	0.011062	46.283
17.00	17.00	0.011079	46.383
17.00	17.00	0.011096	46.483
17.00	17.00	0.011112	46.583
17.00	17.00	0.011129	46.683
17.00	17.00	0.011146	46.782
17.00	17.00	0.011162	46.883
17.00	17.00	0.011179	46.982
17.00	17.00	0.011196	47.083
17.00	17.00	0.011212	47.183
17.00	17.00	0.011229	47.307
17.00	17.00	0.011245	47.383
17.00	17.00	0.011262	47.482
17.00	17.00	0.011279	47.606
17.00	17.00	0.011295	47.705
17.00	17.00	0.011312	47.810
17.00	17.00	0.011329	47.904
17.00	17.00	0.011345	48.004
17.00	17.00	0.011362	48.109
17.00	17.00	0.011379	48.203
17.00	17.00	0.011395	48.303
17.00	17.00	0.011412	48.407
17.00	17.00	0.011429	48.502
17.00	17.00	0.011445	48.601
17.00	17.00	0.011462	48.706
17.00	17.00	0.011479	48.801
17.00	17.00	0.011495	48.901
17.00	17.00	0.011512	49.006
17.00	17.00	0.011529	49.099
17.00	17.00	0.011545	49.200
17.00	17.00	0.011562	49.304
17.00	17.00	0.011579	49.399
17.00	17.00	0.011595	49.499
17.00	17.00	0.011612	49.603
17.00	17.00	0.011629	49.698
17.00	17.00	0.011645	49.799
17.00	17.00	0.011662	49.902
17.00	17.00	0.011679	49.996
17.00	17.00	0.011695	50.099
17.00	17.00	0.011712	50.200
17.00	17.00	0.011729	50.294
17.00	17.00	0.011745	50.399
17.00	17.00	0.011762	50.499
17.00	17.00	0.011779	50.593
17.00	17.00	0.011795	50.698
17.00	17.00	0.011812	50.797
16.97	17.00	0.011829	50.892
16.97	17.00	0.011845	50.997
16.97	17.00	0.011862	51.096
16.97	17.00	0.011879	51.191
17.00	17.00	0.011895	51.295
17.00	17.00	0.011912	51.395
17.00	17.00	0.011929	51.489
17.00	17.00	0.011945	51.594
17.00	17.00	0.011962	51.689
17.00	17.00	0.011979	51.788
17.00	17.00	0.011995	51.893
17.00	17.00	0.012012	51.987
17.00	17.00	0.012029	52.087
17.00	17.00	0.012045	52.191
17.00	17.00	0.012062	52.286
17.00	17.00	0.012078	52.386
17.00	17.00	0.012095	52.490
17.00	17.00	0.012112	52.585
17.00	17.00	0.012128	52.684
17.00	17.00	0.012145	52.789
17.00	17.00	0.012162	52.883
17.00	17.00	0.012178	52.983
17.00	17.00	0.012195	53.087
17.02	17.00	0.012212	53.183
17.02	17.00	0.012228	53.283
17.02	17.00	0.012245	53.386
17.02	17.00	0.012262	53.483
17.02	17.00	0.012278	53.582
17.02	17.00	0.012295	53.685
17.02	17.00	0.012312	53.783
17.02	17.00	0.012328	53.883
17.00	17.00	0.012345	53.984
17.00	17.00	0.012362	54.083
17.00	17.00	0.012378	54.183
17.00	17.00	0.012395	54.282
17.00	17.00	0.012412	54.383
17.00	17.00	0.012428	54.482
17.00	17.00	0.012445	54.583
17.00	17.00	0.012462	54.683
17.00	17.00	0.012478	54.783
17.00	17.00	0.012495	54.883
17.00	17.00	0.012512	54.982
17.00	17.00	0.012528	55.083
17.00	17.00	0.012545	55.182
17.00	17.00	0.012562	55.283
17.00	17.00	0.012578	55.383
17.00	17.00	0.012595	55.483
17.00	17.00	0.012612	55.583
17.00	17.00	0.012628	55.683
17.00	17.00	0.012645	55.783
17.00	17.00	0.012662	55.882
17.00	17.00	0.012678	55.983
17.00	17.00	0.012695	56.082
17.00	17.00	0.012712	56.183
16.97	17.00	0.012728	56.283
16.97	17.00	0.012745	56.383
16.97	17.00	0.012762	56.483
16.97	17.00	0.012778	56.582
17.00	17.00	0.012795	56.683
17.00	17.00	0.012812	56.782
17.00	17.00	0.012828	56.883
17.00	17.00	0.012845	56.983
17.00	17.00	0.012862	57.083
17.00	17.00	0.012878	57.183
17.00	17.00	0.012895	57.283
17.00	17.00	0.012911	57.383
17.00	17.00	0.012928	57.482
17.00	17.00	0.012945	57.583
17.00	17.00	0.012961	57.683
17.00	17.00	0.012978	57.783
17.00	17.00	0.012995	57.883
17.00	17.00	0.013011	57.983
17.00	17.00	0.013028	58.083
17.00	17.00	0.013045	58.182
17.00	17.00	0.013061	58.283
17.00	17.00	0.013078	58.383
17.00	17.00	0.013095	58.483
17.00	17.00	0.013111	58.583
17.00	17.00	0.013128	58.683
17.00	17.00	0.013145	58.783
17.02	17.00	0.013161	58.882
17.02	17.00	0.013178	58.983
17.02	17.00	0.013195	59.082
17.02	17.00	0.013211	59.212
17.02	17.00	0.013228	59.306
17.02	17.00	0.013245	59.406
17.02	17.00	0.013261	59.511
17.00	17.00	0.013278	59.605
17.00	17.00	0.013295	59.705
17.00	17.00	0.013311	59.809
17.00	17.00	0.013328	59.904
17.00	17.00	0.013345	00.003
17.00	17.00	0.013361	00.108
17.00	17.00	0.013378	00.203
17.00	17.00	0.013395	00.302
17.00	17.00	0.013411	00.407
17.00	17.00	0.013428	00.501
17.00	17.00	0.013445	00.601
17.00	17.00	0.013461	00.705
17.00	17.00	0.013478	00.800
17.00	17.00	0.013495	00.899
17.00	17.00	0.013511	01.004
17.00	17.00	0.013528	01.099
17.00	17.00	0.013545	01.199
17.00	17.00	0.013561	01.303
17.00	17.00	0.013578	01.397
17.00	17.00	0.013595	01.499
17.00	17.00	0.013611	01.602
17.00	17.00	0.013628	01.696
17.00	17.00	0.013645	01.799
17.00	17.00	0.013661	01.900
17.00	17.00	0.013678	01.996
17.00	17.00	0.013695	02.098
17.00	17.00	0.013711	02.200
17.00	17.00	0.013728	02.294
17.00	17.00	0.013744	02.399
16.97	17.00	0.013761	02.498
16.97	17.00	0.013778	02.593
16.97	17.00	0.013794	02.698
16.97	17.00	0.013811	02.797
16.97	17.00	0.013828	02.892
16.97	17.00	0.013844	02.996
17.00	17.00	0.013861	03.096
17.00	17.00	0.013878	03.190
17.00	17.00	0.013894	03.295
17.00	17.00	0.013911	03.395
17.00	17.00	0.013928	03.489
17.00	17.00	0.013944	03.594
17.00	17.00	0.013961	03.688
17.00	17.00	0.013978	03.788
17.00	17.00	0.013994	03.892
17.00	17.00	0.014011	03.987
17.00	17.00	0.014028	04.086
17.00	17.00	0.014044	04.191
17.00	17.00	0.014061	04.286
17.00	17.00	0.014078	04.385
17.00	17.00	0.014094	04.490
17.00	17.00	0.014111	04.584
17.02	17.00	0.014128	04.684
17.02	17.00	0.014144	04.788
17.02	17.00	0.014161	04.883
17.02	17.00	0.014178	04.983
17.02	17.00	0.014194	05.087
17.02	17.00	0.014211	05.183
17.02	17.00	0.014228	05.283
17.02	17.00	0.014244	05.386
17.02	17.00	0.014261	05.482
17.00	17.00	0.014278	05.582
17.00	17.00	0.014294	05.684
17.00	17.00	0.014311	05.783
17.00	17.00	0.014328	05.883
17.00	17.00	0.014344	05.983
17.00	17.00	0.014361	06.082
17.00	17.00	0.014378	06.183
17.00	17.00	0.014394	06.282
17.00	17.00	0.014411	06.383
17.00	17.00	0.014428	06.483
17.00	17.00	0.014444	06.583
17.00	17.00	0.014461	06.683
17.00	17.00	0.014478	06.783
17.00	17.00	0.014494	06.883
17.00	17.00	0.014511	06.982
17.00	17.00	0.014528	07.083
17.00	17.00	0.014544	07.182
17.00	17.00	0.014561	07.283
17.00	17.00	0.014577	07.383
17.00	17.00	0.014594	07.483
17.00	17.00	0.014611	07.583
16.97	17.00	0.014627	07.683
16.97	17.00	0.014644	07.783
16.97	17.00	0.014661	07.882
16.97	17.00	0.014677	07.983
16.97	17.00	0.014694	08.082
17.00	17.00	0.014711	08.183
17.00	17.00	0.014727	08.283
17.00	17.00	0.014744	08.383
17.00	17.00	0.014761	08.483
17.00	17.00	0.014777	08.582
17.00	17.00	0.014794	08.683
17.00	17.00	0.014811	08.782
17.00	17.00	0.014827	08.883
17.00	17.00	0.014844	08.983
17.00	17.00	0.014861	09.083
17.00	17.00	0.014877	09.183
17.00	17.00	0.014894	09.283
17.00	17.00	0.014911	09.383
17.00	17.00	0.014927	09.482
17.00	17.00	0.014944	09.583
17.00	17.00	0.014961	09.682
17.00	17.00	0.014977	09.783
17.00	17.00	0.014994	09.883
17.00	17.00	0.015011	09.983
17.00	17.00	0.015027	10.083
17.00	17.00	0.015044	10.182
17.00	17.00	0.015061	10.283
17.00	17.00	0.015077	10.382
17.00	17.00	0.015094	10.483
17.00	17.00	0.015111	10.583
17.00	17.00	0.015127	10.683
17.00	17.00	0.015144	10.783
17.00	17.00	0.015161	10.883
17.00	17.00	0.015177	10.983
17.00	17.00	0.015194	11.082
17.00	17.00	0.015211	11.211
17.00	17.00	0.015227	11.305
17.00	17.00	0.015244	11.405
17.00	17.00	0.015261	11.510
17.02	17.00	0.015277	11.605
17.02	17.00	0.015294	11.705
17.02	17.00	0.015311	11.809
17.02	17.00	0.015327	11.904
17.02	17.00	0.015344	12.003
17.02	17.00	0.015361	12.108
17.00	17.00	0.015377	12.202
17.00	17.00	0.015394	12.302
17.00	17.00	0.015410	12.407
17.00	17.00	0.015427	12.501
17.00	17.00	0.015444	12.601
17.00	17.00	0.015460	12.705
17.00	17.00	0.015477	12.800
17.00	17.00	0.015494	12.899
17.00	17.00	0.015510	13.004
17.00	17.00	0.015527	13.099
17.00	17.00	0.015544	13.198
17.00	17.00	0.015560	13.303
17.00	17.00	0.015577	13.397
17.00	17.00	0.015594	13.498
17.00	17.00	0.015610	13.601
17.00	17.00	0.015627	13.696
17.00	17.00	0.015644	13.797
17.00	17.00	0.015660	13.900
17.00	17.00	0.015677	13.995
17.00	17.00	0.015694	14.098
17.00	17.00	0.015710	14.199
17.00	17.00	0.015727	14.293
17.00	17.00	0.015744	14.398
17.00	17.00	0.015760	14.497
17.00	17.00	0.015777	14.592
17.00	17.00	0.015794	14.696
17.00	17.00	0.015810	14.796
17.00	17.00	0.015827	14.891
17.00	17.00	0.015844	14.995
17.00	17.00	0.015860	15.095
17.00	17.00	0.015877	15.189
17.00	17.00	0.015894	15.294
17.00	17.00	0.015910	15.393
17.00	17.00	0.015927	15.488
17.00	17.00	0.015944	15.593
17.00	17.00	0.015960	15.687
17.00	17.00	0.015977	15.787
17.00	17.00	0.015994	15.891
17.00	17.00	0.016010	15.986
17.00	17.00	0.016027	16.085
17.00	17.00	0.016044	16.190
17.00	17.00	0.016060	16.284
17.00	17.00	0.016077	16.384
17.00	17.00	0.016094	16.489
17.00	17.00	0.016110	16.583
17.00	17.00	0.016127	16.683
17.00	17.00	0.016144	16.787
17.00	17.00	0.016160	16.883
17.00	17.00	0.016177	16.982
17.00	17.00	0.016194	17.086
17.00	17.00	0.016210	17.183
17.00	17.00	0.016227	17.283
17.00	17.00	0.016244	17.385
17.00	17.00	0.016260	17.483
17.00	17.00	0.016277	17.583
17.00	17.00	0.016293	17.683
17.00	17.00	0.016310	17.783
17.00	17.00	0.016327	17.882
17.00	17.00	0.016343	17.983
17.00	17.00	0.016360	18.083
16.97	17.00	0.016377	18.183
16.97	17.00	0.016393	18.283
16.97	17.00	0.016410	18.382
16.97	17.00	0.016427	18.483
16.97	17.00	0.016443	18.582
17.00	17.00	0.016460	18.683
17.00	17.00	0.016477	18.783
17.00	17.00	0.016493	18.883
17.00	17.00	0.016510	18.983
17.00	17.00	0.016527	19.083
17.00	17.00	0.016543	19.183
17.00	17.00	0.016560	19.282
17.00	17.00	0.016577	19.383
17.00	17.00	0.016593	19.482
17.00	17.00	0.016610	19.583
17.00	17.00	0.016627	19.683
17.00	17.00	0.016643	19.783
17.00	17.00	0.016660	19.883
17.00	17.00	0.016677	19.982
17.02	17.00	0.016693	20.083
17.02	17.00	0.016710	20.182
17.02	17.00	0.016727	20.283
17.02	17.00	0.016743	20.383
17.02	17.00	0.016760	20.482
17.02	17.00	0.016777	20.582
17.02	17.00	0.016793	20.682
17.02	17.00	0.016810	20.782
17.00	17.00	0.016827	20.882
17.00	17.00	0.016843	20.982
17.00	17.00	0.016860	21.081
17.00	17.00	0.016877	21.182
17.00	17.00	0.016893	21.282
17.00	17.00	0.016910	21.382
17.00	17.00	0.016927	21.482
17.00	17.00	0.016943	21.582
17.00	17.00	0.016960	21.682
17.00	17.00	0.016977	21.782
17.00	17.00	0.016993	21.882
17.00	17.00	0.017010	21.982
17.00	17.00	0.017027	22.082
17.00	17.00	0.017043	22.182
17.00	17.00	0.017060	22.282
17.00	17.00	0.017077	22.382
17.00	17.00	0.017093	22.482
17.00	17.00	0.017110	22.582
17.00	17.00	0.017126	22.682
17.00	17.00	0.017143	22.783
17.00	17.00	0.017160	22.882
17.00	17.00	0.017176	23.006
17.00	17.00	0.017193	23.106
17.00	17.00	0.017210	23.210
17.00	17.00	0.017226	23.305
17.00	17.00	0.017243	23.404
17.00	17.00	0.017260	23.509
17.00	17.00	0.017276	23.603
17.00	17.00	0.017293	23.703
17.00	17.00	0.017310	23.807
17.00	17.00	0.017326	23.902
17.00	17.00	0.017343	24.002
17.00	17.00	0.017360	24.106
17.00	17.00	0.017376	24.201
17.00	17.00	0.017393	24.300
17.00	17.00	0.017410	24.405
17.00	17.00	0.017426	24.500
17.00	17.00	0.017443	24.599
17.00	17.00	0.017460	24.704
17.00	17.00	0.017476	24.798
17.00	17.00	0.017493	24.898
17.00	17.00	0.017510	25.003
17.00	17.00	0.017526	25.097
17.00	17.00	0.017543	25.197
17.00	17.00	0.017560	25.301
17.00	17.00	0.017576	25.396
17.00	17.00	0.017593	25.497
17.00	17.00	0.017610	25.600
17.00	17.00	0.017626	25.695
17.00	17.00	0.017643	25.797
17.00	17.00	0.017660	25.899
17.00	17.00	0.017676	25.993
17.00	17.00	0.017693	26.097
17.00	17.00	0.017710	26.197
17.00	17.00	0.017726	26.292
17.00	17.00	0.017743	26.396
17.00	17.00	0.017760	26.496
17.00	17.00	0.017776	26.591
17.00	17.00	0.017793	26.695
17.00	17.00	0.017810	26.795
17.00	17.00	0.017826	26.889
17.00	17.00	0.017843	26.994
17.00	17.00	0.017860	27.093
17.00	17.00	0.017876	27.189
17.00	17.00	0.017893	27.293
17.00	17.00	0.017910	27.393
17.00	17.00	0.017926	27.488
17.00	17.00	0.017943	27.592
17.00	17.00	0.017959	27.687
17.00	17.00	0.017976	27.786
17.00	17.00	0.017993	27.891
17.00	17.00	0.018009	27.985
17.00	17.00	0.018026	28.085
17.00	17.00	0.018043	28.190
17.00	17.00	0.018059	28.284
17.00	17.00	0.018076	28.384
17.00	17.00	0.018093	28.488
17.00	17.00	0.018109	28.583
17.00	17.00	0.018126	28.682
17.00	17.00	0.018143	28.787
17.00	17.00	0.018159	28.883
17.00	17.00	0.018176	28.983
17.00	17.00	0.018193	29.086
17.00	17.00	0.018209	29.183
17.00	17.00	0.018226	29.283
17.00	17.00	0.018243	29.384
17.00	17.00	0.018259	29.483
17.00	17.00	0.018276	29.582
17.00	17.00	0.018293	29.683
17.00	17.00	0.018309	29.783
17.00	17.00	0.018326	29.883
17.00	17.00	0.018343	29.983
17.00	17.00	0.018359	30.083
17.00	17.00	0.018376	30.183
17.00	17.00	0.018393	30.282
17.00	17.00	0.018409	30.383
17.00	17.00	0.018426	30.483
17.00	17.00	0.018443	30.583
17.00	17.00	0.018459	30.683
17.00	17.00	0.018476	30.783
17.00	17.00	0.018493	30.883
17.00	17.00	0.018509	30.982
17.00	17.00	0.018526	31.083
17.00	17.00	0.018543	31.182
17.00	17.00	0.018559	31.283
17.00	17.00	0.018576	31.383
16.97	17.00	0.018593	31.483
16.97	17.00	0.018609	31.583
16.97	17.00	0.018626	31.683
16.97	17.00	0.018643	31.783
16.97	17.00	0.018659	31.882
17.00	17.00	0.018676	31.983
17.00	17.00	0.018693	32.082
17.00	17.00	0.018709	32.183
17.00	17.00	0.018726	32.283
17.00	17.00	0.018743	32.383
17.00	17.00	0.018759	32.483
17.00	17.00	0.018776	32.582
17.00	17.00	0.018792	32.683
17.00	17.00	0.018809	32.782
17.00	17.00	0.018826	32.883
17.00	17.00	0.018842	32.983
17.00	17.00	0.018859	33.083
17.00	17.00	0.018876	33.183
17.00	17.00	0.018892	33.283
17.00	17.00	0.018909	33.383
17.00	17.00	0.018926	33.482
17.00	17.00	0.018942	33.583
17.00	17.00	0.018959	33.684
17.00	17.00	0.018976	33.784
17.00	17.00	0.018992	33.884
17.00	17.00	0.019009	33.983
17.00	17.00	0.019026	34.084
17.02	17.00	0.019042	34.183
17.02	17.00	0.019059	34.284
17.02	17.00	0.019076	34.384
17.02	17.00	0.019092	34.508
17.02	17.00	0.019109	34.613
17.02	17.00	0.019126	34.712
17.00	17.00	0.019142	34.807
17.00	17.00	0.019159	34.911
17.00	17.00	0.019176	35.006
17.00	17.00	0.019192	35.105
17.00	17.00	0.019209	35.210
17.00	17.00	0.019226	35.305
17.00	17.00	0.019242	35.404
17.00	17.00	0.019259	35.509
17.00	17.00	0.019276	35.603
17.00	17.00	0.019292	35.703
17.00	17.00	0.019309	35.807
17.00	17.00	0.019326	35.902
17.00	17.00	0.019342	36.001
17.00	17.00	0.019359	36.106
17.00	17.00	0.019376	36.201
17.00	17.00	0.019392	36.300
17.00	17.00	0.019409	36.405
17.00	17.00	0.019426	36.499
17.00	17.00	0.019442	36.599
17.00	17.00	0.019459	36.703
17.00	17.00	0.019476	36.798
17.00	17.00	0.019492	36.898
17.00	17.00	0.019509	37.002
17.00	17.00	0.019526	37.097
17.00	17.00	0.019542	37.196
17.00	17.00	0.019559	37.301
17.00	17.00	0.019576	37.395
17.00	17.00	0.019592	37.496
17.00	17.00	0.019609	37.599
17.00	17.00	0.019625	37.694
17.00	17.00	0.019642	37.796
17.00	17.00	0.019659	37.898
17.00	17.00	0.019675	37.993
17.00	17.00	0.019692	38.096
17.00	17.00	0.019709	38.197
17.00	17.00	0.019725	38.291
17.00	17.00	0.019742	38.396
17.00	17.00	0.019759	38.495
17.00	17.00	0.019775	38.590
17.00	17.00	0.019792	38.695
17.00	17.00	0.019809	38.794
17.00	17.00	0.019825	38.889
17.00	17.00	0.019842	38.993
17.00	17.00	0.019859	39.093
17.00	17.00	0.019875	39.187
17.00	17.00	0.019892	39.292
17.00	17.00	0.019909	39.392
17.00	17.00	0.019925	39.486
17.00	17.00	0.019942	39.591
17.00	17.00	0.019959	39.685
17.00	17.00	0.019975	39.785
17.00	17.00	0.019992	39.889
17.00	17.00	0.020009	39.985
17.00	17.00	0.020025	40.084
17.00	17.00	0.020042	40.188
17.00	17.00	0.020059	40.285
17.00	17.00	0.020075	40.385
17.00	17.00	0.020092	40.487
17.00	17.00	0.020109	40.584
17.00	17.00	0.020125	40.685
17.00	17.00	0.020142	40.785
17.00	17.00	0.020159	40.885
17.00	17.00	0.020175	40.985
17.00	17.00	0.020192	41.085
17.00	17.00	0.020209	41.185
17.00	17.00	0.020225	41.285
17.00	17.00	0.020242	41.385
17.00	17.00	0.020259	41.484
17.00	17.00	0.020275	41.585
17.00	17.00	0.020292	41.684
17.00	17.00	0.020309	41.785
16.97	17.00	0.020325	41.885
16.97	17.00	0.020342	41.985
16.97	17.00	0.020359	42.085
16.97	17.00	0.020375	42.184
17.00	17.00	0.020392	42.285
17.00	17.00	0.020409	42.384
17.00	17.00	0.020425	42.485
17.00	17.00	0.020442	42.585
17.00	17.00	0.020458	42.685
17.00	17.00	0.020475	42.785
17.00	17.00	0.020492	42.885
17.00	17.00	0.020508	42.985
17.00	17.00	0.020525	43.084
17.00	17.00	0.020542	43.185
17.00	17.00	0.020558	43.284
17.02	17.00	0.020575	43.385
17.02	17.00	0.020592	43.485
17.02	17.00	0.020608	43.585
17.02	17.00	0.020625	43.685
17.02	17.00	0.020642	43.785
17.02	17.00	0.020658	43.885
17.02	17.00	0.020675	43.984
17.02	17.00	0.020692	44.085
17.02	17.00	0.020708	44.185
17.00	17.00	0.020725	44.285
17.00	17.00	0.020742	44.385
17.00	17.00	0.020758	44.485
17.00	17.00	0.020775	44.585
17.00	17.00	0.020792	44.684
17.00	17.00	0.020808	44.785
17.00	17.00	0.020825	44.884
17.00	17.00	0.020842	44.985
17.00	17.00	0.020858	45.085
17.00	17.00	0.020875	45.185
17.00	17.00	0.020892	45.285
17.00	17.00	0.020908	45.385
17.00	17.00	0.020925	45.485
17.00	17.00	0.020942	45.584
17.00	17.00	0.020958	45.685
17.00	17.00	0.020975	45.784
17.00	17.00	0.020992	45.885
17.00	17.00	0.021008	45.985
17.00	17.00	0.021025	46.114
17.00	17.00	0.021042	46.209
17.00	17.00	0.021058	46.313
17.00	17.00	0.021075	46.413
17.00	17.00	0.021092	46.507
17.00	17.00	0.021108	46.612
17.00	17.00	0.021125	46.711
16.97	17.00	0.021142	46.806
16.97	17.00	0.021158	46.911
16.97	17.00	0.021175	47.005
16.97	17.00	0.021192	47.105
16.97	17.00	0.021208	47.209
16.97	17.00	0.021225	47.304
17.00	17.00	0.021242	47.403
17.00	17.00	0.021258	47.508
17.00	17.00	0.021275	47.602
17.00	17.00	0.021291	47.702
17.00	17.00	0.021308	47.807
17.00	17.00	0.021325	47.901
17.00	17.00	0.021341	48.001
17.00	17.00	0.021358	48.105
17.00	17.00	0.021375	48.200
17.00	17.00	0.021391	48.299
17.00	17.00	0.021408	48.404
17.00	17.00	0.021425	48.499
17.02	17.00	0.021441	48.598
17.02	17.00	0.021458	48.703
17.02	17.00	0.021475	48.797
17.02	17.00	0.021491	48.897
17.02	17.00	0.021508	49.001
17.02	17.00	0.021525	49.096
17.02	17.00	0.021541	49.195
17.02	17.00	0.021558	49.300
17.02	17.00	0.021575	49.395
17.02	17.00	0.021591	49.495
17.00	17.00	0.021608	49.599
17.00	17.00	0.021625	49.693
17.00	17.00	0.021641	49.795
17.00	17.00	0.021658	49.897
17.00	17.00	0.021675	49.992
17.00	17.00	0.021691	50.095
17.00	17.00	0.021708	50.196
17.00	17.00	0.021725	50.291
17.00	17.00	0.021741	50.395
17.00	17.00	0.021758	50.495
17.00	17.00	0.021775	50.589
17.00	17.00	0.021791	50.694
17.00	17.00	0.021808	50.793
17.00	17.00	0.021825	50.888
17.00	17.00	0.021841	50.993
17.00	17.00	0.021858	51.092
17.00	17.00	0.021875	51.187
17.00	17.00	0.021891	51.291
17.00	17.00	0.021908	51.391
17.00	17.00	0.021925	51.485
17.00	17.00	0.021941	51.590
17.00	17.00	0.021958	51.685
17.00	17.00	0.021975	51.785
17.00	17.00	0.021991	51.889
17.00	17.00	0.022008	51.985
17.00	17.00	0.022025	52.085
17.00	17.00	0.022041	52.187
17.00	17.00	0.022058	52.285
17.00	17.00	0.022075	52.384
17.00	17.00	0.022091	52.486
16.97	17.00	0.022108	52.585
16.97	17.00	0.022124	52.685
16.97	17.00	0.022141	52.785
16.97	17.00	0.022158	52.884
16.97	17.00	0.022174	52.985
16.97	17.00	0.022191	53.084
17.00	17.00	0.022208	53.185
17.00	17.00	0.022224	53.285
17.00	17.00	0.022241	53.385
17.00	17.00	0.022258	53.485
17.00	17.00	0.022274	53.585
17.00	17.00	0.022291	53.685
17.00	17.00	0.022308	53.784
17.00	17.00	0.022324	53.885
17.00	17.00	0.022341	53.984
17.00	17.00	0.022358	54.085
17.00	17.00	0.022374	54.185
17.00	17.00	0.022391	54.285
17.00	17.00	0.022408	54.385
17.00	17.00	0.022424	54.485
17.00	17.00	0.022441	54.585
17.00	17.00	0.022458	54.684
17.00	17.00	0.022474	54.785
17.00	17.00	0.022491	54.884
17.00	17.00	0.022508	54.985
17.00	17.00	0.022524	55.085
17.00	17.00	0.022541	55.185
17.02	17.00	0.022558	55.285
17.02	17.00	0.022574	55.384
17.02	17.00	0.022591	55.485
17.02	17.00	0.022608	55.584
17.02	17.00	0.022624	55.685
17.02	17.00	0.022641	55.785
17.02	17.00	0.022658	55.885
17.02	17.00	0.022674	55.985
17.00	17.00	0.022691	56.085
17.00	17.00	0.022708	56.185
17.00	17.00	0.022724	56.284
17.00	17.00	0.022741	56.385
17.00	17.00	0.022758	56.484
17.00	17.00	0.022774	56.585
17.00	17.00	0.022791	56.685
17.00	17.00	0.022808	56.785
17.00	17.00	0.022824	56.885
17.00	17.00	0.022841	56.984
17.00	17.00	0.022858	57.085
17.00	17.00	0.022874	57.184
17.00	17.00	0.022891	57.285
17.00	17.00	0.022908	57.385
17.00	17.00	0.022924	57.485
17.00	17.00	0.022941	57.585
17.00	17.00	0.022957	57.690
17.00	17.00	0.022974	57.785
17.00	17.00	0.022991	57.884
17.00	17.00	0.023007	58.013
17.00	17.00	0.023024	58.112
16.97	17.00	0.023041	58.207
16.97	17.00	0.023057	58.311
16.97	17.00	0.023074	58.412
16.97	17.00	0.023091	58.506
16.97	17.00	0.023107	58.610
17.00	17.00	0.023124	58.711
17.00	17.00	0.023141	58.805
17.00	17.00	0.023157	58.910
17.00	17.00	0.023174	59.004
17.00	17.00	0.023191	59.104
17.00	17.00	0.023207	59.209
17.00	17.00	0.023224	59.303
17.00	17.00	0.023241	59.403
17.00	17.00	0.023257	59.507
17.00	17.00	0.023274	59.602
17.00	17.00	0.023291	59.701
17.00	17.00	0.023307	59.806
17.00	17.00	0.023324	59.900
17.00	17.00	0.023341	00.000
17.00	17.00	0.023357	00.105
17.00	17.00	0.023374	00.199
17.02	17.00	0.023391	00.299
17.02	17.00	0.023407	00.403
17.02	17.00	0.023424	00.498
17.02	17.00	0.023441	00.597
17.02	17.00	0.023457	00.702
17.02	17.00	0.023474	00.797
17.02	17.00	0.023491	00.896
17.02	17.00	0.023507	01.001
17.00	17.00	0.023524	01.095
17.00	17.00	0.023541	01.195
17.00	17.00	0.023557	01.299
17.00	17.00	0.023574	01.394
17.00	17.00	0.023591	01.494
17.00	17.00	0.023607	01.598
17.00	17.00	0.023624	01.693
17.00	17.00	0.023641	01.794
17.00	17.00	0.023657	01.897
17.00	17.00	0.023674	01.991
17.00	17.00	0.023691	02.094
17.00	17.00	0.023707	02.195
17.00	17.00	0.023724	02.290
17.00	17.00	0.023741	02.394
17.00	17.00	0.023757	02.494
17.00	17.00	0.023774	02.589
17.00	17.00	0.023790	02.693
17.00	17.00	0.023807	02.793
17.00	17.00	0.023824	02.887
17.00	17.00	0.023840	02.992
17.00	17.00	0.023857	03.091
17.00	17.00	0.023874	03.186
17.00	17.00	0.023890	03.291
16.97	17.00	0.023907	03.390
16.97	17.00	0.023924	03.485
16.97	17.00	0.023940	03.589
16.97	17.00	0.023957	03.690
17.00	17.00	0.023974	03.784
17.00	17.00	0.023990	03.888
17.00	17.00	0.024007	03.985
17.00	17.00	0.024024	04.085
17.00	17.00	0.024040	04.187
17.00	17.00	0.024057	04.289
17.00	17.00	0.024074	04.385
17.00	17.00	0.024090	04.485
17.00	17.00	0.024107	04.589
17.00	17.00	0.024124	04.684
17.00	17.00	0.024140	04.785
17.00	17.00	0.024157	04.890
17.00	17.00	0.024174	04.985
17.00	17.00	0.024190	05.085
17.00	17.00	0.024207	05.184
17.00	17.00	0.024224	05.285
17.00	17.00	0.024240	05.384
17.00	17.00	0.024257	05.489
17.00	17.00	0.024274	05.585
17.00	17.00	0.024290	05.685
17.00	17.00	0.024307	05.790
17.00	17.00	0.024324	05.885
17.00	17.00	0.024340	05.985
17.00	17.00	0.024357	06.084
17.02	17.00	0.024374	06.185
17.02	17.00	0.024390	06.284
17.02	17.00	0.024407	06.389
17.02	17.00	0.024424	06.485
17.02	17.00	0.024440	06.585
17.02	17.00	0.024457	06.690
17.00	17.00	0.024474	06.785
17.00	17.00	0.024490	06.885
17.00	17.00	0.024507	06.984
17.00	17.00	0.024524	07.085
17.00	17.00	0.024540	07.185
17.00	17.00	0.024557	07.289
17.00	17.00	0.024574	07.385
17.00	17.00	0.024590	07.485
17.00	17.00	0.024607	07.589
17.00	17.00	0.024623	07.684
17.00	17.00	0.024640	07.785
17.00	17.00	0.024657	07.884
17.00	17.00	0.024673	07.985
17.00	17.00	0.024690	08.085
17.00	17.00	0.024707	08.189
17.00	17.00	0.024723	08.285
17.00	17.00	0.024740	08.385
17.00	17.00	0.024757	08.489
17.00	17.00	0.024773	08.584
17.00	17.00	0.024790	08.685
17.00	17.00	0.024807	08.789
17.00	17.00	0.024823	08.885
17.00	17.00	0.024840	08.985
17.00	17.00	0.024857	09.089
17.00	17.00	0.024873	09.185
17.00	17.00	0.024890	09.285
17.00	17.00	0.024907	09.389
17.00	17.00	0.024923	09.484
17.00	17.00	0.024940	09.584
17.00	17.00	0.024957	09.689
17.00	17.00	0.024973	09.813
17.00	17.00	0.024990	09.908
17.00	17.00	0.025007	10.013
17.00	17.00	0.025023	10.112
17.00	17.00	0.025040	10.207
17.00	17.00	0.025057	10.311
17.00	17.00	0.025073	10.411
17.00	17.00	0.025090	10.505
17.00	17.00	0.025107	10.610
17.00	17.00	0.025123	10.710
17.00	17.00	0.025140	10.804
17.00	17.00	0.025157	10.909
17.00	17.00	0.025173	11.003
17.00	17.00	0.025190	11.103
17.00	17.00	0.025207	11.207
17.00	17.00	0.025223	11.302
17.00	17.00	0.025240	11.401
17.00	17.00	0.025257	11.506
17.00	17.00	0.025273	11.601
17.00	17.00	0.025290	11.700
17.00	17.00	0.025307	11.805
17.00	17.00	0.025323	11.899
17.00	17.00	0.025340	11.999
17.00	17.00	0.025357	12.103
17.00	17.00	0.025373	12.198
17.00	17.00	0.025390	12.298
17.00	17.00	0.025407	12.402
17.00	17.00	0.025423	12.497
17.00	17.00	0.025440	12.596
17.00	17.00	0.025456	12.701
17.00	17.00	0.025473	12.795
17.00	17.00	0.025490	12.895
17.00	17.00	0.025506	12.999
17.00	17.00	0.025523	13.094
17.00	17.00	0.025540	13.194
17.00	17.00	0.025556	13.298
17.00	17.00	0.025573	13.393
17.00	17.00	0.025590	13.493
17.00	17.00	0.025606	13.597
17.00	17.00	0.025623	13.691
17.00	17.00	0.025640	13.793
17.00	17.00	0.025656	13.896
17.00	17.00	0.025673	13.990
17.00	17.00	0.025690	14.093
17.00	17.00	0.025706	14.194
17.00	17.00	0.025723	14.289
17.00	17.00	0.025740	14.393
17.00	17.00	0.025756	14.493
17.00	17.00	0.025773	14.588
17.00	17.00	0.025790	14.692
17.00	17.00	0.025806	14.792
17.00	17.00	0.025823	14.886
17.00	17.00	0.025840	14.991
17.00	17.00	0.025856	15.090
17.00	17.00	0.025873	15.185
17.00	17.00	0.025890	15.289
17.00	17.00	0.025906	15.389
17.00	17.00	0.025923	15.485
17.00	17.00	0.025940	15.588
17.00	17.00	0.025956	15.689
17.00	17.00	0.025973	15.784
17.00	17.00	0.025990	15.887
17.00	17.00	0.026006	15.988
17.00	17.00	0.026023	16.085
17.00	17.00	0.026040	16.187
17.00	17.00	0.026056	16.288
17.00	17.00	0.026073	16.385
17.00	17.00	0.026090	16.485
17.00	17.00	0.026106	16.589
17.00	17.00	0.026123	16.684
17.00	17.00	0.026140	16.785
17.00	17.00	0.026156	16.888
17.00	17.00	0.026173	16.986
17.00	17.00	0.026190	17.086
17.00	17.00	0.026206	17.188
17.00	17.00	0.026223	17.286
17.00	17.00	0.026240	17.386
17.00	17.00	0.026256	17.489
17.00	17.00	0.026273	17.585
17.00	17.00	0.026289	17.686
17.00	17.00	0.026306	17.788
17.00	17.00	0.026323	17.886
17.00	17.00	0.026339	17.986
17.00	17.00	0.026356	18.088
17.00	17.00	0.026373	18.186
17.00	17.00	0.026389	18.285
17.00	17.00	0.026406	18.388
17.00	17.00	0.026423	18.485
17.00	17.00	0.026439	18.586
17.00	17.00	0.026456	18.689
17.00	17.00	0.026473	18.786
17.00	17.00	0.026489	18.886
17.00	17.00	0.026506	18.988
17.00	17.00	0.026523	19.086
17.00	17.00	0.026539	19.185
17.00	17.00	0.026556	19.288
17.00	17.00	0.026573	19.385
17.00	17.00	0.026589	19.486
17.00	17.00	0.026606	19.589
17.00	17.00	0.026623	19.686
17.00	17.00	0.026639	19.786
17.00	17.00	0.026656	19.888
17.00	17.00	0.026673	19.986
17.00	17.00	0.026689	20.085
17.00	17.00	0.026706	20.188
17.00	17.00	0.026723	20.285
17.00	17.00	0.026739	20.386
17.00	17.00	0.026756	20.489
17.00	17.00	0.026773	20.586
17.00	17.00	0.026789	20.686
17.00	17.00	0.026806	20.788
17.00	17.00	0.026823	20.886
17.00	17.00	0.026839	20.985
17.00	17.00	0.026856	21.088
17.00	17.00	0.026873	21.186
17.00	17.00	0.026889	21.310
17.00	17.00	0.026906	21.388
17.00	17.00	0.026923	21.514
17.00	17.00	0.026939	21.609
17.00	17.00	0.026956	21.688
17.00	17.00	0.026973	21.813
17.00	17.00	0.026989	21.907
17.00	17.00	0.027006	22.012
17.00	17.00	0.027023	22.111
17.00	17.00	0.027039	22.206
17.00	17.00	0.027056	22.311
17.00	17.00	0.027073	22.410
17.00	17.00	0.027089	22.505
17.00	17.00	0.027106	22.609
17.00	17.00	0.027122	22.709
17.00	17.00	0.027139	22.803
17.00	17.00	0.027156	22.908
17.00	17.00	0.027172	23.003
17.00	17.00	0.027189	23.102
17.00	17.00	0.027206	23.207
17.00	17.00	0.027222	23.301
17.00	17.00	0.027239	23.401
17.00	17.00	0.027256	23.505
17.00	17.00	0.027272	23.600
17.00	17.00	0.027289	23.699
17.00	17.00	0.027306	23.804
17.00	17.00	0.027322	23.899
17.00	17.00	0.027339	23.998
17.00	17.00	0.027356	24.103
17.00	17.00	0.027372	24.197
17.00	17.00	0.027389	24.297
17.00	17.00	0.027406	24.401
17.00	17.00	0.027422	24.496
17.00	17.00	0.027439	24.596
17.00	17.00	0.027456	24.700
17.00	17.00	0.027472	24.795
17.00	17.00	0.027489	24.894
17.00	17.00	0.027506	24.998
17.00	17.00	0.027522	25.094
17.00	17.00	0.027539	25.192
17.00	17.00	0.027556	25.298
17.00	17.00	0.027572	25.393
17.00	17.00	0.027589	25.492
17.00	17.00	0.027606	25.597
17.00	17.00	0.027622	25.691
17.00	17.00	0.027639	25.792
17.00	17.00	0.027656	25.895
17.00	17.00	0.027672	25.990
17.00	17.00	0.027689	26.093
17.00	17.00	0.027706	26.194
17.00	17.00	0.027722	26.289
17.00	17.00	0.027739	26.392
17.00	17.00	0.027756	26.493
17.00	17.00	0.027772	26.587
17.00	17.00	0.027789	26.692
17.00	17.00	0.027806	26.791
17.00	17.00	0.027822	26.888
17.00	17.00	0.027839	26.991
17.00	17.00	0.027856	27.090
17.00	17.00	0.027872	27.188
17.00	17.00	0.027889	27.289
17.00	17.00	0.027906	27.388
17.00	17.00	0.027922	27.488
17.00	17.00	0.027939	27.588
17.00	17.00	0.027955	27.688
17.00	17.00	0.027972	27.788
17.00	17.00	0.027989	27.888
17.00	17.00	0.028005	27.988
17.00	17.00	0.028022	28.087
17.00	17.00	0.028039	28.188
17.00	17.00	0.028055	28.287
17.00	17.00	0.028072	28.388
17.00	17.00	0.028089	28.488
17.00	17.00	0.028105	28.588
17.00	17.00	0.028122	28.688
17.00	17.00	0.028139	28.788
17.00	17.00	0.028155	28.888
17.00	17.00	0.028172	28.987
17.00	17.00	0.028189	29.088
17.00	17.00	0.028205	29.187
17.00	17.00	0.028222	29.288
17.00	17.00	0.028239	29.388
17.00	17.00	0.028255	29.488
17.00	17.00	0.028272	29.588
17.00	17.00	0.028289	29.687
17.00	17.00	0.028305	29.788
17.00	17.00	0.028322	29.887
17.00	17.00	0.028339	29.988
17.00	17.00	0.028355	30.088
17.00	17.00	0.028372	30.188
17.00	17.00	0.028389	30.288
17.00	17.00	0.028405	30.388
17.00	17.00	0.028422	30.488
17.00	17.00	0.028439	30.587
17.00	17.00	0.028455	30.688
17.00	17.00	0.028472	30.787
17.00	17.00	0.028489	30.888
17.00	17.00	0.028505	30.988
17.00	17.00	0.028522	31.088
17.00	17.00	0.028539	31.188
17.00	17.00	0.028555	31.287
17.00	17.00	0.028572	31.388
17.02	17.00	0.028589	31.487
17.02	17.00	0.028605	31.588
17.02	17.00	0.028622	31.688
17.02	17.00	0.028639	31.788
17.02	17.00	0.028655	31.887
17.02	17.00	0.028672	31.988
17.00	17.00	0.028689	32.088
17.00	17.00	0.028705	32.188
17.00	17.00	0.028722	32.288
17.00	17.00	0.028739	32.388
17.00	17.00	0.028755	32.488
17.00	17.00	0.028772	32.587
17.00	17.00	0.028788	32.711
17.00	17.00	0.028805	32.787
17.00	17.00	0.028822	32.916
17.00	17.00	0.028838	33.010
17.00	17.00	0.028855	33.087
17.00	17.00	0.028872	33.214
17.00	17.00	0.028888	33.309
17.00	17.00	0.028905	33.387
17.00	17.00	0.028922	33.513
17.00	17.00	0.028938	33.607
17.00	17.00	0.028955	33.712
17.00	17.00	0.028972	33.812
17.00	17.00	0.028988	33.906
17.00	17.00	0.029005	34.011
17.00	17.00	0.029022	34.110
17.00	17.00	0.029038	34.205
17.00	17.00	0.029055	34.309
17.00	17.00	0.029072	34.409
17.00	17.00	0.029088	34.504
16.97	17.00	0.029105	34.608
16.97	17.00	0.029122	34.708
16.97	17.00	0.029138	34.802
16.97	17.00	0.029155	34.907
16.97	17.00	0.029172	35.001
17.00	17.00	0.029188	35.101
17.00	17.00	0.029205	35.206
17.00	17.00	0.029222	35.301
17.00	17.00	0.029238	35.400
17.00	17.00	0.029255	35.505
17.00	17.00	0.029272	35.599
17.00	17.00	0.029288	35.699
17.00	17.00	0.029305	35.803
17.00	17.00	0.029322	35.898
17.00	17.00	0.029338	35.997
17.00	17.00	0.029355	36.102
17.00	17.00	0.029372	36.197
17.00	17.00	0.029388	36.296
17.00	17.00	0.029405	36.401
17.00	17.00	0.029422	36.495
17.00	17.00	0.029438	36.595
17.00	17.00	0.029455	36.699
17.00	17.00	0.029472	36.794
17.00	17.00	0.029488	36.894
17.00	17.00	0.029505	36.998
17.00	17.00	0.029522	37.093
17.00	17.00	0.029538	37.192
17.00	17.00	0.029555	37.297
17.00	17.00	0.029572	37.391
17.00	17.00	0.029588	37.491
17.00	17.00	0.029605	37.596
17.00	17.00	0.029621	37.690
17.00	17.00	0.029638	37.791
17.00	17.00	0.029655	37.894
17.00	17.00	0.029671	37.991
17.00	17.00	0.029688	38.091
17.02	17.00	0.029705	38.193
17.02	17.00	0.029721	38.290
17.02	17.00	0.029738	38.391
17.02	17.00	0.029755	38.492
17.02	17.00	0.029771	38.592
17.02	17.00	0.029788	38.692
17.00	17.00	0.029805	38.792
17.00	17.00	0.029821	38.892
17.00	17.00	0.029838	38.991
17.00	17.00	0.029855	39.092
17.00	17.00	0.029871	39.191
17.00	17.00	0.029888	39.292
17.00	17.00	0.029905	39.392
17.00	17.00	0.029921	39.492
17.00	17.00	0.029938	39.592
17.00	17.00	0.029955	39.691
17.00	17.00	0.029971	39.792
17.00	17.00	0.029988	39.891
17.00	17.00	0.030005	39.992
17.00	17.00	0.030021	40.092
17.00	17.00	0.030038	40.192
17.00	17.00	0.030055	40.292
17.00	17.00	0.030071	40.392
17.00	17.00	0.030088	40.492
17.00	17.01	0.030105	40.591
17.00	17.01	0.030121	40.692
17.00	17.01	0.030138	40.791
17.00	17.01	0.030155	40.892
17.00	17.01	0.030171	40.992
17.00	17.01	0.030188	41.092
17.00	17.01	0.030205	41.192
17.00	17.01	0.030221	41.292
17.00	17.01	0.030238	41.392
17.00	17.01	0.030255	41.491
17.00	17.01	0.030271	41.592
17.00	17.01	0.030288	41.691
17.00	17.01	0.030305	41.792
17.00	17.02	0.030321	41.892
17.00	17.02	0.030338	41.992
17.00	17.02	0.030355	42.092
17.00	17.02	0.030371	42.192
17.00	17.02	0.030388	42.292
17.02	17.02	0.030405	42.391
17.02	17.02	0.030421	42.492
17.02	17.02	0.030438	42.592
17.02	17.02	0.030454	42.692
17.02	17.02	0.030471	42.792
17.02	17.02	0.030488	42.892
17.02	17.02	0.030504	42.992
17.02	17.02	0.030521	43.091
17.02	17.03	0.030538	43.192
17.02	17.03	0.030554	43.291
17.02	17.03	0.030571	43.421
17.02	17.03	0.030588	43.491
17.02	17.03	0.030604	43.615
17.02	17.03	0.030621	43.720
17.05	17.03	0.030638	43.814
17.05	17.03	0.030654	43.914
17.05	17.03	0.030671	44.018
17.05	17.03	0.030688	44.113
17.05	17.03	0.030704	44.212
17.05	17.03	0.030721	44.317
17.05	17.03	0.030738	44.412
17.05	17.04	0.030754	44.511
17.05	17.04	0.030771	44.616
17.05	17.04	0.030788	44.710
17.05	17.04	0.030804	44.811
17.05	17.04	0.030821	44.914
17.05	17.04	0.030838	45.009
17.02	17.04	0.030854	45.110
17.02	17.04	0.030871	45.213
17.02	17.04	0.030888	45.308
17.02	17.04	0.030904	45.410
17.02	17.04	0.030921	45.512
17.02	17.04	0.030938	45.607
17.02	17.04	0.030954	45.710
17.02	17.05	0.030971	45.811
17.02	17.05	0.030988	45.906
17.02	17.05	0.031004	46.010
17.05	17.05	0.031021	46.110
17.05	17.05	0.031038	46.204
17.05	17.05	0.031054	46.309
17.05	17.05	0.031071	46.408
17.05	17.05	0.031088	46.503
17.05	17.05	0.031104	46.607
17.05	17.05	0.031121	46.707
17.05	17.05	0.031138	46.802
17.05	17.05	0.031154	46.906
17.05	17.05	0.031171	47.001
17.07	17.06	0.031188	47.100
17.07	17.06	0.031204	47.205
17.07	17.06	0.031221	47.299
17.07	17.06	0.031238	47.399
17.07	17.06	0.031254	47.504
17.07	17.06	0.031271	47.598
17.07	17.06	0.031287	47.698
17.07	17.06	0.031304	47.802
17.07	17.06	0.031321	47.897
17.07	17.06	0.031337	47.996
17.07	17.06	0.031354	48.101
17.07	17.06	0.031371	48.196
17.07	17.06	0.031387	48.296
17.07	17.07	0.031404	48.400
17.07	17.07	0.031421	48.495
17.07	17.07	0.031437	48.594
17.07	17.07	0.031454	48.699
17.07	17.07	0.031471	48.793
17.07	17.07	0.031487	48.893
17.07	17.07	0.031504	48.998
17.07	17.07	0.031521	49.092
17.07	17.07	0.031537	49.192
17.07	17.07	0.031554	49.296
17.07	17.07	0.031571	49.392
17.07	17.07	0.031587	49.491
17.07	17.07	0.031604	49.595
17.07	17.08	0.031621	49.692
17.07	17.08	0.031637	49.792
17.07	17.08	0.031654	49.894
17.07	17.08	0.031671	49.992
17.07	17.08	0.031687	50.092
17.07	17.08	0.031704	50.192
17.07	17.08	0.031721	50.292
17.07	17.08	0.031737	50.391
17.07	17.08	0.031754	50.492
17.07	17.08	0.031771	50.592
17.07	17.08	0.031787	50.692
17.07	17.08	0.031804	50.792
17.07	17.08	0.031821	50.891
17.07	17.09	0.031837	50.992
17.07	17.09	0.031854	51.091
17.07	17.09	0.031871	51.192
17.07	17.09	0.031887	51.292
17.07	17.09	0.031904	51.392
17.10	17.09	0.031921	51.492
17.10	17.09	0.031937	51.592
17.10	17.09	0.031954	51.692
17.10	17.09	0.031971	51.791
17.10	17.09	0.031987	51.892
17.10	17.09	0.032004	51.991
17.10	17.09	0.032021	52.092
17.10	17.09	0.032037	52.192
17.10	17.10	0.032054	52.292
17.10	17.10	0.032071	52.392
17.10	17.10	0.032087	52.491
17.10	17.10	0.032104	52.592
17.10	17.10	0.032120	52.691
17.10	17.10	0.032137	52.792
17.10	17.10	0.032154	52.892
17.10	17.10	0.032170	52.992
17.10	17.10	0.032187	53.092
17.10	17.10	0.032204	53.192
17.10	17.10	0.032220	53.291
17.10	17.10	0.032237	53.392
17.10	17.10	0.032254	53.491
17.10	17.11	0.032270	53.592
17.10	17.11	0.032287	53.692
17.10	17.11	0.032304	53.792
17.10	17.11	0.032320	53.892
17.10	17.11	0.032337	53.992
17.10	17.11	0.032354	54.092
17.13	17.11	0.032370	54.191
17.13	17.11	0.032387	54.292
17.13	17.11	0.032404	54.391
17.13	17.11	0.032420	54.492
17.13	17.11	0.032437	54.592
17.13	17.11	0.032454	54.692
17.13	17.11	0.032470	54.792
17.13	17.11	0.032487	54.891
17.13	17.12	0.032504	54.992
17.13	17.12	0.032520	55.091
17.13	17.12	0.032537	55.191
17.13	17.12	0.032554	55.291
17.10	17.12	0.032570	55.420
17.10	17.12	0.032587	55.515
17.10	17.12	0.032604	55.614
17.10	17.12	0.032620	55.719
17.10	17.12	0.032637	55.813
17.10	17.12	0.032654	55.913
17.10	17.12	0.032670	56.017
17.10	17.12	0.032687	56.112
17.10	17.12	0.032704	56.212
17.10	17.13	0.032720	56.316
17.10	17.13	0.032737	56.411
17.13	17.13	0.032754	56.510
17.13	17.13	0.032770	56.615
17.13	17.13	0.032787	56.709
17.13	17.13	0.032804	56.810
17.13	17.13	0.032820	56.913
17.13	17.13	0.032837	57.008
17.13	17.13	0.032854	57.110
17.13	17.13	0.032870	57.212
17.13	17.13	0.032887	57.307
17.13	17.13	0.032904	57.409
17.13	17.13	0.032920	57.511
17.15	17.14	0.032937	57.606
17.15	17.14	0.032953	57.710
17.15	17.14	0.032970	57.811
17.15	17.14	0.032987	57.905
17.15	17.14	0.033003	58.010
17.15	17.14	0.033020	58.109
17.15	17.14	0.033037	58.204
17.15	17.14	0.033053	58.308
17.15	17.14	0.033070	58.408
17.15	17.14	0.033087	58.502
17.15	17.14	0.033103	58.607
17.15	17.14	0.033120	58.707
17.15	17.14	0.033137	58.801
17.15	17.15	0.033153	58.906
17.15	17.15	0.033170	59.005
17.15	17.15	0.033187	59.100
17.15	17.15	0.033203	59.204
17.15	17.15	0.033220	59.299
17.15	17.15	0.033237	59.399
17.15	17.15	0.033253	59.503
17.15	17.15	0.033270	59.598
17.15	17.15	0.033287	59.697
17.15	17.15	0.033303	59.802
17.15	17.15	0.033320	59.896
17.15	17.15	0.033337	59.996
17.15	17.15	0.033353	00.100
17.15	17.16	0.033370	00.195
17.15	17.16	0.033387	00.295
17.15	17.16	0.033403	00.399
17.15	17.16	0.033420	00.494
17.15	17.16	0.033437	00.593
17.15	17.16	0.033453	00.698
17.15	17.16	0.033470	00.792
17.15	17.16	0.033487	00.893
17.15	17.16	0.033503	00.997
17.15	17.16	0.033520	01.093
17.15	17.16	0.033537	01.193
17.15	17.16	0.033553	01.295
17.15	17.16	0.033570	01.393
17.15	17.17	0.033587	01.492
17.15	17.17	0.033603	01.594
17.15	17.17	0.033620	01.692
17.18	17.17	0.033637	01.793
17.18	17.17	0.033653	01.893
17.18	17.17	0.033670	01.993
17.18	17.17	0.033687	02.093
17.18	17.17	0.033703	02.192
17.18	17.17	0.033720	02.293
17.18	17.17	0.033737	02.392
17.18	17.17	0.033753	02.493
17.18	17.17	0.033770	02.593
17.18	17.17	0.033786	02.693
17.18	17.18	0.033803	02.793
17.18	17.18	0.033820	02.892
17.18	17.18	0.033836	02.993
17.18	17.18	0.033853	03.092
17.18	17.18	0.033870	03.193
17.18	17.18	0.033886	03.293
17.18	17.18	0.033903	03.393
17.18	17.18	0.033920	03.493
17.18	17.18	0.033936	03.593
17.18	17.18	0.033953	03.693
17.18	17.18	0.033970	03.792
17.18	17.18	0.033986	03.893
17.18	17.18	0.034003	03.992
17.18	17.19	0.034020	04.093
17.18	17.19	0.034036	04.193
17.18	17.19	0.034053	04.293
17.18	17.19	0.034070	04.393
17.18	17.19	0.034086	04.493
17.18	17.19	0.034103	04.593
17.18	17.19	0.034120	04.692
17.18	17.19	0.034136	04.793
17.18	17.19	0.034153	04.892
17.18	17.19	0.034170	04.993
17.18	17.19	0.034186	05.093
17.18	17.19	0.034203	05.193
17.18	17.19	0.034220	05.293
17.18	17.20	0.034236	05.392
17.18	17.20	0.034253	05.493
17.20	17.20	0.034270	05.592
17.20	17.20	0.034286	05.693
17.20	17.20	0.034303	05.793
17.20	17.20	0.034320	05.893
17.20	17.20	0.034336	05.993
17.20	17.20	0.034353	06.093
17.20	17.20	0.034370	06.193
17.20	17.20	0.034386	06.292
17.20	17.20	0.034403	06.393
17.20	17.20	0.034420	06.492
17.20	17.20	0.034436	06.593
17.20	17.21	0.034453	06.693
17.20	17.21	0.034470	06.822
17.20	17.21	0.034486	06.917
17.23	17.21	0.034503	07.016
17.23	17.21	0.034520	07.121
17.23	17.21	0.034536	07.215
17.23	17.21	0.034553	07.315
17.23	17.21	0.034570	07.419
17.23	17.21	0.034586	07.514
17.23	17.21	0.034603	07.614
17.23	17.21	0.034619	07.718
17.23	17.21	0.034636	07.813
17.23	17.21	0.034653	07.912
17.23	17.22	0.034669	08.017
17.20	17.22	0.034686	08.111
17.20	17.22	0.034703	08.211
17.20	17.22	0.034719	08.316
17.20	17.22	0.034736	08.410
17.20	17.22	0.034753	08.510
17.20	17.22	0.034769	08.614
17.20	17.22	0.034786	08.709
17.20	17.22	0.034803	08.808
17.20	17.22	0.034819	08.913
17.20	17.22	0.034836	09.008
17.23	17.22	0.034853	09.108
17.23	17.22	0.034869	09.212
17.23	17.23	0.034886	09.306
17.23	17.23	0.034903	09.409
17.23	17.23	0.034919	09.510
17.23	17.23	0.034936	09.605
17.23	17.23	0.034953	09.708
17.23	17.23	0.034969	09.809
17.23	17.23	0.034986	09.904
17.23	17.23	0.035003	10.008
17.23	17.23	0.035019	10.108
17.23	17.23	0.035036	10.202
17.23	17.23	0.035053	10.307
17.23	17.23	0.035069	10.406
17.25	17.23	0.035086	10.501
17.25	17.24	0.035103	10.605
17.25	17.24	0.035119	10.705
17.25	17.24	0.035136	10.801
17.25	17.24	0.035153	10.904
17.25	17.24	0.035169	11.005
17.25	17.24	0.035186	11.099
17.25	17.24	0.035203	11.203
17.25	17.24	0.035219	11.297
17.25	17.24	0.035236	11.397
17.25	17.24	0.035253	11.503
17.25	17.24	0.035269	11.596
17.25	17.24	0.035286	11.696
17.25	17.24	0.035303	11.801
17.25	17.25	0.035319	11.895
17.23	17.25	0.035336	11.994
17.23	17.25	0.035353	12.099
17.23	17.25	0.035369	12.194
17.23	17.25	0.035386	12.294
17.23	17.25	0.035403	12.398
17.23	17.25	0.035419	12.494
17.23	17.25	0.035436	12.594
17.23	17.25	0.035452	12.696
17.23	17.25	0.035469	12.794
17.25	17.25	0.035486	12.894
17.25	17.25	0.035502	12.995
17.25	17.25	0.035519	13.094
17.25	17.26	0.035536	13.194
17.25	17.26	0.035552	13.294
17.25	17.26	0.035569	13.393
17.25	17.26	0.035586	13.494
17.25	17.26	0.035602	13.593
17.25	17.26	0.035619	13.694
17.25	17.26	0.035636	13.794
17.25	17.26	0.035652	13.894
17.28	17.26	0.035669	13.994
17.28	17.26	0.035686	14.094
17.28	17.26	0.035702	14.193
17.28	17.26	0.035719	14.294
17.28	17.26	0.035736	14.393
17.28	17.27	0.035752	14.494
17.28	17.27	0.035769	14.594
17.28	17.27	0.035786	14.694
17.28	17.27	0.035802	14.794
17.28	17.27	0.035819	14.894
17.28	17.27	0.035836	14.994
17.28	17.27	0.035852	15.093
17.28	17.27	0.035869	15.194
17.28	17.27	0.035886	15.294
17.28	17.27	0.035902	15.394
17.28	17.27	0.035919	15.494
17.25	17.27	0.035936	15.594
17.25	17.27	0.035952	15.694
17.25	17.28	0.035969	15.793
17.25	17.28	0.035986	15.894
17.25	17.28	0.036002	15.993
17.25	17.28	0.036019	16.094
17.25	17.28	0.036036	16.194
17.25	17.28	0.036052	16.294
17.25	17.28	0.036069	16.394
17.28	17.28	0.036086	16.494
17.28	17.28	0.036102	16.594
17.28	17.28	0.036119	16.693
17.28	17.28	0.036136	16.794
17.28	17.28	0.036152	16.893
17.28	17.28	0.036169	16.994
17.28	17.29	0.036186	17.094
17.28	17.29	0.036202	17.194
17.30	17.29	0.036219	17.294
17.30	17.29	0.036236	17.393
17.30	17.29	0.036252	17.494
17.30	17.29	0.036269	17.593
17.30	17.29	0.036285	17.694
17.30	17.29	0.036302	17.794
17.30	17.29	0.036319	17.894
17.30	17.29	0.036335	17.994
17.30	17.29	0.036352	18.094
17.30	17.29	0.036369	18.194
17.30	17.29	0.036385	18.293
17.30	17.30	0.036402	18.393
17.30	17.30	0.036419	18.492
17.30	17.30	0.036435	18.617
17.30	17.30	0.036452	18.716
17.30	17.30	0.036469	18.821
17.30	17.30	0.036485	18.916
17.30	17.30	0.036502	19.016
17.30	17.30	0.036519	19.120
17.30	17.30	0.036535	19.215
17.30	17.30	0.036552	19.314
17.30	17.30	0.036569	19.419
17.30	17.30	0.036585	19.513
17.30	17.30	0.036602	19.613
17.30	17.31	0.036619	19.718
17.30	17.31	0.036635	19.812
17.30	17.31	0.036652	19.912
17.30	17.31	0.036669	20.016
17.30	17.31	0.036685	20.111
17.30	17.31	0.036702	20.210
17.30	17.31	0.036719	20.315
17.30	17.31	0.036735	20.410
17.30	17.31	0.036752	20.509
17.30	17.31	0.036769	20.614
17.33	17.31	0.036785	20.708
17.33	17.31	0.036802	20.808
17.33	17.31	0.036819	20.912
17.33	17.32	0.036835	21.007
17.33	17.32	0.036852	21.108
17.33	17.32	0.036869	21.211
17.33	17.32	0.036885	21.306
17.33	17.32	0.036902	21.407
17.33	17.32	0.036919	21.510
17.33	17.32	0.036935	21.604
17.33	17.32	0.036952	21.707
17.33	17.32	0.036969	21.808
17.33	17.32	0.036985	21.903
17.33	17.32	0.037002	22.008
17.33	17.32	0.037019	22.107
17.33	17.32	0.037035	22.202
17.33	17.33	0.037052	22.306
17.33	17.33	0.037069	22.406
17.33	17.33	0.037085	22.500
17.33	17.33	0.037102	22.605
17.30	17.33	0.037118	22.704
17.30	17.33	0.037135	22.799
17.30	17.33	0.037152	22.904
17.30	17.33	0.037168	23.003
17.30	17.33	0.037185	23.098
17.30	17.33	0.037202	23.202
17.33	17.33	0.037218	23.297
17.33	17.33	0.037235	23.396
17.33	17.33	0.037252	23.501
17.33	17.34	0.037268	23.596
17.33	17.34	0.037285	23.695
17.33	17.34	0.037302	23.800
17.33	17.34	0.037318	23.894
17.33	17.34	0.037335	23.994
17.33	17.34	0.037352	24.098
17.36	17.34	0.037368	24.194
17.36	17.34	0.037385	24.294
17.36	17.34	0.037402	24.397
17.36	17.34	0.037418	24.494
17.36	17.34	0.037435	24.594
17.36	17.34	0.037452	24.696
17.36	17.34	0.037468	24.793
17.36	17.34	0.037485	24.894
17.36	17.35	0.037502	24.995
17.36	17.35	0.037518	25.094
17.36	17.35	0.037535	25.194
17.36	17.35	0.037552	25.294
17.36	17.35	0.037568	25.394
17.33	17.35	0.037585	25.494
17.33	17.35	0.037602	25.594
17.33	17.35	0.037618	25.693
17.33	17.35	0.037635	25.794
17.33	17.35	0.037652	25.894
17.33	17.35	0.037668	25.994
17.33	17.35	0.037685	26.094
17.33	17.35	0.037702	26.194
17.36	17.36	0.037718	26.294
17.36	17.36	0.037735	26.393
17.36	17.36	0.037752	26.494
17.36	17.36	0.037768	26.593
17.36	17.36	0.037785	26.694
17.36	17.36	0.037802	26.794
17.36	17.36	0.037818	26.894
17.36	17.36	0.037835	26.994
17.36	17.36	0.037852	27.094
17.36	17.36	0.037868	27.194
17.36	17.36	0.037885	27.293
17.36	17.36	0.037902	27.394
17.36	17.36	0.037918	27.494
17.36	17.37	0.037935	27.594
17.36	17.37	0.037951	27.694
17.36	17.37	0.037968	27.794
17.36	17.37	0.037985	27.894
17.36	17.37	0.038001	27.993
17.38	17.37	0.038018	28.094
17.38	17.37	0.038035	28.193
17.38	17.37	0.038051	28.294
17.38	17.37	0.038068	28.394
17.38	17.37	0.038085	28.494
17.38	17.37	0.038101	28.594
17.38	17.37	0.038118	28.694
17.38	17.37	0.038135	28.794
17.38	17.38	0.038151	28.893
17.38	17.38	0.038168	28.994
17.38	17.38	0.038185	29.093
17.38	17.38	0.038201	29.194
17.38	17.38	0.038218	29.294
17.38	17.38	0.038235	29.394
17.38	17.38	0.038251	29.494
17.38	17.38	0.038268	29.593
17.38	17.38	0.038285	29.694
17.38	17.38	0.038301	29.793
17.38	17.38	0.038318	29.894
17.38	17.38	0.038335	29.994
17.38	17.38	0.038351	30.094
17.38	17.39	0.038368	30.223
17.38	17.39	0.038385	30.322
17.38	17.39	0.038401	30.417
17.38	17.39	0.038418	30.521
17.38	17.39	0.038435	30.616
17.38	17.39	0.038451	30.715
17.38	17.39	0.038468	30.820
17.38	17.39	0.038485	30.915
17.38	17.39	0.038501	31.014
17.38	17.39	0.038518	31.119
17.41	17.39	0.038535	31.214
17.41	17.39	0.038551	31.314
17.41	17.39	0.038568	31.418
17.41	17.40	0.038585	31.513
17.41	17.40	0.038601	31.612
17.41	17.40	0.038618	31.717
17.41	17.40	0.038635	31.812
17.41	17.40	0.038651	31.911
17.41	17.40	0.038668	32.016
17.41	17.40	0.038685	32.110
17.41	17.40	0.038701	32.210
17.41	17.40	0.038718	32.314
17.41	17.40	0.038735	32.409
17.38	17.40	0.038751	32.509
17.38	17.40	0.038768	32.613
17.38	17.40	0.038784	32.708
17.38	17.41	0.038801	32.807
17.38	17.41	0.038818	32.912
17.38	17.41	0.038834	33.006
17.38	17.41	0.038851	33.106
17.38	17.41	0.038868	33.210
17.41	17.41	0.038884	33.305
17.41	17.41	0.038901	33.406
17.41	17.41	0.038918	33.509
17.41	17.41	0.038934	33.604
17.41	17.41	0.038951	33.705
17.41	17.41	0.038968	33.808
17.41	17.41	0.038984	33.902
17.41	17.41	0.039001	34.006
17.41	17.42	0.039018	34.107
17.41	17.42	0.039034	34.201
17.41	17.42	0.039051	34.306
17.43	17.42	0.039068	34.405
17.43	17.42	0.039084	34.500
17.43	17.42	0.039101	34.604
17.43	17.42	0.039118	34.704
17.43	17.42	0.039134	34.798
17.43	17.42	0.039151	34.903
17.43	17.42	0.039168	35.003
17.43	17.42	0.039184	35.097
17.43	17.42	0.039201	35.202
17.43	17.42	0.039218	35.301
17.43	17.43	0.039234	35.396
17.43	17.43	0.039251	35.500
17.43	17.43	0.039268	35.596
17.43	17.43	0.039284	35.696
17.43	17.43	0.039301	35.799
17.43	17.43	0.039318	35.896
17.43	17.43	0.039334	35.996
17.43	17.43	0.039351	36.098
17.43	17.43	0.039368	36.195
17.43	17.43	0.039384	36.296
17.43	17.43	0.039401	36.396
17.43	17.43	0.039418	36.496
17.43	17.43	0.039434	36.596
17.43	17.44	0.039451	36.696
17.43	17.44	0.039468	36.796
17.43	17.44	0.039484	36.896
17.43	17.44	0.039501	36.995
17.43	17.44	0.039518	37.096
17.43	17.44	0.039534	37.195
17.43	17.44	0.039551	37.296
17.43	17.44	0.039568	37.396
17.43	17.44	0.039584	37.496
17.43	17.44	0.039601	37.596
17.43	17.44	0.039617	37.700
17.46	17.44	0.039634	37.796
17.46	17.44	0.039651	37.895
17.46	17.45	0.039667	38.001
17.46	17.45	0.039684	38.096
17.46	17.45	0.039701	38.196
17.46	17.45	0.039717	38.301
17.46	17.45	0.039734	38.396
17.46	17.45	0.039751	38.496
17.46	17.45	0.039767	38.595
17.46	17.45	0.039784	38.696
17.46	17.45	0.039801	38.795
17.46	17.45	0.039817	38.901
17.43	17.45	0.039834	38.996
17.43	17.45	0.039851	39.096
17.43	17.45	0.039867	39.196
17.43	17.46	0.039884	39.295
17.43	17.46	0.039901	39.396
17.43	17.46	0.039917	39.495
17.43	17.46	0.039934	39.596
17.46	17.46	0.039951	39.696
17.46	17.46	0.039967	39.800
17.46	17.46	0.039984	39.897
17.46	17.46	0.040001	39.997
17.46	17.46	0.040017	40.101
17.46	17.46	0.040034	40.197
17.46	17.46	0.040051	40.296
17.46	17.46	0.040067	40.400
17.46	17.46	0.040084	40.497
17.46	17.47	0.040101	40.597
17.48	17.47	0.040117	40.701
17.48	17.47	0.040134	40.798
17.48	17.47	0.040151	40.898
17.48	17.47	0.040167	41.001
17.48	17.47	0.040184	41.127
17.48	17.47	0.040201	41.222
17.48	17.47	0.040217	41.300
17.48	17.47	0.040234	41.426
17.48	17.47	0.040251	41.520
17.48	17.47	0.040267	41.600
17.48	17.47	0.040284	41.724
17.48	17.47	0.040301	41.819
17.48	17.48	0.040317	41.923
17.48	17.48	0.040334	42.023
17.48	17.48	0.040351	42.118
17.48	17.48	0.040367	42.222
17.48	17.48	0.040384	42.322
17.48	17.48	0.040401	42.416
17.48	17.48	0.040417	42.521
17.48	17.48	0.040434	42.620
17.48	17.48	0.040450	42.715
17.48	17.48	0.040467	42.820
17.48	17.48	0.040484	42.914
17.48	17.48	0.040500	43.014
17.48	17.48	0.040517	43.118
17.48	17.49	0.040534	43.213
17.48	17.49	0.040550	43.312
17.48	17.49	0.040567	43.417
17.48	17.49	0.040584	43.511
17.48	17.49	0.040600	43.611
17.48	17.49	0.040617	43.716
17.48	17.49	0.040634	43.810
17.48	17.49	0.040650	43.910
17.48	17.49	0.040667	44.014
17.48	17.49	0.040684	44.109
17.48	17.49	0.040700	44.208
17.48	17.49	0.040717	44.313
17.48	17.49	0.040734	44.408
17.48	17.50	0.040750	44.507
17.48	17.50	0.040767	44.612
17.48	17.50	0.040784	44.706
17.51	17.50	0.040800	44.806
17.51	17.50	0.040817	44.910
17.51	17.50	0.040834	45.005
17.51	17.50	0.040850	45.105
17.51	17.50	0.040867	45.209
17.51	17.50	0.040884	45.304
17.51	17.50	0.040900	45.404
17.51	17.50	0.040917	45.508
17.51	17.50	0.040934	45.602
17.51	17.50	0.040950	45.704
17.51	17.51	0.040967	45.806
17.51	17.51	0.040984	45.901
17.51	17.51	0.041000	46.004
17.51	17.51	0.041017	46.105
17.51	17.51	0.041034	46.200
17.51	17.51	0.041050	46.304
17.51	17.51	0.041067	46.404
17.51	17.51	0.041084	46.498
17.51	17.51	0.041100	46.603
17.51	17.51	0.041117	46.703
17.51	17.51	0.041134	46.800
17.51	17.51	0.041150	46.902
17.51	17.51	0.041167	47.001
17.51	17.52	0.041184	47.100
17.51	17.52	0.041200	47.200
17.51	17.52	0.041217	47.300
17.51	17.52	0.041234	47.399
17.51	17.52	0.041250	47.500
17.51	17.52	0.041267	47.600
17.51	17.52	0.041283	47.700
17.51	17.52	0.041300	47.800
17.51	17.52	0.041317	47.900
17.54	17.52	0.041333	48.000
17.54	17.52	0.041350	48.100
17.54	17.52	0.041367	48.199
17.54	17.52	0.041383	48.300
17.54	17.53	0.041400	48.400
17.54	17.53	0.041417	48.500
17.54	17.53	0.041433	48.600
17.54	17.53	0.041450	48.700
17.54	17.53	0.041467	48.800
17.54	17.53	0.041483	48.899
17.54	17.53	0.041500	49.000
17.54	17.53	0.041517	49.099
17.51	17.53	0.041533	49.200
17.51	17.53	0.041550	49.300
17.51	17.53	0.041567	49.400
17.51	17.53	0.041583	49.500
17.51	17.53	0.041600	49.600
17.51	17.54	0.041617	49.700
17.51	17.54	0.041633	49.799
17.51	17.54	0.041650	49.900
17.54	17.54	0.041667	50.000
17.54	17.54	0.041683	50.100
17.54	17.54	0.041700	50.200
17.54	17.54	0.041717	50.300
17.54	17.54	0.041733	50.400
17.54	17.54	0.041750	50.500
17.54	17.54	0.041767	50.599
17.54	17.54	0.041783	50.700
17.54	17.54	0.041800	50.799
17.54	17.54	0.041817	50.900
17.54	17.55	0.041833	51.000
17.54	17.55	0.041850	51.100
17.54	17.55	0.041867	51.200
17.54	17.55	0.041883	51.299
17.56	17.55	0.041900	51.400
17.56	17.55	0.041917	51.500
17.56	17.55	0.041933	51.601
17.56	17.55	0.041950	51.701
17.56	17.55	0.041967	51.801
17.56	17.55	0.041983	51.901
17.56	17.55	0.042000	52.001
17.56	17.55	0.042017	52.101
17.56	17.55	0.042033	52.200
17.56	17.56	0.042050	52.325
17.56	17.56	0.042067	52.424
17.56	17.56	0.042083	52.529
17.56	17.56	0.042100	52.623
17.56	17.56	0.042116	52.723
17.56	17.56	0.042133	52.828
17.56	17.56	0.042150	52.922
17.56	17.56	0.042166	53.023
17.56	17.56	0.042183	53.126
17.56	17.56	0.042200	53.221
17.56	17.56	0.042216	53.323
17.56	17.56	0.042233	53.425
17.56	17.56	0.042250	53.520
17.56	17.57	0.042266	53.623
17.56	17.57	0.042283	53.723
17.56	17.57	0.042300	53.818
17.56	17.57	0.042316	53.922
17.56	17.57	0.042333	54.022
17.56	17.57	0.042350	54.116
17.56	17.57	0.042366	54.221
17.56	17.57	0.042383	54.320
17.59	17.57	0.042400	54.415
17.59	17.57	0.042416	54.520
17.59	17.57	0.042433	54.620
17.59	17.57	0.042450	54.714
17.59	17.57	0.042466	54.819
17.59	17.58	0.042483	54.918
17.59	17.58	0.042500	55.013
17.59	17.58	0.042516	55.117
17.59	17.58	0.042533	55.212
17.59	17.58	0.042550	55.312
17.59	17.58	0.042566	55.416
17.59	17.58	0.042583	55.511
17.59	17.58	0.042600	55.610
17.56	17.58	0.042616	55.715
17.56	17.58	0.042633	55.809
17.56	17.58	0.042650	55.909
17.56	17.58	0.042666	56.014
17.56	17.58	0.042683	56.108
17.56	17.58	0.042700	56.208
17.56	17.59	0.042716	56.312
17.56	17.59	0.042733	56.407
17.56	17.59	0.042750	56.506
17.56	17.59	0.042766	56.611
17.59	17.59	0.042783	56.705
17.59	17.59	0.042800	56.805
17.59	17.59	0.042816	56.910
17.59	17.59	0.042833	57.005
17.59	17.59	0.042850	57.104
17.59	17.59	0.042866	57.209
17.59	17.59	0.042883	57.303
17.59	17.59	0.042900	57.403
17.59	17.59	0.042916	57.507
17.59	17.60	0.042933	57.603
17.59	17.60	0.042949	57.703
17.59	17.60	0.042966	57.806
17.59	17.60	0.042983	57.903
17.61	17.60	0.042999	58.002
17.61	17.60	0.043016	58.105
17.61	17.60	0.043033	58.202
17.61	17.60	0.043049	58.303
17.61	17.60	0.043066	58.404
17.61	17.60	0.043083	58.503
17.61	17.60	0.043099	58.603
17.61	17.60	0.043116	58.703
17.61	17.60	0.043133	58.803
17.61	17.61	0.043149	58.902
17.61	17.61	0.043166	59.003
17.61	17.61	0.043183	59.102
17.61	17.61	0.043199	59.203
17.61	17.61	0.043216	59.303
17.61	17.61	0.043233	59.403
17.61	17.61	0.043249	59.503
17.61	17.61	0.043266	59.603
17.61	17.61	0.043283	59.703
17.61	17.61	0.043299	59.802
17.61	17.61	0.043316	59.903
17.61	17.61	0.043333	00.002
17.61	17.61	0.043349	00.103
17.61	17.62	0.043366	00.203
17.61	17.62	0.043383	00.303
17.61	17.62	0.043399	00.403
17.61	17.62	0.043416	00.503
17.61	17.62	0.043433	00.603
17.61	17.62	0.043449	00.703
17.61	17.62	0.043466	00.803
17.61	17.62	0.043483	00.902
17.61	17.62	0.043499	01.003
17.61	17.62	0.043516	01.102
17.64	17.62	0.043533	01.203
17.64	17.62	0.043549	01.303
17.64	17.62	0.043566	01.403
17.64	17.63	0.043583	01.503
17.64	17.63	0.043599	01.602
17.64	17.63	0.043616	01.703
17.64	17.63	0.043633	01.802
17.64	17.63	0.043649	01.903
17.64	17.63	0.043666	02.003
17.64	17.63	0.043683	02.103
17.64	17.63	0.043699	02.203
17.64	17.63	0.043716	02.303
17.64	17.63	0.043733	02.403
17.64	17.63	0.043749	02.502
17.64	17.63	0.043766	02.603
17.64	17.63	0.043782	02.703
17.64	17.64	0.043799	02.803
17.61	17.64	0.043816	02.903
17.61	17.64	0.043832	03.003
17.61	17.64	0.043849	03.103
17.61	17.64	0.043866	03.202
17.61	17.64	0.043882	03.303
17.61	17.64	0.043899	03.402
17.64	17.64	0.043916	03.502
17.64	17.64	0.043932	03.631
17.64	17.64	0.043949	03.727
17.64	17.64	0.043966	03.826
17.64	17.64	0.043982	03.931
17.64	17.64	0.043999	04.024
17.64	17.65	0.044016	04.124
17.64	17.65	0.044032	04.229
17.64	17.65	0.044049	04.323
17.64	17.65	0.044066	04.423
17.64	17.65	0.044082	04.527
17.66	17.65	0.044099	04.623
17.66	17.65	0.044116	04.722
17.66	17.65	0.044132	04.827
17.66	17.65	0.044149	04.921
17.66	17.65	0.044166	05.022
17.66	17.65	0.044182	05.125
17.66	17.65	0.044199	05.220
17.66	17.65	0.044216	05.322
17.66	17.66	0.044232	05.424
17.66	17.66	0.044249	05.519
17.66	17.66	0.044266	05.621
17.66	17.66	0.044282	05.723
17.66	17.66	0.044299	05.817
17.66	17.66	0.044316	05.922
17.66	17.66	0.044332	06.021
17.66	17.66	0.044349	06.116
17.66	17.66	0.044366	06.221
17.66	17.66	0.044382	06.320
17.66	17.66	0.044399	06.414
17.66	17.66	0.044416	06.519
17.66	17.66	0.044432	06.618
17.66	17.67	0.044449	06.713
17.66	17.67	0.044466	06.818
17.66	17.67	0.044482	06.917
17.66	17.67	0.044499	07.012
17.66	17.67	0.044516	07.116
17.66	17.67	0.044532	07.211
17.66	17.67	0.044549	07.310
17.66	17.67	0.044566	07.415
17.66	17.67	0.044582	07.510
17.66	17.67	0.044599	07.609
17.66	17.67	0.044615	07.714
17.66	17.67	0.044632	07.808
17.66	17.67	0.044649	07.908
17.69	17.68	0.044665	08.013
17.69	17.68	0.044682	08.108
17.69	17.68	0.044699	08.207
17.69	17.68	0.044715	08.312
17.69	17.68	0.044732	08.407
17.69	17.68	0.044749	08.506
17.69	17.68	0.044765	08.611
17.69	17.68	0.044782	08.705
17.69	17.68	0.044799	08.805
17.69	17.68	0.044815	08.909
17.69	17.68	0.044832	09.004
17.69	17.68	0.044849	09.104
17.69	17.68	0.044865	09.208
17.69	17.69	0.044882	09.304
17.69	17.69	0.044899	09.404
17.69	17.69	0.044915	09.507
17.69	17.69	0.044932	09.603
17.69	17.69	0.044949	09.704
17.69	17.69	0.044965	09.805
17.69	17.69	0.044982	09.904
17.69	17.69	0.044999	10.004
17.69	17.69	0.045015	10.104
17.69	17.69	0.045032	10.204
17.69	17.69	0.045049	10.304
17.69	17.69	0.045065	10.403
17.69	17.69	0.045082	10.504
17.69	17.70	0.045099	10.603
17.69	17.70	0.045115	10.704
17.69	17.70	0.045132	10.804
17.69	17.70	0.045149	10.904
17.69	17.70	0.045165	11.004
17.69	17.70	0.045182	11.103
17.69	17.70	0.045199	11.204
17.69	17.70	0.045215	11.303
17.69	17.70	0.045232	11.404
17.69	17.70	0.045249	11.504
17.69	17.70	0.045265	11.604
17.69	17.70	0.045282	11.704
17.69	17.70	0.045299	11.804
17.69	17.71	0.045315	11.904
17.69	17.71	0.045332	12.003
17.69	17.71	0.045349	12.104
17.72	17.71	0.045365	12.203
17.72	17.71	0.045382	12.304
17.72	17.71	0.045399	12.404
17.72	17.71	0.045415	12.504
17.72	17.71	0.045432	12.604
17.72	17.71	0.045448	12.704
17.72	17.71	0.045465	12.804
17.72	17.71	0.045482	12.903
17.72	17.71	0.045498	13.004
17.72	17.71	0.045515	13.103
17.72	17.72	0.045532	13.204
17.72	17.72	0.045548	13.304
17.72	17.72	0.045565	13.404
17.72	17.72	0.045582	13.504
17.72	17.72	0.045598	13.603
17.72	17.72	0.045615	13.704
17.72	17.72	0.045632	13.803
17.72	17.72	0.045648	13.904
17.72	17.72	0.045665	14.004
17.72	17.72	0.045682	14.104
17.72	17.72	0.045698	14.205
17.72	17.72	0.045715	14.305
17.72	17.72	0.045732	14.405
17.72	17.73	0.045748	14.504
17.72	17.73	0.045765	14.605
17.72	17.73	0.045782	14.704
17.72	17.73	0.045798	14.804
17.74	17.73	0.045815	14.904
17.74	17.73	0.045832	15.033
17.74	17.73	0.045848	15.128
17.74	17.73	0.045865	15.227
17.74	17.73	0.045882	15.332
17.74	17.73	0.045898	15.426
17.74	17.73	0.045915	15.526
17.74	17.73	0.045932	15.630
17.74	17.73	0.045948	15.725
17.74	17.74	0.045965	15.824
17.74	17.74	0.045982	15.929
17.74	17.74	0.045998	16.024
17.74	17.74	0.046015	16.123
17.74	17.74	0.046032	16.228
17.74	17.74	0.046048	16.322
17.74	17.74	0.046065	16.422
17.74	17.74	0.046082	16.526
17.74	17.74	0.046098	16.621
17.74	17.74	0.046115	16.721
17.74	17.74	0.046132	16.826
17.74	17.74	0.046148	16.920
17.74	17.74	0.046165	17.020
17.74	17.75	0.046182	17.124
17.74	17.75	0.046198	17.218
17.74	17.75	0.046215	17.320
17.74	17.75	0.046232	17.422
17.74	17.75	0.046248	17.517
17.74	17.75	0.046265	17.621
17.74	17.75	0.046281	17.721
17.74	17.75	0.046298	17.816
17.74	17.75	0.046315	17.920
17.74	17.75	0.046331	18.020
17.74	17.75	0.046348	18.115
17.74	17.75	0.046365	18.219
17.74	17.75	0.046381	18.319
17.74	17.76	0.046398	18.414
17.74	17.76	0.046415	18.518
17.74	17.76	0.046431	18.618
17.74	17.76	0.046448	18.712
17.74	17.76	0.046465	18.817
17.77	17.76	0.046481	18.916
17.77	17.76	0.046498	19.011
17.77	17.76	0.046515	19.116
17.77	17.76	0.046531	19.211
17.77	17.76	0.046548	19.310
17.77	17.76	0.046565	19.415
17.77	17.76	0.046581	19.509
17.77	17.76	0.046598	19.609
17.77	17.77	0.046615	19.713
17.77	17.77	0.046631	19.808
17.77	17.77	0.046648	19.908
17.77	17.77	0.046665	20.012
17.77	17.77	0.046681	20.107
17.77	17.77	0.046698	20.207
17.77	17.77	0.046715	20.311
17.77	17.77	0.046731	20.406
17.77	17.77	0.046748	20.507
17.77	17.77	0.046765	20.609
17.77	17.77	0.046781	20.707
17.77	17.77	0.046798	20.807
17.77	17.77	0.046815	20.908
17.77	17.78	0.046831	21.007
17.77	17.78	0.046848	21.106
17.77	17.78	0.046865	21.207
17.77	17.78	0.046881	21.306
17.77	17.78	0.046898	21.407
17.77	17.78	0.046915	21.507
17.79	17.78	0.046931	21.607
17.79	17.78	0.046948	21.707
17.79	17.78	0.046965	21.807
17.79	17.78	0.046981	21.907
17.79	17.78	0.046998	22.006
17.79	17.78	0.047015	22.106
17.79	17.78	0.047031	22.207
17.79	17.79	0.047048	22.307
17.79	17.79	0.047065	22.407
17.79	17.79	0.047081	22.507
17.79	17.79	0.047098	22.607
17.79	17.79	0.047114	22.707
17.79	17.79	0.047131	22.806
17.79	17.79	0.047148	22.907
17.79	17.79	0.047164	23.007
17.79	17.79	0.047181	23.108
17.79	17.79	0.047198	23.208
17.79	17.79	0.047214	23.308
17.79	17.79	0.047231	23.408
17.79	17.79	0.047248	23.508
17.79	17.80	0.047264	23.608
17.79	17.80	0.047281	23.707
17.79	17.80	0.047298	23.808
17.79	17.80	0.047314	23.907
17.79	17.80	0.047331	24.008
17.79	17.80	0.047348	24.108
17.79	17.80	0.047364	24.208
17.79	17.80	0.047381	24.308
17.79	17.80	0.047398	24.407
17.79	17.80	0.047414	24.508
17.79	17.80	0.047431	24.607
17.79	17.80	0.047448	24.708
17.82	17.80	0.047464	24.808
17.82	17.80	0.047481	24.908
17.82	17.81	0.047498	25.008
17.82	17.81	0.047514	25.107
17.82	17.81	0.047531	25.208
17.82	17.81	0.047548	25.307
17.82	17.81	0.047564	25.408
17.82	17.81	0.047581	25.508
17.82	17.81	0.047598	25.608
17.82	17.81	0.047614	25.708
17.82	17.81	0.047631	25.808
17.82	17.81	0.047648	25.908
17.82	17.81	0.047664	26.006
17.82	17.81	0.047681	26.137
17.82	17.81	0.047698	26.236
17.82	17.82	0.047714	26.331
17.82	17.82	0.047731	26.435
17.82	17.82	0.047748	26.530
17.79	17.82	0.047764	26.629
17.79	17.82	0.047781	26.734
17.79	17.82	0.047798	26.828
17.79	17.82	0.047814	26.928
17.79	17.82	0.047831	27.033
17.79	17.82	0.047848	27.127
17.82	17.82	0.047864	27.227
17.82	17.82	0.047881	27.331
17.82	17.82	0.047898	27.426
17.82	17.82	0.047914	27.526
17.82	17.83	0.047931	27.630
17.82	17.83	0.047947	27.725
17.82	17.83	0.047964	27.824
17.82	17.83	0.047981	27.929
17.82	17.83	0.047997	28.023
17.82	17.83	0.048014	28.123
17.82	17.83	0.048031	28.228
17.84	17.83	0.048047	28.322
17.84	17.83	0.048064	28.422
17.84	17.83	0.048081	28.526
17.84	17.83	0.048097	28.621
17.84	17.83	0.048114	28.720
17.84	17.83	0.048131	28.825
17.84	17.84	0.048147	28.919
17.84	17.84	0.048164	29.019
17.84	17.84	0.048181	29.124
17.84	17.84	0.048197	29.218
17.84	17.84	0.048214	29.319
17.84	17.84	0.048231	29.422
17.84	17.84	0.048247	29.517
17.84	17.84	0.048264	29.619
17.84	17.84	0.048281	29.721
17.84	17.84	0.048297	29.816
17.84	17.84	0.048314	29.918
17.84	17.84	0.048331	30.020
17.84	17.84	0.048347	30.114
17.84	17.85	0.048364	30.219
17.84	17.85	0.048381	30.318
17.84	17.85	0.048397	30.413
17.84	17.85	0.048414	30.518
17.84	17.85	0.048431	30.617
17.84	17.85	0.048447	30.712
17.84	17.85	0.048464	30.816
17.84	17.85	0.048481	30.916
17.87	17.85	0.048497	31.010
17.87	17.85	0.048514	31.115
17.87	17.85	0.048531	31.214
17.87	17.85	0.048547	31.310
17.87	17.85	0.048564	31.414
17.87	17.86	0.048581	31.514
17.87	17.86	0.048597	31.610
17.87	17.86	0.048614	31.712
17.87	17.86	0.048631	31.814
17.87	17.86	0.048647	31.909
17.87	17.86	0.048664	32.011
17.87	17.86	0.048681	32.114
17.87	17.86	0.048697	32.210
17.87	17.86	0.048714	32.310
17.84	17.86	0.048731	32.414
17.84	17.86	0.048747	32.509
17.84	17.86	0.048764	32.610
17.84	17.86	0.048780	32.713
17.84	17.87	0.048797	32.810
17.84	17.87	0.048814	32.910
17.84	17.87	0.048830	33.014
17.84	17.87	0.048847	33.110
17.87	17.87	0.048864	33.210
17.87	17.87	0.048880	33.314
17.87	17.87	0.048897	33.409
17.87	17.87	0.048914	33.510
17.87	17.87	0.048930	33.613
17.87	17.87	0.048947	33.710
17.87	17.87	0.048964	33.810
17.87	17.87	0.048980	33.914
17.87	17.87	0.048997	34.010
17.87	17.88	0.049014	34.109
17.87	17.88	0.049030	34.214
17.89	17.88	0.049047	34.309
17.89	17.88	0.049064	34.411
17.89	17.88	0.049080	34.513
17.89	17.88	0.049097	34.611
17.89	17.88	0.049114	34.711
17.89	17.88	0.049130	34.813
17.89	17.88	0.049147	34.912
17.89	17.88	0.049164	35.011
17.89	17.88	0.049180	35.114
17.89	17.88	0.049197	35.211
17.89	17.88	0.049214	35.312
17.89	17.89	0.049230	35.414
17.89	17.89	0.049247	35.512
17.89	17.89	0.049264	35.613
17.89	17.89	0.049280	35.713
17.89	17.89	0.049297	35.813
17.89	17.89	0.049314	35.912
17.89	17.89	0.049330	36.014
17.89	17.89	0.049347	36.112
17.89	17.89	0.049364	36.213
17.89	17.89	0.049380	36.314
17.89	17.89	0.049397	36.413
17.89	17.89	0.049414	36.513
17.89	17.89	0.049430	36.613
17.89	17.90	0.049447	36.742
17.89	17.90	0.049464	36.835
17.89	17.90	0.049480	36.913
17.89	17.90	0.049497	37.040
17.89	17.90	0.049514	37.135
17.89	17.90	0.049530	37.213
17.89	17.90	0.049547	37.339
17.89	17.90	0.049564	37.434
17.89	17.90	0.049580	37.513
17.89	17.90	0.049597	37.638
17.89	17.90	0.049613	37.732
17.89	17.90	0.049630	37.837
17.89	17.90	0.049647	37.936
17.89	17.91	0.049663	38.031
17.89	17.91	0.049680	38.136
17.89	17.91	0.049697	38.235
17.92	17.91	0.049713	38.330
17.92	17.91	0.049730	38.434
17.92	17.91	0.049747	38.534
17.92	17.91	0.049763	38.628
17.92	17.91	0.049780	38.733
17.92	17.91	0.049797	38.828
17.92	17.91	0.049813	38.927
17.92	17.91	0.049830	39.032
17.92	17.91	0.049847	39.126
17.92	17.91	0.049863	39.226
17.92	17.92	0.049880	39.330
17.92	17.92	0.049897	39.425
17.92	17.92	0.049913	39.524
17.92	17.92	0.049930	39.629
17.92	17.92	0.049947	39.724
17.92	17.92	0.049963	39.823
17.92	17.92	0.049980	39.928
17.92	17.92	0.049997	40.022
17.92	17.92	0.050013	40.122
17.92	17.92	0.050030	40.226
17.92	17.92	0.050047	40.321
17.92	17.92	0.050063	40.421
17.92	17.92	0.050080	40.525
17.92	17.93	0.050097	40.619
17.92	17.93	0.050113	40.719
17.92	17.93	0.050130	40.823
17.92	17.93	0.050147	40.918
17.92	17.93	0.050163	41.018
17.92	17.93	0.050180	41.122
17.92	17.93	0.050197	41.217
17.95	17.93	0.050213	41.317
17.95	17.93	0.050230	41.422
17.95	17.93	0.050247	41.516
17.95	17.93	0.050263	41.617
17.95	17.93	0.050280	41.720
17.95	17.93	0.050297	41.815
17.95	17.94	0.050313	41.918
17.95	17.94	0.050330	42.019
17.95	17.94	0.050347	42.114
17.95	17.94	0.050363	42.217
17.95	17.94	0.050380	42.318
17.95	17.94	0.050397	42.414
17.95	17.94	0.050413	42.516
17.92	17.94	0.050430	42.616
17.92	17.94	0.050446	42.714
17.92	17.94	0.050463	42.815
17.92	17.94	0.050480	42.915
17.92	17.94	0.050496	43.013
17.92	17.94	0.050513	43.114
17.92	17.95	0.050530	43.213
17.92	17.95	0.050546	43.314
17.92	17.95	0.050563	43.414
17.92	17.95	0.050580	43.514
17.95	17.95	0.050596	43.614
17.95	17.95	0.050613	43.714
17.95	17.95	0.050630	43.814
17.95	17.95	0.050646	43.913
17.95	17.95	0.050663	44.014
17.95	17.95	0.050680	44.113
17.95	17.95	0.050696	44.214
17.95	17.95	0.050713	44.314
17.95	17.95	0.050730	44.414
17.95	17.96	0.050746	44.514
17.95	17.96	0.050763	44.614
17.97	17.96	0.050780	44.714
17.97	17.96	0.050796	44.813
17.97	17.96	0.050813	44.914
17.97	17.96	0.050830	45.014
17.97	17.96	0.050846	45.114
17.97	17.96	0.050863	45.214
17.97	17.96	0.050880	45.313
17.97	17.96	0.050896	45.414
17.97	17.96	0.050913	45.513
17.97	17.96	0.050930	45.613
17.97	17.96	0.050946	45.714
17.97	17.97	0.050963	45.814
17.97	17.97	0.050980	45.914
17.97	17.97	0.050996	46.014
17.97	17.97	0.051013	46.113
17.97	17.97	0.051030	46.214
17.97	17.97	0.051046	46.313
17.97	17.97	0.051063	46.414
17.97	17.97	0.051080	46.514
17.97	17.97	0.051096	46.614
17.97	17.97	0.051113	46.714
17.97	17.97	0.051130	46.814
17.97	17.97	0.051146	46.914
17.97	17.97	0.051163	47.013
17.97	17.98	0.051180	47.114
17.97	17.98	0.051196	47.213
17.97	17.98	0.051213	47.314
17.97	17.98	0.051230	47.414
17.97	17.98	0.051246	47.514
17.97	17.98	0.051263	47.614
17.97	17.98	0.051279	47.714
17.97	17.98	0.051296	47.814
17.97	17.98	0.051313	47.913
17.97	17.98	0.051329	48.014
17.97	17.98	0.051346	48.113
17.97	17.98	0.051363	48.238
17.97	17.98	0.051379	48.338
17.97	17.99	0.051396	48.442
18.00	17.99	0.051413	48.537
18.00	17.99	0.051429	48.636
18.00	17.99	0.051446	48.741
18.00	17.99	0.051463	48.835
18.00	17.99	0.051479	48.936
18.00	17.99	0.051496	49.039
18.00	17.99	0.051513	49.134
18.00	17.99	0.051529	49.236
18.00	17.99	0.051546	49.338
18.00	17.99	0.051563	49.432
18.00	17.99	0.051579	49.537
18.00	17.99	0.051596	49.636
18.00	18.00	0.051613	49.731
18.00	18.00	0.051629	49.835
18.00	18.00	0.051646	49.935
18.00	18.00	0.051663	50.030
18.00	18.00	0.051679	50.134
18.00	18.00	0.051696	50.234
18.00	18.00	0.051713	50.328
18.00	18.00	0.051729	50.433
