100.00	0.00	7.23	30.00	150.00	2.70	97.30	2.60	

15.02	17.00	0.000000	18.650
15.02	17.00	0.000017	18.753
15.02	17.00	0.000033	18.848
15.22	17.00	0.000050	18.949
15.40	17.00	0.000067	19.053
15.86	17.00	0.000083	19.148
16.43	17.00	0.000100	19.249
16.71	17.00	0.000117	19.352
17.19	17.00	0.000133	19.446
17.58	17.00	0.000150	19.550
17.71	17.00	0.000167	19.650
17.86	17.00	0.000183	19.745
17.86	17.00	0.000200	19.849
17.81	17.00	0.000217	19.949
17.66	17.00	0.000233	20.044
17.55	17.00	0.000250	20.148
17.32	17.00	0.000267	20.247
17.12	17.00	0.000283	20.342
17.02	17.00	0.000300	20.447
16.86	17.00	0.000317	20.546
16.78	17.00	0.000333	20.641
16.76	17.00	0.000350	20.745
16.76	17.00	0.000367	20.845
16.81	17.00	0.000383	20.939
16.86	17.00	0.000400	21.044
16.99	17.00	0.000416	21.139
17.12	17.00	0.000433	21.239
17.17	17.00	0.000450	21.344
17.27	17.00	0.000466	21.438
17.32	17.00	0.000483	21.538
17.32	17.00	0.000500	21.642
17.32	17.00	0.000516	21.737
17.32	17.00	0.000533	21.836
17.30	17.00	0.000550	21.941
17.22	17.00	0.000566	22.036
17.14	17.00	0.000583	22.135
17.09	17.00	0.000600	22.240
17.02	17.00	0.000616	22.334
16.99	17.00	0.000633	22.434
16.99	17.00	0.000650	22.538
16.99	17.00	0.000666	22.634
16.99	17.00	0.000683	22.734
16.99	17.00	0.000700	22.837
16.99	17.00	0.000716	22.934
16.99	17.00	0.000733	23.034
16.99	17.00	0.000750	23.136
16.99	17.00	0.000766	23.234
17.02	17.00	0.000783	23.334
17.02	17.00	0.000800	23.434
17.04	17.00	0.000816	23.534
17.04	17.00	0.000833	23.634
17.04	17.00	0.000850	23.734
17.07	17.00	0.000866	23.834
17.07	17.00	0.000883	23.934
17.09	17.00	0.000900	24.034
17.09	17.00	0.000916	24.134
17.09	17.00	0.000933	24.234
17.09	17.00	0.000950	24.333
17.09	17.00	0.000966	24.434
17.09	17.00	0.000983	24.534
17.09	17.00	0.001000	24.634
17.09	17.00	0.001016	24.734
17.09	17.00	0.001033	24.834
17.09	17.00	0.001050	24.934
17.09	17.00	0.001066	25.033
17.09	17.00	0.001083	25.134
17.07	17.00	0.001100	25.234
17.07	17.00	0.001116	25.334
17.07	17.00	0.001133	25.434
17.07	17.00	0.001150	25.534
17.04	17.00	0.001166	25.634
17.04	17.00	0.001183	25.734
17.02	17.00	0.001200	25.834
17.02	17.00	0.001216	25.934
17.02	17.00	0.001233	26.034
17.02	17.00	0.001250	26.134
16.99	17.00	0.001266	26.233
16.99	17.00	0.001283	26.334
16.99	17.00	0.001299	26.434
16.99	17.00	0.001316	26.534
16.99	17.00	0.001333	26.634
16.99	17.00	0.001349	26.734
16.99	17.00	0.001366	26.834
16.99	17.00	0.001383	26.934
16.99	17.00	0.001399	27.034
16.99	17.00	0.001416	27.133
16.99	17.00	0.001433	27.234
16.99	17.00	0.001449	27.334
16.99	17.00	0.001466	27.434
16.99	17.00	0.001483	27.568
16.99	17.00	0.001499	27.663
16.99	17.00	0.001516	27.767
16.99	17.00	0.001533	27.867
16.99	17.00	0.001549	27.961
16.99	17.00	0.001566	28.066
16.99	17.00	0.001583	28.165
16.99	17.00	0.001599	28.260
16.99	17.00	0.001616	28.365
16.99	17.00	0.001633	28.464
16.99	17.00	0.001649	28.559
16.99	17.00	0.001666	28.663
16.99	17.00	0.001683	28.758
16.99	17.00	0.001699	28.857
17.02	17.00	0.001716	28.962
17.02	17.00	0.001733	29.056
17.02	17.00	0.001749	29.156
17.02	17.00	0.001766	29.261
17.02	17.00	0.001783	29.356
17.02	17.00	0.001799	29.455
17.02	17.00	0.001816	29.560
17.02	17.00	0.001833	29.654
17.02	17.00	0.001849	29.754
17.02	17.00	0.001866	29.859
16.99	17.00	0.001883	29.953
16.99	17.00	0.001899	30.053
16.99	17.00	0.001916	30.157
16.99	17.00	0.001933	30.252
16.99	17.00	0.001949	30.351
16.99	17.00	0.001966	30.456
16.99	17.00	0.001983	30.551
16.99	17.00	0.001999	30.650
16.99	17.00	0.002016	30.755
16.99	17.00	0.002033	30.849
16.99	17.00	0.002049	30.949
16.99	17.00	0.002066	31.053
16.99	17.00	0.002082	31.148
16.99	17.00	0.002099	31.247
16.99	17.00	0.002116	31.352
16.99	17.00	0.002132	31.447
16.99	17.00	0.002149	31.548
16.99	17.00	0.002166	31.651
16.99	17.00	0.002182	31.746
16.99	17.00	0.002199	31.848
16.99	17.00	0.002216	31.949
17.02	17.00	0.002232	32.046
17.02	17.00	0.002249	32.148
17.02	17.00	0.002266	32.249
17.02	17.00	0.002282	32.346
17.02	17.00	0.002299	32.448
17.02	17.00	0.002316	32.548
17.02	17.00	0.002332	32.646
17.02	17.00	0.002349	32.747
17.02	17.00	0.002366	32.846
17.02	17.00	0.002382	32.946
17.02	17.00	0.002399	33.046
17.02	17.00	0.002416	33.146
16.99	17.00	0.002432	33.246
16.99	17.00	0.002449	33.346
16.99	17.00	0.002466	33.446
16.99	17.00	0.002482	33.546
16.99	17.00	0.002499	33.646
16.99	17.00	0.002516	33.745
16.99	17.00	0.002532	33.846
16.99	17.00	0.002549	33.946
16.99	17.00	0.002566	34.046
16.99	17.00	0.002582	34.146
16.99	17.00	0.002599	34.246
16.99	17.00	0.002616	34.346
16.99	17.00	0.002632	34.445
16.99	17.00	0.002649	34.546
16.99	17.00	0.002666	34.646
16.99	17.00	0.002682	34.746
16.99	17.00	0.002699	34.846
16.99	17.00	0.002716	34.946
16.99	17.00	0.002732	35.046
16.99	17.00	0.002749	35.146
16.99	17.00	0.002766	35.246
17.02	17.00	0.002782	35.345
17.02	17.00	0.002799	35.446
17.02	17.00	0.002816	35.546
17.02	17.00	0.002832	35.646
17.02	17.00	0.002849	35.746
17.02	17.00	0.002866	35.846
17.02	17.00	0.002882	35.946
17.02	17.00	0.002899	36.045
17.02	17.00	0.002915	36.146
17.02	17.00	0.002932	36.245
17.02	17.00	0.002949	36.346
17.02	17.00	0.002965	36.446
16.99	17.00	0.002982	36.546
16.99	17.00	0.002999	36.676
16.99	17.00	0.003015	36.775
16.99	17.00	0.003032	36.879
16.99	17.00	0.003049	36.974
16.99	17.00	0.003065	37.073
16.99	17.00	0.003082	37.178
16.99	17.00	0.003099	37.273
16.99	17.00	0.003115	37.372
16.99	17.00	0.003132	37.478
16.99	17.00	0.003149	37.572
16.99	17.00	0.003165	37.672
16.99	17.00	0.003182	37.776
16.99	17.00	0.003199	37.871
16.99	17.00	0.003215	37.971
16.99	17.00	0.003232	38.075
16.99	17.00	0.003249	38.170
16.99	17.00	0.003265	38.269
16.99	17.00	0.003282	38.374
16.99	17.00	0.003299	38.468
16.99	17.00	0.003315	38.568
16.99	17.00	0.003332	38.672
16.99	17.00	0.003349	38.767
17.02	17.00	0.003365	38.868
17.02	17.00	0.003382	38.971
17.02	17.00	0.003399	39.066
17.02	17.00	0.003415	39.167
17.02	17.00	0.003432	39.270
17.02	17.00	0.003449	39.364
17.02	17.00	0.003465	39.468
17.02	17.00	0.003482	39.569
17.02	17.00	0.003499	39.663
17.02	17.00	0.003515	39.768
17.02	17.00	0.003532	39.867
17.02	17.00	0.003549	39.962
16.99	17.00	0.003565	40.066
16.99	17.00	0.003582	40.166
16.99	17.00	0.003599	40.261
16.99	17.00	0.003615	40.365
16.99	17.00	0.003632	40.465
16.99	17.00	0.003649	40.559
16.99	17.00	0.003665	40.664
16.99	17.00	0.003682	40.763
16.99	17.00	0.003699	40.859
16.99	17.00	0.003715	40.962
16.99	17.00	0.003732	41.063
16.99	17.00	0.003748	41.159
16.99	17.00	0.003765	41.262
16.99	17.00	0.003782	41.363
16.99	17.00	0.003798	41.459
16.99	17.00	0.003815	41.561
16.99	17.00	0.003832	41.663
16.99	17.00	0.003848	41.758
16.99	17.00	0.003865	41.859
17.02	17.00	0.003882	41.963
17.02	17.00	0.003898	42.059
17.02	17.00	0.003915	42.159
17.02	17.00	0.003932	42.263
17.02	17.00	0.003948	42.359
17.02	17.00	0.003965	42.458
17.02	17.00	0.003982	42.563
17.02	17.00	0.003998	42.658
17.02	17.00	0.004015	42.759
17.02	17.00	0.004032	42.863
16.99	17.00	0.004048	42.959
16.99	17.00	0.004065	43.059
16.99	17.00	0.004082	43.163
16.99	17.00	0.004098	43.259
16.99	17.00	0.004115	43.358
16.99	17.00	0.004132	43.462
16.99	17.00	0.004148	43.559
16.99	17.00	0.004165	43.659
16.99	17.00	0.004182	43.763
16.99	17.00	0.004198	43.858
16.99	17.00	0.004215	43.959
16.99	17.00	0.004232	44.062
16.99	17.00	0.004248	44.159
16.99	17.00	0.004265	44.259
16.99	17.00	0.004282	44.363
16.99	17.00	0.004298	44.459
16.99	17.00	0.004315	44.559
16.99	17.00	0.004332	44.663
16.99	17.00	0.004348	44.758
16.99	17.00	0.004365	44.859
16.99	17.00	0.004382	44.963
16.99	17.00	0.004398	45.059
17.02	17.00	0.004415	45.159
17.02	17.00	0.004432	45.263
17.02	17.00	0.004448	45.359
17.02	17.00	0.004465	45.459
17.02	17.00	0.004482	45.563
17.02	17.00	0.004498	45.658
17.02	17.00	0.004515	45.759
17.02	17.00	0.004532	45.863
17.02	17.00	0.004548	45.959
17.02	17.00	0.004565	46.059
16.99	17.00	0.004581	46.163
16.99	17.00	0.004598	46.259
16.99	17.00	0.004615	46.359
16.99	17.00	0.004631	46.462
16.99	17.00	0.004648	46.559
16.99	17.00	0.004665	46.659
16.99	17.00	0.004681	46.763
16.99	17.00	0.004698	46.858
16.99	17.00	0.004715	46.959
16.99	17.00	0.004731	47.063
16.99	17.00	0.004748	47.188
16.99	17.00	0.004765	47.283
16.99	17.00	0.004781	47.387
16.99	17.00	0.004798	47.487
16.99	17.00	0.004815	47.581
16.99	17.00	0.004831	47.686
16.99	17.00	0.004848	47.785
16.99	17.00	0.004865	47.880
16.99	17.00	0.004881	47.984
16.99	17.00	0.004898	48.084
16.99	17.00	0.004915	48.179
17.02	17.00	0.004931	48.283
17.02	17.00	0.004948	48.383
17.02	17.00	0.004965	48.477
17.02	17.00	0.004981	48.582
17.02	17.00	0.004998	48.676
17.02	17.00	0.005015	48.776
17.02	17.00	0.005031	48.881
17.02	17.00	0.005048	48.975
17.02	17.00	0.005065	49.075
17.02	17.00	0.005081	49.179
16.99	17.00	0.005098	49.274
16.99	17.00	0.005115	49.373
16.99	17.00	0.005131	49.478
16.99	17.00	0.005148	49.572
16.99	17.00	0.005165	49.672
16.99	17.00	0.005181	49.777
16.99	17.00	0.005198	49.871
16.99	17.00	0.005215	49.971
16.99	17.00	0.005231	50.076
16.99	17.00	0.005248	50.170
16.99	17.00	0.005265	50.270
16.99	17.00	0.005281	50.374
16.99	17.00	0.005298	50.469
16.99	17.00	0.005315	50.569
16.99	17.00	0.005331	50.673
16.99	17.00	0.005348	50.768
16.99	17.00	0.005365	50.867
16.99	17.00	0.005381	50.972
16.99	17.00	0.005398	51.066
16.99	17.00	0.005414	51.166
16.99	17.00	0.005431	51.271
17.02	17.00	0.005448	51.366
17.02	17.00	0.005464	51.467
17.02	17.00	0.005481	51.570
17.02	17.00	0.005498	51.664
17.02	17.00	0.005514	51.767
17.02	17.00	0.005531	51.868
17.02	17.00	0.005548	51.963
17.02	17.00	0.005564	52.067
17.02	17.00	0.005581	52.167
17.02	17.00	0.005598	52.262
16.99	17.00	0.005614	52.366
16.99	17.00	0.005631	52.466
16.99	17.00	0.005648	52.560
16.99	17.00	0.005664	52.665
16.99	17.00	0.005681	52.764
16.99	17.00	0.005698	52.860
16.99	17.00	0.005714	52.964
16.99	17.00	0.005731	53.063
16.99	17.00	0.005748	53.160
16.99	17.00	0.005764	53.263
16.99	17.00	0.005781	53.362
16.99	17.00	0.005798	53.460
16.99	17.00	0.005814	53.561
16.99	17.00	0.005831	53.662
16.99	17.00	0.005848	53.760
16.99	17.00	0.005864	53.860
16.99	17.00	0.005881	53.962
16.99	17.00	0.005898	54.060
16.99	17.00	0.005914	54.159
16.99	17.00	0.005931	54.262
16.99	17.00	0.005948	54.360
16.99	17.00	0.005964	54.460
16.99	17.00	0.005981	54.562
17.02	17.00	0.005998	54.660
17.02	17.00	0.006014	54.760
17.02	17.00	0.006031	54.861
17.02	17.00	0.006048	54.960
17.02	17.00	0.006064	55.060
17.02	17.00	0.006081	55.162
17.02	17.00	0.006098	55.260
17.02	17.00	0.006114	55.360
17.02	17.00	0.006131	55.462
17.02	17.00	0.006148	55.560
17.02	17.00	0.006164	55.660
16.99	17.00	0.006181	55.762
16.99	17.00	0.006198	55.859
16.99	17.00	0.006214	55.960
16.99	17.00	0.006231	56.062
16.99	17.00	0.006247	56.160
16.99	17.00	0.006264	56.260
16.99	17.00	0.006281	56.361
16.99	17.00	0.006297	56.460
16.99	17.00	0.006314	56.559
16.99	17.00	0.006331	56.662
16.99	17.00	0.006347	56.759
16.99	17.00	0.006364	56.861
16.99	17.00	0.006381	56.962
16.99	17.00	0.006397	57.061
16.99	17.00	0.006414	57.161
16.99	17.00	0.006431	57.261
16.99	17.00	0.006447	57.361
16.99	17.00	0.006464	57.460
16.99	17.00	0.006481	57.562
16.99	17.00	0.006497	57.661
16.99	17.00	0.006514	57.761
16.99	17.00	0.006531	57.862
16.99	17.00	0.006547	57.961
16.99	17.00	0.006564	58.061
16.99	17.00	0.006581	58.162
16.99	17.00	0.006597	58.260
17.02	17.00	0.006614	58.361
17.02	17.00	0.006631	58.462
17.02	17.00	0.006647	58.561
17.02	17.00	0.006664	58.661
17.02	17.00	0.006681	58.761
17.02	17.00	0.006697	58.860
17.02	17.00	0.006714	58.985
17.02	17.00	0.006731	59.062
17.02	17.00	0.006747	59.189
16.99	17.00	0.006764	59.284
16.99	17.00	0.006781	59.362
16.99	17.00	0.006797	59.487
16.99	17.00	0.006814	59.582
16.99	17.00	0.006831	59.661
16.99	17.00	0.006847	59.787
16.99	17.00	0.006864	59.881
16.99	17.00	0.006881	59.986
16.99	17.00	0.006897	00.085
16.99	17.00	0.006914	00.180
16.99	17.00	0.006931	00.285
16.99	17.00	0.006947	00.384
16.99	17.00	0.006964	00.479
16.99	17.00	0.006981	00.583
16.99	17.00	0.006997	00.683
16.99	17.00	0.007014	00.777
16.99	17.00	0.007031	00.882
16.99	17.00	0.007047	00.981
16.99	17.00	0.007064	01.076
16.99	17.00	0.007080	01.181
17.02	17.00	0.007097	01.276
17.02	17.00	0.007114	01.375
17.02	17.00	0.007130	01.480
17.02	17.00	0.007147	01.574
17.02	17.00	0.007164	01.674
17.02	17.00	0.007180	01.778
17.02	17.00	0.007197	01.873
17.02	17.00	0.007214	01.973
17.02	17.00	0.007230	02.077
17.02	17.00	0.007247	02.172
16.99	17.00	0.007264	02.271
16.99	17.00	0.007280	02.376
16.99	17.00	0.007297	02.470
16.99	17.00	0.007314	02.570
16.99	17.00	0.007330	02.675
16.99	17.00	0.007347	02.769
16.99	17.00	0.007364	02.869
16.99	17.00	0.007380	02.973
16.99	17.00	0.007397	03.068
16.99	17.00	0.007414	03.167
16.99	17.00	0.007430	03.272
16.99	17.00	0.007447	03.366
16.99	17.00	0.007464	03.466
16.99	17.00	0.007480	03.571
16.99	17.00	0.007497	03.665
16.99	17.00	0.007514	03.766
16.99	17.00	0.007530	03.869
16.99	17.00	0.007547	03.964
17.02	17.00	0.007564	04.065
17.02	17.00	0.007580	04.168
17.02	17.00	0.007597	04.263
17.02	17.00	0.007614	04.365
17.02	17.00	0.007630	04.467
17.02	17.00	0.007647	04.561
17.02	17.00	0.007664	04.666
17.02	17.00	0.007680	04.766
17.02	17.00	0.007697	04.861
17.02	17.00	0.007714	04.965
16.99	17.00	0.007730	05.065
16.99	17.00	0.007747	05.161
16.99	17.00	0.007764	05.264
16.99	17.00	0.007780	05.363
16.99	17.00	0.007797	05.461
16.99	17.00	0.007814	05.563
16.99	17.00	0.007830	05.662
16.99	17.00	0.007847	05.761
16.99	17.00	0.007864	05.861
16.99	17.00	0.007880	05.961
16.99	17.00	0.007897	06.060
16.99	17.00	0.007913	06.161
16.99	17.00	0.007930	06.260
16.99	17.00	0.007947	06.361
16.99	17.00	0.007963	06.461
16.99	17.00	0.007980	06.561
16.99	17.00	0.007997	06.661
16.99	17.00	0.008013	06.761
16.99	17.00	0.008030	06.860
16.99	17.00	0.008047	06.961
16.99	17.00	0.008063	07.061
16.99	17.00	0.008080	07.161
16.99	17.00	0.008097	07.261
16.99	17.00	0.008113	07.361
16.99	17.00	0.008130	07.461
16.99	17.00	0.008147	07.561
16.99	17.00	0.008163	07.661
17.02	17.00	0.008180	07.761
17.02	17.00	0.008197	07.861
17.02	17.00	0.008213	07.961
17.02	17.00	0.008230	08.061
17.02	17.00	0.008247	08.160
17.02	17.00	0.008263	08.261
17.02	17.00	0.008280	08.360
17.02	17.00	0.008297	08.461
17.02	17.00	0.008313	08.561
17.02	17.00	0.008330	08.661
16.99	17.00	0.008347	08.761
16.99	17.00	0.008363	08.861
16.99	17.00	0.008380	08.960
16.99	17.00	0.008397	09.060
16.99	17.00	0.008413	09.161
16.99	17.00	0.008430	09.261
16.99	17.00	0.008447	09.361
16.99	17.00	0.008463	09.461
16.99	17.00	0.008480	09.561
16.99	17.00	0.008497	09.661
16.99	17.00	0.008513	09.761
16.99	17.00	0.008530	09.861
16.99	17.00	0.008547	09.961
16.99	17.00	0.008563	10.061
16.99	17.00	0.008580	10.161
16.99	17.00	0.008597	10.261
16.99	17.00	0.008613	10.360
16.99	17.00	0.008630	10.461
16.99	17.00	0.008647	10.561
16.99	17.00	0.008663	10.661
17.02	17.00	0.008680	10.761
17.02	17.00	0.008697	10.861
17.02	17.00	0.008713	10.960
17.02	17.00	0.008730	11.060
17.02	17.00	0.008746	11.160
17.02	17.00	0.008763	11.284
17.02	17.00	0.008780	11.361
17.02	17.00	0.008796	11.488
17.02	17.00	0.008813	11.583
17.02	17.00	0.008830	11.660
16.99	17.00	0.008846	11.787
16.99	17.00	0.008863	11.881
16.99	17.00	0.008880	11.960
16.99	17.00	0.008896	12.086
16.99	17.00	0.008913	12.180
16.99	17.00	0.008930	12.261
16.99	17.00	0.008946	12.385
16.99	17.00	0.008963	12.480
16.99	17.00	0.008980	12.584
16.99	17.00	0.008996	12.684
16.99	17.00	0.009013	12.778
16.99	17.00	0.009030	12.883
16.99	17.00	0.009046	12.983
16.99	17.00	0.009063	13.077
16.99	17.00	0.009080	13.182
16.99	17.00	0.009096	13.281
16.99	17.00	0.009113	13.376
16.99	17.00	0.009130	13.480
16.99	17.00	0.009146	13.575
16.99	17.00	0.009163	13.674
16.99	17.00	0.009180	13.779
16.99	17.00	0.009196	13.874
17.02	17.00	0.009213	13.973
17.02	17.00	0.009230	14.078
17.02	17.00	0.009246	14.172
17.02	17.00	0.009263	14.272
17.02	17.00	0.009280	14.376
17.02	17.00	0.009296	14.471
17.02	17.00	0.009313	14.571
17.02	17.00	0.009330	14.675
17.02	17.00	0.009346	14.770
17.02	17.00	0.009363	14.869
17.02	17.00	0.009380	14.975
17.02	17.00	0.009396	15.069
16.99	17.00	0.009413	15.168
16.99	17.00	0.009430	15.272
16.99	17.00	0.009446	15.367
16.99	17.00	0.009463	15.467
16.99	17.00	0.009480	15.571
16.99	17.00	0.009496	15.666
16.99	17.00	0.009513	15.765
16.99	17.00	0.009530	15.871
16.99	17.00	0.009546	15.965
16.99	17.00	0.009563	16.065
16.99	17.00	0.009579	16.170
16.99	17.00	0.009596	16.264
16.99	17.00	0.009613	16.365
16.99	17.00	0.009629	16.468
16.99	17.00	0.009646	16.563
16.99	17.00	0.009663	16.664
16.99	17.00	0.009679	16.767
16.99	17.00	0.009696	16.862
16.99	17.00	0.009713	16.964
16.99	17.00	0.009729	17.066
16.99	17.00	0.009746	17.162
17.02	17.00	0.009763	17.265
17.02	17.00	0.009779	17.364
17.02	17.00	0.009796	17.462
17.02	17.00	0.009813	17.563
17.02	17.00	0.009829	17.663
17.02	17.00	0.009846	17.762
17.02	17.00	0.009863	17.862
17.02	17.00	0.009879	17.962
17.02	17.00	0.009896	18.062
17.02	17.00	0.009913	18.162
16.99	17.00	0.009929	18.261
16.99	17.00	0.009946	18.362
16.99	17.00	0.009963	18.461
16.99	17.00	0.009979	18.562
16.99	17.00	0.009996	18.662
16.99	17.00	0.010013	18.762
16.99	17.00	0.010029	18.862
16.99	17.00	0.010046	18.962
16.99	17.00	0.010063	19.062
16.99	17.00	0.010079	19.161
16.99	17.00	0.010096	19.262
16.99	17.00	0.010113	19.362
16.99	17.00	0.010129	19.462
16.99	17.00	0.010146	19.562
16.99	17.00	0.010163	19.662
16.99	17.00	0.010179	19.762
16.99	17.00	0.010196	19.862
16.99	17.00	0.010213	19.962
16.99	17.00	0.010229	20.061
16.99	17.00	0.010246	20.162
16.99	17.00	0.010263	20.262
16.99	17.00	0.010279	20.362
16.99	17.00	0.010296	20.462
16.99	17.00	0.010313	20.562
17.02	17.00	0.010329	20.662
17.02	17.00	0.010346	20.762
17.02	17.00	0.010363	20.862
17.02	17.00	0.010379	20.961
17.02	17.00	0.010396	21.062
17.02	17.00	0.010412	21.162
17.02	17.00	0.010429	21.262
17.02	17.00	0.010446	21.362
17.02	17.00	0.010462	21.462
17.02	17.00	0.010479	21.562
16.99	17.00	0.010496	21.661
16.99	17.00	0.010512	21.762
16.99	17.00	0.010529	21.861
16.99	17.00	0.010546	21.962
16.99	17.00	0.010562	22.062
16.99	17.00	0.010579	22.162
16.99	17.00	0.010596	22.262
16.99	17.00	0.010612	22.362
16.99	17.00	0.010629	22.462
16.99	17.00	0.010646	22.561
16.99	17.00	0.010662	22.662
16.99	17.00	0.010679	22.762
16.99	17.00	0.010696	22.862
16.99	17.00	0.010712	22.962
16.99	17.00	0.010729	23.086
16.99	17.00	0.010746	23.191
16.99	17.00	0.010762	23.285
16.99	17.00	0.010779	23.385
16.99	17.00	0.010796	23.489
16.99	17.00	0.010812	23.584
16.99	17.00	0.010829	23.683
17.02	17.00	0.010846	23.788
17.02	17.00	0.010862	23.883
17.02	17.00	0.010879	23.984
17.02	17.00	0.010896	24.088
17.02	17.00	0.010912	24.181
17.02	17.00	0.010929	24.284
17.02	17.00	0.010946	24.386
17.02	17.00	0.010962	24.481
17.02	17.00	0.010979	24.585
17.02	17.00	0.010996	24.685
17.02	17.00	0.011012	24.780
17.02	17.00	0.011029	24.884
16.99	17.00	0.011046	24.984
16.99	17.00	0.011062	25.078
16.99	17.00	0.011079	25.183
16.99	17.00	0.011096	25.282
16.99	17.00	0.011112	25.377
16.99	17.00	0.011129	25.482
16.99	17.00	0.011146	25.581
16.99	17.00	0.011162	25.676
16.99	17.00	0.011179	25.780
16.99	17.00	0.011196	25.880
16.99	17.00	0.011212	25.974
16.99	17.00	0.011229	26.079
16.99	17.00	0.011245	26.173
16.99	17.00	0.011262	26.273
16.99	17.00	0.011279	26.378
16.99	17.00	0.011295	26.472
16.99	17.00	0.011312	26.572
16.99	17.00	0.011329	26.676
16.99	17.00	0.011345	26.771
16.99	17.00	0.011362	26.870
16.99	17.00	0.011379	26.975
16.99	17.00	0.011395	27.070
17.02	17.00	0.011412	27.169
17.02	17.00	0.011429	27.274
17.02	17.00	0.011445	27.368
17.02	17.00	0.011462	27.469
17.02	17.00	0.011479	27.572
17.02	17.00	0.011495	27.667
17.02	17.00	0.011512	27.766
17.02	17.00	0.011529	27.872
17.02	17.00	0.011545	27.967
17.02	17.00	0.011562	28.066
16.99	17.00	0.011579	28.171
16.99	17.00	0.011595	28.264
16.99	17.00	0.011612	28.364
16.99	17.00	0.011629	28.469
16.99	17.00	0.011645	28.564
16.99	17.00	0.011662	28.664
16.99	17.00	0.011679	28.768
16.99	17.00	0.011695	28.863
16.99	17.00	0.011712	28.963
16.99	17.00	0.011729	29.067
16.99	17.00	0.011745	29.163
16.99	17.00	0.011762	29.263
16.99	17.00	0.011779	29.365
16.99	17.00	0.011795	29.463
16.99	17.00	0.011812	29.564
16.99	17.00	0.011829	29.664
16.99	17.00	0.011845	29.763
16.99	17.00	0.011862	29.863
16.99	17.00	0.011879	29.963
16.99	17.00	0.011895	30.062
16.99	17.00	0.011912	30.163
16.99	17.00	0.011929	30.262
17.02	17.00	0.011945	30.363
17.02	17.00	0.011962	30.463
17.02	17.00	0.011979	30.563
17.02	17.00	0.011995	30.663
17.02	17.00	0.012012	30.763
17.02	17.00	0.012029	30.862
17.02	17.00	0.012045	30.963
17.02	17.00	0.012062	31.062
17.02	17.00	0.012078	31.163
16.99	17.00	0.012095	31.263
16.99	17.00	0.012112	31.363
16.99	17.00	0.012128	31.463
16.99	17.00	0.012145	31.563
16.99	17.00	0.012162	31.663
16.99	17.00	0.012178	31.762
16.99	17.00	0.012195	31.863
16.99	17.00	0.012212	31.963
16.99	17.00	0.012228	32.063
16.99	17.00	0.012245	32.163
16.99	17.00	0.012262	32.263
16.99	17.00	0.012278	32.364
16.99	17.00	0.012295	32.464
16.99	17.00	0.012312	32.564
16.99	17.00	0.012328	32.663
16.99	17.00	0.012345	32.764
16.99	17.00	0.012362	32.864
16.99	17.00	0.012378	32.964
17.02	17.00	0.012395	33.064
17.02	17.00	0.012412	33.164
17.02	17.00	0.012428	33.264
17.02	17.00	0.012445	33.364
17.02	17.00	0.012462	33.464
17.02	17.00	0.012478	33.563
17.02	17.00	0.012495	33.664
17.02	17.00	0.012512	33.764
17.02	17.00	0.012528	33.864
17.02	17.00	0.012545	33.964
17.02	17.00	0.012562	34.064
16.99	17.00	0.012578	34.164
16.99	17.00	0.012595	34.263
16.99	17.00	0.012612	34.364
16.99	17.00	0.012628	34.463
16.99	17.00	0.012645	34.564
16.99	17.00	0.012662	34.664
16.99	17.00	0.012678	34.788
16.99	17.00	0.012695	34.893
16.99	17.00	0.012712	34.987
16.99	17.00	0.012728	35.087
16.99	17.00	0.012745	35.191
16.99	17.00	0.012762	35.286
16.99	17.00	0.012778	35.385
16.99	17.00	0.012795	35.490
16.99	17.00	0.012812	35.585
16.99	17.00	0.012828	35.684
16.99	17.00	0.012845	35.790
16.99	17.00	0.012862	35.884
16.99	17.00	0.012878	35.983
16.99	17.00	0.012895	36.088
16.99	17.00	0.012911	36.183
16.99	17.00	0.012928	36.282
16.99	17.00	0.012945	36.387
16.99	17.00	0.012961	36.482
17.02	17.00	0.012978	36.583
17.02	17.00	0.012995	36.686
17.02	17.00	0.013011	36.780
17.02	17.00	0.013028	36.883
17.02	17.00	0.013045	36.984
17.02	17.00	0.013061	37.079
17.02	17.00	0.013078	37.183
17.02	17.00	0.013095	37.283
17.02	17.00	0.013111	37.378
17.02	17.00	0.013128	37.482
17.02	17.00	0.013145	37.582
17.02	17.00	0.013161	37.676
16.99	17.00	0.013178	37.781
16.99	17.00	0.013195	37.880
16.99	17.00	0.013211	37.975
16.99	17.00	0.013228	38.080
16.99	17.00	0.013245	38.179
16.99	17.00	0.013261	38.274
16.99	17.00	0.013278	38.378
16.99	17.00	0.013295	38.473
16.99	17.00	0.013311	38.572
16.99	17.00	0.013328	38.677
16.99	17.00	0.013345	38.772
16.99	17.00	0.013361	38.871
16.99	17.00	0.013378	38.976
16.99	17.00	0.013395	39.070
16.99	17.00	0.013411	39.171
16.99	17.00	0.013428	39.275
16.99	17.00	0.013445	39.370
16.99	17.00	0.013461	39.469
16.99	17.00	0.013478	39.574
17.02	17.00	0.013495	39.669
17.02	17.00	0.013511	39.768
17.02	17.00	0.013528	39.873
17.02	17.00	0.013545	39.967
17.02	17.00	0.013561	40.067
17.02	17.00	0.013578	40.171
17.02	17.00	0.013595	40.266
17.02	17.00	0.013611	40.365
17.02	17.00	0.013628	40.470
17.02	17.00	0.013645	40.566
17.02	17.00	0.013661	40.666
17.02	17.00	0.013678	40.769
16.99	17.00	0.013695	40.866
16.99	17.00	0.013711	40.966
16.99	17.00	0.013728	41.067
16.99	17.00	0.013744	41.166
16.99	17.00	0.013761	41.266
16.99	17.00	0.013778	41.366
16.99	17.00	0.013794	41.466
16.99	17.00	0.013811	41.566
16.99	17.00	0.013828	41.666
16.99	17.00	0.013844	41.766
16.99	17.00	0.013861	41.866
16.99	17.00	0.013878	41.965
16.99	17.00	0.013894	42.066
16.99	17.00	0.013911	42.166
16.99	17.00	0.013928	42.266
16.99	17.00	0.013944	42.366
16.99	17.00	0.013961	42.466
16.99	17.00	0.013978	42.566
16.99	17.00	0.013994	42.666
16.99	17.00	0.014011	42.766
17.02	17.00	0.014028	42.865
17.02	17.00	0.014044	42.966
17.02	17.00	0.014061	43.066
17.02	17.00	0.014078	43.166
17.02	17.00	0.014094	43.266
17.02	17.00	0.014111	43.366
17.02	17.00	0.014128	43.466
17.02	17.00	0.014144	43.565
17.02	17.00	0.014161	43.666
16.99	17.00	0.014178	43.766
16.99	17.00	0.014194	43.866
16.99	17.00	0.014211	43.966
16.99	17.00	0.014228	44.066
16.99	17.00	0.014244	44.166
16.99	17.00	0.014261	44.265
16.99	17.00	0.014278	44.366
16.99	17.00	0.014294	44.465
16.99	17.00	0.014311	44.566
16.99	17.00	0.014328	44.666
16.99	17.00	0.014344	44.766
16.99	17.00	0.014361	44.866
16.99	17.00	0.014378	44.966
16.99	17.00	0.014394	45.066
16.99	17.00	0.014411	45.165
16.99	17.00	0.014428	45.266
16.99	17.00	0.014444	45.367
16.99	17.00	0.014461	45.467
16.99	17.00	0.014478	45.569
16.99	17.00	0.014494	45.669
16.99	17.00	0.014511	45.799
16.99	17.00	0.014528	45.893
16.99	17.00	0.014544	45.998
17.02	17.00	0.014561	46.092
17.02	17.00	0.014577	46.192
17.02	17.00	0.014594	46.296
17.02	17.00	0.014611	46.391
17.02	17.00	0.014627	46.491
17.02	17.00	0.014644	46.595
17.02	17.00	0.014661	46.690
17.02	17.00	0.014677	46.789
17.02	17.00	0.014694	46.894
17.02	17.00	0.014711	46.988
16.99	17.00	0.014727	47.088
16.99	17.00	0.014744	47.192
16.99	17.00	0.014761	47.287
16.99	17.00	0.014777	47.387
16.99	17.00	0.014794	47.491
16.99	17.00	0.014811	47.586
16.99	17.00	0.014827	47.685
16.99	17.00	0.014844	47.790
16.99	17.00	0.014861	47.884
16.99	17.00	0.014877	47.984
16.99	17.00	0.014894	48.089
16.99	17.00	0.014911	48.183
16.99	17.00	0.014927	48.283
16.99	17.00	0.014944	48.387
16.99	17.00	0.014961	48.482
16.99	17.00	0.014977	48.581
16.99	17.00	0.014994	48.686
16.99	17.00	0.015011	48.781
16.99	17.00	0.015027	48.882
16.99	17.00	0.015044	48.986
16.99	17.00	0.015061	49.080
16.99	17.00	0.015077	49.182
16.99	17.00	0.015094	49.284
17.02	17.00	0.015111	49.379
17.02	17.00	0.015127	49.481
17.02	17.00	0.015144	49.583
17.02	17.00	0.015161	49.678
17.02	17.00	0.015177	49.782
17.02	17.00	0.015194	49.882
17.02	17.00	0.015211	49.976
17.02	17.00	0.015227	50.081
17.02	17.00	0.015244	50.180
17.02	17.00	0.015261	50.275
16.99	17.00	0.015277	50.379
16.99	17.00	0.015294	50.479
16.99	17.00	0.015311	50.574
16.99	17.00	0.015327	50.678
16.99	17.00	0.015344	50.778
16.99	17.00	0.015361	50.872
16.99	17.00	0.015377	50.977
16.99	17.00	0.015394	51.071
16.99	17.00	0.015410	51.171
16.99	17.00	0.015427	51.275
16.99	17.00	0.015444	51.371
16.99	17.00	0.015460	51.471
16.99	17.00	0.015477	51.574
16.99	17.00	0.015494	51.672
16.99	17.00	0.015510	51.772
16.99	17.00	0.015527	51.873
16.99	17.00	0.015544	51.971
16.99	17.00	0.015560	52.072
17.02	17.00	0.015577	52.173
17.02	17.00	0.015594	52.272
17.02	17.00	0.015610	52.372
17.02	17.00	0.015627	52.472
17.02	17.00	0.015644	52.572
17.02	17.00	0.015660	52.672
17.02	17.00	0.015677	52.772
17.02	17.00	0.015694	52.877
17.02	17.00	0.015710	52.973
17.02	17.00	0.015727	53.073
16.99	17.00	0.015744	53.177
16.99	17.00	0.015760	53.273
16.99	17.00	0.015777	53.373
16.99	17.00	0.015794	53.477
16.99	17.00	0.015810	53.572
16.99	17.00	0.015827	53.673
16.99	17.00	0.015844	53.776
16.99	17.00	0.015860	53.873
16.99	17.00	0.015877	53.973
16.99	17.00	0.015894	54.077
16.99	17.00	0.015910	54.173
16.99	17.00	0.015927	54.273
16.99	17.00	0.015944	54.377
16.99	17.00	0.015960	54.472
16.99	17.00	0.015977	54.573
16.99	17.00	0.015994	54.676
16.99	17.00	0.016010	54.773
16.99	17.00	0.016027	54.872
16.99	17.00	0.016044	54.977
16.99	17.00	0.016060	55.073
16.99	17.00	0.016077	55.173
16.99	17.00	0.016094	55.277
16.99	17.00	0.016110	55.372
17.02	17.00	0.016127	55.473
17.02	17.00	0.016144	55.577
17.02	17.00	0.016160	55.673
17.02	17.00	0.016177	55.773
17.02	17.00	0.016194	55.877
17.02	17.00	0.016210	55.973
17.02	17.00	0.016227	56.073
17.02	17.00	0.016244	56.177
17.02	17.00	0.016260	56.272
17.02	17.00	0.016277	56.373
16.99	17.00	0.016293	56.477
16.99	17.00	0.016310	56.574
16.99	17.00	0.016327	56.674
16.99	17.00	0.016343	56.776
16.99	17.00	0.016360	56.873
16.99	17.00	0.016377	56.972
16.99	17.00	0.016393	57.077
16.99	17.00	0.016410	57.201
16.99	17.00	0.016427	57.296
16.99	17.00	0.016443	57.400
16.99	17.00	0.016460	57.500
16.99	17.00	0.016477	57.595
16.99	17.00	0.016493	57.699
16.99	17.00	0.016510	57.800
16.99	17.00	0.016527	57.894
16.99	17.00	0.016543	57.999
16.99	17.00	0.016560	58.098
16.99	17.00	0.016577	58.193
16.99	17.00	0.016593	58.298
16.99	17.00	0.016610	58.397
17.02	17.00	0.016627	58.492
17.02	17.00	0.016643	58.596
17.02	17.00	0.016660	58.691
17.02	17.00	0.016677	58.790
17.02	17.00	0.016693	58.895
17.02	17.00	0.016710	58.989
17.02	17.00	0.016727	59.089
17.02	17.00	0.016743	59.194
17.02	17.00	0.016760	59.288
17.02	17.00	0.016777	59.388
16.99	17.00	0.016793	59.492
16.99	17.00	0.016810	59.587
16.99	17.00	0.016827	59.686
16.99	17.00	0.016843	59.791
16.99	17.00	0.016860	59.886
16.99	17.00	0.016877	59.985
16.99	17.00	0.016893	00.090
16.99	17.00	0.016910	00.184
16.99	17.00	0.016927	00.284
16.99	17.00	0.016943	00.388
16.99	17.00	0.016960	00.483
16.99	17.00	0.016977	00.582
16.99	17.00	0.016993	00.687
16.99	17.00	0.017010	00.782
16.99	17.00	0.017027	00.881
16.99	17.00	0.017043	00.986
16.99	17.00	0.017060	01.080
16.99	17.00	0.017077	01.181
16.99	17.00	0.017093	01.285
16.99	17.00	0.017110	01.380
16.99	17.00	0.017126	01.481
16.99	17.00	0.017143	01.584
16.99	17.00	0.017160	01.679
16.99	17.00	0.017176	01.780
16.99	17.00	0.017193	01.883
17.02	17.00	0.017210	01.977
17.02	17.00	0.017226	02.081
17.02	17.00	0.017243	02.181
17.02	17.00	0.017260	02.276
17.02	17.00	0.017276	02.381
17.02	17.00	0.017293	02.480
17.02	17.00	0.017310	02.575
17.02	17.00	0.017326	02.679
17.02	17.00	0.017343	02.779
17.02	17.00	0.017360	02.874
17.02	17.00	0.017376	02.978
16.99	17.00	0.017393	03.078
16.99	17.00	0.017410	03.174
16.99	17.00	0.017426	03.277
16.99	17.00	0.017443	03.376
16.99	17.00	0.017460	03.474
16.99	17.00	0.017476	03.575
16.99	17.00	0.017493	03.676
16.99	17.00	0.017510	03.774
16.99	17.00	0.017526	03.874
16.99	17.00	0.017543	03.976
16.99	17.00	0.017560	04.074
16.99	17.00	0.017576	04.174
16.99	17.00	0.017593	04.275
16.99	17.00	0.017610	04.374
16.99	17.00	0.017626	04.474
16.99	17.00	0.017643	04.576
16.99	17.00	0.017660	04.674
16.99	17.00	0.017676	04.773
16.99	17.00	0.017693	04.876
17.02	17.00	0.017710	04.974
17.02	17.00	0.017726	05.074
17.02	17.00	0.017743	05.175
17.02	17.00	0.017760	05.274
17.02	17.00	0.017776	05.374
17.02	17.00	0.017793	05.476
17.02	17.00	0.017810	05.574
17.02	17.00	0.017826	05.675
17.02	17.00	0.017843	05.776
17.02	17.00	0.017860	05.874
16.99	17.00	0.017876	05.975
16.99	17.00	0.017893	06.076
16.99	17.00	0.017910	06.175
16.99	17.00	0.017926	06.275
16.99	17.00	0.017943	06.375
16.99	17.00	0.017959	06.475
16.99	17.00	0.017976	06.574
16.99	17.00	0.017993	06.676
16.99	17.00	0.018009	06.775
16.99	17.00	0.018026	06.875
16.99	17.00	0.018043	06.976
16.99	17.00	0.018059	07.074
16.99	17.00	0.018076	07.175
16.99	17.00	0.018093	07.275
16.99	17.00	0.018109	07.375
16.99	17.00	0.018126	07.475
16.99	17.00	0.018143	07.575
16.99	17.00	0.018159	07.675
16.99	17.00	0.018176	07.775
16.99	17.00	0.018193	07.876
16.99	17.00	0.018209	07.974
16.99	17.00	0.018226	08.075
16.99	17.00	0.018243	08.176
16.99	17.00	0.018259	08.275
17.02	17.00	0.018276	08.375
17.02	17.00	0.018293	08.475
17.02	17.00	0.018309	08.575
17.02	17.00	0.018326	08.675
17.02	17.00	0.018343	08.776
17.02	17.00	0.018359	08.874
17.02	17.00	0.018376	08.999
17.02	17.00	0.018393	09.076
17.02	17.00	0.018409	09.203
17.02	17.00	0.018426	09.298
17.02	17.00	0.018443	09.375
16.99	17.00	0.018459	09.502
16.99	17.00	0.018476	09.596
16.99	17.00	0.018493	09.675
16.99	17.00	0.018509	09.800
16.99	17.00	0.018526	09.894
16.99	17.00	0.018543	09.999
16.99	17.00	0.018559	10.099
16.99	17.00	0.018576	10.193
16.99	17.00	0.018593	10.298
16.99	17.00	0.018609	10.397
16.99	17.00	0.018626	10.493
16.99	17.00	0.018643	10.597
16.99	17.00	0.018659	10.697
16.99	17.00	0.018676	10.791
16.99	17.00	0.018693	10.896
16.99	17.00	0.018709	10.996
16.99	17.00	0.018726	11.090
16.99	17.00	0.018743	11.195
16.99	17.00	0.018759	11.289
16.99	17.00	0.018776	11.388
16.99	17.00	0.018792	11.493
17.02	17.00	0.018809	11.587
17.02	17.00	0.018826	11.688
17.02	17.00	0.018842	11.793
17.02	17.00	0.018859	11.887
17.02	17.00	0.018876	11.987
17.02	17.00	0.018892	12.091
17.02	17.00	0.018909	12.186
17.02	17.00	0.018926	12.285
17.02	17.00	0.018942	12.390
17.02	17.00	0.018959	12.485
16.99	17.00	0.018976	12.584
16.99	17.00	0.018992	12.689
16.99	17.00	0.019009	12.783
16.99	17.00	0.019026	12.883
16.99	17.00	0.019042	12.987
16.99	17.00	0.019059	13.082
16.99	17.00	0.019076	13.181
16.99	17.00	0.019092	13.286
16.99	17.00	0.019109	13.381
16.99	17.00	0.019126	13.480
16.99	17.00	0.019142	13.585
16.99	17.00	0.019159	13.680
16.99	17.00	0.019176	13.779
16.99	17.00	0.019192	13.884
16.99	17.00	0.019209	13.978
16.99	17.00	0.019226	14.080
16.99	17.00	0.019242	14.182
16.99	17.00	0.019259	14.277
16.99	17.00	0.019276	14.379
16.99	17.00	0.019292	14.481
16.99	17.00	0.019309	14.575
17.02	17.00	0.019326	14.680
17.02	17.00	0.019342	14.780
17.02	17.00	0.019359	14.875
17.02	17.00	0.019376	14.979
17.02	17.00	0.019392	15.079
17.02	17.00	0.019409	15.174
17.02	17.00	0.019426	15.278
17.02	17.00	0.019442	15.378
17.02	17.00	0.019459	15.475
17.02	17.00	0.019476	15.577
16.99	17.00	0.019492	15.676
16.99	17.00	0.019509	15.775
16.99	17.00	0.019526	15.875
16.99	17.00	0.019542	15.975
16.99	17.00	0.019559	16.074
16.99	17.00	0.019576	16.175
16.99	17.00	0.019592	16.275
16.99	17.00	0.019609	16.375
16.99	17.00	0.019625	16.475
16.99	17.00	0.019642	16.575
16.99	17.00	0.019659	16.675
16.99	17.00	0.019675	16.775
16.99	17.00	0.019692	16.875
16.99	17.00	0.019709	16.976
16.99	17.00	0.019725	17.076
16.99	17.00	0.019742	17.177
16.99	17.00	0.019759	17.277
16.99	17.00	0.019775	17.377
16.99	17.00	0.019792	17.476
16.99	17.00	0.019809	17.577
16.99	17.00	0.019825	17.677
16.99	17.00	0.019842	17.777
17.02	17.00	0.019859	17.877
17.02	17.00	0.019875	17.977
17.02	17.00	0.019892	18.077
17.02	17.00	0.019909	18.177
17.02	17.00	0.019925	18.277
17.02	17.00	0.019942	18.376
17.02	17.00	0.019959	18.477
17.02	17.00	0.019975	18.577
17.02	17.00	0.019992	18.677
16.99	17.00	0.020009	18.777
16.99	17.00	0.020025	18.877
16.99	17.00	0.020042	18.977
16.99	17.00	0.020059	19.076
16.99	17.00	0.020075	19.177
16.99	17.00	0.020092	19.276
16.99	17.00	0.020109	19.377
16.99	17.00	0.020125	19.477
16.99	17.00	0.020142	19.577
16.99	17.00	0.020159	19.677
16.99	17.00	0.020175	19.777
16.99	17.00	0.020192	19.877
16.99	17.00	0.020209	19.976
16.99	17.00	0.020225	20.077
16.99	17.00	0.020242	20.178
16.99	17.00	0.020259	20.278
16.99	17.00	0.020275	20.378
16.99	17.00	0.020292	20.502
16.99	17.00	0.020309	20.607
16.99	17.00	0.020325	20.701
17.02	17.00	0.020342	20.801
17.02	17.00	0.020359	20.905
17.02	17.00	0.020375	21.000
17.02	17.00	0.020392	21.099
17.02	17.00	0.020409	21.204
17.02	17.00	0.020425	21.299
17.02	17.00	0.020442	21.399
17.02	17.00	0.020458	21.503
17.02	17.00	0.020475	21.597
17.02	17.00	0.020492	21.699
17.02	17.00	0.020508	21.801
17.02	17.00	0.020525	21.896
16.99	17.00	0.020542	21.999
16.99	17.00	0.020558	22.100
16.99	17.00	0.020575	22.195
16.99	17.00	0.020592	22.298
16.99	17.00	0.020608	22.399
16.99	17.00	0.020625	22.493
16.99	17.00	0.020642	22.598
16.99	17.00	0.020658	22.697
16.99	17.00	0.020675	22.792
16.99	17.00	0.020692	22.897
16.99	17.00	0.020708	22.996
16.99	17.00	0.020725	23.091
16.99	17.00	0.020742	23.195
16.99	17.00	0.020758	23.295
16.99	17.00	0.020775	23.389
16.99	17.00	0.020792	23.494
16.99	17.00	0.020808	23.589
16.99	17.00	0.020825	23.688
17.02	17.00	0.020842	23.794
17.02	17.00	0.020858	23.888
17.02	17.00	0.020875	23.988
17.02	17.00	0.020892	24.092
17.02	17.00	0.020908	24.187
17.02	17.00	0.020925	24.286
17.02	17.00	0.020942	24.391
17.02	17.00	0.020958	24.486
17.02	17.00	0.020975	24.585
17.02	17.00	0.020992	24.690
17.02	17.00	0.021008	24.784
16.99	17.00	0.021025	24.884
16.99	17.00	0.021042	24.988
16.99	17.00	0.021058	25.083
16.99	17.00	0.021075	25.182
16.99	17.00	0.021092	25.287
16.99	17.00	0.021108	25.382
16.99	17.00	0.021125	25.481
16.99	17.00	0.021142	25.586
16.99	17.00	0.021158	25.680
16.99	17.00	0.021175	25.780
16.99	17.00	0.021192	25.884
16.99	17.00	0.021208	25.979
16.99	17.00	0.021225	26.079
16.99	17.00	0.021242	26.183
16.99	17.00	0.021258	26.278
16.99	17.00	0.021275	26.378
16.99	17.00	0.021291	26.482
16.99	17.00	0.021308	26.577
16.99	17.00	0.021325	26.678
16.99	17.00	0.021341	26.781
16.99	17.00	0.021358	26.877
16.99	17.00	0.021375	26.978
16.99	17.00	0.021391	27.080
17.02	17.00	0.021408	27.180
17.02	17.00	0.021425	27.280
17.02	17.00	0.021441	27.380
17.02	17.00	0.021458	27.480
17.02	17.00	0.021475	27.580
17.02	17.00	0.021491	27.680
17.02	17.00	0.021508	27.780
17.02	17.00	0.021525	27.880
17.02	17.00	0.021541	27.980
16.99	17.00	0.021558	28.079
16.99	17.00	0.021575	28.180
16.99	17.00	0.021591	28.280
16.99	17.00	0.021608	28.380
16.99	17.00	0.021625	28.480
16.99	17.00	0.021641	28.580
16.99	17.00	0.021658	28.680
16.99	17.00	0.021675	28.779
16.99	17.00	0.021691	28.880
16.99	17.00	0.021708	28.979
16.99	17.00	0.021725	29.080
16.99	17.00	0.021741	29.180
16.99	17.00	0.021758	29.280
16.99	17.00	0.021775	29.380
16.99	17.00	0.021791	29.479
16.99	17.00	0.021808	29.580
16.99	17.00	0.021825	29.679
16.99	17.00	0.021841	29.780
16.99	17.00	0.021858	29.880
16.99	17.00	0.021875	29.980
16.99	17.00	0.021891	30.080
17.02	17.00	0.021908	30.180
17.02	17.00	0.021925	30.279
17.02	17.00	0.021941	30.380
17.02	17.00	0.021958	30.480
17.02	17.00	0.021975	30.580
17.02	17.00	0.021991	30.680
17.02	17.00	0.022008	30.780
17.02	17.00	0.022025	30.881
17.02	17.00	0.022041	30.981
17.02	17.00	0.022058	31.081
16.99	17.00	0.022075	31.180
16.99	17.00	0.022091	31.281
16.99	17.00	0.022108	31.381
16.99	17.00	0.022124	31.481
16.99	17.00	0.022141	31.581
16.99	17.00	0.022158	31.681
16.99	17.00	0.022174	31.781
16.99	17.00	0.022191	31.905
16.99	17.00	0.022208	32.010
16.99	17.00	0.022224	32.104
16.99	17.00	0.022241	32.204
16.99	17.00	0.022258	32.308
16.99	17.00	0.022274	32.403
16.99	17.00	0.022291	32.502
16.99	17.00	0.022308	32.607
16.99	17.00	0.022324	32.701
16.99	17.00	0.022341	32.801
16.99	17.00	0.022358	32.906
16.99	17.00	0.022374	33.000
16.99	17.00	0.022391	33.100
17.02	17.00	0.022408	33.205
17.02	17.00	0.022424	33.299
17.02	17.00	0.022441	33.399
17.02	17.00	0.022458	33.503
17.02	17.00	0.022474	33.598
17.02	17.00	0.022491	33.698
17.02	17.00	0.022508	33.802
17.02	17.00	0.022524	33.897
17.02	17.00	0.022541	33.998
17.02	17.00	0.022558	34.101
17.02	17.00	0.022574	34.195
16.99	17.00	0.022591	34.298
16.99	17.00	0.022608	34.400
16.99	17.00	0.022624	34.494
16.99	17.00	0.022641	34.598
16.99	17.00	0.022658	34.698
16.99	17.00	0.022674	34.793
16.99	17.00	0.022691	34.897
16.99	17.00	0.022708	34.997
16.99	17.00	0.022724	35.092
16.99	17.00	0.022741	35.196
16.99	17.00	0.022758	35.296
16.99	17.00	0.022774	35.390
16.99	17.00	0.022791	35.496
16.99	17.00	0.022808	35.595
16.99	17.00	0.022824	35.689
16.99	17.00	0.022841	35.794
16.99	17.00	0.022858	35.894
16.99	17.00	0.022874	35.989
16.99	17.00	0.022891	36.093
16.99	17.00	0.022908	36.188
17.02	17.00	0.022924	36.287
17.02	17.00	0.022941	36.392
17.02	17.00	0.022957	36.486
17.02	17.00	0.022974	36.586
17.02	17.00	0.022991	36.691
17.02	17.00	0.023007	36.785
17.02	17.00	0.023024	36.885
17.02	17.00	0.023041	36.989
17.02	17.00	0.023057	37.084
17.02	17.00	0.023074	37.183
17.02	17.00	0.023091	37.288
16.99	17.00	0.023107	37.382
16.99	17.00	0.023124	37.482
16.99	17.00	0.023141	37.587
16.99	17.00	0.023157	37.682
16.99	17.00	0.023174	37.782
16.99	17.00	0.023191	37.885
16.99	17.00	0.023207	37.982
16.99	17.00	0.023224	38.081
16.99	17.00	0.023241	38.184
16.99	17.00	0.023257	38.282
16.99	17.00	0.023274	38.382
16.99	17.00	0.023291	38.483
16.99	17.00	0.023307	38.582
16.99	17.00	0.023324	38.682
16.99	17.00	0.023341	38.782
16.99	17.00	0.023357	38.882
16.99	17.00	0.023374	38.981
16.99	17.00	0.023391	39.082
16.99	17.00	0.023407	39.182
16.99	17.00	0.023424	39.281
16.99	17.00	0.023441	39.382
16.99	17.00	0.023457	39.482
16.99	17.00	0.023474	39.582
16.99	17.00	0.023491	39.681
17.02	17.00	0.023507	39.782
17.02	17.00	0.023524	39.881
17.02	17.00	0.023541	39.982
17.02	17.00	0.023557	40.082
17.02	17.00	0.023574	40.182
17.02	17.00	0.023591	40.282
17.02	17.00	0.023607	40.382
17.02	17.00	0.023624	40.482
17.02	17.00	0.023641	40.581
16.99	17.00	0.023657	40.682
16.99	17.00	0.023674	40.782
16.99	17.00	0.023691	40.882
16.99	17.00	0.023707	40.982
16.99	17.00	0.023724	41.082
16.99	17.00	0.023741	41.182
16.99	17.00	0.023757	41.282
16.99	17.00	0.023774	41.382
16.99	17.00	0.023790	41.481
16.99	17.00	0.023807	41.582
16.99	17.00	0.023824	41.682
16.99	17.00	0.023840	41.782
16.99	17.00	0.023857	41.882
16.99	17.00	0.023874	41.982
16.99	17.00	0.023890	42.082
16.99	17.00	0.023907	42.181
16.99	17.00	0.023924	42.282
16.99	17.00	0.023940	42.382
16.99	17.00	0.023957	42.482
17.02	17.00	0.023974	42.582
17.02	17.00	0.023990	42.682
17.02	17.00	0.024007	42.782
17.02	17.00	0.024024	42.882
17.02	17.00	0.024040	42.982
17.02	17.00	0.024057	43.081
17.02	17.00	0.024074	43.182
17.02	17.00	0.024090	43.281
17.02	17.00	0.024107	43.381
17.02	17.00	0.024124	43.481
17.02	17.00	0.024140	43.581
16.99	17.00	0.024157	43.681
16.99	17.00	0.024174	43.780
16.99	17.00	0.024190	43.881
16.99	17.00	0.024207	44.010
16.99	17.00	0.024224	44.105
16.99	17.00	0.024240	44.205
16.99	17.00	0.024257	44.309
16.99	17.00	0.024274	44.404
16.99	17.00	0.024290	44.504
16.99	17.00	0.024307	44.609
16.99	17.00	0.024324	44.703
16.99	17.00	0.024340	44.803
16.99	17.00	0.024357	44.907
16.99	17.00	0.024374	45.002
16.99	17.00	0.024390	45.101
16.99	17.00	0.024407	45.206
16.99	17.00	0.024424	45.300
16.99	17.00	0.024440	45.400
16.99	17.00	0.024457	45.505
16.99	17.00	0.024474	45.599
16.99	17.00	0.024490	45.699
17.02	17.00	0.024507	45.803
17.02	17.00	0.024524	45.898
17.02	17.00	0.024540	45.997
17.02	17.00	0.024557	46.102
17.02	17.00	0.024574	46.197
17.02	17.00	0.024590	46.296
17.02	17.00	0.024607	46.401
17.02	17.00	0.024623	46.495
17.02	17.00	0.024640	46.596
17.02	17.00	0.024657	46.700
16.99	17.00	0.024673	46.795
16.99	17.00	0.024690	46.896
16.99	17.00	0.024707	46.998
16.99	17.00	0.024723	47.092
16.99	17.00	0.024740	47.197
16.99	17.00	0.024757	47.297
16.99	17.00	0.024773	47.392
16.99	17.00	0.024790	47.497
16.99	17.00	0.024807	47.596
16.99	17.00	0.024823	47.691
16.99	17.00	0.024840	47.795
16.99	17.00	0.024857	47.895
16.99	17.00	0.024873	47.989
16.99	17.00	0.024890	48.094
16.99	17.00	0.024907	48.194
16.99	17.00	0.024923	48.288
16.99	17.00	0.024940	48.393
16.99	17.00	0.024957	48.492
16.99	17.00	0.024973	48.587
16.99	17.00	0.024990	48.691
16.99	17.00	0.025007	48.786
16.99	17.00	0.025023	48.885
16.99	17.00	0.025040	48.990
17.02	17.00	0.025057	49.085
17.02	17.00	0.025073	49.184
17.02	17.00	0.025090	49.289
17.02	17.00	0.025107	49.383
17.02	17.00	0.025123	49.483
17.02	17.00	0.025140	49.587
17.02	17.00	0.025157	49.682
17.02	17.00	0.025173	49.782
17.02	17.00	0.025190	49.886
17.02	17.00	0.025207	49.982
16.99	17.00	0.025223	50.082
16.99	17.00	0.025240	50.185
16.99	17.00	0.025257	50.281
16.99	17.00	0.025273	50.382
16.99	17.00	0.025290	50.483
16.99	17.00	0.025307	50.582
16.99	17.00	0.025323	50.682
16.99	17.00	0.025340	50.782
16.99	17.00	0.025357	50.882
16.99	17.00	0.025373	50.982
16.99	17.00	0.025390	51.082
16.99	17.00	0.025407	51.181
16.99	17.00	0.025423	51.282
16.99	17.00	0.025440	51.382
16.99	17.00	0.025456	51.482
16.99	17.00	0.025473	51.582
17.02	17.00	0.025490	51.682
17.02	17.00	0.025506	51.782
17.02	17.00	0.025523	51.881
17.02	17.00	0.025540	51.982
17.02	17.00	0.025556	52.082
17.02	17.00	0.025573	52.182
17.02	17.00	0.025590	52.282
17.02	17.00	0.025606	52.382
17.02	17.00	0.025623	52.482
17.02	17.00	0.025640	52.582
16.99	17.00	0.025656	52.682
16.99	17.00	0.025673	52.781
16.99	17.00	0.025690	52.882
16.99	17.00	0.025706	52.982
16.99	17.00	0.025723	53.082
16.99	17.00	0.025740	53.182
16.99	17.00	0.025756	53.282
16.99	17.00	0.025773	53.382
16.99	17.00	0.025790	53.481
16.99	17.00	0.025806	53.582
16.99	17.00	0.025823	53.681
16.99	17.00	0.025840	53.782
16.99	17.00	0.025856	53.882
16.99	17.00	0.025873	53.982
16.99	17.00	0.025890	54.082
16.99	17.00	0.025906	54.182
16.99	17.00	0.025923	54.282
16.99	17.00	0.025940	54.382
16.99	17.00	0.025956	54.482
16.99	17.00	0.025973	54.582
16.99	17.00	0.025990	54.682
16.99	17.00	0.026006	54.782
16.99	17.00	0.026023	54.881
16.99	17.00	0.026040	54.982
16.99	17.00	0.026056	55.082
17.02	17.00	0.026073	55.182
17.02	17.00	0.026090	55.282
17.02	17.00	0.026106	55.382
17.02	17.00	0.026123	55.482
17.02	17.00	0.026140	55.581
17.02	17.00	0.026156	55.682
17.02	17.00	0.026173	55.781
17.02	17.00	0.026190	55.882
17.02	17.00	0.026206	55.982
17.02	17.00	0.026223	56.111
16.99	17.00	0.026240	56.206
16.99	17.00	0.026256	56.310
16.99	17.00	0.026273	56.405
16.99	17.00	0.026289	56.504
16.99	17.00	0.026306	56.609
16.99	17.00	0.026323	56.703
16.99	17.00	0.026339	56.803
16.99	17.00	0.026356	56.908
16.99	17.00	0.026373	57.002
16.99	17.00	0.026389	57.102
16.99	17.00	0.026406	57.206
16.99	17.00	0.026423	57.301
16.99	17.00	0.026439	57.400
16.99	17.00	0.026456	57.505
16.99	17.00	0.026473	57.600
16.99	17.00	0.026489	57.700
16.99	17.00	0.026506	57.805
16.99	17.00	0.026523	57.899
17.02	17.00	0.026539	57.999
17.02	17.00	0.026556	58.103
17.02	17.00	0.026573	58.198
17.02	17.00	0.026589	58.297
17.02	17.00	0.026606	58.402
17.02	17.00	0.026623	58.497
17.02	17.00	0.026639	58.596
17.02	17.00	0.026656	58.701
17.02	17.00	0.026673	58.795
17.02	17.00	0.026689	58.896
16.99	17.00	0.026706	58.999
16.99	17.00	0.026723	59.094
16.99	17.00	0.026739	59.196
16.99	17.00	0.026756	59.298
16.99	17.00	0.026773	59.393
16.99	17.00	0.026789	59.495
16.99	17.00	0.026806	59.597
16.99	17.00	0.026823	59.691
16.99	17.00	0.026839	59.796
16.99	17.00	0.026856	59.895
16.99	17.00	0.026873	59.990
16.99	17.00	0.026889	00.095
16.99	17.00	0.026906	00.194
16.99	17.00	0.026923	00.289
16.99	17.00	0.026939	00.393
16.99	17.00	0.026956	00.493
16.99	17.00	0.026973	00.587
16.99	17.00	0.026989	00.692
16.99	17.00	0.027006	00.791
16.99	17.00	0.027023	00.886
16.99	17.00	0.027039	00.991
16.99	17.00	0.027056	01.085
17.02	17.00	0.027073	01.186
17.02	17.00	0.027089	01.290
17.02	17.00	0.027106	01.385
17.02	17.00	0.027122	01.484
17.02	17.00	0.027139	01.589
17.02	17.00	0.027156	01.684
17.02	17.00	0.027172	01.783
17.02	17.00	0.027189	01.888
17.02	17.00	0.027206	01.983
16.99	17.00	0.027222	02.083
16.99	17.00	0.027239	02.186
16.99	17.00	0.027256	02.283
16.99	17.00	0.027272	02.383
16.99	17.00	0.027289	02.485
16.99	17.00	0.027306	02.583
16.99	17.00	0.027322	02.683
16.99	17.00	0.027339	02.784
16.99	17.00	0.027356	02.883
16.99	17.00	0.027372	02.983
16.99	17.00	0.027389	03.083
16.99	17.00	0.027406	03.182
16.99	17.00	0.027422	03.283
16.99	17.00	0.027439	03.382
16.99	17.00	0.027456	03.483
16.99	17.00	0.027472	03.583
16.99	17.00	0.027489	03.683
16.99	17.00	0.027506	03.783
16.99	17.00	0.027522	03.883
16.99	17.00	0.027539	03.983
16.99	17.00	0.027556	04.082
17.02	17.00	0.027572	04.183
17.02	17.00	0.027589	04.283
17.02	17.00	0.027606	04.383
17.02	17.00	0.027622	04.483
17.02	17.00	0.027639	04.583
17.02	17.00	0.027656	04.683
17.02	17.00	0.027672	04.783
17.02	17.00	0.027689	04.883
17.02	17.00	0.027706	04.982
17.02	17.00	0.027722	05.083
16.99	17.00	0.027739	05.183
16.99	17.00	0.027756	05.283
16.99	17.00	0.027772	05.383
16.99	17.00	0.027789	05.483
16.99	17.00	0.027806	05.583
16.99	17.00	0.027822	05.682
16.99	17.00	0.027839	05.783
16.99	17.00	0.027856	05.882
16.99	17.00	0.027872	05.983
16.99	17.00	0.027889	06.083
16.99	17.00	0.027906	06.183
16.99	17.00	0.027922	06.283
16.99	17.00	0.027939	06.383
16.99	17.00	0.027955	06.483
16.99	17.00	0.027972	06.582
16.99	17.00	0.027989	06.683
16.99	17.00	0.028005	06.783
16.99	17.00	0.028022	06.883
16.99	17.00	0.028039	06.983
16.99	17.00	0.028055	07.083
16.99	17.00	0.028072	07.183
16.99	17.00	0.028089	07.283
17.02	17.00	0.028105	07.383
17.02	17.00	0.028122	07.482
17.02	17.00	0.028139	07.583
17.02	17.00	0.028155	07.683
17.02	17.00	0.028172	07.783
17.02	17.00	0.028189	07.883
17.02	17.00	0.028205	07.983
17.02	17.00	0.028222	08.083
17.02	17.00	0.028239	08.182
17.02	17.00	0.028255	08.312
17.02	17.00	0.028272	08.411
16.99	17.00	0.028289	08.506
16.99	17.00	0.028305	08.610
16.99	17.00	0.028322	08.705
16.99	17.00	0.028339	08.805
16.99	17.00	0.028355	08.909
16.99	17.00	0.028372	09.004
16.99	17.00	0.028389	09.103
16.99	17.00	0.028405	09.208
16.99	17.00	0.028422	09.302
16.99	17.00	0.028439	09.402
16.99	17.00	0.028455	09.507
16.99	17.00	0.028472	09.601
16.99	17.00	0.028489	09.701
16.99	17.00	0.028505	09.805
16.99	17.00	0.028522	09.900
16.99	17.00	0.028539	09.999
16.99	17.00	0.028555	10.104
16.99	17.00	0.028572	10.198
17.02	17.00	0.028589	10.298
17.02	17.00	0.028605	10.403
17.02	17.00	0.028622	10.497
17.02	17.00	0.028639	10.597
17.02	17.00	0.028655	10.701
17.02	17.00	0.028672	10.796
17.02	17.00	0.028689	10.895
17.02	17.00	0.028705	11.000
17.02	17.00	0.028722	11.095
16.99	17.00	0.028739	11.194
16.99	17.00	0.028755	11.299
16.99	17.00	0.028772	11.393
16.99	17.00	0.028788	11.495
16.99	17.00	0.028805	11.597
16.99	17.00	0.028822	11.693
16.99	17.00	0.028838	11.794
16.99	17.00	0.028855	11.897
16.99	17.00	0.028872	11.992
16.99	17.00	0.028888	12.094
16.99	17.00	0.028905	12.196
16.99	17.00	0.028922	12.290
16.99	17.00	0.028938	12.394
16.99	17.00	0.028955	12.494
16.99	17.00	0.028972	12.589
16.99	17.00	0.028988	12.694
16.99	17.00	0.029005	12.793
16.99	17.00	0.029022	12.888
16.99	17.00	0.029038	12.992
16.99	17.00	0.029055	13.092
16.99	17.00	0.029072	13.186
16.99	17.00	0.029088	13.291
16.99	17.00	0.029105	13.390
16.99	17.00	0.029122	13.485
17.02	17.00	0.029138	13.589
17.02	17.00	0.029155	13.684
17.02	17.00	0.029172	13.784
17.02	17.00	0.029188	13.889
17.02	17.00	0.029205	13.984
17.02	17.00	0.029222	14.083
17.02	17.00	0.029238	14.188
17.02	17.00	0.029255	14.283
17.02	17.00	0.029272	14.383
17.02	17.00	0.029288	14.486
16.99	17.00	0.029305	14.583
16.99	17.00	0.029322	14.683
16.99	17.00	0.029338	14.785
16.99	17.00	0.029355	14.883
16.99	17.00	0.029372	14.983
16.99	17.00	0.029388	15.084
16.99	17.00	0.029405	15.182
16.99	17.00	0.029422	15.283
16.99	17.00	0.029438	15.383
16.99	17.00	0.029455	15.483
16.99	17.00	0.029472	15.583
16.99	17.00	0.029488	15.683
16.99	17.00	0.029505	15.783
16.99	17.00	0.029522	15.882
16.99	17.00	0.029538	15.983
16.99	17.00	0.029555	16.083
16.99	17.00	0.029572	16.183
16.99	17.00	0.029588	16.283
17.02	17.00	0.029605	16.383
17.02	17.00	0.029621	16.484
17.02	17.00	0.029638	16.584
17.02	17.00	0.029655	16.684
17.02	17.00	0.029671	16.783
17.02	17.00	0.029688	16.884
17.02	17.00	0.029705	16.983
17.02	17.00	0.029721	17.084
17.02	17.00	0.029738	17.184
17.02	17.00	0.029755	17.284
16.99	17.00	0.029771	17.384
16.99	17.00	0.029788	17.483
16.99	17.00	0.029805	17.584
16.99	17.00	0.029821	17.684
16.99	17.00	0.029838	17.784
16.99	17.00	0.029855	17.884
16.99	17.00	0.029871	17.984
16.99	17.00	0.029888	18.085
16.99	17.00	0.029905	18.189
16.99	17.00	0.029921	18.285
16.99	17.00	0.029938	18.384
16.99	17.00	0.029955	18.490
16.99	17.00	0.029971	18.585
16.99	17.00	0.029988	18.685
16.99	17.00	0.030005	18.785
16.99	17.00	0.030021	18.885
16.99	17.00	0.030038	18.985
16.99	17.00	0.030055	19.084
16.99	17.00	0.030071	19.185
16.99	17.00	0.030088	19.284
16.99	17.01	0.030105	19.389
16.99	17.01	0.030121	19.485
17.02	17.01	0.030138	19.585
17.02	17.01	0.030155	19.690
17.02	17.01	0.030171	19.814
17.02	17.01	0.030188	19.909
17.02	17.01	0.030205	19.984
17.02	17.01	0.030221	20.113
17.02	17.01	0.030238	20.208
17.02	17.01	0.030255	20.313
17.02	17.01	0.030271	20.413
17.02	17.01	0.030288	20.507
17.02	17.01	0.030305	20.612
17.02	17.02	0.030321	20.711
17.02	17.02	0.030338	20.805
17.02	17.02	0.030355	20.910
17.02	17.02	0.030371	21.010
17.02	17.02	0.030388	21.104
17.02	17.02	0.030405	21.209
16.99	17.02	0.030421	21.304
16.99	17.02	0.030438	21.403
16.99	17.02	0.030454	21.508
16.99	17.02	0.030471	21.602
16.99	17.02	0.030488	21.702
17.02	17.02	0.030504	21.806
17.02	17.02	0.030521	21.901
17.02	17.03	0.030538	22.001
17.02	17.03	0.030554	22.105
17.02	17.03	0.030571	22.200
17.02	17.03	0.030588	22.299
17.02	17.03	0.030604	22.404
17.02	17.03	0.030621	22.498
17.02	17.03	0.030638	22.598
17.02	17.03	0.030654	22.702
17.02	17.03	0.030671	22.797
17.04	17.03	0.030688	22.897
17.04	17.03	0.030704	23.002
17.04	17.03	0.030721	23.096
17.04	17.03	0.030738	23.196
17.04	17.04	0.030754	23.300
17.04	17.04	0.030771	23.395
17.04	17.04	0.030788	23.494
17.04	17.04	0.030804	23.599
17.04	17.04	0.030821	23.694
17.04	17.04	0.030838	23.794
17.04	17.04	0.030854	23.897
17.04	17.04	0.030871	23.992
17.04	17.04	0.030888	24.093
17.04	17.04	0.030904	24.196
17.04	17.04	0.030921	24.290
17.04	17.04	0.030938	24.393
17.04	17.04	0.030954	24.496
17.04	17.05	0.030971	24.590
17.04	17.05	0.030988	24.694
17.04	17.05	0.031004	24.794
17.04	17.05	0.031021	24.889
17.04	17.05	0.031038	24.993
17.07	17.05	0.031054	25.093
17.07	17.05	0.031071	25.187
17.07	17.05	0.031088	25.292
17.07	17.05	0.031104	25.392
17.07	17.05	0.031121	25.486
17.07	17.05	0.031138	25.591
17.07	17.05	0.031154	25.690
17.07	17.05	0.031171	25.786
17.07	17.06	0.031188	25.890
17.07	17.06	0.031204	25.989
17.04	17.06	0.031221	26.086
17.04	17.06	0.031238	26.188
17.04	17.06	0.031254	26.289
17.04	17.06	0.031271	26.385
17.04	17.06	0.031287	26.487
17.04	17.06	0.031304	26.589
17.04	17.06	0.031321	26.686
17.04	17.06	0.031337	26.786
17.04	17.06	0.031354	26.889
17.04	17.06	0.031371	26.986
17.04	17.06	0.031387	27.085
17.07	17.07	0.031404	27.189
17.07	17.07	0.031421	27.285
17.07	17.07	0.031437	27.386
17.07	17.07	0.031454	27.489
17.07	17.07	0.031471	27.586
17.07	17.07	0.031487	27.686
17.07	17.07	0.031504	27.789
17.07	17.07	0.031521	27.886
17.07	17.07	0.031537	27.985
17.07	17.07	0.031554	28.089
17.07	17.07	0.031571	28.187
17.07	17.07	0.031587	28.287
17.07	17.07	0.031604	28.389
17.09	17.08	0.031621	28.487
17.09	17.08	0.031637	28.587
17.09	17.08	0.031654	28.688
17.09	17.08	0.031671	28.787
17.09	17.08	0.031687	28.886
17.09	17.08	0.031704	28.989
17.09	17.08	0.031721	29.087
17.09	17.08	0.031737	29.187
17.09	17.08	0.031754	29.289
17.09	17.08	0.031771	29.387
17.09	17.08	0.031787	29.487
17.09	17.08	0.031804	29.588
17.09	17.08	0.031821	29.687
17.09	17.09	0.031837	29.786
17.09	17.09	0.031854	29.889
17.09	17.09	0.031871	29.987
17.09	17.09	0.031887	30.087
17.09	17.09	0.031904	30.189
17.09	17.09	0.031921	30.287
17.07	17.09	0.031937	30.387
17.07	17.09	0.031954	30.489
17.07	17.09	0.031971	30.586
17.07	17.09	0.031987	30.687
17.07	17.09	0.032004	30.789
17.07	17.09	0.032021	30.887
17.09	17.09	0.032037	30.987
17.09	17.10	0.032054	31.088
17.09	17.10	0.032071	31.187
17.09	17.10	0.032087	31.286
17.09	17.10	0.032104	31.389
17.09	17.10	0.032120	31.487
17.09	17.10	0.032137	31.587
17.09	17.10	0.032154	31.688
17.09	17.10	0.032170	31.816
17.09	17.10	0.032187	31.910
17.09	17.10	0.032204	31.989
17.09	17.10	0.032220	32.114
17.12	17.10	0.032237	32.209
17.12	17.10	0.032254	32.288
17.12	17.11	0.032270	32.413
17.12	17.11	0.032287	32.508
17.12	17.11	0.032304	32.612
17.12	17.11	0.032320	32.712
17.12	17.11	0.032337	32.806
17.12	17.11	0.032354	32.911
17.12	17.11	0.032370	33.010
17.12	17.11	0.032387	33.105
17.12	17.11	0.032404	33.209
17.12	17.11	0.032420	33.309
17.12	17.11	0.032437	33.404
17.12	17.11	0.032454	33.508
17.12	17.11	0.032470	33.604
17.12	17.11	0.032487	33.703
17.12	17.12	0.032504	33.808
17.12	17.12	0.032520	33.902
17.12	17.12	0.032537	34.002
17.12	17.12	0.032554	34.106
17.12	17.12	0.032570	34.201
17.12	17.12	0.032587	34.300
17.12	17.12	0.032604	34.405
17.12	17.12	0.032620	34.500
17.12	17.12	0.032637	34.599
17.12	17.12	0.032654	34.704
17.12	17.12	0.032670	34.798
17.12	17.12	0.032687	34.898
17.12	17.12	0.032704	35.002
17.12	17.13	0.032720	35.097
17.12	17.13	0.032737	35.196
17.12	17.13	0.032754	35.301
17.12	17.13	0.032770	35.396
17.12	17.13	0.032787	35.495
17.12	17.13	0.032804	35.600
17.12	17.13	0.032820	35.694
17.12	17.13	0.032837	35.794
17.12	17.13	0.032854	35.898
17.12	17.13	0.032870	35.993
17.12	17.13	0.032887	36.093
17.12	17.13	0.032904	36.197
17.12	17.13	0.032920	36.292
17.12	17.14	0.032937	36.392
17.12	17.14	0.032953	36.496
17.12	17.14	0.032970	36.590
17.12	17.14	0.032987	36.693
17.12	17.14	0.033003	36.794
17.14	17.14	0.033020	36.889
17.14	17.14	0.033037	36.993
17.14	17.14	0.033053	37.094
17.14	17.14	0.033070	37.189
17.14	17.14	0.033087	37.292
17.14	17.14	0.033103	37.393
17.14	17.14	0.033120	37.487
17.14	17.14	0.033137	37.592
17.14	17.15	0.033153	37.692
17.14	17.15	0.033170	37.788
17.14	17.15	0.033187	37.891
17.14	17.15	0.033203	37.990
17.14	17.15	0.033220	38.088
17.17	17.15	0.033237	38.189
17.17	17.15	0.033253	38.289
17.17	17.15	0.033270	38.387
17.17	17.15	0.033287	38.488
17.17	17.15	0.033303	38.588
17.17	17.15	0.033320	38.688
17.17	17.15	0.033337	38.788
17.17	17.15	0.033353	38.888
17.17	17.16	0.033370	38.988
17.17	17.16	0.033387	39.087
17.17	17.16	0.033403	39.188
17.17	17.16	0.033420	39.288
17.17	17.16	0.033437	39.388
17.17	17.16	0.033453	39.488
17.17	17.16	0.033470	39.588
17.14	17.16	0.033487	39.688
17.14	17.16	0.033503	39.788
17.14	17.16	0.033520	39.888
17.14	17.16	0.033537	39.987
17.14	17.16	0.033553	40.088
17.14	17.16	0.033570	40.188
17.14	17.17	0.033587	40.288
17.14	17.17	0.033603	40.388
17.14	17.17	0.033620	40.488
17.14	17.17	0.033637	40.588
17.17	17.17	0.033653	40.687
17.17	17.17	0.033670	40.788
17.17	17.17	0.033687	40.889
17.17	17.17	0.033703	40.989
17.17	17.17	0.033720	41.089
17.17	17.17	0.033737	41.188
17.17	17.17	0.033753	41.288
17.17	17.17	0.033770	41.389
17.17	17.17	0.033786	41.489
17.19	17.18	0.033803	41.589
17.19	17.18	0.033820	41.689
17.19	17.18	0.033836	41.789
17.19	17.18	0.033853	41.889
17.19	17.18	0.033870	41.989
17.19	17.18	0.033886	42.089
17.19	17.18	0.033903	42.189
17.19	17.18	0.033920	42.289
17.19	17.18	0.033936	42.389
17.19	17.18	0.033953	42.489
17.19	17.18	0.033970	42.589
17.19	17.18	0.033986	42.689
17.19	17.18	0.034003	42.789
17.19	17.19	0.034020	42.888
17.19	17.19	0.034036	42.989
17.19	17.19	0.034053	43.089
17.19	17.19	0.034070	43.189
17.19	17.19	0.034086	43.313
17.19	17.19	0.034103	43.389
17.19	17.19	0.034120	43.517
17.19	17.19	0.034136	43.612
17.19	17.19	0.034153	43.712
17.19	17.19	0.034170	43.816
17.19	17.19	0.034186	43.910
17.19	17.19	0.034203	44.012
17.19	17.19	0.034220	44.116
17.19	17.20	0.034236	44.210
17.19	17.20	0.034253	44.312
17.19	17.20	0.034270	44.413
17.19	17.20	0.034286	44.508
17.19	17.20	0.034303	44.612
17.19	17.20	0.034320	44.712
17.19	17.20	0.034336	44.808
17.19	17.20	0.034353	44.912
17.19	17.20	0.034370	45.012
17.19	17.20	0.034386	45.106
17.19	17.20	0.034403	45.211
17.19	17.20	0.034420	45.310
17.19	17.20	0.034436	45.405
17.19	17.21	0.034453	45.510
17.19	17.21	0.034470	45.609
17.19	17.21	0.034486	45.704
17.19	17.21	0.034503	45.808
17.22	17.21	0.034520	45.908
17.22	17.21	0.034536	46.002
17.22	17.21	0.034553	46.107
17.22	17.21	0.034570	46.202
17.22	17.21	0.034586	46.301
17.22	17.21	0.034603	46.406
17.22	17.21	0.034619	46.500
17.22	17.21	0.034636	46.600
17.22	17.21	0.034653	46.705
17.22	17.22	0.034669	46.799
17.22	17.22	0.034686	46.899
17.22	17.22	0.034703	47.004
17.22	17.22	0.034719	47.098
17.22	17.22	0.034736	47.198
17.22	17.22	0.034753	47.302
17.22	17.22	0.034769	47.397
17.22	17.22	0.034786	47.496
17.22	17.22	0.034803	47.601
17.22	17.22	0.034819	47.695
17.22	17.22	0.034836	47.795
17.22	17.22	0.034853	47.900
17.22	17.22	0.034869	47.994
17.22	17.23	0.034886	48.094
17.22	17.23	0.034903	48.199
17.22	17.23	0.034919	48.293
17.22	17.23	0.034936	48.393
17.22	17.23	0.034953	48.497
17.22	17.23	0.034969	48.593
17.25	17.23	0.034986	48.693
17.25	17.23	0.035003	48.796
17.25	17.23	0.035019	48.893
17.25	17.23	0.035036	48.993
17.25	17.23	0.035053	49.095
17.25	17.23	0.035069	49.193
17.25	17.23	0.035086	49.293
17.25	17.24	0.035103	49.393
17.25	17.24	0.035119	49.493
17.25	17.24	0.035136	49.593
17.25	17.24	0.035153	49.693
17.22	17.24	0.035169	49.793
17.22	17.24	0.035186	49.893
17.22	17.24	0.035203	49.993
17.22	17.24	0.035219	50.092
17.22	17.24	0.035236	50.193
17.22	17.24	0.035253	50.292
17.22	17.24	0.035269	50.393
17.22	17.24	0.035286	50.493
17.22	17.24	0.035303	50.592
17.22	17.25	0.035319	50.693
17.22	17.25	0.035336	50.793
17.25	17.25	0.035353	50.893
17.25	17.25	0.035369	50.993
17.25	17.25	0.035386	51.093
17.25	17.25	0.035403	51.193
17.25	17.25	0.035419	51.293
17.25	17.25	0.035436	51.393
17.25	17.25	0.035452	51.492
17.25	17.25	0.035469	51.593
17.25	17.25	0.035486	51.693
17.25	17.25	0.035502	51.793
17.25	17.25	0.035519	51.893
17.25	17.26	0.035536	51.992
17.25	17.26	0.035552	52.093
17.25	17.26	0.035569	52.193
17.25	17.26	0.035586	52.293
17.25	17.26	0.035602	52.393
17.27	17.26	0.035619	52.493
17.27	17.26	0.035636	52.593
17.27	17.26	0.035652	52.692
17.27	17.26	0.035669	52.793
17.27	17.26	0.035686	52.894
17.27	17.26	0.035702	52.994
17.27	17.26	0.035719	53.094
17.27	17.26	0.035736	53.194
17.27	17.27	0.035752	53.294
17.27	17.27	0.035769	53.394
17.27	17.27	0.035786	53.494
17.27	17.27	0.035802	53.593
17.27	17.27	0.035819	53.694
17.27	17.27	0.035836	53.794
17.27	17.27	0.035852	53.894
17.27	17.27	0.035869	53.994
17.27	17.27	0.035886	54.094
17.27	17.27	0.035902	54.194
17.27	17.27	0.035919	54.293
17.27	17.27	0.035936	54.393
17.27	17.27	0.035952	54.493
17.27	17.28	0.035969	54.622
17.27	17.28	0.035986	54.717
17.27	17.28	0.036002	54.816
17.27	17.28	0.036019	54.921
17.27	17.28	0.036036	55.015
17.27	17.28	0.036052	55.115
17.27	17.28	0.036069	55.219
17.27	17.28	0.036086	55.314
17.27	17.28	0.036102	55.413
17.27	17.28	0.036119	55.518
17.27	17.28	0.036136	55.614
17.27	17.28	0.036152	55.713
17.30	17.28	0.036169	55.818
17.30	17.29	0.036186	55.912
17.30	17.29	0.036202	56.012
17.30	17.29	0.036219	56.116
17.30	17.29	0.036236	56.211
17.30	17.29	0.036252	56.312
17.30	17.29	0.036269	56.415
17.30	17.29	0.036285	56.510
17.30	17.29	0.036302	56.611
17.30	17.29	0.036319	56.714
17.30	17.29	0.036335	56.808
17.30	17.29	0.036352	56.911
17.30	17.29	0.036369	57.012
17.30	17.29	0.036385	57.107
17.30	17.30	0.036402	57.211
17.30	17.30	0.036419	57.311
17.30	17.30	0.036435	57.406
17.30	17.30	0.036452	57.510
17.30	17.30	0.036469	57.610
17.30	17.30	0.036485	57.704
17.30	17.30	0.036502	57.809
17.30	17.30	0.036519	57.908
17.30	17.30	0.036535	58.003
17.30	17.30	0.036552	58.107
17.30	17.30	0.036569	58.208
17.30	17.30	0.036585	58.302
17.30	17.30	0.036602	58.407
17.30	17.31	0.036619	58.502
17.30	17.31	0.036635	58.601
17.30	17.31	0.036652	58.706
17.30	17.31	0.036669	58.800
17.30	17.31	0.036685	58.900
17.30	17.31	0.036702	59.004
17.30	17.31	0.036719	59.099
17.30	17.31	0.036735	59.199
17.30	17.31	0.036752	59.303
17.30	17.31	0.036769	59.398
17.30	17.31	0.036785	59.497
17.30	17.31	0.036802	59.602
17.30	17.31	0.036819	59.696
17.30	17.32	0.036835	59.796
17.30	17.32	0.036852	59.901
17.30	17.32	0.036869	59.995
17.32	17.32	0.036885	00.095
17.32	17.32	0.036902	00.199
17.32	17.32	0.036919	00.295
17.32	17.32	0.036935	00.394
17.32	17.32	0.036952	00.498
17.32	17.32	0.036969	00.596
17.32	17.32	0.036985	00.696
17.32	17.32	0.037002	00.797
17.32	17.32	0.037019	00.896
17.32	17.32	0.037035	00.996
17.32	17.33	0.037052	01.096
17.32	17.33	0.037069	01.196
17.32	17.33	0.037085	01.295
17.32	17.33	0.037102	01.396
17.32	17.33	0.037118	01.496
17.32	17.33	0.037135	01.596
17.35	17.33	0.037152	01.696
17.35	17.33	0.037168	01.795
17.35	17.33	0.037185	01.896
17.35	17.33	0.037202	01.997
17.35	17.33	0.037218	02.097
17.35	17.33	0.037235	02.197
17.35	17.33	0.037252	02.297
17.35	17.34	0.037268	02.397
17.35	17.34	0.037285	02.497
17.35	17.34	0.037302	02.597
17.35	17.34	0.037318	02.696
17.35	17.34	0.037335	02.797
17.35	17.34	0.037352	02.897
17.35	17.34	0.037368	02.997
17.35	17.34	0.037385	03.097
17.32	17.34	0.037402	03.197
17.32	17.34	0.037418	03.297
17.32	17.34	0.037435	03.396
17.32	17.34	0.037452	03.497
17.32	17.34	0.037468	03.598
17.32	17.34	0.037485	03.698
17.32	17.35	0.037502	03.798
17.32	17.35	0.037518	03.898
17.35	17.35	0.037535	03.998
17.35	17.35	0.037552	04.098
17.35	17.35	0.037568	04.198
17.35	17.35	0.037585	04.297
17.35	17.35	0.037602	04.398
17.35	17.35	0.037618	04.501
17.35	17.35	0.037635	04.601
17.35	17.35	0.037652	04.701
17.35	17.35	0.037668	04.801
17.35	17.35	0.037685	04.901
17.35	17.35	0.037702	05.025
17.35	17.36	0.037718	05.130
17.35	17.36	0.037735	05.229
17.35	17.36	0.037752	05.324
17.35	17.36	0.037768	05.429
17.35	17.36	0.037785	05.528
17.35	17.36	0.037802	05.623
17.35	17.36	0.037818	05.727
17.37	17.36	0.037835	05.827
17.37	17.36	0.037852	05.921
17.37	17.36	0.037868	06.026
17.37	17.36	0.037885	06.120
17.37	17.36	0.037902	06.220
17.37	17.36	0.037918	06.325
17.37	17.37	0.037935	06.419
17.37	17.37	0.037951	06.519
17.37	17.37	0.037968	06.623
17.37	17.37	0.037985	06.718
17.37	17.37	0.038001	06.817
17.37	17.37	0.038018	06.922
17.37	17.37	0.038035	07.017
17.37	17.37	0.038051	07.116
17.37	17.37	0.038068	07.220
17.37	17.37	0.038085	07.315
17.37	17.37	0.038101	07.414
17.37	17.37	0.038118	07.519
17.37	17.37	0.038135	07.615
17.37	17.38	0.038151	07.714
17.37	17.38	0.038168	07.819
17.37	17.38	0.038185	07.913
17.37	17.38	0.038201	08.013
17.37	17.38	0.038218	08.117
17.37	17.38	0.038235	08.212
17.37	17.38	0.038251	08.311
17.37	17.38	0.038268	08.416
17.37	17.38	0.038285	08.510
17.40	17.38	0.038301	08.610
17.40	17.38	0.038318	08.714
17.40	17.38	0.038335	08.809
17.40	17.38	0.038351	08.911
17.40	17.39	0.038368	09.013
17.40	17.39	0.038385	09.108
17.40	17.39	0.038401	09.210
17.40	17.39	0.038418	09.312
17.40	17.39	0.038435	09.406
17.40	17.39	0.038451	09.510
17.40	17.39	0.038468	09.611
17.40	17.39	0.038485	09.705
17.37	17.39	0.038501	09.810
17.37	17.39	0.038518	09.909
17.37	17.39	0.038535	10.004
17.37	17.39	0.038551	10.109
17.37	17.39	0.038568	10.209
17.37	17.40	0.038585	10.303
17.37	17.40	0.038601	10.408
17.40	17.40	0.038618	10.508
17.40	17.40	0.038635	10.602
17.40	17.40	0.038651	10.707
17.40	17.40	0.038668	10.806
17.40	17.40	0.038685	10.902
17.40	17.40	0.038701	11.005
17.40	17.40	0.038718	11.106
17.40	17.40	0.038735	11.202
17.40	17.40	0.038751	11.304
17.40	17.40	0.038768	11.406
17.40	17.40	0.038784	11.502
17.40	17.41	0.038801	11.603
17.43	17.41	0.038818	11.705
17.43	17.41	0.038834	11.802
17.43	17.41	0.038851	11.901
17.43	17.41	0.038868	12.006
17.43	17.41	0.038884	12.102
17.43	17.41	0.038901	12.202
17.43	17.41	0.038918	12.306
17.43	17.41	0.038934	12.402
17.43	17.41	0.038951	12.502
17.43	17.41	0.038968	12.605
17.43	17.41	0.038984	12.702
17.40	17.41	0.039001	12.801
17.40	17.42	0.039018	12.905
17.40	17.42	0.039034	13.002
17.40	17.42	0.039051	13.101
17.40	17.42	0.039068	13.206
17.40	17.42	0.039084	13.301
17.40	17.42	0.039101	13.402
17.40	17.42	0.039118	13.506
17.40	17.42	0.039134	13.602
17.40	17.42	0.039151	13.702
17.40	17.42	0.039168	13.805
17.43	17.42	0.039184	13.902
17.43	17.42	0.039201	14.001
17.43	17.42	0.039218	14.105
17.43	17.43	0.039234	14.202
17.43	17.43	0.039251	14.302
17.43	17.43	0.039268	14.406
17.43	17.43	0.039284	14.502
17.43	17.43	0.039301	14.602
17.43	17.43	0.039318	14.705
17.43	17.43	0.039334	14.802
17.43	17.43	0.039351	14.901
17.43	17.43	0.039368	15.005
17.43	17.43	0.039384	15.102
17.43	17.43	0.039401	15.202
17.43	17.43	0.039418	15.306
17.43	17.43	0.039434	15.402
17.43	17.44	0.039451	15.502
17.45	17.44	0.039468	15.605
17.45	17.44	0.039484	15.702
17.45	17.44	0.039501	15.801
17.45	17.44	0.039518	15.905
17.45	17.44	0.039534	16.002
17.45	17.44	0.039551	16.102
17.45	17.44	0.039568	16.206
17.45	17.44	0.039584	16.302
17.45	17.44	0.039601	16.402
17.45	17.44	0.039617	16.505
17.45	17.44	0.039634	16.602
17.45	17.44	0.039651	16.702
17.45	17.45	0.039667	16.805
17.45	17.45	0.039684	16.902
17.43	17.45	0.039701	17.026
17.43	17.45	0.039717	17.105
17.43	17.45	0.039734	17.230
17.43	17.45	0.039751	17.325
17.43	17.45	0.039767	17.429
17.43	17.45	0.039784	17.529
17.43	17.45	0.039801	17.624
17.45	17.45	0.039817	17.728
17.45	17.45	0.039834	17.828
17.45	17.45	0.039851	17.922
17.45	17.45	0.039867	18.027
17.45	17.46	0.039884	18.126
17.45	17.46	0.039901	18.221
17.45	17.46	0.039917	18.325
17.45	17.46	0.039934	18.425
17.45	17.46	0.039951	18.520
17.45	17.46	0.039967	18.624
17.45	17.46	0.039984	18.719
17.45	17.46	0.040001	18.818
17.45	17.46	0.040017	18.923
17.45	17.46	0.040034	19.017
17.48	17.46	0.040051	19.117
17.48	17.46	0.040067	19.222
17.48	17.46	0.040084	19.316
17.48	17.47	0.040101	19.416
17.48	17.47	0.040117	19.520
17.48	17.47	0.040134	19.615
17.48	17.47	0.040151	19.714
17.48	17.47	0.040167	19.819
17.48	17.47	0.040184	19.913
17.48	17.47	0.040201	20.014
17.48	17.47	0.040217	20.119
17.48	17.47	0.040234	20.213
17.48	17.47	0.040251	20.312
17.48	17.47	0.040267	20.417
17.48	17.47	0.040284	20.511
17.48	17.47	0.040301	20.611
17.48	17.48	0.040317	20.715
17.45	17.48	0.040334	20.810
17.45	17.48	0.040351	20.909
17.45	17.48	0.040367	21.014
17.45	17.48	0.040384	21.109
17.45	17.48	0.040401	21.209
17.45	17.48	0.040417	21.313
17.45	17.48	0.040434	21.407
17.48	17.48	0.040450	21.509
17.48	17.48	0.040467	21.612
17.48	17.48	0.040484	21.707
17.48	17.48	0.040500	21.809
17.48	17.48	0.040517	21.911
17.48	17.49	0.040534	22.006
17.48	17.49	0.040550	22.109
17.48	17.49	0.040567	22.210
17.48	17.49	0.040584	22.304
17.48	17.49	0.040600	22.409
17.50	17.49	0.040617	22.508
17.50	17.49	0.040634	22.603
17.50	17.49	0.040650	22.708
17.50	17.49	0.040667	22.807
17.50	17.49	0.040684	22.903
17.50	17.49	0.040700	23.006
17.50	17.49	0.040717	23.106
17.50	17.49	0.040734	23.202
17.50	17.50	0.040750	23.305
17.50	17.50	0.040767	23.404
17.50	17.50	0.040784	23.503
17.50	17.50	0.040800	23.604
17.50	17.50	0.040817	23.704
17.50	17.50	0.040834	23.803
17.50	17.50	0.040850	23.903
17.50	17.50	0.040867	24.005
17.50	17.50	0.040884	24.102
17.50	17.50	0.040900	24.203
17.50	17.50	0.040917	24.305
17.50	17.50	0.040934	24.404
17.50	17.50	0.040950	24.504
17.50	17.51	0.040967	24.604
17.50	17.51	0.040984	24.704
17.50	17.51	0.041000	24.804
17.50	17.51	0.041017	24.904
17.53	17.51	0.041034	25.004
17.53	17.51	0.041050	25.104
17.53	17.51	0.041067	25.205
17.53	17.51	0.041084	25.303
17.53	17.51	0.041100	25.404
17.53	17.51	0.041117	25.504
17.53	17.51	0.041134	25.604
17.53	17.51	0.041150	25.704
17.53	17.51	0.041167	25.804
17.53	17.52	0.041184	25.904
17.50	17.52	0.041200	26.004
17.50	17.52	0.041217	26.104
17.50	17.52	0.041234	26.203
17.50	17.52	0.041250	26.304
17.50	17.52	0.041267	26.404
17.50	17.52	0.041283	26.504
17.50	17.52	0.041300	26.604
17.50	17.52	0.041317	26.704
17.50	17.52	0.041333	26.805
17.50	17.52	0.041350	26.905
17.50	17.52	0.041367	27.005
17.50	17.52	0.041383	27.104
17.50	17.53	0.041400	27.205
17.53	17.53	0.041417	27.305
17.53	17.53	0.041433	27.405
17.53	17.53	0.041450	27.505
17.53	17.53	0.041467	27.605
17.53	17.53	0.041483	27.705
17.53	17.53	0.041500	27.804
17.53	17.53	0.041517	27.905
17.53	17.53	0.041533	28.004
17.53	17.53	0.041550	28.105
17.53	17.53	0.041567	28.205
17.53	17.53	0.041583	28.305
17.53	17.53	0.041600	28.405
17.55	17.54	0.041617	28.529
17.55	17.54	0.041633	28.634
17.55	17.54	0.041650	28.728
17.55	17.54	0.041667	28.829
17.55	17.54	0.041683	28.932
17.55	17.54	0.041700	29.027
17.55	17.54	0.041717	29.104
17.55	17.54	0.041733	29.231
17.55	17.54	0.041750	29.326
17.55	17.54	0.041767	29.428
17.55	17.54	0.041783	29.530
17.55	17.54	0.041800	29.624
17.55	17.54	0.041817	29.729
17.55	17.55	0.041833	29.828
17.55	17.55	0.041850	29.923
17.55	17.55	0.041867	30.028
17.55	17.55	0.041883	30.127
17.55	17.55	0.041900	30.222
17.55	17.55	0.041917	30.326
17.55	17.55	0.041933	30.426
17.55	17.55	0.041950	30.520
17.55	17.55	0.041967	30.625
17.55	17.55	0.041983	30.724
17.55	17.55	0.042000	30.819
17.55	17.55	0.042017	30.924
17.55	17.55	0.042033	31.018
17.55	17.56	0.042050	31.118
17.55	17.56	0.042067	31.222
17.55	17.56	0.042083	31.317
17.55	17.56	0.042100	31.416
17.55	17.56	0.042116	31.521
17.55	17.56	0.042133	31.616
17.55	17.56	0.042150	31.716
17.55	17.56	0.042166	31.821
17.55	17.56	0.042183	31.915
17.55	17.56	0.042200	32.015
17.55	17.56	0.042216	32.119
17.55	17.56	0.042233	32.214
17.55	17.56	0.042250	32.314
17.55	17.57	0.042266	32.418
17.55	17.57	0.042283	32.513
17.55	17.57	0.042300	32.612
17.55	17.57	0.042316	32.717
17.55	17.57	0.042333	32.811
17.58	17.57	0.042350	32.911
17.58	17.57	0.042366	33.015
17.58	17.57	0.042383	33.110
17.58	17.57	0.042400	33.209
17.58	17.57	0.042416	33.314
17.58	17.57	0.042433	33.409
17.58	17.57	0.042450	33.508
17.58	17.57	0.042466	33.613
17.58	17.58	0.042483	33.707
17.58	17.58	0.042500	33.808
17.58	17.58	0.042516	33.911
17.58	17.58	0.042533	34.006
17.58	17.58	0.042550	34.108
17.58	17.58	0.042566	34.210
17.58	17.58	0.042583	34.305
17.58	17.58	0.042600	34.408
17.58	17.58	0.042616	34.509
17.58	17.58	0.042633	34.604
17.58	17.58	0.042650	34.708
17.58	17.58	0.042666	34.807
17.58	17.58	0.042683	34.905
17.58	17.58	0.042700	35.007
17.58	17.59	0.042716	35.107
17.58	17.59	0.042733	35.205
17.58	17.59	0.042750	35.306
17.58	17.59	0.042766	35.406
17.58	17.59	0.042783	35.504
17.58	17.59	0.042800	35.605
17.58	17.59	0.042816	35.705
17.60	17.59	0.042833	35.805
17.60	17.59	0.042850	35.905
17.60	17.59	0.042866	36.005
17.60	17.59	0.042883	36.105
17.60	17.59	0.042900	36.205
17.60	17.59	0.042916	36.305
17.60	17.60	0.042933	36.404
17.60	17.60	0.042949	36.505
17.60	17.60	0.042966	36.605
17.60	17.60	0.042983	36.705
17.60	17.60	0.042999	36.805
17.60	17.60	0.043016	36.905
17.60	17.60	0.043033	37.005
17.60	17.60	0.043049	37.104
17.60	17.60	0.043066	37.205
17.60	17.60	0.043083	37.305
17.60	17.60	0.043099	37.405
17.60	17.60	0.043116	37.505
17.60	17.60	0.043133	37.605
17.60	17.61	0.043149	37.705
17.60	17.61	0.043166	37.805
17.60	17.61	0.043183	37.905
17.60	17.61	0.043199	38.005
17.60	17.61	0.043216	38.105
17.60	17.61	0.043233	38.205
17.60	17.61	0.043249	38.304
17.60	17.61	0.043266	38.405
17.60	17.61	0.043283	38.505
17.60	17.61	0.043299	38.605
17.60	17.61	0.043316	38.705
17.60	17.61	0.043333	38.805
17.60	17.61	0.043349	38.905
17.60	17.62	0.043366	39.004
17.60	17.62	0.043383	39.105
17.60	17.62	0.043399	39.204
17.63	17.62	0.043416	39.305
17.63	17.62	0.043433	39.405
17.63	17.62	0.043449	39.505
17.63	17.62	0.043466	39.605
17.63	17.62	0.043483	39.705
17.63	17.62	0.043499	39.805
17.63	17.62	0.043516	39.904
17.63	17.62	0.043533	40.005
17.63	17.62	0.043549	40.105
17.63	17.62	0.043566	40.205
17.63	17.63	0.043583	40.305
17.63	17.63	0.043599	40.405
17.63	17.63	0.043616	40.505
17.63	17.63	0.043633	40.634
17.63	17.63	0.043649	40.729
17.63	17.63	0.043666	40.828
17.63	17.63	0.043683	40.933
17.63	17.63	0.043699	41.027
17.63	17.63	0.043716	41.128
17.63	17.63	0.043733	41.232
17.63	17.63	0.043749	41.326
17.63	17.63	0.043766	41.428
17.63	17.63	0.043782	41.530
17.63	17.64	0.043799	41.625
17.63	17.64	0.043816	41.727
17.63	17.64	0.043832	41.829
17.63	17.64	0.043849	41.924
17.63	17.64	0.043866	42.027
17.63	17.64	0.043882	42.129
17.63	17.64	0.043899	42.223
17.63	17.64	0.043916	42.328
17.66	17.64	0.043932	42.427
17.66	17.64	0.043949	42.522
17.66	17.64	0.043966	42.626
17.66	17.64	0.043982	42.726
17.66	17.64	0.043999	42.821
17.66	17.65	0.044016	42.925
17.66	17.65	0.044032	43.024
17.66	17.65	0.044049	43.119
17.66	17.65	0.044066	43.223
17.66	17.65	0.044082	43.323
17.66	17.65	0.044099	43.418
17.66	17.65	0.044116	43.522
17.63	17.65	0.044132	43.617
17.63	17.65	0.044149	43.716
17.63	17.65	0.044166	43.821
17.63	17.65	0.044182	43.915
17.63	17.65	0.044199	44.015
17.63	17.65	0.044216	44.120
17.63	17.66	0.044232	44.214
17.63	17.66	0.044249	44.315
17.66	17.66	0.044266	44.419
17.66	17.66	0.044282	44.514
17.66	17.66	0.044299	44.613
17.66	17.66	0.044316	44.718
17.66	17.66	0.044332	44.812
17.66	17.66	0.044349	44.912
17.66	17.66	0.044366	45.016
17.66	17.66	0.044382	45.111
17.66	17.66	0.044399	45.210
17.66	17.66	0.044416	45.315
17.66	17.66	0.044432	45.409
17.66	17.67	0.044449	45.509
17.66	17.67	0.044466	45.614
17.68	17.67	0.044482	45.708
17.68	17.67	0.044499	45.808
17.68	17.67	0.044516	45.912
17.68	17.67	0.044532	46.007
17.68	17.67	0.044549	46.107
17.68	17.67	0.044566	46.212
17.68	17.67	0.044582	46.306
17.68	17.67	0.044599	46.407
17.68	17.67	0.044615	46.510
17.68	17.67	0.044632	46.605
17.68	17.67	0.044649	46.707
17.68	17.68	0.044665	46.809
17.68	17.68	0.044682	46.905
17.68	17.68	0.044699	47.007
17.68	17.68	0.044715	47.108
17.68	17.68	0.044732	47.205
17.68	17.68	0.044749	47.307
17.68	17.68	0.044765	47.406
17.68	17.68	0.044782	47.505
17.68	17.68	0.044799	47.606
17.68	17.68	0.044815	47.705
17.68	17.68	0.044832	47.805
17.68	17.68	0.044849	47.905
17.68	17.68	0.044865	48.005
17.68	17.69	0.044882	48.104
17.68	17.69	0.044899	48.205
17.68	17.69	0.044915	48.304
17.68	17.69	0.044932	48.405
17.68	17.69	0.044949	48.505
17.68	17.69	0.044965	48.605
17.68	17.69	0.044982	48.705
17.68	17.69	0.044999	48.805
17.68	17.69	0.045015	48.905
17.68	17.69	0.045032	49.004
17.68	17.69	0.045049	49.105
17.68	17.69	0.045065	49.205
17.68	17.69	0.045082	49.305
17.68	17.70	0.045099	49.405
17.71	17.70	0.045115	49.505
17.71	17.70	0.045132	49.605
17.71	17.70	0.045149	49.705
17.71	17.70	0.045165	49.805
17.71	17.70	0.045182	49.904
17.71	17.70	0.045199	50.005
17.71	17.70	0.045215	50.105
17.71	17.70	0.045232	50.205
17.71	17.70	0.045249	50.305
17.71	17.70	0.045265	50.405
17.71	17.70	0.045282	50.505
17.71	17.70	0.045299	50.604
17.71	17.71	0.045315	50.705
17.71	17.71	0.045332	50.804
17.71	17.71	0.045349	50.905
17.71	17.71	0.045365	51.005
17.71	17.71	0.045382	51.105
17.71	17.71	0.045399	51.205
17.71	17.71	0.045415	51.305
17.71	17.71	0.045432	51.405
17.71	17.71	0.045448	51.504
17.71	17.71	0.045465	51.605
17.71	17.71	0.045482	51.705
17.71	17.71	0.045498	51.805
17.71	17.71	0.045515	51.905
17.71	17.72	0.045532	52.005
17.71	17.72	0.045548	52.105
17.71	17.72	0.045565	52.205
17.71	17.72	0.045582	52.305
17.71	17.72	0.045598	52.404
17.71	17.72	0.045615	52.505
17.71	17.72	0.045632	52.605
17.71	17.72	0.045648	52.705
17.71	17.72	0.045665	52.805
17.71	17.72	0.045682	52.934
17.71	17.72	0.045698	53.004
17.71	17.72	0.045715	53.128
17.71	17.72	0.045732	53.233
17.71	17.73	0.045748	53.327
17.73	17.73	0.045765	53.427
17.73	17.73	0.045782	53.531
17.73	17.73	0.045798	53.626
17.73	17.73	0.045815	53.727
17.73	17.73	0.045832	53.830
17.73	17.73	0.045848	53.925
17.73	17.73	0.045865	54.026
17.73	17.73	0.045882	54.129
17.73	17.73	0.045898	54.223
17.73	17.73	0.045915	54.327
17.73	17.73	0.045932	54.428
17.73	17.73	0.045948	54.522
17.73	17.74	0.045965	54.626
17.73	17.74	0.045982	54.727
17.73	17.74	0.045998	54.821
17.73	17.74	0.046015	54.926
17.73	17.74	0.046032	55.025
17.73	17.74	0.046048	55.120
17.73	17.74	0.046065	55.224
17.76	17.74	0.046082	55.324
17.76	17.74	0.046098	55.419
17.76	17.74	0.046115	55.523
17.76	17.74	0.046132	55.623
17.76	17.74	0.046148	55.718
17.76	17.74	0.046165	55.822
17.76	17.75	0.046182	55.922
17.76	17.75	0.046198	56.017
17.76	17.75	0.046215	56.121
17.76	17.75	0.046232	56.216
17.76	17.75	0.046248	56.315
17.76	17.75	0.046265	56.420
17.76	17.75	0.046281	56.514
17.73	17.75	0.046298	56.614
17.73	17.75	0.046315	56.719
17.73	17.75	0.046331	56.814
17.73	17.75	0.046348	56.913
17.73	17.75	0.046365	57.018
17.73	17.75	0.046381	57.112
17.73	17.76	0.046398	57.212
17.73	17.76	0.046415	57.316
17.73	17.76	0.046431	57.411
17.76	17.76	0.046448	57.511
17.76	17.76	0.046465	57.615
17.76	17.76	0.046481	57.710
17.76	17.76	0.046498	57.809
17.76	17.76	0.046515	57.914
17.76	17.76	0.046531	58.008
17.76	17.76	0.046548	58.108
17.76	17.76	0.046565	58.212
17.76	17.76	0.046581	58.307
17.76	17.76	0.046598	58.407
17.76	17.77	0.046615	58.511
17.76	17.77	0.046631	58.606
17.78	17.77	0.046648	58.706
17.78	17.77	0.046665	58.810
17.78	17.77	0.046681	58.904
17.78	17.77	0.046698	59.006
17.78	17.77	0.046715	59.108
17.78	17.77	0.046731	59.205
17.78	17.77	0.046748	59.307
17.78	17.77	0.046765	59.407
17.78	17.77	0.046781	59.505
17.78	17.77	0.046798	59.606
17.78	17.77	0.046815	59.706
17.78	17.78	0.046831	59.804
17.78	17.78	0.046848	59.905
17.78	17.78	0.046865	00.005
17.78	17.78	0.046881	00.105
17.78	17.78	0.046898	00.205
17.78	17.78	0.046915	00.304
17.78	17.78	0.046931	00.405
17.78	17.78	0.046948	00.504
17.78	17.78	0.046965	00.605
17.78	17.78	0.046981	00.705
17.78	17.78	0.046998	00.805
17.78	17.78	0.047015	00.905
17.78	17.78	0.047031	01.005
17.78	17.79	0.047048	01.105
17.78	17.79	0.047065	01.204
17.78	17.79	0.047081	01.304
17.78	17.79	0.047098	01.404
17.78	17.79	0.047114	01.504
17.78	17.79	0.047131	01.604
17.78	17.79	0.047148	01.704
17.78	17.79	0.047164	01.804
17.78	17.79	0.047181	01.904
17.78	17.79	0.047198	02.004
17.78	17.79	0.047214	02.103
17.81	17.79	0.047231	02.204
17.81	17.79	0.047248	02.304
17.81	17.80	0.047264	02.405
17.81	17.80	0.047281	02.505
17.81	17.80	0.047298	02.605
17.81	17.80	0.047314	02.705
17.81	17.80	0.047331	02.804
17.81	17.80	0.047348	02.905
17.81	17.80	0.047364	03.004
17.81	17.80	0.047381	03.105
17.81	17.80	0.047398	03.205
17.81	17.80	0.047414	03.305
17.81	17.80	0.047431	03.405
17.81	17.80	0.047448	03.505
17.81	17.80	0.047464	03.605
17.81	17.80	0.047481	03.704
17.81	17.81	0.047498	03.805
17.81	17.81	0.047514	03.905
17.81	17.81	0.047531	04.006
17.81	17.81	0.047548	04.106
17.78	17.81	0.047564	04.206
17.78	17.81	0.047581	04.306
17.78	17.81	0.047598	04.406
17.78	17.81	0.047614	04.506
17.81	17.81	0.047631	04.605
17.81	17.81	0.047648	04.706
17.81	17.81	0.047664	04.806
17.81	17.81	0.047681	04.905
17.81	17.81	0.047698	05.005
17.81	17.82	0.047714	05.129
17.81	17.82	0.047731	05.234
17.81	17.82	0.047748	05.328
17.81	17.82	0.047764	05.428
17.81	17.82	0.047781	05.532
17.81	17.82	0.047798	05.627
17.81	17.82	0.047814	05.727
17.81	17.82	0.047831	05.831
17.84	17.82	0.047848	05.926
17.84	17.82	0.047864	06.026
17.84	17.82	0.047881	06.131
17.84	17.82	0.047898	06.225
17.84	17.82	0.047914	06.326
17.84	17.83	0.047931	06.429
17.84	17.83	0.047947	06.524
17.84	17.83	0.047964	06.626
17.84	17.83	0.047981	06.728
17.84	17.83	0.047997	06.823
17.84	17.83	0.048014	06.925
17.84	17.83	0.048031	07.027
17.81	17.83	0.048047	07.121
17.81	17.83	0.048064	07.226
17.81	17.83	0.048081	07.325
17.81	17.83	0.048097	07.420
17.81	17.83	0.048114	07.525
17.81	17.83	0.048131	07.624
17.81	17.84	0.048147	07.719
17.81	17.84	0.048164	07.823
17.81	17.84	0.048181	07.923
17.81	17.84	0.048197	08.017
17.84	17.84	0.048214	08.122
17.84	17.84	0.048231	08.222
17.84	17.84	0.048247	08.316
17.84	17.84	0.048264	08.421
17.84	17.84	0.048281	08.516
17.84	17.84	0.048297	08.615
17.84	17.84	0.048314	08.720
17.84	17.84	0.048331	08.814
17.84	17.84	0.048347	08.914
17.84	17.85	0.048364	09.018
17.84	17.85	0.048381	09.113
17.84	17.85	0.048397	09.213
17.84	17.85	0.048414	09.317
17.86	17.85	0.048431	09.412
17.86	17.85	0.048447	09.511
17.86	17.85	0.048464	09.616
17.86	17.85	0.048481	09.710
17.86	17.85	0.048497	09.810
17.86	17.85	0.048514	09.915
17.86	17.85	0.048531	10.009
17.86	17.85	0.048547	10.109
17.86	17.85	0.048564	10.213
17.86	17.86	0.048581	10.308
17.86	17.86	0.048597	10.407
17.86	17.86	0.048614	10.512
17.86	17.86	0.048631	10.607
17.86	17.86	0.048647	10.706
17.86	17.86	0.048664	10.811
17.86	17.86	0.048681	10.906
17.86	17.86	0.048697	11.006
17.86	17.86	0.048714	11.109
17.86	17.86	0.048731	11.206
17.86	17.86	0.048747	11.305
17.86	17.86	0.048764	11.408
17.86	17.86	0.048780	11.506
17.86	17.87	0.048797	11.606
17.86	17.87	0.048814	11.707
17.86	17.87	0.048830	11.806
17.86	17.87	0.048847	11.906
17.86	17.87	0.048864	12.006
17.86	17.87	0.048880	12.106
17.86	17.87	0.048897	12.205
17.86	17.87	0.048914	12.306
17.86	17.87	0.048930	12.406
17.89	17.87	0.048947	12.506
17.89	17.87	0.048964	12.606
17.89	17.87	0.048980	12.705
17.89	17.87	0.048997	12.806
17.89	17.88	0.049014	12.905
17.89	17.88	0.049030	13.006
17.89	17.88	0.049047	13.106
17.89	17.88	0.049064	13.206
17.89	17.88	0.049080	13.306
17.89	17.88	0.049097	13.406
17.89	17.88	0.049114	13.506
17.89	17.88	0.049130	13.605
17.89	17.88	0.049147	13.706
17.86	17.88	0.049164	13.806
17.86	17.88	0.049180	13.906
17.86	17.88	0.049197	14.006
17.86	17.88	0.049214	14.106
17.86	17.89	0.049230	14.206
17.86	17.89	0.049247	14.306
17.86	17.89	0.049264	14.406
17.86	17.89	0.049280	14.505
17.86	17.89	0.049297	14.606
17.89	17.89	0.049314	14.706
17.89	17.89	0.049330	14.806
17.89	17.89	0.049347	14.906
17.89	17.89	0.049364	15.006
17.89	17.89	0.049380	15.106
17.89	17.89	0.049397	15.205
17.89	17.89	0.049414	15.306
17.89	17.89	0.049430	15.405
17.89	17.90	0.049447	15.506
17.89	17.90	0.049464	15.606
17.91	17.90	0.049480	15.706
17.91	17.90	0.049497	15.806
17.91	17.90	0.049514	15.906
17.91	17.90	0.049530	16.006
17.91	17.90	0.049547	16.105
17.91	17.90	0.049564	16.206
17.91	17.90	0.049580	16.307
17.91	17.90	0.049597	16.407
17.91	17.90	0.049613	16.507
17.91	17.90	0.049630	16.607
17.91	17.90	0.049647	16.707
17.91	17.91	0.049663	16.831
17.91	17.91	0.049680	16.936
17.91	17.91	0.049697	17.030
17.91	17.91	0.049713	17.130
17.91	17.91	0.049730	17.234
17.91	17.91	0.049747	17.329
17.91	17.91	0.049763	17.429
17.91	17.91	0.049780	17.533
17.91	17.91	0.049797	17.628
17.91	17.91	0.049813	17.727
17.91	17.91	0.049830	17.832
17.91	17.91	0.049847	17.927
17.91	17.91	0.049863	18.026
17.91	17.92	0.049880	18.132
17.91	17.92	0.049897	18.226
17.91	17.92	0.049913	18.326
17.91	17.92	0.049930	18.430
17.91	17.92	0.049947	18.525
17.91	17.92	0.049963	18.624
17.91	17.92	0.049980	18.729
17.91	17.92	0.049997	18.823
17.91	17.92	0.050013	18.924
17.91	17.92	0.050030	19.028
17.91	17.92	0.050047	19.122
17.91	17.92	0.050063	19.225
17.91	17.92	0.050080	19.326
17.91	17.93	0.050097	19.421
17.94	17.93	0.050113	19.524
17.94	17.93	0.050130	19.625
17.94	17.93	0.050147	19.720
17.94	17.93	0.050163	19.824
17.94	17.93	0.050180	19.924
17.94	17.93	0.050197	20.018
17.94	17.93	0.050213	20.123
17.94	17.93	0.050230	20.222
17.94	17.93	0.050247	20.317
17.94	17.93	0.050263	20.421
17.94	17.93	0.050280	20.521
17.94	17.93	0.050297	20.616
17.94	17.94	0.050313	20.720
17.94	17.94	0.050330	20.820
17.94	17.94	0.050347	20.914
17.94	17.94	0.050363	21.019
17.94	17.94	0.050380	21.113
17.94	17.94	0.050397	21.213
17.94	17.94	0.050413	21.318
17.94	17.94	0.050430	21.412
17.94	17.94	0.050446	21.512
17.94	17.94	0.050463	21.616
17.94	17.94	0.050480	21.711
17.94	17.94	0.050496	21.810
17.94	17.94	0.050513	21.916
17.94	17.95	0.050530	22.010
17.94	17.95	0.050546	22.109
17.94	17.95	0.050563	22.215
17.94	17.95	0.050580	22.309
17.94	17.95	0.050596	22.409
17.94	17.95	0.050613	22.513
17.94	17.95	0.050630	22.609
17.94	17.95	0.050646	22.709
17.94	17.95	0.050663	22.812
17.94	17.95	0.050680	22.909
17.94	17.95	0.050696	23.009
17.94	17.95	0.050713	23.111
17.94	17.95	0.050730	23.208
17.96	17.96	0.050746	23.309
17.96	17.96	0.050763	23.409
17.96	17.96	0.050780	23.509
17.96	17.96	0.050796	23.609
17.96	17.96	0.050813	23.709
17.96	17.96	0.050830	23.809
17.96	17.96	0.050846	23.909
17.96	17.96	0.050863	24.009
17.96	17.96	0.050880	24.108
17.96	17.96	0.050896	24.209
17.96	17.96	0.050913	24.309
17.96	17.96	0.050930	24.409
17.96	17.96	0.050946	24.509
17.96	17.97	0.050963	24.609
17.96	17.97	0.050980	24.709
17.96	17.97	0.050996	24.808
17.96	17.97	0.051013	24.909
17.96	17.97	0.051030	25.008
17.96	17.97	0.051046	25.109
17.96	17.97	0.051063	25.209
17.96	17.97	0.051080	25.309
17.99	17.97	0.051096	25.409
17.99	17.97	0.051113	25.509
17.99	17.97	0.051130	25.608
17.99	17.97	0.051146	25.709
17.99	17.97	0.051163	25.809
17.99	17.98	0.051180	25.909
17.99	17.98	0.051196	26.009
17.99	17.98	0.051213	26.109
17.99	17.98	0.051230	26.209
17.99	17.98	0.051246	26.309
17.99	17.98	0.051263	26.409
17.99	17.98	0.051279	26.509
17.99	17.98	0.051296	26.610
17.99	17.98	0.051313	26.710
17.99	17.98	0.051329	26.810
17.99	17.98	0.051346	26.910
17.99	17.98	0.051363	27.010
17.96	17.98	0.051379	27.110
17.96	17.99	0.051396	27.209
17.96	17.99	0.051413	27.310
17.96	17.99	0.051429	27.410
17.96	17.99	0.051446	27.510
17.96	17.99	0.051463	27.610
17.96	17.99	0.051479	27.710
17.96	17.99	0.051496	27.809
17.99	17.99	0.051513	27.910
17.99	17.99	0.051529	28.009
17.99	17.99	0.051546	28.110
17.99	17.99	0.051563	28.210
17.99	17.99	0.051579	28.310
17.99	17.99	0.051596	28.440
17.99	18.00	0.051613	28.534
17.99	18.00	0.051629	28.638
17.99	18.00	0.051646	28.733
17.99	18.00	0.051663	28.832
17.99	18.00	0.051679	28.937
17.99	18.00	0.051696	29.032
18.02	18.00	0.051713	29.132
18.02	18.00	0.051729	29.236
